,current
0,-0.012660690957205643
1,-0.04724329832242541
2,-0.035444638977898214
3,0.004742268639190646
4,-0.011119700936301284
5,0.00987236842490804
6,-0.025846482143393506
7,-0.0009264314979659128
8,-0.07064741473254091
9,-0.020781136474990615
10,0.01849750499403798
11,-0.05055868080443463
12,-0.03866059365381859
13,-0.00027275507485516456
14,-0.007584495030321532
15,0.014355014233704206
16,0.030256218761404566
17,-0.0007301725919482372
18,-0.06419866968314536
19,-0.01643174525950407
20,-0.00028476979042892407
21,0.022038345665101607
22,0.01848808554486936
23,-0.026732769786132034
24,-0.02152904859708759
25,0.005184396853834912
26,0.00012990667749868668
27,-0.07828775786318846
28,-0.025861267473542227
29,-0.008887037839841594
30,-0.007901234837580585
31,-0.043585754865286805
32,-0.07586379715182524
33,0.06946176264517064
34,0.009915382082171081
35,0.07072394820142858
36,-0.00011627296893258656
37,-0.06397293770539011
38,0.0061315581944055035
39,-0.01698278038324787
40,0.06601758640955632
41,-0.013431391149729422
42,-0.044170718906789974
43,0.015315054536130282
44,0.04769883980763702
45,0.008669402965986112
46,0.06478522808736205
47,0.0017335704663271798
48,-0.001103811365307936
49,0.02112200194427304
50,-0.03495092183618806
51,-0.0023074911344599124
52,0.0236537042153428
53,0.034890626697705956
54,-0.006355130943503172
55,0.023337164692505526
56,0.030787824370220877
57,0.010262125965283956
58,-0.057554796869991265
59,0.003861586643163938
60,-0.011384085436281173
61,-0.04000650573086216
62,-0.014255748233344119
63,-0.0420621306843908
64,0.029682123125172006
65,0.024144595736100904
66,0.03407455223388695
67,0.0003698401378329224
68,-0.011436816084731256
69,-0.05005071713719329
70,-0.02144260052153831
71,0.026417551877814135
72,0.027162386979381697
73,0.02439276699304367
74,-0.009607753756592965
75,0.004829672905732805
76,0.008786561033704674
77,0.003411471780736432
78,-0.004165406214910523
79,0.012117812175722626
80,0.0077367981528854955
81,0.0773696999656967
82,0.012725284074930237
83,-0.022647949646840543
84,-0.019293635866844905
85,0.006364943794320476
86,0.03368397851822172
87,0.002663627517757272
88,0.043873280204980464
89,0.020111929541961827
90,0.039293176224809254
91,-0.020779656405108364
92,0.00852742381752825
93,0.027899238092874503
94,-0.013117763554149158
95,0.0061911952648018975
96,0.006841627945989405
97,0.03813323816192023
98,0.006641829223897544
99,0.008940116742597181
100,-0.01563173872746693
101,-0.028134344419449113
102,0.015517714312617018
103,0.02311935724466945
104,0.02400255877529175
105,0.011723930384730515
106,0.006731279504941485
107,-0.018938206481867732
108,0.01154908189619812
109,0.004024948654972059
110,9.398570535807166e-05
111,0.02937067740860773
112,-0.008439638435801837
113,0.0011451574284796332
114,0.0006962543955672941
115,-0.02666314245489052
116,-0.004411403933009532
117,-0.07997898204335209
118,0.0015715766276587835
119,0.022401612406379678
120,-0.03869386314287945
121,0.015848817827585706
122,0.025904406688132865
123,0.005600732619520503
124,-0.04638986041124779
125,-0.0543159610834913
126,-0.033919030674110874
127,0.014645429990569734
128,-0.01594104675703627
129,-0.013148510939135568
130,0.008771871875059995
131,-0.01014407592121481
132,0.01063049147898451
133,-0.003596838500028148
134,0.0242218843013841
135,0.02628522019308641
136,0.03142843847297136
137,-0.008021355909161119
138,-0.05231230560823604
139,0.022939413765232466
140,-0.012644441682361205
141,-0.006503076515878166
142,-0.0003215842051859236
143,-0.03484511637747729
144,0.01999599226169711
145,0.020083058736518458
146,0.019949674845594623
147,0.025416899611448857
148,0.00808378999001621
149,0.014139904484477862
150,0.01928727156571602
151,0.034523655465229695
152,0.019392466837038633
153,0.008346378229793828
154,0.02813708763044997
155,-0.008684263307834724
156,0.019815289604261266
157,0.050590510031383665
158,-0.00486297054401232
159,-0.003655777214628961
160,0.03351303307189642
161,0.011913465187590544
162,0.0027702827882829175
163,-0.021569571783379333
164,0.0010664463096636924
165,-0.009606753746403773
166,0.006453495313592067
167,0.016210313391236516
168,0.021713398154687723
169,0.04373186372715552
170,0.003197626944921892
171,0.009620720735849398
172,-0.030268719428302285
173,-0.011608556291873252
174,0.009444807115308236
175,0.009228833451041429
176,0.03392637459389044
177,0.032743515274166704
178,-0.007957528755142985
179,-0.010827298698030159
180,0.02668044962809388
181,-0.030861055260389857
182,-0.019624250066618512
183,0.006007874226881061
184,-0.0332524405176207
185,0.015075433017022785
186,-0.005355881746011858
187,0.0036445193920707345
188,-0.050796950285879
189,-0.018690572437949426
190,0.02497290134027801
191,0.0032989735692791388
192,0.0004736033935914467
193,-0.0006297065501492682
194,0.004347575057387058
195,-0.044488933588206304
196,0.0027356954191033503
197,-0.015609366616920537
198,-0.02613069132395002
199,0.011865385362878924
200,0.01472599388649063
201,-0.009809312065401716
202,-0.04464322691256554
203,0.005791157642041869
204,-0.012289458286861506
205,0.025769118542010108
206,-0.06348405632501071
207,0.013626044427508087
208,0.04480046214021206
209,0.009198757757471735
210,0.019873741669118886
211,-0.0025301645176752196
212,-0.0020989831560190406
213,-0.018898186930094315
214,-0.066400147353302
215,0.0025179215749158703
216,-0.007358537390610476
217,-0.018930870858745296
218,-0.01874351273606566
219,0.01350135906891128
220,-0.0662598486859768
221,0.029554135420501525
222,-0.01686866026753525
223,0.048193523743912246
224,-0.03838286991674337
225,0.07691295803249393
226,0.04089887110082467
227,0.03490873829125293
228,-0.012848544628500994
229,0.0720061264878641
230,0.007341665614140312
231,0.05269832329698752
232,-0.008770410571818264
233,0.03014218237996864
234,-0.010075555285970992
235,-0.029554982289572384
236,-0.03249363806897627
237,0.04370022177040255
238,-0.005028791887994144
239,0.016769307701680745
240,-0.026743979292979607
241,0.054305208303058405
242,0.01915835973364607
243,0.004853732333053768
244,-0.014719364963521239
245,0.019383499564446974
246,-0.01927319645894835
247,-0.03225590650409576
248,-0.023768452168095224
249,-0.039995660229120475
250,0.004286073015030016
251,-0.030512456362283048
252,0.0441099931772244
253,-0.023631668702525338
254,-0.04374768576832391
255,-0.032497084122509935
256,-0.022466880733863367
257,0.03184404453459696
258,0.03667307597354106
259,-0.03825332474920264
260,0.0015317680200409812
261,-0.023908282084227885
262,0.024682912579322563
263,0.025006621423208742
264,-0.00552770030266487
265,0.0016287692401620447
266,-0.013614518629948894
267,-0.0009767014986726116
268,-0.03652993823557827
269,0.01934284524697529
270,0.005150907433833887
271,0.02115477560084775
272,-0.014453977450329522
273,0.07759959811926527
274,0.005420015281304559
275,-0.01936479623457883
276,-0.013778432362600004
277,-0.00012074113659299481
278,0.03606883648676412
279,0.01709284035832257
280,-0.001876466875949851
281,0.051458883924301244
282,-0.009845239484001823
283,-0.017070305113238815
284,-0.02558453653797926
285,0.009331221063712633
286,0.011690136691867825
287,0.01906087010474099
288,-0.011852524858308506
289,0.020615985472825133
290,-0.008301935928310931
291,-0.002690626473584638
292,0.06685415917558427
293,0.004251465657173785
294,0.008621343381292041
295,0.059780508814354906
296,0.012727250510844782
297,-0.011067797595709921
298,-0.016761561075164227
299,-0.00841050433464548
300,-0.020374674142171197
301,0.016881343126834016
302,0.0192431213345473
303,-0.0017575720462649652
304,-0.004464521895319725
305,-0.04806044180777777
306,-0.031025832609670165
307,-0.021322577885701844
308,-0.007692886022495814
309,0.06249177482448333
310,0.032155827255999574
311,0.038547238380317685
312,0.0396041122404299
313,-0.02769261357199001
314,-0.07833640641991153
315,0.007789076673497885
316,-0.007373459984606762
317,-0.02119910681017268
318,0.05371979216424455
319,-0.00356182546429574
320,-0.017490158691139016
321,0.019234758724325
322,-0.013466318704015788
323,0.061553999359337315
324,-0.018950716568498085
325,-0.002350145018582039
326,-0.018175351294761742
327,-0.028581169903535708
328,-0.006764981491733608
329,0.043194835357350525
330,-0.02574727244906664
331,0.02742171311245908
332,0.055652255008288604
333,0.024060104769733238
334,-0.0239197094779787
335,-0.008356755294870928
336,-0.02050833572032252
337,-0.042973542431697195
338,-0.04124364393999233
339,0.02588052174742339
340,0.0032517360881209835
341,-0.0030239712116834324
342,-0.01622098130738738
343,0.006455556485435769
344,0.012310751209883317
345,-0.022572604239909717
346,-0.01527281441514478
347,-0.010460471184232444
348,0.009655976395184219
349,-0.0008242913454979714
350,-0.008881906182128443
351,0.0024083876399918045
352,-0.03027701886420156
353,-0.041741902514319945
354,0.03144147621354546
355,0.028650350238185865
356,0.0010659107215563218
357,-0.008971766658312922
358,-0.05084240853352744
359,-0.027430427615083814
360,0.009004766091560836
361,-0.030122429401431092
362,0.01754569463779026
363,-0.026799390632466034
364,0.017796716500678537
365,-0.017864214701930368
366,0.005624761792233044
367,0.029460726574050806
368,-0.0419326823530507
369,0.002546596691507592
370,0.025821756040041794
371,0.020288614110486852
372,-0.06764914970449935
373,0.03613893646454065
374,0.0029945889385509595
375,0.028336873732125477
376,-0.03875037928275419
377,0.031510741556786556
378,0.003040162767317198
379,-0.0044036800243759545
380,0.013756005285900654
381,-0.027150073480797707
382,-0.007101992190086803
383,0.04105234483788817
384,0.0696943592536854
385,0.0738233724109143
386,-0.017418244367571223
387,0.05194465369570984
388,0.018160199933091682
389,-0.07201219042586485
390,-0.0285934467628615
391,0.009858574911302558
392,0.0015666466700190477
393,-0.04728383535200165
394,-0.01147237351629817
395,-0.010099838114843019
396,-0.01876659030105793
397,-0.046428409301254
398,-0.055165904595873914
399,-0.05756521536346843
400,-0.037854024697266904
401,0.041201744819347685
402,-0.008434208885770783
403,-0.019450638440820314
404,-0.003276620058226639
405,0.004999915071063194
406,0.010160293170506731
407,0.0017083428174260863
408,0.025012326599710893
409,0.016826481308190176
410,-0.001985504141783751
411,-0.013634161523740685
412,0.02613017771092846
413,0.03183284876489997
414,0.01839132473057204
415,-0.002545242024630984
416,0.005672082619377671
417,0.010600241014182523
418,-0.002553120841564296
419,-0.022916597032846223
420,-0.03411799932101857
421,0.04421039152985045
422,-0.04869973940037084
423,-0.006962995843805986
424,0.002572090659624163
425,0.003438209746299891
426,0.01420610229374212
427,0.010979180059085013
428,-0.06783393661479145
429,-0.02515104044984943
430,-0.00844891467525847
431,0.03362038371737179
432,0.019753172791278063
433,-0.029651276321724762
434,-0.005993427092912953
435,0.04725365236996364
436,-0.015421149810356808
437,0.0006505581356917867
438,-0.027307215802749994
439,-0.00794041749614109
440,0.009594646561121207
441,0.03694926292081754
442,-0.0752535664905108
443,-0.021577620902229908
444,-0.02459494198932434
445,0.015484358283129223
446,-0.06416886775789075
447,-0.03328241660359403
448,-0.05830733093264023
449,0.031633866346802576
450,0.05435211313689279
451,0.006271450373151167
452,-0.08559758929503646
453,-0.008282039679937446
454,0.011574650056482772
455,-0.03472415900310696
456,0.028735480345040525
457,-0.04493611131922671
458,-0.019449530721271435
459,-0.051790783941355806
460,-0.005645113962429719
461,0.0016304451617187472
462,0.01803249844103067
463,-0.030976396780457924
464,-0.061448589264149235
465,-0.04132875533720877
466,-0.040241658112472274
467,-0.0034068247112217756
468,0.020517638060898638
469,0.06894830167954524
470,0.01923316776585819
471,-0.00182491945345333
472,0.039092300417575304
473,-0.01994608027277708
474,0.05742941723528628
475,0.03450288181237198
476,-0.011521417934638997
477,0.03430419855110076
478,-0.01309488899353925
479,0.0054423003503877255
480,0.0340534705198338
481,-0.0184395182939958
482,0.017119096788015927
483,0.021829861950090467
484,-0.007934458825078802
485,-0.029369800840374275
486,-0.0351639912391724
487,-0.004040855470078241
488,-0.044980793342308964
489,0.009269635344897496
490,-0.031052754907393895
491,0.0028017256432024047
492,-0.07910703481935136
493,0.04677531063323201
494,0.05921631868531886
495,0.010706626935784114
496,-0.016820226158050816
497,-0.023303072127470008
498,-0.024082397982949887
499,-0.013723793064661366
500,0.03288593473998671
501,0.0015817241423447459
502,0.009359439849034581
503,0.0019206389194492538
504,0.006692210799141349
505,0.049826117510417885
506,0.030066275777993264
507,-0.03031212744770086
508,-0.000551036628501209
509,-0.007280859416719116
510,-0.0007867378773893819
511,-0.03949262175607324
512,-0.03472142749369523
513,-0.01602784289313956
514,-0.006249937480924271
515,0.00732622289015341
516,0.0016047561093528403
517,-0.038334839940384335
518,-0.014744252507542013
519,0.03222645662162198
520,-0.023224578609841624
521,-0.02342521109207364
522,-0.05816187866855472
523,-0.05384023711980041
524,-0.028731437138884437
525,-0.003794394083033367
526,-0.00771032789266858
527,-0.04458621354847487
528,-0.0771918766144165
529,-0.0392427760580654
530,-0.01298314282550465
531,0.022846804003002943
532,-0.024578899408373385
533,0.012109872580490236
534,-0.040225859137525286
535,-0.008939816769242282
536,-0.0011744189321303224
537,0.023677396609271296
538,0.006333933216082075
539,-0.010993949392672684
540,-0.036771431519519955
541,0.021353091678239153
542,-0.010689582862922792
543,-0.008818127661381164
544,-0.04405532458174929
545,-0.02195940872023332
546,-0.06808575160413688
547,-0.061098116674401806
548,0.019839732690158658
549,-0.025662041961556522
550,0.005105325408545532
551,-0.028016347739386608
552,0.01427232066478602
553,0.03023170357065272
554,0.02494081972555071
555,-0.08491104631865122
556,-0.054722729938116166
557,0.011456461217651159
558,-0.016121925480689345
559,-0.021139818964201026
560,-0.0009243431523124743
561,-0.0042948244764388094
562,0.010650008157923479
563,0.0008772982867059037
564,0.006340101278336339
565,0.022537411825881672
566,-0.0059102391172457065
567,0.0388915241816963
568,-0.006138446969302197
569,-0.009166304287926976
570,0.005675129979643801
571,-0.03407501283252258
572,0.018762505648400023
573,0.026408473034534297
574,-0.01929835805328388
575,0.016227955921560483
576,-0.02025185584663365
577,0.025128064920847674
578,-0.0502692310840761
579,-0.014976387881138488
580,-0.006645097045384398
581,0.024634475555001624
582,0.0055492181566214865
583,-0.008949840437916915
584,0.0029664856378315437
585,0.04083226267289561
586,-0.017372583656945356
587,-0.02012624673588903
588,0.005306918926447581
589,0.02286800147199414
590,-0.06283159067791326
591,0.012004288299162745
592,0.003997688961726072
593,-0.05914120050696504
594,-0.012128180390259008
595,0.03929663624840821
596,-0.018257397230082954
597,-0.046322221487351115
598,0.022756634323689684
599,-0.014204887996392449
600,0.008856026803724356
601,0.009557881432600796
602,0.041657537765620284
603,-0.017360570460175327
604,0.03964288886657027
605,0.03278467448888997
606,-0.01887346566829721
607,-0.0027692438050880073
608,0.03143343492395654
609,0.017128281550312367
610,0.02260606646283316
611,-0.041304512110819244
612,0.06450725375549894
613,0.009762097290610191
614,0.01354645977917989
615,-0.021570963908218003
616,-0.03477490626909543
617,-0.021337766878242403
618,0.04531137805015651
619,-0.011645879267648866
620,0.03141232869164929
621,0.0007456447322988348
622,-0.005496824256364853
623,0.021992608575176376
624,0.0053898730566024
625,-0.00039283953145711857
626,0.07149318233923296
627,-0.005425300380996694
628,-0.01707364862941453
629,-0.029388555485472548
630,-0.010809324490195947
631,0.0005613183097775373
632,0.0028466901595132848
633,-0.009888438738159158
634,0.04206600301363413
635,0.021879535156323248
636,0.014790736114264551
637,0.00028802815466716516
638,-0.03737572467117419
639,0.009808337846800479
640,0.027215110576795994
641,-0.020547076207209625
642,-0.013279575714197207
643,0.015380711945440904
644,-0.011319455926700993
645,-0.017639086573691332
646,0.01306462526680901
647,0.061142660732814574
648,0.008270447613240662
649,-0.010587649227672358
650,-0.020517766753125038
651,-0.053448632649516624
652,-0.008162490910857474
653,0.009895902940418618
654,0.024603547719375174
655,0.006399746323871339
656,0.015774476344176724
657,-0.009474907860608185
658,-0.03162613450368065
659,0.04733551544990387
660,0.02551105693148903
661,0.015409728573759057
662,0.018631750769036844
663,-0.012877548912235892
664,0.04689973564807227
665,-0.03139172017955649
666,-0.024150617964085297
667,-0.07410057434820853
668,0.017971165934600054
669,-0.014122914151439934
670,0.05402040822073439
671,-0.035473128993216696
672,0.038721928834621305
673,-0.00583293583445794
674,-0.0034383208500435043
675,-0.0066268490219782315
676,-0.0003288059230775417
677,-0.018661300143820666
678,-0.0642161744617048
679,0.009650731451854822
680,-0.028889892998875785
681,0.013480322360972463
682,0.02183505826602383
683,-0.005306624265896535
684,-0.028428895953869052
685,-0.024038088293930455
686,-0.04432639267844304
687,-0.036877902760181665
688,0.05294700457825536
689,-0.006428910854525242
690,0.04648283032620369
691,-0.0046359134177808
692,-0.0434618916288888
693,-0.00617467585346856
694,-0.03322862183348991
695,0.0020730981975226096
696,-0.012541246314882248
697,-0.01836058776470486
698,0.038630283062788456
699,-0.0157012035923761
700,0.008358651523214872
701,0.03865589355046174
702,-0.03478382627739572
703,0.00718371687519879
704,-0.007878437305535623
705,-0.013170159796307944
706,-0.03728937123050965
707,-0.008534011646225095
708,0.023927224087562544
709,0.02551166405637752
710,-0.01038425518606205
711,-0.042428046176734506
712,-0.0019247475437599365
713,0.008717253513370493
714,0.04105602793009519
715,-0.023788942531034214
716,0.0006525763437730586
717,0.01910223690673244
718,-0.00016620200312170058
719,-0.006886989340711824
720,-0.03234160099376159
721,0.008384238214458358
722,0.0038831905183987427
723,0.019970989932800987
724,-0.05632485233844869
725,-0.06457534927603124
726,0.016094587181936116
727,0.05176752481604824
728,-0.0020337024189892162
729,0.03628363576828207
730,-0.009175215608189529
731,-0.04100144541426662
732,0.02881478811660714
733,0.07240684221402081
734,0.016149166730923536
735,-0.005118193895750774
736,-0.05136083251252555
737,0.03509537017893589
738,-0.03446365121189865
739,0.03968660445538833
740,-0.041165510529258466
741,-0.005229597702044222
742,0.01786857810245935
743,0.04695285817768743
744,-0.03713731000849024
745,-0.034201616585527214
746,0.03794502376935651
747,0.015474176428874593
748,-0.037532112494942135
749,-0.010627553091998452
750,0.062035604111750325
751,0.02761713359999776
752,-0.013579212333371312
753,-0.034199097007918226
754,0.017182171566634475
755,0.05413107185632605
756,0.05358119130195847
757,0.03954149035175812
758,-0.008518981112807716
759,0.032234981604881516
760,-0.030097973494213264
761,-0.009454476743522578
762,0.021513733976658133
763,0.010323724000837026
764,-0.022950931334639754
765,0.0052710346616326445
766,-0.001098247152252197
767,0.016946322518872466
768,-0.017059719159676454
769,-0.055975542972276485
770,0.023805532619100647
771,0.032907111731374145
772,-0.019760080793744868
773,0.0615584184365201
774,-0.013416834301017257
775,-0.04118535571860533
776,0.03303656378350607
777,-0.04053862040930102
778,-0.017575148228055577
779,-0.008616717269642696
780,-0.012704867384124735
781,-0.01661194968468278
782,0.015110192931267688
783,-0.03573482989716155
784,0.013142215454325291
785,-0.008570006563036952
786,0.03177076254472218
787,-0.03135304071214186
788,-0.020167665911013353
789,-0.012083121281416942
790,-0.030885371038253766
791,-0.007403512526338843
792,-0.019359281933409002
793,-0.021647011817025434
794,0.011087121812091707
795,0.020829954936819196
796,0.0657088301771269
797,0.016263057807544085
798,0.03158318254052694
799,-0.01149287777733913
800,-0.01011817682384726
801,-0.008884504632408498
802,-0.012212616206541509
803,0.007692099504589561
804,0.04102728869029979
805,0.023675552793099196
806,0.003196361427121641
807,0.009976643374251913
808,0.0017145041182037252
809,-0.03608506400063672
810,0.03401867997601258
811,-0.0282891798942089
812,0.03155513686641721
813,-0.0065901063793264115
814,-0.0006875707866077869
815,-0.03881371889534282
816,0.028808640430214416
817,-0.0115572259545508
818,-0.003938641171736702
819,-0.012267943538514549
820,-0.057298957973639146
821,-0.013745307956199998
822,-0.049292776590439104
823,0.009627455271021781
824,0.06678922141224328
825,0.033941883817440024
826,0.010389638528486338
827,0.005224949660012753
828,0.018916527587497078
829,-0.08232682367231979
830,0.04041014878397949
831,0.010495056955851538
832,0.017498110337267125
833,-0.01998111707141014
834,-0.027129848460883656
835,-0.0709299594476151
836,0.02046493754741507
837,-0.019142036214796227
838,0.038855962584953795
839,-0.00525964594619887
840,0.002202308586769931
841,-0.06643627915880618
842,0.014866862790315688
843,0.015086784018941538
844,-0.025910294037830083
845,-0.012870381739501403
846,-0.0326938852220429
847,0.016159783188675305
848,0.020385784091251573
849,0.05589636720750245
850,0.01321609778623228
851,0.04162416438793133
852,0.03031938035538337
853,0.04328375256334564
854,-0.021101762842938434
855,0.036973625080128136
856,0.004975964652267316
857,0.03858585941406578
858,-0.012249249848669593
859,-0.007116619612191008
860,0.0415987450588206
861,0.05010920340410898
862,0.015695975719037913
863,-0.02651804052639337
864,-0.009036947154144975
865,-0.04222488208976311
866,-0.053202588194627816
867,-0.0053490327578375775
868,-0.0013004471672452417
869,-0.029318777770349948
870,0.007873592264110203
871,0.036140114366781946
872,-0.017146077328915734
873,0.007250622992840019
874,0.007470418999592008
875,-0.04541799770261557
876,-0.04359469011630341
877,0.047806435492971
878,0.009881831685859507
879,-0.011752877068773154
880,-0.012738844531160035
881,-0.0008280409751595407
882,0.02017449153915763
883,0.002681662735240128
884,0.029115460543374393
885,0.037809315794135295
886,0.04086427275477763
887,0.005335634726396175
888,0.019684401599777437
889,0.016540616939427676
890,-0.03447459717250412
891,-0.0503843530394593
892,0.04221974050214475
893,0.03631085522082291
894,-0.001276581638324925
895,-0.01965683476221624
896,0.014812201559536302
897,0.03652143812009952
898,-0.03511333970811929
899,2.547398355347588e-05
900,-0.020929095191505768
901,0.05097292631424335
902,0.02505208528657247
903,-0.023952920089043855
904,-0.00557392570995406
905,0.019518942693107822
906,0.017195363595212152
907,0.031180083253333386
908,0.06591904998784372
909,0.047144171767483485
910,0.018576426097619395
911,-0.006508208034329739
912,0.015242738276639358
913,-0.03789588280858753
914,-0.011428088983467461
915,-0.061780233631154556
916,0.05352185453440927
917,-0.02840528979082309
918,-0.01724079267781078
919,-0.03624850610812642
920,0.005953120506143571
921,-0.004537615317846744
922,-0.016520895859758477
923,-0.025689331065251224
924,0.022429024236213013
925,0.0618671459762723
926,-0.019968985240823637
927,0.006014907243597658
928,0.0032047950220837067
929,-0.05128422666416917
930,0.049432467511404905
931,0.007814544176857747
932,-0.054191295810659894
933,-0.0063996477616610975
934,-0.045879575295966736
935,-0.06349637761729393
936,-0.014342915961321957
937,0.005751218073795822
938,0.007690511914311722
939,0.00027483859376491854
940,-0.013406908689342098
941,0.013949677433660624
942,0.03404859098725555
943,-0.02945491393688928
944,-0.06899239024318325
945,0.002627894875843661
946,0.07271342501361229
947,-0.02591601768835529
948,-0.05235425308305902
949,0.01158098000508433
950,0.02224077456439013
951,-0.03283304949053813
952,0.0520124087947959
953,-0.007165543688408542
954,-0.003128206692023446
955,0.02543907041822542
956,-0.019808050920031926
957,0.05889599725193827
958,-0.013202551984516673
959,0.023381303724342172
960,0.026807874684391563
961,-0.00927177013476877
962,0.03019301055254001
963,0.023930145750272882
964,-0.005237116842426055
965,-0.0022671922643890913
966,-0.01829825874912431
967,0.028645044163076575
968,0.015465183642340334
969,0.022505103063386333
970,0.026781202695623927
971,0.004742743272319699
972,-0.0016193818089516425
973,-0.04882528633946162
974,0.004363786619160972
975,-0.027256684546666955
976,-0.028763660821260317
977,0.014692656567197298
978,-0.05560353225752329
979,-0.061992854407845396
980,0.047281729593048154
981,0.02313332605609495
982,0.03786588792326325
983,-0.024562071604724713
984,-0.011695089044502614
985,0.0026635757505696018
986,-0.025463605660955062
987,0.0023743779263735603
988,-0.027928387158702377
989,0.03379445713561894
990,-0.018148027401079056
991,0.0465136902974161
992,0.0335436802416054
993,0.00731344797164041
994,0.01929853769087647
995,0.07122272907686038
996,-0.021444536909084065
997,0.0009068375348272482
998,0.010203325471865846
999,-0.012408710363998229
1000,-0.03576616265970071
1001,0.024502757015914277
1002,0.013994177047185667
1003,-0.025402353853045373
1004,0.014057971721129565
1005,-0.015988149343261124
1006,-0.016393556728817173
1007,0.00081776485552745
1008,-0.008201325731012711
1009,0.011926286396891951
1010,0.0545381012583847
1011,-0.05333021560423329
1012,-0.024948223476242398
1013,-0.014759249368485279
1014,0.03296948221483013
1015,0.00411779870655588
1016,-0.02158430939225679
1017,-0.0012473011311270779
1018,0.022429678978100335
1019,-0.05596857628704861
1020,0.013767696111316967
1021,0.0022227476820850215
1022,0.03599948107827919
1023,0.02627787771187522
1024,-0.013968765326797073
1025,0.0029971871684271816
1026,0.03315061873786802
1027,9.083584316952509e-05
1028,0.0024186888764710303
1029,0.034289303087382636
1030,-0.03856536132570751
1031,-0.06713520926120362
1032,0.019865050008215902
1033,0.010774588385828102
1034,-0.02799789867231963
1035,-0.04744790419894434
1036,0.010951475907099129
1037,-0.018834248670464803
1038,0.018739168543302293
1039,-0.05113353799929348
1040,-0.01682814849839312
1041,0.019617353644787044
1042,0.03714831211555938
1043,0.022176624654427653
1044,0.001991104347276631
1045,0.040968058946026106
1046,0.0007499064628792578
1047,-0.026114408339111675
1048,-0.0017730427491250498
1049,0.014190081132638891
1050,-0.05878988765986639
1051,0.007878885405050037
1052,-0.006537432515746842
1053,0.004909368784114158
1054,0.00902524124752672
1055,-0.0339138794006041
1056,0.013573378803710689
1057,0.024254408659234155
1058,0.03244642936311174
1059,-0.03479020052201528
1060,-0.058670729371189126
1061,0.000335799219784932
1062,0.002948474852834227
1063,0.06035780067504299
1064,-0.033824300901069915
1065,0.0018992799154529548
1066,0.06549931061212101
1067,-0.04066011583632475
1068,-0.020366390537839445
1069,0.009232035114848778
1070,-0.06882790143916911
1071,0.005844889861480112
1072,-0.03576790512158044
1073,-0.05610367120922668
1074,-0.012549697413889688
1075,-0.0114079177184879
1076,0.05736925540417786
1077,0.001394379479068288
1078,0.003455830214781914
1079,-0.062379540599327175
1080,-0.053893369218266256
1081,-0.04405323434952634
1082,0.02486940777542928
1083,-0.049619380364487056
1084,0.044280224949552645
1085,-0.056257760571699206
1086,0.018284152576764343
1087,0.029384868633745564
1088,-0.06754050478103461
1089,-0.02621977881558348
1090,-0.01721339831985209
1091,0.006579309631973973
1092,0.020038825174178786
1093,0.0065593699715519775
1094,0.023638456673099897
1095,-0.013796414208587633
1096,0.005156442901722855
1097,0.048737092365064544
1098,-0.023116307887628366
1099,-0.026902453547203775
1100,-0.005767291962719848
1101,-0.023137258868512492
1102,-0.006020828790387016
1103,0.04800425846154577
1104,-0.02420418968654787
1105,-0.005972507954316104
1106,-0.01908411404744158
1107,-0.010519300907687072
1108,0.06386456327363342
1109,-0.0348264906460829
1110,0.012185514398304464
1111,0.033130565898799993
1112,-0.011529187740427967
1113,0.0016268095081926664
1114,0.06893132015652417
1115,-0.02555128341931601
1116,-0.03406613226837386
1117,0.00369225497600266
1118,-0.003707767625942571
1119,-0.028478520913141434
1120,0.08194482936397124
1121,0.0007171286936609167
1122,-0.008539518562606124
1123,-0.04403668252395608
1124,0.013245556585337832
1125,0.0017614628832215613
1126,-0.0017730787093649008
1127,0.0009606167845203572
1128,-0.01658204733288847
1129,-0.005686397096980019
1130,0.013039573398902526
1131,-0.03570492470035346
1132,0.01241838896080306
1133,-0.0626944447355456
1134,-0.02110692862651439
1135,-0.009069256226971746
1136,0.04001714543356042
1137,0.026622050436295754
1138,0.008849115761888564
1139,0.0718766805007228
1140,0.0481141420966822
1141,-0.031361672118075404
1142,-0.04503624343240307
1143,0.04362526674656838
1144,-0.043541724306567026
1145,-0.02889956098236141
1146,-0.014326478358780441
1147,-0.008428866745364416
1148,0.021245194636888377
1149,0.041312131410239136
1150,0.012179169748902142
1151,0.009144640654363184
1152,-0.004539391102297491
1153,-0.03536993383848758
1154,0.03558110180847823
1155,-0.07018827518842034
1156,-0.0018288014387193615
1157,-0.02362758144515033
1158,-0.06070684725297675
1159,-0.029952357659549005
1160,-0.006666730516107738
1161,-0.018623626008122375
1162,0.013713131885315009
1163,0.03782167484525081
1164,0.015454896284312436
1165,0.06623574462713765
1166,0.020225806674857807
1167,0.03739771256081679
1168,0.007509005188908392
1169,-0.004608942442372616
1170,0.03974043859441844
1171,-0.007698431426994741
1172,-0.019478503969466036
1173,-0.0224561666647577
1174,-0.003925810717863552
1175,0.03766274972307058
1176,-0.03915597699875009
1177,-0.0040116017768721925
1178,0.0008384559956717645
1179,-0.0038607811708130492
1180,0.0006863056425080393
1181,-0.006275689261477822
1182,-0.004185789071645211
1183,0.010715977561071972
1184,-0.020363841162971824
1185,-0.029885050510463945
1186,0.028078950434678472
1187,0.0012014525111281814
1188,0.008014351252135468
1189,0.04971730533714189
1190,-0.01623748792379732
1191,0.004671548185749637
1192,0.007138656807306773
1193,0.0031819565709732085
1194,0.047330722987127066
1195,-0.0196113294953188
1196,0.0006085539129887252
1197,0.007949038508721471
1198,0.004802663665804258
1199,-0.014970247393324893
1200,-0.040825514812511725
1201,0.03448813095982654
1202,0.01744360897794834
1203,-0.02439435396214922
1204,-0.0065064839879088775
1205,0.020310411791682484
1206,-0.0732052169492253
1207,-0.03227592350269789
1208,0.04181258800754221
1209,0.01868377284518889
1210,0.007174041252525277
1211,0.008385391023377096
1212,-0.0422415225507792
1213,0.0032806585381363867
1214,0.03216715477889387
1215,0.003921661829483804
1216,0.012358744151583959
1217,0.02313367146890968
1218,0.030236956545844955
1219,0.016952312129177423
1220,-0.005954392010358611
1221,-0.06465781159017538
1222,0.02651759459238948
1223,-0.013761325368943174
1224,-0.019608052634968065
1225,0.017735824682689073
1226,-0.005009108389281178
1227,0.027245631439361026
1228,0.004416387183723088
1229,0.03492023073610736
1230,0.015621235273514453
1231,-0.04893558592518907
1232,0.03634671234154225
1233,-0.031548532109895805
1234,-0.03474943571844075
1235,0.0410921155454276
1236,0.005399793835941671
1237,0.011038979328046655
1238,0.04378500004059648
1239,0.00670075819240597
1240,-0.018996058261395016
1241,-0.05103775021313497
1242,0.030191232246416167
1243,-0.018615273834548137
1244,-0.012150552905679905
1245,-0.005063071300600349
1246,-0.03188883933752004
1247,-0.019883623823018032
1248,-0.026113590534114023
1249,-0.010950709169155172
1250,-0.02810102437477624
1251,-0.05038177511069417
1252,0.019962110745046224
1253,-0.02696668405941329
1254,0.011329447043920707
1255,-0.023311284002049553
1256,-0.021483048859806814
1257,-0.005137568569223516
1258,0.007030300835905527
1259,0.020698455629838162
1260,-0.03903773193136091
1261,-0.017441472841835885
1262,0.01154825960622601
1263,-0.013674423495217167
1264,-0.0022406741061469716
1265,-0.002608214955536563
1266,-0.004101962472256176
1267,0.012067611379318242
1268,-0.02506196638758688
1269,-0.028306054597802114
1270,0.009790314734476047
1271,-0.023232858290280968
1272,0.022772952125476933
1273,-0.021732294300114127
1274,0.03581300324077192
1275,0.0037030194332981223
1276,0.0008001454451200189
1277,0.049790889454232184
1278,-0.001965883378017027
1279,0.03058640225572714
1280,0.07012650861465214
1281,-0.003201604362107254
1282,0.03999486554460812
1283,0.025083696645625403
1284,-0.030620266210873943
1285,0.01160828902873955
1286,-0.015223435177913164
1287,0.009373570108871526
1288,0.032673807176702416
1289,0.03564602917532113
1290,-0.08380960796665139
1291,0.007678903034007844
1292,-0.040127014276140405
1293,-0.03868858925015704
1294,-0.019892538087422102
1295,0.02194035745398469
1296,-0.027520562981691803
1297,0.03736115254980036
1298,0.030212866415386647
1299,0.004586695432318959
1300,-0.027188933956943606
1301,0.009038586920118056
1302,0.01955517698855236
1303,0.008572946630449847
1304,-0.03220224587643006
1305,-0.025377971979941023
1306,-0.03815839897601186
1307,0.06177522151259671
1308,-0.07757249780524217
1309,0.01722343436580278
1310,-0.015690894953253976
1311,0.015545479484266699
1312,-0.01583845277467546
1313,0.011426826316393983
1314,-0.007481299965342294
1315,0.04770642189326743
1316,-0.019941885415189792
1317,0.02567132227484233
1318,-0.010791261144916336
1319,0.008896406819273717
1320,0.04323615784849172
1321,0.006436233540055091
1322,-0.008205187345404624
1323,-0.045147436241924854
1324,0.010923755993744943
1325,0.020026553031487985
1326,0.0019324281244762615
1327,-0.012884777909906456
1328,0.007583386170104318
1329,0.004999147788171546
1330,-0.016821629548724598
1331,-0.009644300291906594
1332,0.03334465439606115
1333,0.03318946844338279
1334,0.02582612704931439
1335,-0.030796538802977756
1336,-0.06689825659775162
1337,-0.036474273716730586
1338,0.03591934979249876
1339,-0.008613317966493035
1340,0.029220850221317034
1341,0.0472664134851493
1342,-0.009034853767559371
1343,-0.0070560593979701654
1344,-0.015541762306782858
1345,0.045756415690132626
1346,-0.028369349299302366
1347,0.008570836467732908
1348,0.036535662511422644
1349,-0.02570370409727389
1350,0.05685961734821271
1351,0.02935613584620448
1352,0.010615881894901792
1353,-0.012370875864032568
1354,0.07699270089854632
1355,0.02518459128196831
1356,-0.022883188440992876
1357,0.01755663042296485
1358,-0.022846098410864126
1359,-0.0014904260999707688
1360,-0.0573558064851842
1361,-0.023912697228230178
1362,0.00394692920902654
1363,-0.02058177396027821
1364,-0.0034853508912193027
1365,0.022697403251688817
1366,-0.01238041489788234
1367,-0.0076184276235273605
1368,-0.030903780626148264
1369,-0.017642239090661836
1370,-0.049557615047263845
1371,0.021314616805163247
1372,0.02857052708863425
1373,0.04236066569370513
1374,-0.008188037406108852
1375,0.04512608250494627
1376,0.0026186697705331465
1377,0.011558299731856271
1378,0.0019502606041721228
1379,0.0024525045867553985
1380,0.005431856653989721
1381,-0.01125556856857697
1382,0.04600243355644124
1383,0.020232177547367364
1384,0.008666178061248041
1385,0.051429993867369954
1386,-0.004689287326934595
1387,0.0275828209869987
1388,0.041212240836564946
1389,-0.0881738584266022
1390,0.018167238877396172
1391,0.041759635040774394
1392,-0.026205751928490853
1393,0.01615876614276093
1394,-0.02495566321696038
1395,-0.0013783149283982537
1396,0.004872739632163805
1397,-0.006681253290131628
1398,0.07799720101580583
1399,0.0008200868288736386
1400,-0.007029449918990262
1401,0.009868724130338227
1402,0.014270143203185547
1403,0.011627248162843546
1404,0.022068787710793215
1405,-0.038970266623440164
1406,0.048635686597845854
1407,-0.02612804941180264
1408,-0.0013712738632492547
1409,0.023239785302152646
1410,-0.01493533521827708
1411,-0.04763872575739404
1412,-0.008757262279657873
1413,0.025786867582451273
1414,-0.02272953891129797
1415,0.043215779010599115
1416,-0.007824104860034355
1417,-0.019039529723775643
1418,-0.006723716099391804
1419,-0.03569270856992311
1420,0.014154061037582814
1421,0.036430212616534556
1422,0.004131405065281333
1423,0.02742717902544002
1424,0.023519561381848356
1425,-0.061902961819266196
1426,0.001486938745147286
1427,-0.04424468968100006
1428,0.013107979584558747
1429,0.02038970260007798
1430,-0.061697221816519876
1431,-0.009763707757904583
1432,0.014646057391794599
1433,0.021977308618846548
1434,0.04382699249336674
1435,0.01436571025261107
1436,0.025737210175497276
1437,-0.02267964969581026
1438,0.03985004691014744
1439,0.0300572488036094
1440,-0.053547829264262825
1441,-0.008247315900317369
1442,0.028563889058044457
1443,0.032135688114076404
1444,0.017437473200008314
1445,-0.03420417604554433
1446,0.022396712188154345
1447,-0.006169354170784276
1448,0.04746205328082518
1449,-0.0012796926887732334
1450,-0.018798523128571724
1451,0.04688140796110545
1452,-0.02589989934472804
1453,-0.005823768562914136
1454,0.0022014564964031235
1455,0.0015429450674190146
1456,-0.02798603702709369
1457,0.005782511425477856
1458,0.004456605440409546
1459,0.002337389357581702
1460,-0.04140357363304934
1461,-7.412783218946765e-05
1462,0.03649830967924804
1463,0.059293382517819765
1464,-0.00829696929981729
1465,0.006336093284324065
1466,-0.024853395095334966
1467,0.023928644258832985
1468,-0.0014073965198114005
1469,0.027523691658076707
1470,0.022911629792424205
1471,-0.007548088828873536
1472,-0.0017071554122894148
1473,0.05602491915088983
1474,0.0026126870660093263
1475,-0.007980646256496025
1476,0.010187386969055329
1477,0.058029482786761614
1478,0.04857926402656612
1479,0.0047788575645016824
1480,0.01821909683422262
1481,-0.03863064412121684
1482,0.015317647709482771
1483,0.007784943294483765
1484,-0.01091355336557242
1485,-0.023251799923642655
1486,0.04536770396842416
1487,-0.07266492091441276
1488,-0.0010293458306588597
1489,0.045282588892140894
1490,-0.02611744919082225
1491,0.01273292947488351
1492,-0.025656361547115005
1493,0.04052013163034515
1494,-0.038355846547174104
1495,-0.00010627034697867325
1496,-0.010071305982660698
1497,0.01397369810240848
1498,-0.06380392136459843
1499,-0.008764088442261706
1500,0.04615474944859075
1501,-0.006924344475867313
1502,-0.06797440011054237
1503,0.003194355111687433
1504,0.00636526906951615
1505,0.032823551247414956
1506,-0.06913145833188132
1507,-0.017161849885255372
1508,0.05364942208852675
1509,-0.014156905015947486
1510,0.044936077323027256
1511,0.02702546242027541
1512,-0.005538891991059876
1513,-0.022957583539821157
1514,-0.0010947949844475652
1515,0.030966710745629407
1516,0.03237515674196433
1517,0.014348894493489452
1518,-0.0032837516029709745
1519,0.013478261405060784
1520,-0.02289795569419638
1521,-0.01347262715880778
1522,-0.0038755563501783044
1523,0.03449796273668459
1524,-0.028597416917393287
1525,-0.03149581267092781
1526,0.05711066405364623
1527,0.017110332354469165
1528,-0.02267098956555005
1529,0.03986829549499245
1530,-0.0020851935863524795
1531,0.03846925747599393
1532,-0.04308546986383494
1533,0.02051562221635048
1534,-0.0032279727516356673
1535,0.017764267108670916
1536,-0.029480473124602644
1537,0.036551150143144265
1538,-0.0346209790152783
1539,-0.014810616057688266
1540,-0.0236034517505385
1541,-0.06609418734366161
1542,0.05333523858506019
1543,0.009669435774603557
1544,0.005450206718093108
1545,-0.006532613273479458
1546,-0.028534269547303908
1547,-0.05279359619479903
1548,-0.008154509339080074
1549,0.025032439589718177
1550,0.06137634110986232
1551,0.03339133477691199
1552,-0.06637532756450489
1553,0.008865782426269697
1554,0.008782230513118045
1555,0.00607834481518189
1556,0.047177502871495414
1557,0.0027857917661314184
1558,-0.014862935630102346
1559,-0.013229892604692447
1560,0.012691738366401533
1561,0.02393945481191228
1562,0.05243896380527933
1563,-0.01861054999808538
1564,0.020621518788704385
1565,-0.0013781984080982015
1566,-0.013373219284652703
1567,-0.016349913844590967
1568,-0.018612804881054986
1569,0.004629353988117814
1570,0.026663171524806243
1571,0.01625225604743261
1572,-0.036844636636518345
1573,0.041570298013875885
1574,-0.004658096516529604
1575,-0.04713865802128822
1576,-0.03666656204131966
1577,-0.01440616282380765
1578,0.01926713437663791
1579,0.01898456152150698
1580,-0.010258729832731945
1581,-0.05521230716271613
1582,0.03345666190699427
1583,0.053199853601088774
1584,0.015379206482908464
1585,0.021073866138466922
1586,0.033156849211401905
1587,-0.02670519603952885
1588,-0.042084172037740335
1589,0.029665061178295444
1590,-0.011182107129311959
1591,-0.0027953091734101796
1592,0.0030650129435361743
1593,-0.0010549803175431266
1594,0.05124255993394902
1595,-0.03564024016051045
1596,0.03678000636784531
1597,-0.004065860648204784
1598,0.045371740358769126
1599,-0.014880758108911898
1600,-0.03362919240327062
1601,0.04372963445530395
1602,0.016141640405051033
1603,0.008749715295793162
1604,0.04424042269927984
1605,-0.029007268836616185
1606,0.01817813773747104
1607,-0.00524429552853665
1608,0.05237891305896716
1609,0.0028939982143917366
1610,0.010689755882199645
1611,0.056551537865868806
1612,-0.023163904046214847
1613,-0.021074646782707405
1614,0.01414057794113961
1615,-0.013008712718415515
1616,-0.014244336534073632
1617,0.005006899381833529
1618,0.016656220671304636
1619,-0.024899466020132877
1620,0.0502016191613625
1621,-0.01194252297578561
1622,-0.024236662993348472
1623,0.022657755350777353
1624,0.0014907361861657155
1625,-0.025107707600030754
1626,-0.02666610440602758
1627,-0.028131780161558703
1628,0.03617922562233342
1629,0.007719521039667656
1630,-0.04925963363900781
1631,-0.01510327489626884
1632,0.014534880023429675
1633,-0.016177913733543742
1634,0.001631976711610673
1635,-0.015592279996953581
1636,-0.047848023524368045
1637,-0.03132894064074622
1638,-0.030652994749692655
1639,-0.021803970481096797
1640,0.025450670167378748
1641,-0.007148604191670509
1642,0.024278201456710162
1643,0.031479330669909295
1644,-0.03220077318388625
1645,-0.037060802502883045
1646,0.030268113300138403
1647,0.02825768992679684
1648,-0.008149147371464698
1649,0.004055740773496518
1650,-0.010637045173422366
1651,-0.00867057825832899
1652,-0.023509321361689522
1653,-0.006352050147285537
1654,-0.0127109042225725
1655,0.009921034360239191
1656,-0.003045371180666412
1657,0.021977405681168696
1658,0.03460414445481057
1659,0.05116924167344295
1660,-0.06993254203082436
1661,0.03341331671211074
1662,-0.020493049115598398
1663,-0.011605894637972887
1664,-0.029395131688026075
1665,0.03644121883703279
1666,-0.04868192109153224
1667,0.026158828876210766
1668,0.01858924025706727
1669,-0.020609191648119665
1670,-0.023218282103210797
1671,-0.04908077539667557
1672,0.02532628610050611
1673,-0.0188907016640006
1674,-0.0013488232960009111
1675,-0.018136532294723683
1676,-0.029458507611041348
1677,-0.06675020563053363
1678,0.03385113017375291
1679,-0.009534411920706616
1680,-0.005958489896102922
1681,0.025753501861279934
1682,0.060360272101505616
1683,-0.019964434724767388
1684,0.018770610958394766
1685,-0.0027620300802626827
1686,0.03206931545252986
1687,-0.03544812002998036
1688,-0.004241804228534955
1689,0.017888998934747543
1690,-0.00693680897074333
1691,-0.03297943286939396
1692,-0.013805287997270318
1693,0.02145363969222226
1694,-0.006885866127639814
1695,0.022263317341419044
1696,0.049697603447279894
1697,-0.05861241230343721
1698,0.028400032271577967
1699,0.0012161394928602361
1700,-0.01237756423675484
1701,-0.027814237012678832
1702,0.015265654330768926
1703,0.019858747973460208
1704,0.01719472154814845
1705,0.0053354184812123015
1706,0.0041257267313430405
1707,0.013330248742867895
1708,-0.02569626882629019
1709,-0.004956203475867967
1710,-0.014469593675478962
1711,-0.02058607446177094
1712,-0.012660389106064988
1713,0.017294003139182754
1714,0.01697953896105525
1715,-0.016161247274326718
1716,0.018231334257163632
1717,-0.00029421603755599356
1718,-0.013688051516438829
1719,-0.026928486260763575
1720,0.03643409267297588
1721,0.010463498389498452
1722,-0.037468835252837326
1723,0.052387682133999906
1724,0.00617081873654276
1725,0.03535876075617251
1726,0.009146132775297787
1727,-0.015976740612044585
1728,-0.01866271023886615
1729,-0.007334229693826544
1730,0.023107799627774477
1731,-0.0121269997544616
1732,0.01371728960008523
1733,-0.03730124333782295
1734,-0.04044178258884599
1735,-0.04324983261584661
1736,0.014149151383448296
1737,0.022787631313858678
1738,-0.0513028581771973
1739,-0.06691494689549268
1740,0.020818826243729927
1741,0.001335717073127256
1742,0.029112008006545256
1743,0.008883440516435132
1744,-0.0036454679670714367
1745,-0.0487092805702102
1746,-0.008088700405082685
1747,-0.004004803045013862
1748,-0.028647295237461342
1749,-0.012432532104541054
1750,0.045344793744103176
1751,0.030602627030089362
1752,0.00819287219744246
1753,-0.015155652950294283
1754,0.02959147186142181
1755,-0.0003648970923925222
1756,-0.0005592076029887077
1757,0.02651527806303447
1758,-0.006094792648561412
1759,0.022815474253958547
1760,0.021483467947095124
1761,0.01928290904519514
1762,0.002536527339165324
1763,0.037576825776185055
1764,-0.023717620863997122
1765,0.03902969160882904
1766,-0.02041888088349371
1767,0.04007062823322363
1768,0.03690005618136422
1769,-0.04334132006967804
1770,0.0052416666824801495
1771,-0.015700568233896532
1772,-0.02215766633839929
1773,0.006426302425139447
1774,-0.005462488202665323
1775,0.012027112703407823
1776,-0.014491057069161518
1777,-0.01127587328676385
1778,-0.017943889261745376
1779,0.009138687558442543
1780,-0.030937292793713805
1781,0.0014123521684866352
1782,-0.0024972350344406574
1783,-0.010643582378674386
1784,0.06013805102737933
1785,0.041850754362708076
1786,0.00814734827470815
1787,0.017388783993002695
1788,0.04495410796213427
1789,-0.03776508488334343
1790,0.008177828621968615
1791,0.015402424192161115
1792,0.016075961439283516
1793,0.013789285763055879
1794,-0.07968236333016121
1795,-0.06483930843485669
1796,0.0034438505280464386
1797,-0.03337681432437076
1798,-0.024906786342613025
1799,0.010788766574213557
1800,-0.008820792227680613
1801,0.011308352080852306
1802,0.006912202616314443
1803,-0.04464720559981956
1804,-0.047676441944329684
1805,-0.05719317230121535
1806,-0.021548588850673598
1807,-0.019290186923567196
1808,-0.015293090538534119
1809,0.01948427275296779
1810,0.023185403791829123
1811,-0.004782620504921067
1812,-0.0668268749126138
1813,0.0126722609825417
1814,-0.02050282414608837
1815,-0.016726036983034057
1816,0.003733181942548643
1817,0.007094493094752533
1818,0.013046612804866999
1819,-0.03288348623370497
1820,0.003973058555468242
1821,-0.018765761030233263
1822,-0.06945310778823786
1823,-0.0273851675793569
1824,0.031319596486741555
1825,-0.02684491492233074
1826,0.011465169538099113
1827,-0.013213134117986811
1828,0.009652061706241664
1829,-0.0087287000314263
1830,-0.042495933193274424
1831,-0.016753502035562192
1832,0.012560216439559225
1833,-0.010064623430168968
1834,-0.020761907746884262
1835,-0.03369909806297275
1836,-0.07879858127963851
1837,-0.04106237602288013
1838,0.0029529344724188943
1839,0.005127078377109674
1840,0.02902377485052329
1841,0.002165611100597574
1842,0.03242001138306735
1843,-0.019984792308118827
1844,0.010729314143189882
1845,0.03256579312150896
1846,-0.023627865459548793
1847,0.016814931052547992
1848,-0.02205531573616497
1849,0.03247100863662177
1850,-0.022742400483634406
1851,-0.031497661854234596
1852,0.0897701501376031
1853,-0.028062833972722093
1854,0.018520752607543125
1855,0.0013974013821450378
1856,0.01717777577198172
1857,0.004370500597485123
1858,-0.046775207999681115
1859,0.028418291575133234
1860,-0.04770058374909746
1861,-0.03358612823439364
1862,0.01672277537796654
1863,0.04592191661086269
1864,0.04806271304033406
1865,0.034698952775484196
1866,-0.02550458573700091
1867,-0.02659863018178712
1868,0.06804149652991553
1869,0.016971334572561374
1870,0.02694905277009954
1871,0.034275598872411044
1872,-0.05714402132008548
1873,-0.01181923991850628
1874,-0.012224655854723838
1875,0.012132872600733364
1876,-0.022308264832614836
1877,-0.0021623560541856163
1878,0.0037932535718343667
1879,-0.05025621074598334
1880,-0.007559109088526887
1881,0.04605736164450946
1882,-0.0303543773139829
1883,-0.030236781318527205
1884,0.0025760722828849776
1885,0.0944312982570361
1886,-0.035326239784127425
1887,0.0065698774324543
1888,-0.02291625499161076
1889,0.026366866002177643
1890,-0.008063704621949327
1891,0.029854046923046742
1892,-0.041655601504347425
1893,0.0288345176699693
1894,-0.005482077523646622
1895,0.05328372113848982
1896,0.03572166463349847
1897,-0.015967655466331308
1898,-0.03279004866143433
1899,0.013187192835752351
1900,0.014793423802041749
1901,-0.02492208078548311
1902,-0.0476813954817287
1903,0.016808450965936465
1904,0.03181398759725017
1905,-0.02246110900936954
1906,0.06653909960906931
1907,-0.02137787821586729
1908,0.01726926498591229
1909,-0.014824239962716833
1910,-0.02228539709385108
1911,0.06244768833526295
1912,-0.000963794283157471
1913,-0.010945276196697674
1914,0.01691677237212052
1915,0.00412154626721088
1916,0.016307888684070477
1917,-0.02225028352330776
1918,-0.0023120611914012653
1919,-0.002371677323512517
1920,0.006748742108550345
1921,0.02852866277818153
1922,-0.015920230066885095
1923,0.06767320898222039
1924,-0.0265709006115976
1925,0.030638566989555617
1926,-0.053708915542366495
1927,-0.016459356714327317
1928,0.0008532485814300222
1929,-0.03444169713938498
1930,0.01653527048601153
1931,-0.023439885569229504
1932,0.016023748109447376
1933,-0.005539689025030307
1934,-0.019689431072456035
1935,-0.02566630691069009
1936,-0.005976850637348302
1937,0.007355281403626543
1938,-0.028401615035027115
1939,0.04674804334064656
1940,0.03319830842939553
1941,-0.03681723463892921
1942,-0.028797035857993553
1943,0.02244152021129422
1944,0.03444386171150788
1945,0.013605946563953822
1946,-0.012391649897602214
1947,0.0033312691145051406
1948,-0.009601045362026698
1949,0.05926357877801451
1950,0.0038932611457961432
1951,-0.014978459379830625
1952,-0.006279446170051079
1953,-0.0006581813550213783
1954,0.029016160415495408
1955,0.005550906527464829
1956,-0.009244176236693814
1957,0.014999060786667533
1958,-0.0404601843357308
1959,0.00402368802680138
1960,-0.0493559463962805
1961,0.05061942616844847
1962,-0.018796962471354654
1963,0.037473937376310794
1964,-0.011493876376685235
1965,0.0026577211827913637
1966,-0.025947547472156805
1967,0.016614105693266816
1968,0.022484887142984085
1969,0.04571387763223288
1970,-0.045545086147323915
1971,-0.010080073642941778
1972,0.019375975666327056
1973,-0.010516090243899648
1974,0.002323488508240486
1975,0.07030964131778875
1976,-0.014499868181708463
1977,0.029179582675903728
1978,0.005025302824947516
1979,-0.03395845733564972
1980,-0.014869918549106296
1981,0.019818542739122622
1982,0.012900147788056822
1983,0.007717789229444888
1984,0.034663055773326665
1985,0.005922168217455268
1986,0.005205398076477215
1987,0.012905300731426405
1988,0.024611180700836118
1989,0.002176312321922849
1990,-0.05159171399169495
1991,-0.022233548936211524
1992,-0.011737390664218831
1993,-7.847983742710499e-05
1994,-0.023959328402464546
1995,0.04190393755310235
1996,0.08893417192470111
1997,0.023377015781572107
1998,0.026715584161807773
1999,-0.01108632233403574
2000,0.03839468553372688
2001,0.01739157307160925
2002,-0.0171291837384268
2003,0.011289532618962012
2004,-0.03432415246813589
2005,0.0017990575969172105
2006,-0.011457829110065569
2007,-0.0021150301107224706
2008,-0.012318205355985733
2009,-0.0676077715745044
2010,-0.012115474485413655
2011,-0.0031454347169920555
2012,0.01729338190819983
2013,-0.00880519113013336
2014,-0.014933176244911599
2015,-0.018776135202745736
2016,-0.04973603769762852
2017,-0.04283489291422363
2018,-0.052157524891880094
2019,-0.029840090432380836
2020,-0.011688586895191552
2021,-0.010067829151293778
2022,-0.011195905398784022
2023,-0.02096746687239524
2024,0.05781576633966246
2025,0.013228085319564813
2026,0.043136360467917835
2027,0.0284075164065355
2028,-0.01635354782558567
2029,-0.005858700435092664
2030,-0.003143614807555239
2031,0.0072966545428814885
2032,-0.0709128110398171
2033,0.018551361589513544
2034,0.012376989265865281
2035,0.016874881248404718
2036,-0.011777860257543
2037,0.022411669258889388
2038,0.003686850221753476
2039,0.021575520616966302
2040,-0.00419155618628231
2041,0.005353248872383254
2042,0.011218625022426612
2043,0.025565754366657218
2044,0.01735593521479143
2045,-0.044985039125491066
2046,0.0010831903989375247
2047,0.045758301930830136
2048,0.0202459908727175
2049,-0.023505395807372438
2050,-0.05237890747867339
2051,0.001376098698260275
2052,0.021580910940126187
2053,0.00032825206724583923
2054,0.000868276313056664
2055,0.010124071724468244
2056,-0.046901704393979594
2057,0.05339423652339544
2058,0.029448648383988713
2059,-0.04207740422035881
2060,0.03855077010296164
2061,-0.030597683252835458
2062,-0.015249939649535211
2063,0.0009636211068734324
2064,-0.0614061389197024
2065,0.008038581501259662
2066,0.05629321164606606
2067,0.0009875660780206165
2068,0.007399268806644114
2069,-0.037174349123039546
2070,-0.02428959908013645
2071,0.0504110659510287
2072,0.004389254112729071
2073,-0.005811763191223389
2074,0.03146233886278072
2075,-0.07099529423971851
2076,-0.07952060675272306
2077,-0.007225028509397013
2078,0.030620282439671617
2079,0.016419984810617037
2080,-0.02519126441441293
2081,0.021461218550928935
2082,-0.038492739560684684
2083,-0.013471860039153535
2084,-0.0014084672110985447
2085,-0.0014746831633922397
2086,-0.031809513366721
2087,-0.021031650275475565
2088,-0.018157005591374027
2089,0.00924065786152817
2090,-0.0033901087913649573
2091,-0.030517093342299902
2092,0.01707013830806877
2093,-0.018557421206055025
2094,-0.01846865767940143
2095,0.033182306736965594
2096,0.012904269139903885
2097,0.02374727573194243
2098,0.015530770925187768
2099,0.019066895864492707
2100,0.002373689385595527
2101,0.02281093289971825
2102,0.0323208720922713
2103,-0.02401611929973784
2104,0.014834746034909614
2105,0.02342931143873839
2106,-0.026110696541671446
2107,-0.012144418352811694
2108,-0.012895086929772146
2109,-0.0220011065853303
2110,0.0270990490144831
2111,-0.0031315588535442214
2112,0.01849854730109513
2113,0.06791137078949473
2114,-0.022265107026016612
2115,0.001273759654093592
2116,-0.01617656920455931
2117,0.09740279836138967
2118,0.014982596305516757
2119,-0.03967056392875135
2120,-0.013043258499112394
2121,0.029282084700207833
2122,0.045263382456705595
2123,-0.0024803433649668327
2124,0.027610847531356147
2125,0.020468207751486635
2126,-0.025670695277683793
2127,-0.030343950262475505
2128,0.014168020717928073
2129,-0.007762774982412135
2130,-0.04521801642538354
2131,-0.04379561519672512
2132,0.005103304390309825
2133,0.03335304235335216
2134,0.006776483413957705
2135,0.019656199856716298
2136,-0.004968808649404656
2137,0.01796708635126564
2138,0.01777681111913291
2139,0.009018300068871225
2140,0.028919252865506874
2141,0.018337060957632642
2142,-0.010015877924925021
2143,-0.009931799944520219
2144,-0.0423601678016571
2145,-0.009748597389171249
2146,-0.037908987277223055
2147,-0.004285457071998113
2148,0.012925573662008749
2149,0.002068216022988413
2150,0.021197227360541786
2151,0.08199176547598391
2152,0.03776610709140901
2153,-0.03072966460636903
2154,0.005827891751589488
2155,0.0386394505907319
2156,-0.003708671245145213
2157,-0.032407423456697455
2158,0.05665707969944426
2159,-0.014033281926447573
2160,0.037325751497354384
2161,0.011614445462462703
2162,-0.028113667005547627
2163,-0.006884310681793213
2164,0.0009764880566857062
2165,0.0025741896815019137
2166,0.021804058529689606
2167,-0.01801954619814643
2168,-0.016466873693418163
2169,0.03150967439474381
2170,0.01542516719577797
2171,0.005305235782983748
2172,0.014127007866392682
2173,-0.01558177204953082
2174,0.020074370272823563
2175,0.024010382417926503
2176,0.03702349224132506
2177,-0.003761627543995914
2178,-0.009622890846088503
2179,-0.02598976230721426
2180,-0.032058282485954354
2181,0.03372892473350777
2182,0.011114730955405917
2183,0.005462574877691561
2184,-0.009108340806259375
2185,-0.023757793583717778
2186,-0.0038955435760875384
2187,-0.010513733981312596
2188,-0.0016591674711476903
2189,0.036410769191274665
2190,-0.06257532093419892
2191,-0.013411752814185877
2192,-0.04693455190028355
2193,-0.002471168493202663
2194,0.03651084497536231
2195,-0.01261654558267009
2196,-0.006958683832861088
2197,0.005083247001376256
2198,-0.03064778926924984
2199,-0.03131340433396359
2200,-0.017596425487608335
2201,-0.00022113834550861327
2202,0.02110483118305893
2203,0.047185350575738416
2204,-0.023402611051149713
2205,0.01695397425522295
2206,0.0022844794344451026
2207,-0.03323973097649186
2208,0.012260877808240091
2209,-0.003985591595339957
2210,-0.006852641259833622
2211,0.018794668982011205
2212,0.00030460367488330654
2213,-0.01057027443397635
2214,0.02496247485767213
2215,-0.0297513572800645
2216,-0.0272289447036005
2217,-0.0012150133396017977
2218,-0.014214470028978887
2219,-0.013522276751371675
2220,-0.024535538037110175
2221,-0.03067285977061832
2222,0.022897774944024434
2223,-0.01843312985593634
2224,0.00878647401918381
2225,0.022730429653464463
2226,0.013733729509422539
2227,0.020387405946874413
2228,-0.008427883166646532
2229,0.019271980293459147
2230,-0.0707900635793892
2231,-0.04695251901448791
2232,0.004942935006281958
2233,-0.003794314791380532
2234,0.0076559136630122366
2235,-0.029524233546754017
2236,0.02248911239533239
2237,0.03733090381563044
2238,0.025816878707250638
2239,-0.03788215365103258
2240,0.003284610564888053
2241,0.023860393471179006
2242,0.015603837269322662
2243,-0.016107296582765145
2244,-0.00905184763734336
2245,-0.04135783275120892
2246,-0.025620159472718635
2247,-0.021075579845253246
2248,0.012280371901324168
2249,-0.048975704182763605
2250,-0.010591526054795613
2251,-0.036879096044072024
2252,-0.05006146356974937
2253,0.0371811383049935
2254,-0.024631402645771815
2255,-0.02933595451754862
2256,0.03374212678429472
2257,-0.0370717549649279
2258,-0.017063060616401886
2259,0.012316748720402683
2260,-0.01553921988427
2261,0.012201271585692624
2262,0.025493546601525745
2263,-0.005590999071040453
2264,-0.0059301116227477475
2265,0.042226731409056965
2266,-0.03057230994886115
2267,-0.025847538028010496
2268,0.016825744295676952
2269,0.010475656017114752
2270,-0.010481584350841944
2271,-0.00823689541350512
2272,-0.040344047030019134
2273,-0.012451558827354162
2274,0.031057731646433884
2275,-0.025259168765903384
2276,-0.044563655896797956
2277,0.0019223461650608462
2278,0.013164499430335198
2279,0.012070893722638892
2280,0.04552703405527159
2281,0.05492066786458256
2282,0.028040882568498075
2283,0.02554514984946231
2284,0.02543913018733785
2285,-0.015345935226880015
2286,-0.007834259999831077
2287,0.003977068691800086
2288,0.034736780700888814
2289,-0.04571089402593301
2290,-0.013199842465417918
2291,0.04268998253757404
2292,-0.01917778877121241
2293,0.005375907378365314
2294,0.004568867053938065
2295,0.03446828151551426
2296,0.02917113455568733
2297,0.018225943987309746
2298,0.007627903624089828
2299,-0.008222380673793484
2300,-0.006876418425247162
2301,0.022552633914263164
2302,-0.013780314036042882
2303,-0.0195727457078161
2304,-0.010233187096120623
2305,0.003143035884900065
2306,-0.02888303591906363
2307,0.016047260753567737
2308,0.008105876727615842
2309,-0.014967801753846087
2310,-0.00605212044582057
2311,-0.023445578186398017
2312,-0.027153183061498967
2313,0.007224070848245467
2314,0.0228208916308431
2315,-0.0026498924461086284
2316,-0.004582022926617229
2317,0.02247740185229539
2318,-0.0012958873047565786
2319,-0.0021836288294071215
2320,-0.05398334162685443
2321,-0.007510047167129576
2322,-0.02099575412236636
2323,0.016931534142603833
2324,0.08151822664541664
2325,-0.006955350755171304
2326,0.017074286463671998
2327,-0.02397312955241948
2328,-0.019077264799569935
2329,0.030640434499640212
2330,0.021383995088362626
2331,-0.003452237624288787
2332,0.017117943712565434
2333,0.053707357243619705
2334,-0.03377435602757549
2335,0.008169529854763529
2336,0.011526514325177007
2337,0.009531958981717386
2338,0.036500377936957755
2339,-0.003270649678069172
2340,-0.07075921431441616
2341,-0.018333998144926346
2342,-0.031571454206277536
2343,-0.029209277447571624
2344,0.053837517068286954
2345,-0.021566389679953356
2346,-0.009472645011337755
2347,0.0027604326584110645
2348,-0.009191541080758037
2349,-0.003977159798946266
2350,0.03949430402425376
2351,0.003513276627955807
2352,-0.02049215612617256
2353,0.017476008559516268
2354,-0.008238745011665249
2355,0.03177068453324181
2356,-0.0121430036006668
2357,-0.007522918307737178
2358,8.710330329028537e-05
2359,-0.0015158051410261214
2360,0.05432615272449928
2361,-0.0343222716981729
2362,0.04282205670649657
2363,0.009666232461067256
2364,-0.018167588020963066
2365,0.012738311108763747
2366,-0.0022316554397337567
2367,0.02008124542455315
2368,-0.049194618154773176
2369,0.005264173107247853
2370,-0.008716864555128975
2371,-0.021224575232337867
2372,0.012557943029694742
2373,-0.01258124042119956
2374,-0.03581830072521301
2375,0.04483837944434892
2376,0.015056625013376554
2377,0.015604075460278139
2378,0.04956891192334991
2379,-0.009458391384530274
2380,0.014818729322970072
2381,-0.017341001937071106
2382,-0.005961374431813256
2383,0.04954164052064124
2384,0.0005171389348394721
2385,0.03251716412197324
2386,-0.024393338282796596
2387,-0.0016536848401053086
2388,-0.01760742017994916
2389,0.03709605270382084
2390,-0.04932863025850404
2391,0.010775234356096317
2392,0.023133121594649766
2393,-0.017992488797349507
2394,0.005255941646252728
2395,0.0329367996780905
2396,-0.029620472072654898
2397,-0.0030429809076258883
2398,0.05675106775531603
2399,-0.014351292713700135
2400,0.00640117702705169
2401,0.02589828366133934
2402,-0.017319629850867664
2403,-0.027703567910765323
2404,-0.05469795132820689
2405,0.004076746479131342
2406,0.011726234935409878
2407,-0.03500551760974206
2408,0.028087206307752223
2409,0.07637051775377986
2410,0.031082003416294638
2411,0.012484084236812704
2412,-0.019140345560139136
2413,-0.019212835183341787
2414,0.005510181827796888
2415,0.03528937228682433
2416,0.0020718874980464124
2417,-0.03133371985081352
2418,-0.0010702515955360642
2419,-0.027257676766013244
2420,-0.021074151829334455
2421,-0.016314177535274123
2422,-0.035218205544389744
2423,0.026932242569926552
2424,-0.023257908320308985
2425,-0.007021376713340439
2426,0.051815759799187296
2427,0.036828770578479504
2428,0.01128568760069222
2429,0.012926195621597428
2430,-0.003494951553212951
2431,0.0015781097305307087
2432,-0.01642797599056777
2433,0.030219748251832268
2434,-0.014660120012819373
2435,-0.02337562023138637
2436,-0.011908098336316758
2437,0.031191291587292745
2438,0.01540523744700825
2439,-0.0066355025759525215
2440,0.02264157943374211
2441,0.0013271873849030151
2442,-0.022728940345342202
2443,0.04911729966375973
2444,0.014557821434623523
2445,0.008377727805946679
2446,0.03292418679141736
2447,0.02066004136591416
2448,-0.00974364717827062
2449,-0.04822238580173655
2450,0.046170459196667325
2451,-0.010561978952387174
2452,0.02106864500781719
2453,0.005849967162421051
2454,0.020286829228170804
2455,-0.013072240555414763
2456,0.02777062756678447
2457,-0.03069997881504109
2458,0.05896979781773756
2459,-0.01645735839038147
2460,-0.002230736818084374
2461,-0.015141939448283721
2462,-0.008088313315662381
2463,-0.011516430662945158
2464,-0.006842750719556658
2465,-0.043665198196951714
2466,-0.010832888196312496
2467,-0.036792992950758316
2468,0.05216430591311813
2469,-0.008023414178644234
2470,0.0094379917865491
2471,-0.02548645355488867
2472,0.09469988201516492
2473,0.024682527195115378
2474,-0.0011140935864402519
2475,-0.02140438664520843
2476,-0.013180036195727855
2477,0.0229893579216581
2478,-0.00039796121951545183
2479,-0.007319715122334573
2480,-0.0036229475526506306
2481,0.021129552754583284
2482,0.011927369942619516
2483,0.03992644982310505
2484,-0.03483828291802023
2485,0.002451886995781246
2486,0.0035015747617695913
2487,0.03697050930138247
2488,0.01471629088125034
2489,0.014563582811897268
2490,0.01177700032250567
2491,-0.01878909317826522
2492,0.021459464525509127
2493,0.003013747778121433
2494,0.019561666426728738
2495,0.02737116260325282
2496,-0.004694042779261085
2497,-0.007812115945330431
2498,0.02040221909459214
2499,0.03312748129561159
2500,-0.03510358601775487
2501,0.03317060594624986
2502,-0.026141586693771368
2503,-0.05202111275572706
2504,0.007046482984398331
2505,0.030743931118151106
2506,-0.05578600197543589
2507,0.0325494736900619
2508,-0.024406504958000782
2509,-0.010803662162520985
2510,0.010342619152164223
2511,0.04191162105112958
2512,-0.06518006152670447
2513,0.03801226947296542
2514,0.07014755533968045
2515,0.0017209711797685446
2516,0.03552250882426073
2517,-0.02116285739135782
2518,0.0011325207933795855
2519,-0.014185160284045087
2520,0.0037709705722790638
2521,-0.0037248527675322503
2522,-0.026367333458158324
2523,0.016901240833274236
2524,-0.0263572433490864
2525,0.05085578355585449
2526,0.009518424164048318
2527,0.020912654016318564
2528,0.009147856497717247
2529,-0.041643907376660474
2530,0.04767677874294964
2531,0.014875687237781087
2532,0.011228923580291615
2533,0.010502772702266657
2534,-0.036285935234188604
2535,-0.024938743382683762
2536,0.007163298329444167
2537,0.001402434396504068
2538,0.01931640946929827
2539,-0.020886548029165654
2540,-0.010671781038069227
2541,0.017115114090235375
2542,-0.05361410496442019
2543,0.045180888271916714
2544,0.014199142268230583
2545,0.03756860859417605
2546,-0.02277263787511524
2547,0.025656209146590708
2548,0.008825506031247581
2549,-0.02562277891672644
2550,-0.00105854923915346
2551,0.00901648851430992
2552,0.04227843800457361
2553,-0.01989106630006679
2554,-0.014421492198813427
2555,0.05019153301642455
2556,-0.033000139395266435
2557,-0.033624811746986866
2558,-0.037019398869398944
2559,-0.026815061080678795
2560,0.020382897606226805
2561,-0.015078031965616403
2562,-0.02014176224424612
2563,-0.009695307283983446
2564,0.03665132794760256
2565,-0.07678596769835176
2566,-0.00017312012738329502
2567,-0.003840186795037824
2568,-0.014467005309967012
2569,0.0037537823520873456
2570,-0.027444037676712513
2571,0.00782901903909506
2572,0.017063492456710204
2573,-0.026501242143215253
2574,0.01399121876551212
2575,-0.05533144948611088
2576,-0.00574012830806401
2577,-0.008898713431158618
2578,-0.0672337338021205
2579,0.011954655243417982
2580,0.03956299921790571
2581,0.010392079407819367
2582,-0.03352480799438139
2583,-0.020508446316611834
2584,0.020921332278994943
2585,-0.005400897521422466
2586,0.015438107988534174
2587,-0.012843995003741898
2588,-0.013748116211497585
2589,-0.045819160727488255
2590,-0.020464827304098765
2591,0.008683298397340033
2592,-0.02765637756715072
2593,-0.027415047061890595
2594,0.04707890392288272
2595,-0.03654120001856793
2596,-0.01187232526335154
2597,0.07067525844577302
2598,-0.028400949955651265
2599,-0.07398633546603973
2600,-0.008295463126490727
2601,0.04309764298148019
2602,-0.032046935371170045
2603,-0.030062413638261374
2604,0.03832014853664782
2605,-0.018523815073085443
2606,-0.040492981611258
2607,0.05729559640280088
2608,-0.030099660509940597
2609,-0.0010647341497510348
2610,-0.03742331953717527
2611,-0.025127671481760004
2612,0.0041377854304303924
2613,0.02716315576990714
2614,-0.025263095101241202
2615,-0.03626733786840866
2616,0.045972507738933376
2617,0.04637602490582489
2618,-0.04841195403142769
2619,-0.015018168694386257
2620,0.019258903208013472
2621,-0.058913744719309644
2622,-0.03573508454382715
2623,0.013088305500437356
2624,-0.003995617247996933
2625,-0.03233860486970638
2626,-0.01565710480946357
2627,0.001878772129010881
2628,0.03292001397946148
2629,0.022029508696180592
2630,-0.08081877326983902
2631,-0.018224172657603774
2632,-0.10016512780422547
2633,-0.015583151762348375
2634,0.030615305786282083
2635,-0.02216144393186339
2636,-0.00913919305606788
2637,0.06050033188074445
2638,0.032055211329722284
2639,-0.0023976320674216184
2640,0.014244159089629772
2641,0.046850770410772076
2642,0.031666035111828736
2643,0.011593763586900594
2644,-0.005513406876986386
2645,0.010621791182636406
2646,0.04369449918428348
2647,-0.006081335833061654
2648,-0.026792274246906944
2649,0.03386507524038004
2650,-0.007959220007003328
2651,0.012952008581775844
2652,0.05282886581626941
2653,-0.0431201808157584
2654,-0.017672158841950635
2655,0.020489975590527877
2656,0.02976496659225546
2657,0.025039295210514376
2658,0.04425232204068879
2659,0.01117125108842205
2660,-0.0719204275123749
2661,-0.03410924481907272
2662,0.042515024530610825
2663,-0.009541247475938684
2664,-0.01820194719523743
2665,-0.044207275653612425
2666,-0.04875248161255451
2667,-0.03504715057682907
2668,-0.025848011255332475
2669,0.05485120546494809
2670,-0.03601924823731726
2671,0.010259330022276199
2672,-0.06452323821029124
2673,-0.057380526534463294
2674,-0.03346753518991299
2675,0.033110233689936215
2676,0.0010190817413044887
2677,-0.010098997859232088
2678,0.001541787529727061
2679,-0.03504348102766377
2680,0.016151370818245848
2681,0.0012848094692320187
2682,0.004451791815878528
2683,-0.009671461103412595
2684,-0.011838733496907427
2685,-0.009244799609083315
2686,-0.04264439838278417
2687,0.03844834968209155
2688,0.00039965593132682453
2689,-0.00864179370990707
2690,0.052052757729805714
2691,-0.029261404910335076
2692,0.004299919901454333
2693,-0.061172351478598
2694,0.0004331098566107332
2695,0.01856936685729791
2696,-0.041375153734435705
2697,0.08063932504842403
2698,0.054227979636611745
2699,0.011471521267419923
2700,-0.012813652542481924
2701,-0.08066077454764176
2702,0.012476395078127079
2703,0.006549312509421685
2704,-0.01784928436222645
2705,-0.036352105758764006
2706,0.05426427102024328
2707,0.021399939055010097
2708,-0.024181213250396058
2709,-0.0039495285873945175
2710,-0.026861725951262478
2711,-0.005598990860131824
2712,0.045925236351275704
2713,0.00205079570608131
2714,0.0212245756612176
2715,-0.03650716244746629
2716,0.0047977842357705925
2717,0.031525843642804176
2718,0.020329266692250516
2719,-0.00669293688613213
2720,-0.022010170607987337
2721,-0.06171937429162394
2722,-0.036795069171333884
2723,-0.0443384096821722
2724,-0.01684045919728094
2725,0.06925299363845284
2726,0.03563923436840277
2727,0.06666005031733933
2728,0.005202502759305849
2729,-0.012122811552941811
2730,-0.04575307024426194
2731,-0.010504410880305213
2732,-0.01451327762565034
2733,0.031184812355947836
2734,-0.0763242964350627
2735,-0.008928682503590805
2736,0.016382441145532042
2737,-0.04718316361100745
2738,-0.015008500821644271
2739,-0.007860305551621618
2740,-0.033261986355257574
2741,-0.014788562065458057
2742,0.04337119457443636
2743,0.029914578552165613
2744,0.008238599441069281
2745,-0.01077827110541468
2746,0.023229347691328332
2747,-0.050074239915820114
2748,-0.03516471440983227
2749,-0.0012237820626713374
2750,-0.04698723956127628
2751,-0.018422797485752818
2752,-0.012876527453577433
2753,-0.008118664374480968
2754,0.03723300480364338
2755,0.00046641058522823306
2756,0.009536210220082407
2757,0.014692513970579562
2758,0.012641001820619831
2759,-0.011945226686146261
2760,-0.0336572684657753
2761,-0.021827119853585444
2762,0.017969974784530437
2763,-0.06058034855209945
2764,-0.04588863450810377
2765,0.0009769380692464071
2766,0.013291167342461767
2767,-0.02283054546900489
2768,0.03536097217124106
2769,0.01137438700079828
2770,-0.004376853393167666
2771,0.01724685318242438
2772,-0.034979985300700726
2773,-0.019783219334825807
2774,0.0002116438663753743
2775,-0.0008293148105122336
2776,-0.0776357232074437
2777,-0.028212748353245116
2778,0.02900357068749498
2779,0.009394606630419066
2780,0.025272172891776287
2781,0.009737199905545021
2782,-0.03843546961966694
2783,-0.037810900224279145
2784,-0.008397831678325541
2785,0.05525160614013599
2786,0.003031273894709827
2787,0.040016267079364135
2788,0.004599546351076051
2789,-0.05499206141440783
2790,-0.018094310386548275
2791,0.028772633318205846
2792,0.02083012829251496
2793,0.012772489941643634
2794,-0.018039937766603124
2795,0.021473285557334437
2796,-0.006042948441650978
2797,-0.02766618737102248
2798,0.005460316153699045
2799,0.013920784282071483
2800,0.03630928479468952
2801,0.033368835598516125
2802,0.022656634826084664
2803,-0.013766089333089548
2804,-0.06441053968176268
2805,-0.01679064729851256
2806,-0.02423173891103893
2807,-0.02270282310698902
2808,0.004006494528049277
2809,-0.0034616635998201382
2810,0.050916699491901384
2811,-0.030208962974563967
2812,0.02939155279096007
2813,0.03996738710868386
2814,-0.05851253917691358
2815,0.010795096422909224
2816,-0.017897706948246363
2817,-0.031999529732238255
2818,-0.014310460994156064
2819,0.003324252628951684
2820,-0.006877790739768909
2821,0.012203498649582232
2822,0.043080209146536326
2823,-0.01084943583425529
2824,0.04847287658222334
2825,0.020686144531503477
2826,0.06029214289849388
2827,0.032392876569759546
2828,0.008338736946564363
2829,0.03130936943976165
2830,-0.021850486098178364
2831,0.07966439963306782
2832,-0.005701058679217064
2833,0.005858853699249418
2834,0.021941462141634647
2835,0.009495085645480421
2836,-0.017735793488138092
2837,-0.006629619320460257
2838,0.04893012008155428
2839,0.0230497352397076
2840,-0.009378138039629424
2841,0.00478239634392681
2842,0.03437730434332127
2843,0.018497083925221893
2844,0.024806000778527036
2845,-0.027437489286246047
2846,0.03257135248295493
2847,0.009778515877636488
2848,-0.025797527987244842
2849,-0.04139515597989413
2850,0.03293050883908376
2851,0.007513047813836935
2852,-0.06790409515433987
2853,0.03830410464106969
2854,0.003136685737717256
2855,0.02440119264440935
2856,0.05483998582123413
2857,0.017536456260341456
2858,-0.048601278563352154
2859,-0.02772971196015676
2860,-0.013345459736437401
2861,-0.00826172729583103
2862,0.015360141043124931
2863,-0.01075378121921686
2864,-0.017826821833872054
2865,-0.008340213981657348
2866,-0.005009977139880924
2867,-0.002184678448660637
2868,-0.014482446285127935
2869,0.03296543184541909
2870,-0.03692175833019847
2871,-0.022075659063667173
2872,-0.03432421310329703
2873,0.013860011028857887
2874,-0.04654058156114048
2875,-0.024812527432236442
2876,0.02569547874871749
2877,-0.015636396794940714
2878,0.017522869426219372
2879,-0.01432074075295192
2880,0.019610750707748224
2881,-0.0463135504224895
2882,0.025361673177627476
2883,-0.008382047147498262
2884,-0.020462553188952372
2885,0.02852852673999996
2886,-0.029669627234563442
2887,-0.025309241860770212
2888,-0.00725689067930498
2889,0.04180172336068892
2890,0.017324430811280468
2891,-0.025445441558929995
2892,-0.07217909179051259
2893,0.01764431433314796
2894,0.02851101444887232
2895,0.038639566602677325
2896,-0.03922804489621748
2897,-0.01872558237076263
2898,0.010168700440795153
2899,0.03664789406341229
2900,-0.024170832796480975
2901,-0.02381543293537085
2902,-0.012091880162955121
2903,0.0006324349178860808
2904,-0.0009754542276369581
2905,0.04920251431800454
2906,0.04087017269595649
2907,0.013809501283523748
2908,0.04065922798240652
2909,0.02040114259924199
2910,-0.04868057901670091
2911,-0.019654940824918848
2912,0.006726243734041717
2913,-0.018785698278770357
2914,0.014499266303842157
2915,0.016448833359732774
2916,0.043428698770132806
2917,-0.0262781133720705
2918,-0.0033448231135703105
2919,-0.01328415872376153
2920,0.02766827336619052
2921,-0.01908625017336709
2922,0.007849500594333928
2923,0.02271897434114773
2924,-0.020769639476716537
2925,-0.029157233432817415
2926,-0.02882492657862895
2927,0.031560208196955056
2928,0.0008194602020791079
2929,-0.02599905846388717
2930,0.06527380536248904
2931,0.017647217782682748
2932,0.0421611351835928
2933,0.004683434222770909
2934,-0.03882702858061411
2935,0.012377822757582707
2936,-0.04968223702128706
2937,0.0065321988825326775
2938,-0.029483855580531855
2939,-0.08035394295458498
2940,-0.004588830016135765
2941,-0.011833706874331816
2942,-0.03351033628246064
2943,0.0019848515131031695
2944,-0.04775642888552715
2945,0.028183603364558864
2946,0.031241446030162788
2947,0.04386088394972257
2948,0.02845937901940941
2949,0.0006877674378093089
2950,-0.03395479580376997
2951,-0.015103350544591648
2952,0.0006595622696517962
2953,0.00894720574932346
2954,0.030803965672184158
2955,-0.020164076014392015
2956,-0.00503939255280891
2957,-0.01748620463869468
2958,-0.0842582522303754
2959,-0.0175749191333784
2960,-0.05856414514042339
2961,-0.06406690097348161
2962,0.009566064695984113
2963,0.04503969020918184
2964,-0.00611682105152019
2965,0.007297291267351442
2966,-0.007100996285784222
2967,0.010678880256877648
2968,-0.0040648550298861726
2969,0.0534703710289118
2970,0.02382675029998795
2971,-0.016779616814672396
2972,0.01522632975909086
2973,-0.05565320307101316
2974,-0.03294592994099557
2975,-0.01747186294312194
2976,0.07447480057217463
2977,-0.041818191403796334
2978,0.013679774927861515
2979,-0.02159908476173857
2980,0.03191951446611091
2981,0.028146034872509423
2982,0.0028584697257863314
2983,0.01277223950915132
2984,0.003948133068854061
2985,0.03500031091040685
2986,-9.280704478687439e-05
2987,0.02693520539868301
2988,-0.025718677821974303
2989,0.009499818562156447
2990,0.012648535273490257
2991,-0.0020059393010102267
2992,-0.03243390394441129
2993,-0.023871141821927375
2994,-0.0014308328345793834
2995,0.07020649833770598
2996,-0.029087365072528022
2997,0.017497719925092914
2998,0.048820772166944186
2999,-0.006070471202889877
3000,-0.033617922018442305
3001,-0.05948259179599883
3002,-0.0025131690920962547
3003,-7.062256292822693e-05
3004,-0.04635222628265451
3005,0.01814740813126537
3006,-0.01034349936405582
3007,0.03458733864941783
3008,-0.029016717180849028
3009,-0.02131828848643213
3010,0.029477542849208564
3011,-0.029237307649186337
3012,0.004393300406723788
3013,0.016496100474929696
3014,0.022774834775582876
3015,-0.02738281601079516
3016,-0.007199339544345526
3017,0.0102840792910354
3018,0.04083119593807461
3019,0.00044017022003658263
3020,-0.03201038025524895
3021,0.03618599143564252
3022,-0.008331650852465775
3023,-0.00717660701357697
3024,0.025800015293848108
3025,-0.02067938365256624
3026,-0.062285953002191585
3027,-0.02615520605511976
3028,-0.02883312024489526
3029,0.01694614948194363
3030,0.03348597965615172
3031,-0.016867184995293775
3032,-0.010865355383946278
3033,0.0035704847991030195
3034,-0.036864120853562866
3035,-0.03351819903553628
3036,0.07378071801463251
3037,0.027475446824350977
3038,0.0210833757314377
3039,0.005127241376030742
3040,0.007998244781995088
3041,-0.02591161694302914
3042,-0.01118761840794505
3043,-0.04721053261538951
3044,-0.047126133304791054
3045,-0.0118717883851348
3046,-0.037019510201299684
3047,-0.017045861106708516
3048,-0.043632514384867316
3049,-0.01769002437027072
3050,-0.015689480263038964
3051,-0.051046900425780965
3052,0.04515256160490009
3053,-0.02384968405493829
3054,-0.07135822514624382
3055,0.034362506732000295
3056,0.02128504123336236
3057,0.02784178164730635
3058,0.0628654457449155
3059,0.06049504072646456
3060,-0.009627710677568825
3061,-0.005102251209199177
3062,0.013027091816465408
3063,-0.023135147110405103
3064,-0.0097173878823546
3065,0.019582215674354572
3066,-0.032105631186372226
3067,0.031232067587073857
3068,-0.026444162668802375
3069,0.004628487424431563
3070,0.031274586383623806
3071,0.014450602819053896
3072,-0.004157186587399709
3073,-0.043014951517507775
3074,0.005171473934373584
3075,0.044441961734538425
3076,-0.012482530457321565
3077,-0.010156046954593597
3078,-0.002465342269766211
3079,0.0234879576749523
3080,0.007826403420483841
3081,-0.01444802344031961
3082,0.018948858172230767
3083,-0.03655583098639428
3084,-0.010841275031836451
3085,0.002682423300079583
3086,0.018821463055766038
3087,0.02175468843675533
3088,0.00724342632179395
3089,-0.010804206381754404
3090,0.015756621581642358
3091,-0.037870361540031754
3092,-0.042715145663843185
3093,0.000555020533509059
3094,0.005938926847647536
3095,-0.0013132084910255323
3096,-0.0712402349643807
3097,-0.007563149321196383
3098,0.009236824817860768
3099,-0.07514872244494532
3100,-0.023283051092674208
3101,0.0590863952557713
3102,-0.003550316999897996
3103,-0.03355083653184767
3104,-0.005270127614912259
3105,-0.05604737318530887
3106,0.029208555506930498
3107,0.006643900720066407
3108,0.01415294551801928
3109,0.0052814752934012
3110,0.0069870005614765494
3111,0.0359726583470843
3112,-0.018188891423727257
3113,-0.06012627594212343
3114,0.02399980872660402
3115,-0.0059459885291024955
3116,0.002553003490767487
3117,-0.03686850466228295
3118,-0.0012075693755332227
3119,0.047548367604975876
3120,-0.03159415112583992
3121,0.006677319585045113
3122,0.01743459079251682
3123,0.020599880398205653
3124,-0.02411957366770964
3125,0.025785826014069407
3126,-0.0291562642042309
3127,0.025553641533474277
3128,0.004308649187273287
3129,-0.009997084546214717
3130,0.03156656881560992
3131,-0.01046166198355901
3132,-0.009434651019888649
3133,0.04503819178515678
3134,-0.03573467894130494
3135,-0.01276410376343339
3136,0.016623417600073135
3137,0.06951963599764106
3138,0.003441004259306578
3139,0.023343523292136903
3140,-0.0030212342583235824
3141,-0.007558250129881961
3142,-0.0454373586186118
3143,-0.00847450215790815
3144,0.070802337831162
3145,-0.023998936615425955
3146,-0.01890139600284739
3147,-0.009966551984139026
3148,0.019942292321732495
3149,-0.025000654786575465
3150,0.009337597495974207
3151,0.011907923492431631
3152,0.07266253950892239
3153,0.03016341228855178
3154,-0.011264742368677562
3155,-0.013232588475809973
3156,0.018969579703192265
3157,-0.03487995644622956
3158,-0.0013450253890872291
3159,-0.03716517216787251
3160,0.04423422152367028
3161,-0.012853331450177611
3162,-0.06941964625068325
3163,-0.03427170046530402
3164,0.015622804375562783
3165,-0.018043178097971815
3166,0.016206476755307456
3167,0.0018969645156910267
3168,0.0010568914516289156
3169,0.02971791179977989
3170,0.006195711737029194
3171,0.04222226119134328
3172,-0.027502601080763325
3173,0.01016173123562444
3174,0.02318786913273682
3175,0.06480191069372436
3176,0.003501054062403555
3177,-0.027602068753533788
3178,-0.04061188923421113
3179,0.03211846252136879
3180,-0.055101975388668116
3181,0.005720700238054855
3182,-0.0019316351950357372
3183,-0.008078980946935314
3184,0.027830660026076256
3185,-0.06793270413238015
3186,-0.02273613026088134
3187,0.03592705413337625
3188,0.048686136269939756
3189,0.024195329445599
3190,0.03182268715450306
3191,-0.012644362809037975
3192,-0.002798128904704994
3193,-0.03446139971582068
3194,0.01222783564730307
3195,-0.013672021045663065
3196,-0.00584048915661059
3197,0.03550300194147881
3198,-0.0029172579823191075
3199,-0.03005288988210838
3200,-0.08123727465807641
3201,-0.004142309442573157
3202,-0.007733412961814416
3203,0.017177360806995237
3204,0.04325477407758171
3205,-0.03297365392551233
3206,0.01637783284062229
3207,-0.033863406067076274
3208,-0.04695849377858057
3209,0.08150052048747847
3210,-0.0020223846556740766
3211,-0.00661220306504984
3212,0.005241264198385135
3213,-0.06029740139746842
3214,-0.041758568639820345
3215,-0.045769596182465774
3216,0.022225423482639645
3217,-0.028473232597331442
3218,0.024064297738708194
3219,0.029848079223666193
3220,0.008382692540191994
3221,-0.008611094335728188
3222,0.03386612827538078
3223,0.011179217387221874
3224,-0.019199611705451425
3225,-0.008803498115373546
3226,-0.03796571843663075
3227,0.005971375108228304
3228,-0.015493134152215109
3229,-0.006488362043653157
3230,0.005181276118034072
3231,0.04680648555110388
3232,0.045313173780557395
3233,0.0044451150439431125
3234,-0.0018778061180174444
3235,-0.04961287641714001
3236,-0.001976300205185676
3237,0.02148372507164859
3238,-0.02139361006424708
3239,-0.031196745397346848
3240,0.00804415362391808
3241,0.012669653450737822
3242,-0.019438330367608628
3243,0.04609499402016798
3244,-0.02605296510809557
3245,0.0058767368264346365
3246,0.02914729152007895
3247,-0.020530504628092264
3248,-0.04249437584383544
3249,0.012402738412460932
3250,-0.003749365899345992
3251,-0.028449575000617098
3252,-0.004929709285007122
3253,0.06586744645642394
3254,0.0439906785560607
3255,0.018952964229138346
3256,-0.030104550030734707
3257,-0.019098360086561558
3258,-0.029349674368097014
3259,-0.050034748104163314
3260,0.03696291250576948
3261,-0.009408220753553962
3262,0.01302659467519571
3263,0.008122666264040772
3264,-0.02519268165242802
3265,-0.020628209303927975
3266,0.012383368806254853
3267,-0.020288867963521032
3268,0.0335405923849932
3269,0.016585950917663923
3270,-0.023994175170945185
3271,-0.055919254891929074
3272,-0.03642085339165774
3273,-0.0008324121739872011
3274,0.031017165287842163
3275,-0.045762116133288754
3276,0.026616253728314755
3277,-0.014060456878388515
3278,0.03270655043790572
3279,0.004085962826961471
3280,0.03807387380239157
3281,0.03964447857552953
3282,-0.05539566386205388
3283,0.04285558556928346
3284,-0.025107344156155485
3285,-0.04000024479582757
3286,0.0065289886756119365
3287,0.025382251402446192
3288,0.037060143945398895
3289,0.02674465738914712
3290,-0.02682464780751324
3291,-0.0020337712772612333
3292,0.005841743488031071
3293,-0.021177913842482826
3294,-0.018693020663095434
3295,-0.020832152508822477
3296,-0.01459524788643051
3297,-0.012220739933906329
3298,0.009289360476051448
3299,0.01104821503141859
3300,-0.00563266729406538
3301,-0.03275861931743162
3302,0.0722558588411813
3303,0.04249254965765055
3304,0.0008575251146606556
3305,0.040535783106484216
3306,-0.005609402090488958
3307,0.008109372481042985
3308,-0.023592488410264907
3309,-0.028887889998850426
3310,-0.016946491009787304
3311,0.007127453849714929
3312,-0.03820208585158166
3313,0.014245830062890841
3314,-0.03708217003193826
3315,0.060623310927175746
3316,0.014652719314055276
3317,-0.00013765955327569343
3318,-0.002624161504950453
3319,0.0001232358580694374
3320,-0.0005360090133407778
3321,-0.027360139513859832
3322,0.010823301112064445
3323,-0.023719308587749104
3324,-0.012994205267739863
3325,0.019182663633374696
3326,0.04117066012849126
3327,0.0366335020333467
3328,-0.0110426178901254
3329,0.041578734732857996
3330,-0.03609949375819906
3331,0.020168530813986927
3332,-0.022833599037156427
3333,-0.0395807875054621
3334,0.03542618509548022
3335,0.008820121142263368
3336,0.010328297779407658
3337,0.06483374403300578
3338,0.018370132320197536
3339,0.0003258213081771829
3340,0.03995299867423333
3341,0.03804387623247966
3342,-0.04609940504177846
3343,-0.04133237871745968
3344,0.02424770364590414
3345,-0.05659701189165829
3346,0.0281968158320709
3347,0.012923406437619658
3348,0.03333347126215774
3349,-0.011839607771542273
3350,0.0583311062387463
3351,0.025491252177979904
3352,0.04163101516036819
3353,0.02280502644071504
3354,-0.03583532583247805
3355,0.05652201876857506
3356,-0.007910948876470123
3357,0.036532760129759145
3358,-0.0038602843836143346
3359,-0.021205358562160177
3360,0.04472525299982023
3361,-0.026907262655079596
3362,0.06015314543227485
3363,0.04145529577908659
3364,0.027565914499599466
3365,0.010680246547910967
3366,0.0013947000133847486
3367,0.011166388540797155
3368,0.027789690500035047
3369,-0.011356204692530488
3370,-0.06415031254870085
3371,-0.03988492855784564
3372,0.016885925299554103
3373,0.012731564867896445
3374,-0.017394737932165227
3375,0.009566993103211442
3376,-0.059511877746983674
3377,-0.03491985918265679
3378,0.007632888459500747
3379,-0.010892610247336577
3380,-0.0075642973913247185
3381,-0.01458618778458149
3382,0.006296522900072102
3383,-0.025549659565952582
3384,0.015412445828197611
3385,0.012516160426010375
3386,-0.04141074421874309
3387,-0.060650775404154804
3388,-0.002525057563962662
3389,-0.08341975708216195
3390,-0.005245198734362159
3391,-0.05632897731637694
3392,0.0032083394944329795
3393,-0.02005590302302325
3394,-0.006544519341820649
3395,0.05998161044903772
3396,0.011577830806529799
3397,0.01624709638729338
3398,0.017267881314472218
3399,-0.018291603286694012
3400,-0.025931455778257045
3401,0.06950633800742317
3402,-0.0031151235905175086
3403,0.04148371780249099
3404,-0.00178988567344829
3405,0.043231330031908356
3406,0.04308322679506878
3407,-0.014717326380888606
3408,0.014378173912571476
3409,0.02914708313266424
3410,-0.009407259669423464
3411,-0.006502203337043418
3412,0.02561345484251442
3413,0.021266521639809823
3414,-0.022889080149328472
3415,-0.020408387489807292
3416,0.045946480756445474
3417,0.010622686020146502
3418,-0.013706194573289561
3419,-0.028670731456029563
3420,-0.008865520119380249
3421,-0.032595838743627155
3422,-0.021277234905891396
3423,-0.06886121018193882
3424,-0.07386302414669313
3425,0.0006268464644544773
3426,-0.042712198649975934
3427,0.0740194064415305
3428,-0.00105559607263445
3429,0.014768812988910786
3430,-0.03954589761644107
3431,-0.012158720405281286
3432,-0.021437562368680562
3433,-0.016027997665534845
3434,-0.04297699278620702
3435,0.03604585061971866
3436,-0.02395944796879183
3437,0.002347879890830507
3438,-0.002305193740181397
3439,-0.03967760474823205
3440,-0.05597734940403095
3441,0.002146020833760107
3442,0.0432494405750933
3443,0.009485472239811403
3444,-0.004647512900964006
3445,-0.06557241480674951
3446,0.012460826094693333
3447,0.05702148031668035
3448,0.015676769214034134
3449,-0.009593078533181743
3450,-0.0209497683759428
3451,0.04614452856565379
3452,-0.09178344286288198
3453,-0.06648666036494182
3454,0.018914449819933146
3455,-0.02494474823337211
3456,0.019962185658214948
3457,-0.016173494387679326
3458,0.013271720879586123
3459,-0.030634263800259964
3460,-0.033275071764051464
3461,0.034096618735493266
3462,0.02799508852179846
3463,0.02560972250457351
3464,-0.008618541337674068
3465,0.03469899821909179
3466,-0.0029134734805797667
3467,0.05892855689821671
3468,-0.02330043191222961
3469,-0.029301671285480953
3470,0.029335460196118907
3471,0.02809322923615599
3472,0.016028551048944198
3473,-0.018532073414406526
3474,-0.016856852483275137
3475,-0.003981180094106617
3476,-0.0208773435425622
3477,0.05589518223944556
3478,0.03561772494594988
3479,0.04932347409615908
3480,-0.0058993724924985376
3481,0.06933677341507687
3482,0.009085672248995817
3483,0.004674165881962145
3484,-0.009227146933771357
3485,0.019791358617898814
3486,0.030953186487839505
3487,-0.0388112812873466
3488,0.014605527426795833
3489,-0.00819875597337196
3490,-0.008069256133624044
3491,-0.018393806675850752
3492,-0.028976552012925545
3493,0.0130745384395539
3494,0.008805003365823445
3495,0.043622352068204404
3496,-0.028702595556333116
3497,0.0007987100643016711
3498,-0.020513130033279158
3499,-0.021388286509568
3500,0.0008240914092558743
3501,0.02174799633602825
3502,-0.024493546521424298
3503,0.013933233952243558
3504,-0.010160179569409433
3505,0.011072468749438376
3506,0.02380650628118191
3507,-0.02508873601955714
3508,0.03101227134205115
3509,-0.04283238226203481
3510,0.03507236816815597
3511,-0.0007441161905659425
3512,-0.008753322070668186
3513,-0.004882096885957059
3514,-0.06157979900676239
3515,-0.01708978146741286
3516,-0.00846859342792269
3517,0.009290048797532369
3518,-0.018728713793662925
3519,-0.002899502819354774
3520,0.02372986741785329
3521,-0.053785646963892014
3522,-0.048103521441792856
3523,0.02760636111286614
3524,-0.019202556046970895
3525,0.08009839055206232
3526,-0.0002800505968485297
3527,-0.04569510570854112
3528,0.05228064695646954
3529,-0.06312160976935968
3530,0.024612437330132526
3531,-0.04154376148650134
3532,0.02250122131100879
3533,0.04449192449703125
3534,0.06298825805083617
3535,0.01451850233313401
3536,-0.007428687275170108
3537,-0.024496767965044117
3538,0.047247762733799666
3539,0.007046869229165871
3540,-0.010167267382656204
3541,-0.015943115566857978
3542,0.02055040206768002
3543,-0.07258011255507307
3544,0.016055304117268552
3545,-0.02585717326398492
3546,-0.023899310430760816
3547,-0.038574577052673205
3548,0.027549896995714772
3549,0.0315045217998205
3550,0.039865921622203385
3551,-0.023002068763978832
3552,0.01193199657711847
3553,0.007584618733144754
3554,-0.02855776120917322
3555,0.022620875167253467
3556,0.004451437236851393
3557,0.006174729472146618
3558,0.004301874250698384
3559,0.029024417245637448
3560,0.014006234345786092
3561,-0.0046815148718378
3562,-0.026227622401329198
3563,0.018937383521763704
3564,-0.01065070475049053
3565,-0.028900452910964148
3566,0.052011651347588055
3567,0.021065636782025988
3568,-0.05526636051763258
3569,0.011662082484857946
3570,0.020288273725991395
3571,0.04517139894584492
3572,0.0033698258857407207
3573,-0.01742295551490815
3574,0.00025624085087878055
3575,-0.008228930061183382
3576,-0.024826272336331712
3577,0.02808500653948162
3578,0.003448698358775875
3579,-0.012289026463662166
3580,-0.034323978131554266
3581,0.021700040315409216
3582,0.030020792447214766
3583,-0.0075949405604828725
3584,-0.03779731574040413
3585,0.025661198893176758
3586,-0.0193902832108694
3587,0.008838948836615713
3588,-0.05429147872399993
3589,-0.009612232069438549
3590,-0.03865673108636273
3591,0.021167215285425717
3592,-0.03817289952067822
3593,-0.008087440060535522
3594,-0.011406006673059903
3595,-0.027892967917662017
3596,-0.0055444176214646075
3597,0.02763219242440634
3598,-0.032989426449755624
3599,-4.776045885550523e-06
3600,-0.058976837666434266
3601,-0.03279800840829035
3602,-0.036171835713263906
3603,0.0275226801947616
3604,-0.0022940685707175724
3605,-0.06819733072767446
3606,-0.004307473094248756
3607,-0.01776722353383175
3608,-0.011676577089098068
3609,-0.005455847667062903
3610,-0.03571345326835726
3611,-0.003913261993934992
3612,0.01776707693555792
3613,0.021535706626811604
3614,-0.03482484767773635
3615,-0.03943240428743672
3616,0.016633008569983218
3617,0.0021640965460838837
3618,0.0170078131084994
3619,-0.04464151647801315
3620,0.02538626757766662
3621,-0.12707155886513602
3622,0.0009618612472962441
3623,-0.001269603556415715
3624,-0.039160956370356166
3625,-0.06245211481387573
3626,0.006848698608667958
3627,-0.03649584336926454
3628,-0.03979130101885586
3629,-0.057595311606086566
3630,0.06098743255042756
3631,0.03697594230766824
3632,-0.018013974561558396
3633,-0.023697704574591364
3634,-0.03173388495666496
3635,0.028141603249289413
3636,-0.04179644191626555
3637,0.009225859058401602
3638,-0.012306600686504441
3639,-0.04119227690215213
3640,0.02407128712325681
3641,0.05092206315098458
3642,0.07305268659441395
3643,-0.03215204917129651
3644,0.0077067269829112035
3645,-0.001276164032176628
3646,-0.038286954064015485
3647,0.003786861271341393
3648,-0.026853697722385283
3649,-0.008133031709077226
3650,0.026110502513478184
3651,0.028151686851099346
3652,0.050703242968846825
3653,-0.035111827591588915
3654,0.01052543135650251
3655,0.014144679021079298
3656,-0.009602982698849858
3657,-0.01233084278121652
3658,-0.0038808457652172073
3659,-0.013570723279594537
3660,-0.010215979417910989
3661,-0.0013955851698267325
3662,-0.06960856147077818
3663,-0.05015564641956876
3664,-0.04505018805647159
3665,-0.01011886845706177
3666,0.010481283928700647
3667,0.021497937703635894
3668,-0.0018142162048571564
3669,-0.015121297159994464
3670,-0.02396533745739252
3671,-0.0050905201282889535
3672,0.014911177995739653
3673,-0.0027761531998683597
3674,0.028035518920675042
3675,0.01183531920796117
3676,0.020782041506457082
3677,-0.005644955014592309
3678,0.02447946038770978
3679,-0.009724339918230508
3680,0.015027155514052737
3681,-0.027623505491468515
3682,-0.002218146932094906
3683,0.0009987834964667397
3684,0.023808033507376574
3685,0.04891167399911284
3686,-0.0016966843372244597
3687,-0.00804567710530208
3688,-0.00034263450405092825
3689,0.06575534934520921
3690,-0.009067472390188236
3691,-0.02058676789817469
3692,0.011496082894836626
3693,-0.03169456652205014
3694,0.020363722435623084
3695,-0.030146049441735906
3696,-0.007030036036359987
3697,-0.043306563087084145
3698,0.03248723453482516
3699,0.0612024598253568
3700,0.03180023122795958
3701,-0.03759001182690805
3702,0.041543161807339746
3703,0.01374823206721218
3704,-0.023289977125593633
3705,-0.006796491246809648
3706,-0.06827323653477906
3707,0.021314252058076664
3708,-0.04783740152891836
3709,-0.017340292968976382
3710,-0.031961376320775135
3711,0.004472181703870279
3712,-0.030158022312806357
3713,-0.0053044982349237215
3714,-0.017852844966281145
3715,0.020948843556368887
3716,0.05399827040972126
3717,-0.004385588692582293
3718,0.01669542782768379
3719,-0.04877901417507227
3720,0.05931460621083576
3721,-0.008786543391285607
3722,-0.03641883612727986
3723,0.03375379903961806
3724,-0.0009270629403548367
3725,-0.033822404683012584
3726,0.010979767109255613
3727,-0.022963484995011045
3728,-0.009007810644023164
3729,-0.004857575299603889
3730,0.0243390051261636
3731,0.047958160206352525
3732,-0.05663422983228386
3733,0.05280974890523273
3734,-0.005747148417068021
3735,0.0167638490125139
3736,0.027240917551893784
3737,0.022803672209962638
3738,-0.02579248917006065
3739,-0.06324197888241978
3740,0.022605647825231927
3741,0.024697542732864508
3742,0.007446375713185667
3743,-0.035525603927007744
3744,-0.006923368575323909
3745,-0.026135280204935378
3746,0.018396240352981114
3747,0.03906980334973274
3748,0.03493851739438775
3749,0.047472774768199826
3750,0.007659452244054537
3751,0.04136286026179812
3752,0.009252823949267568
3753,0.0073387542284519686
3754,-0.002468992056874838
3755,-0.022940041769475183
3756,0.05656410209867799
3757,0.056896443592552984
3758,0.023512576261931883
3759,0.06708001843863502
3760,0.014959243121592003
3761,-0.03323563476769308
3762,-0.009094646809946313
3763,-0.004244034113612859
3764,-0.026984269192096885
3765,0.005200048726897339
3766,-0.040450328739538854
3767,0.009954036774607834
3768,-0.03140261074546134
3769,0.022039907975501268
3770,0.010777215373095362
3771,-0.01696476955302626
3772,-0.027674131985824562
3773,-0.007626573871972364
3774,0.017553717654394722
3775,-0.04144619753630417
3776,0.020423009298208276
3777,0.030333192822729102
3778,0.0465181417815633
3779,0.008094077617141303
3780,-0.003303317223090658
3781,-0.008668280559731272
3782,-0.012848997521595129
3783,0.027620268518744426
3784,0.017772696139235787
3785,-0.003282687499154506
3786,-0.003861186282522514
3787,-0.011398351459606515
3788,-0.022893030449790998
3789,0.007993594077382324
3790,-0.048321322794570666
3791,0.004008024777144106
3792,-0.013130868551934068
3793,-0.020323376203380587
3794,0.02089269459624864
3795,0.06705641186825903
3796,0.02185591341888249
3797,-0.03727128610228755
3798,-0.013389563284401036
3799,-0.007666973711509877
3800,-0.035966099301505246
3801,-0.011466520689580454
3802,-0.03386303040246219
3803,0.033326380940736644
3804,-0.02641857409222117
3805,-0.005172977260547581
3806,-0.018876480341737906
3807,0.03361080967194628
3808,-0.06405626672013538
3809,-0.04151295467098159
3810,-0.015988795693437977
3811,-0.00945641007851322
3812,-0.012845127648082445
3813,-0.039502431198570546
3814,-0.0063480733145305016
3815,-0.006493753361812953
3816,0.023265084038221986
3817,0.01668780731625857
3818,-0.0526164770316324
3819,0.0073299096117692515
3820,0.01769377568774751
3821,-0.0076071236415873236
3822,0.033626332988815906
3823,-0.06532968700038991
3824,-0.04152556238001071
3825,0.0401687496452608
3826,-0.039055027844460716
3827,0.011733290122759739
3828,0.023432796246407334
3829,0.004731736205179906
3830,-0.07331533043269195
3831,0.007230457410952593
3832,-0.044135397434025975
3833,0.02026670425224087
3834,-0.020133164113702952
3835,-0.021963145625193633
3836,0.03779829232892099
3837,-0.010685505341432575
3838,-0.05509492599173093
3839,0.051783972275976704
3840,0.0210859144215328
3841,0.014782789179501139
3842,-0.017208291647522043
3843,0.011941090182345985
3844,-0.010162551227450644
3845,0.07896552053121635
3846,0.005308364772897438
3847,0.006622096567640746
3848,0.03964190919024101
3849,-0.02599554743118552
3850,0.02722893797369429
3851,0.03177874525699034
3852,0.0051503064341299355
3853,-0.01922061117744365
3854,0.006498027292908727
3855,-0.021235864563210503
3856,-0.0002496148374872191
3857,-0.01621583870639646
3858,0.02097760173162355
3859,-0.020043538143527977
3860,0.0009486128778979238
3861,0.02862641051576253
3862,-0.008800728869126912
3863,0.008719254093079531
3864,-0.0099172973490003
3865,0.015643363793587932
3866,0.01157351506562962
3867,0.05631540847613604
3868,-0.009726373596329729
3869,0.009364440231490077
3870,-0.000284075926897048
3871,0.023974302725394588
3872,-0.022177542109375305
3873,-0.039124918237738796
3874,-0.005785729117823895
3875,-0.011156086447594447
3876,0.001749595696019371
3877,-0.006571034722633365
3878,0.004650100195972704
3879,0.04062354533667322
3880,-0.00974285473180207
3881,0.019020950975188106
3882,-0.01888258681302263
3883,-0.02384178118161045
3884,0.013168090532212856
3885,0.027555141548171562
3886,0.010000765142098479
3887,0.06166836884730619
3888,-0.019652772219016325
3889,-0.004153656201452187
3890,-0.024931488428736166
3891,-0.018237662241980136
3892,-0.03781321372704604
3893,0.06771861155272012
3894,-0.027922661845238644
3895,0.07480392296455025
3896,0.026642643186428127
3897,-0.025857041596752815
3898,0.0345220526637774
3899,0.029896989639393835
3900,-0.01018389376776984
3901,-0.05113951490425082
3902,0.02105047307050272
3903,0.010096890439067658
3904,-0.03295415163924412
3905,0.05739404102987337
3906,0.02895910579583377
3907,0.0020521833988818463
3908,-0.007460868623789093
3909,-0.002628554200238457
3910,0.006271041802180467
3911,0.05403741917022263
3912,0.0379906554971122
3913,0.0001846709011344784
3914,-0.007672985653145599
3915,0.020836914894045457
3916,0.006683080462296412
3917,0.030599182059894394
3918,-0.02635534717764957
3919,-0.015361602555298275
3920,0.0718079111614077
3921,0.0027303544117140183
3922,0.020245663299362216
3923,0.00590662398016317
3924,0.010741746037458977
3925,-0.004046414357914302
3926,0.06344494329631671
3927,-0.030835314473252197
3928,-0.0010979816927447251
3929,-0.02753409280543153
3930,0.06183113524606045
3931,0.010321956164401331
3932,0.05393279094859669
3933,0.00037890880766613787
3934,0.016396159052916973
3935,-0.03642111019186198
3936,-0.04292839070650305
3937,0.012599466947335047
3938,0.021151857072455163
3939,0.07090320453134619
3940,0.008537646236486496
3941,0.017926948180843554
3942,0.02384798641380523
3943,-0.024072303960096342
3944,0.044072282494341336
3945,-0.006189874015225649
3946,-0.017376967525334183
3947,0.04276789438852681
3948,-0.0075935388344236365
3949,-0.01314124173712657
3950,-0.003868608097283799
3951,0.008125320974092897
3952,0.022732076038832028
3953,0.046045332694712796
3954,-0.006618166903785146
3955,0.022496489045595983
3956,0.028558728249030156
3957,-0.0020749989252132634
3958,-0.04167061559585509
3959,0.004973486782259286
3960,-0.06116795010304722
3961,-0.029021667580634004
3962,-0.025355743649267022
3963,-0.005739550080714774
3964,0.032465434959282974
3965,0.0646995406291465
3966,0.017849559707684478
3967,0.005472435080851068
3968,-0.05247315578393211
3969,-0.029097448413851083
3970,-0.015771268771187348
3971,-0.009324239054966805
3972,-0.00806241637404163
3973,-0.006536964221973161
3974,0.025669126834496514
3975,0.02168033886997291
3976,0.006377434798734973
3977,0.06274355923054845
3978,0.021979142586616818
3979,0.0011159045025591837
3980,0.007716766075446335
3981,-0.05004597066859275
3982,0.05257752937438473
3983,0.00013732421545413893
3984,0.003788124702108303
3985,0.016148039957081046
3986,0.015405511368560406
3987,-0.04836984904399293
3988,-0.025165574267801253
3989,0.005438319059308247
3990,0.01757797582261465
3991,-0.01861530900472584
3992,-0.027057429573141157
3993,0.0360506611490642
3994,-0.014581605243520082
3995,-0.02356069006563309
3996,-0.01789317042587917
3997,0.002141846452423504
3998,0.07051113074889123
3999,-0.04693428542786075
4000,0.05436007876367035
4001,-0.021242498647946473
4002,-0.019404735066056503
4003,-0.0650325679372711
4004,-0.0019149853600838476
4005,0.03263132798001045
4006,0.02073835615383506
4007,-0.0005646493719332672
4008,0.05599037641644168
4009,-0.0036186136514539825
4010,0.0066173422832232496
4011,0.031755099547269516
4012,-0.016041703996637152
4013,0.01392507590278656
4014,-0.018698961449988453
4015,-0.03328089261016586
4016,0.02794163049083792
4017,0.02149551435940327
4018,0.027151266610285225
4019,-0.039252512157584185
4020,-0.0003017837404722214
4021,0.004238565786326708
4022,-0.029186088626784783
4023,-0.012635710440451118
4024,-0.009249869066794819
4025,-0.020129155967014114
4026,0.00114760106363281
4027,0.025428839277056407
4028,0.06279956129311641
4029,0.007981288108693715
4030,-0.06300880592705366
4031,0.004312860674736888
4032,0.012627704192670798
4033,-0.0062084828580101755
4034,-0.016303028963514463
4035,0.05514043225670193
4036,0.0010014799429200788
4037,0.009526431597182132
4038,0.004145352824116839
4039,-0.0026142991195684147
4040,-0.04220061485329843
4041,0.030079254076484582
4042,0.0004277053770164299
4043,-0.021277262069974188
4044,-0.014927960587422144
4045,-0.020072316555764934
4046,-0.030467974645388116
4047,0.03733592096077396
4048,0.04176903117909959
4049,-0.028200707757093647
4050,0.0015374373018794524
4051,0.0511163999948685
4052,-0.01215781246288196
4053,-0.003039987605199288
4054,-0.02202621900615475
4055,-0.021742113766050526
4056,-0.019469472428895077
4057,0.04666793115158504
4058,-0.010072610153891857
4059,0.02861237583255201
4060,0.02271699141847366
4061,-0.018277004989611084
4062,0.05058034720487385
4063,-0.008298888392522026
4064,0.016064566320963147
4065,0.019938040323038878
4066,-0.03809659381284924
4067,-0.0020669217579919567
4068,-0.00833042746840594
4069,-0.02528336815448064
4070,0.029353228466222545
4071,0.026658031097925267
4072,-0.037958428766772384
4073,-0.016648758029893063
4074,0.016012750320251727
4075,-0.05144157483172599
4076,0.04493011290933345
4077,-0.03744758089587031
4078,0.009159020268465275
4079,-0.016904298398757445
4080,0.02199560291128303
4081,0.014318444495856739
4082,-0.006623451247841744
4083,-0.007735999752333592
4084,-0.019517027552400774
4085,-0.06483969678632179
4086,-0.0009283345976325529
4087,0.0030564663835522614
4088,0.040677162527338454
4089,0.03643785700727296
4090,-0.02488565620475622
4091,0.013126857188862162
4092,-0.021456487215968066
4093,-0.0025306680548808323
4094,0.004841528893762625
4095,-0.05048833679807756
4096,0.0030800169293817357
4097,0.015755914985599268
4098,-0.03016633204711326
4099,0.020996212363355422
4100,0.010108202135832895
4101,0.0005274913308612571
4102,0.04911348852425314
4103,-0.03916421095360834
4104,-0.008163287127111115
4105,-0.02542191544917747
4106,-0.02098475283387904
4107,-0.006865853541583212
4108,-0.04086574771468827
4109,-0.007013952408359298
4110,0.08299498083568235
4111,-0.011660489282970615
4112,-0.0015772207543642506
4113,0.0452037400711742
4114,-0.023509608713852055
4115,0.06355676696543859
4116,-0.019305076469069846
4117,0.01748705545310881
4118,0.04953484309660743
4119,0.013536574165853835
4120,-0.02838516927991878
4121,0.026122409619329878
4122,0.006955064170673539
4123,-0.016464891176896576
4124,0.02974324120889403
4125,0.03819187977914173
4126,0.02287566785413593
4127,-0.03451894437363894
4128,-0.02195712042403601
4129,0.07648390383117874
4130,0.04573611513562188
4131,-0.012040753011822744
4132,0.0009351992686395774
4133,-0.043952409424668666
4134,-0.03239405251925682
4135,0.0014652079490114576
4136,-0.004392569227878105
4137,-0.02372470085084684
4138,0.006239456871069228
4139,-0.0018760003664588943
4140,-0.007011131267283009
4141,-0.032710298197101154
4142,-0.026438403846988322
4143,-0.024679762657466638
4144,0.05483154026764537
4145,0.022054786620832628
4146,-0.014384921449919593
4147,-0.032949767250351286
4148,-0.008843804058021251
4149,0.00426109382355449
4150,0.0014470303731294546
4151,-0.012211974004376621
4152,-0.05449927379275798
4153,-0.018620348823409995
4154,-0.029147649807152662
4155,0.03606274875918188
4156,0.028115789262502307
4157,-0.013507063904964476
4158,-0.03572761437401192
4159,0.04309655473812419
4160,-0.013095143517853342
4161,-0.015169878410355065
4162,0.0008545956209052815
4163,-0.09095507977094702
4164,0.023086761216533802
4165,0.02089697366090473
4166,0.010930319233826903
4167,-0.008396356269420719
4168,-0.0021299578308275717
4169,-0.040539095059597914
4170,-0.012026622918472734
4171,-0.014959196772203706
4172,0.004238119947466806
4173,-0.014055750766834412
4174,-0.0161338621555175
4175,-0.022357779932365023
4176,0.03784433237455507
4177,0.04162406532938497
4178,0.023031104745445872
4179,-0.011256640961291252
4180,-0.03811349859603808
4181,-0.017381989805229797
4182,0.011001743221026929
4183,-0.0049503706514533365
4184,-0.02003505301912212
4185,-0.01457262890558412
4186,-0.032096181929045946
4187,0.05030806890076397
4188,-0.014920962270905282
4189,0.011180656965264055
4190,-0.0020643448448859065
4191,0.036215948052132116
4192,0.005537761851112528
4193,-0.0523505178198371
4194,-0.01480530124944798
4195,0.03585156193626988
4196,-0.010226470656074566
4197,0.003068595278536567
4198,-0.003930057944847913
4199,0.026491262912106593
4200,-0.0025771292730764252
4201,0.0077919577423239345
4202,0.009152855469460437
4203,0.007184266341826212
4204,0.001234371813232287
4205,-0.011110309828730227
4206,-0.01791309619654732
4207,0.019135215505150023
4208,0.03639340315567279
4209,-0.031056290392467843
4210,-0.04027844513156385
4211,0.007832879732519246
4212,-0.04275283761082009
4213,0.028171137581972053
4214,-0.015276175498325401
4215,-0.020209175047438088
4216,-0.006131511938777804
4217,-0.052449552751445666
4218,0.010898633733214199
4219,0.0582704349704222
4220,0.03311116671318051
4221,0.01287433659030232
4222,-0.002993404814011907
4223,-0.020382851866982177
4224,-0.004146266309160615
4225,0.027802358552967237
4226,0.06108897670353025
4227,0.06061421897484649
4228,0.028035924568483774
4229,0.03071745716345535
4230,0.055744864828435235
4231,-0.021653696210083444
4232,-0.03552290337817047
4233,-0.008059200748025349
4234,-0.007046308903468036
4235,0.011223502658690947
4236,0.018719351994327192
4237,0.009310554879569664
4238,-0.052666024915346395
4239,0.02786359280548605
4240,-0.022072623370460363
4241,0.03636689217121544
4242,0.00891157032345711
4243,-0.020807223460094865
4244,0.0005400530340088724
4245,0.011010677701600845
4246,-0.014173556468610264
4247,-0.005557095914362819
4248,-0.05908347515621938
4249,-0.011584884694820658
4250,0.03251233773184217
4251,-0.027001959350418218
4252,-0.014953759483135076
4253,0.03275266492221856
4254,-0.016447694280205465
4255,-0.01477000261485708
4256,0.040873878969726794
4257,0.05526245248544966
4258,0.013327686083317622
4259,-0.007392756280428988
4260,-0.014503149528899324
4261,0.02901954885610095
4262,-0.023710866735231918
4263,-0.03164778762080588
4264,0.0003946895332786603
4265,-0.009853705723626333
4266,-0.0006293991788587018
4267,0.07139047352325578
4268,0.002268571649638355
4269,-0.007810307835547937
4270,-0.015128586448714492
4271,0.017495526920489293
4272,-0.03195183356923708
4273,0.006830694025064398
4274,-0.04068986757288528
4275,-0.008072166141408602
4276,0.01841710010082693
4277,0.006613035565324626
4278,0.028683263888279194
4279,-0.00331159418095853
4280,-0.002616549147270905
4281,-0.006317092617825067
4282,0.06312763117105849
4283,0.015118902355494668
4284,0.0379663277276443
4285,-0.03341380029050457
4286,-0.007991744470104067
4287,0.009263363978538072
4288,-0.05036199554930337
4289,0.0083028263316243
4290,0.038511720573688214
4291,0.018570123451283903
4292,0.04326814346002701
4293,0.061982823870847685
4294,-0.05579102923144853
4295,-0.010225429377131329
4296,-0.00039596049632837705
4297,-0.035933963580618906
4298,-0.06102792328066519
4299,0.04494187602242795
4300,0.0033681052959874244
4301,0.01915241246578039
4302,0.03383115182736072
4303,0.013264933108138184
4304,-0.03942166364715007
4305,-0.056432020295235086
4306,0.002894969207907262
4307,-0.017933103189718778
4308,-0.011174503388203964
4309,0.024746117369126398
4310,0.013384471205723867
4311,0.03299056525572743
4312,-0.050446351632681595
4313,0.0008101303167148835
4314,0.004113188441788521
4315,-0.0459303464549591
4316,0.02671958469584741
4317,0.027715596321666685
4318,0.018635365220462115
4319,-0.01776056735750111
4320,0.06780676987703217
4321,-0.007577378766581727
4322,0.0056354149569989975
4323,0.06328493472417458
4324,-0.02049077497818957
4325,0.02963407070225293
4326,0.005429844456562613
4327,-0.021102292929294966
4328,0.020838122033501515
4329,0.04878848746510101
4330,0.01690451372932818
4331,0.011724939048486878
4332,0.01803535009918257
4333,0.04268315420610478
4334,0.011454062765170145
4335,-0.020860026153968012
4336,-0.0005511138610333191
4337,-0.06982981227941844
4338,0.018398527580860673
4339,-0.026272456488261566
4340,-0.010136390440945251
4341,0.031658248059022454
4342,-0.048988663335057664
4343,-0.003548714654925777
4344,-0.03125854937490339
4345,-0.0011361471707974674
4346,0.017195470607613134
4347,0.02990824248268992
4348,0.010636055471653914
4349,0.016771891555339178
4350,0.012374828816452006
4351,-0.027448792233639274
4352,-0.01834154100231327
4353,0.02740631529696645
4354,0.03222249297516088
4355,-0.035067846584505444
4356,0.02265925522344545
4357,-0.038765626097601834
4358,-0.022872244023350592
4359,0.02620362995471942
4360,0.05520661609622075
4361,-0.02288767339832869
4362,-0.01957191910622308
4363,0.04624405564660147
4364,-0.010362577928390694
4365,-0.015409714816836003
4366,-0.03303794613503397
4367,-0.0003634420358001629
4368,0.019367946974438763
4369,0.0024561162255847765
4370,-0.08648968601331734
4371,-0.0010528319919860289
4372,-0.012959631908304889
4373,0.0197024592025271
4374,0.01636376393699415
4375,-0.0027968963273459937
4376,0.038178091368639186
4377,-0.00430975420112774
4378,-0.032383969451660714
4379,0.06182185180724941
4380,-0.008473782537869127
4381,-0.019519681240652717
4382,0.037985983291303656
4383,-0.034586410985617294
4384,-0.01945699326284334
4385,-0.006318644737149546
4386,-0.0011855531057310001
4387,-0.039863012830671556
4388,-0.030955439007949694
4389,0.01277922513566672
4390,-0.003904256898335094
4391,0.003106157821972016
4392,-0.041219888189324164
4393,0.025414220076513994
4394,-0.042465792848646634
4395,-0.020536542429531672
4396,-0.007385780932662742
4397,0.041133293023459784
4398,0.06220996126156532
4399,-0.03678573397416182
4400,-0.0271163314307743
4401,-0.0423581836995329
4402,-0.0018445392822235298
4403,0.05584392589556797
4404,-0.025463127707857424
4405,0.028693357955058823
4406,-0.03859519149728722
4407,0.027590859902759824
4408,-0.014333056439796335
4409,-0.033897873615761985
4410,-0.020940092402996716
4411,0.016653210889122947
4412,0.06714878411026612
4413,0.04858475215638447
4414,0.03361146511547403
4415,0.021285437034441697
4416,-0.027686039451657422
4417,-0.06714485903947309
4418,0.08524609292201739
4419,0.02803498084881038
4420,0.02308209535725979
4421,-0.043013887004681284
4422,0.03782713526406627
4423,-0.028156057270607462
4424,-0.03175914955210665
4425,0.037094811956582645
4426,-0.026115868395468245
4427,0.009124108698728364
4428,0.07215855246229783
4429,0.026355460649251775
4430,-0.045961461235706956
4431,0.009548612501448448
4432,0.0339154671344206
4433,0.006670421728155614
4434,-0.07412592285159282
4435,0.013463012239264579
4436,0.011862496788748202
4437,-0.06532648073273152
4438,-0.0031126230871494323
4439,0.013799855789245703
4440,-0.03412382961787837
4441,-0.021509586192968954
4442,0.003794655869497311
4443,-0.08314539821912444
4444,0.016306426485829837
4445,0.00984871426157949
4446,-0.010564703516679087
4447,-0.012878205679853582
4448,0.03722974540610865
4449,-0.023644227138778545
4450,-0.05332578605697479
4451,-0.01841956175496682
4452,-0.011884550609046883
4453,0.027385112232216513
4454,-0.041957501874768176
4455,0.018039218322472798
4456,0.0086389605053174
4457,0.005507052044403534
4458,-0.04467912645236767
4459,0.01978898535578875
4460,-0.04289553838327838
4461,0.017524531382482462
4462,0.016636577476850697
4463,0.03237415052616387
4464,0.02943288762282024
4465,0.033289700926236364
4466,-0.019348353798147633
4467,0.06178374110323118
4468,0.029889862131207718
4469,-0.022119272022600053
4470,-0.05108865819256259
4471,0.014512293647352494
4472,-0.05485555824161733
4473,-0.027342391625470874
4474,0.05819374536263486
4475,-0.036473448773377645
4476,0.00120499714903321
4477,0.016815149395135447
4478,-0.016734927569514724
4479,-0.00821190204283946
4480,-0.06522393873996261
4481,-0.004621280082315046
4482,0.045699703346293745
4483,0.007329444488918772
4484,0.0177763197296205
4485,-0.018405924211760672
4486,-0.005339180134936526
4487,0.007877266696791651
4488,0.009007804392240198
4489,0.04429382315614138
4490,-0.04292886952549073
4491,0.08866909611863784
4492,0.024326149055178433
4493,0.008431207934594526
4494,0.016900479089497454
4495,-0.0038871232325137263
4496,0.008519156785750137
4497,0.015147432716140427
4498,0.022052809035599842
4499,0.03543432143972495
4500,-0.07754570628213951
4501,0.048759687084239826
4502,-0.013742975996496007
4503,-0.00997147518900104
4504,0.03567711110978702
4505,0.03393003692531241
4506,0.04926650493673738
4507,-0.050715088612084964
4508,0.03648585303113742
4509,-0.04027381008965831
4510,0.028262860486456653
4511,0.02657100427539807
4512,0.02209711304447101
4513,-0.005107743723741565
4514,-0.005397010161361546
4515,0.052925627181678744
4516,-0.04591797311457635
4517,0.028514201749309975
4518,-0.010952415038407434
4519,0.03548412062793607
4520,-0.013068966643366311
4521,-0.027011327711608635
4522,0.02205976478560969
4523,0.03270887098576825
4524,0.0043670509832980705
4525,0.012953403368204176
4526,-0.0036091212896516792
4527,-0.0539101178011569
4528,0.03846952489497831
4529,0.0018712082121401447
4530,0.0025631789666589093
4531,0.06607732123541918
4532,0.012868706622173817
4533,0.00876721945851921
4534,-0.03597733394134387
4535,0.014799334738621004
4536,0.004701569212408729
4537,-0.0019604830645048666
4538,-0.0434852752366909
4539,0.006705368565329897
4540,0.008650986428642817
4541,-0.002184314196852321
4542,0.029438603988069852
4543,-0.03285509468785606
4544,0.015621094137237066
4545,0.0323350059861557
4546,0.018579791402357812
4547,0.003104467417343702
4548,0.025015433080277247
4549,-0.0031193942222792256
4550,-0.047190766291318256
4551,-0.004508664538615454
4552,0.001680909769326478
4553,0.040135468275544574
4554,0.05030357794499462
4555,-0.025492348160134803
4556,-0.04477086617069497
4557,-0.0167320257233855
4558,-0.013995222061485003
4559,0.029569846198308256
4560,-0.022591118197372737
4561,0.006502784990221028
4562,0.0003864373360601613
4563,0.01282013134079003
4564,-0.007689353869623685
4565,-0.029697986728182912
4566,0.01321909127893834
4567,0.008152271510424934
4568,0.010539926851968763
4569,0.02990390516680142
4570,0.007981990583109111
4571,0.015123901332788764
4572,-0.027636017662720978
4573,0.02880301122479105
4574,-0.0325874720043773
4575,0.033674815171375806
4576,0.028360401688200917
4577,-0.02987991350883577
4578,0.02314113505838292
4579,-0.0007747943110816064
4580,-0.013359410542497063
4581,-0.0063979054381617315
4582,-0.013698761623953754
4583,0.03855530030944718
4584,-0.001911000548002656
4585,-0.00239827705838036
4586,0.010834361979683106
4587,0.013463772438704915
4588,-0.04220281093950767
4589,-0.022095535961622323
4590,-0.04818229001476632
4591,0.041656521013196335
4592,0.0169789557827912
4593,0.0036631055828816312
4594,-0.012177517290893686
4595,-0.008406439949960709
4596,0.05195038099673401
4597,0.047392418950909884
4598,-0.052989965939191766
4599,-0.06485073235216014
4600,0.003540710576129199
4601,0.050688571445847604
4602,0.015722726830566428
4603,-0.03386273100434271
4604,0.017258101811817708
4605,0.06348085615855033
4606,-0.02052167980964051
4607,0.021427507758791743
4608,0.007096765604522064
4609,-0.0072178536989669405
4610,-0.035139224865077125
4611,0.02798663908560903
4612,-0.014131266817139821
4613,-0.023903898978389022
4614,0.042588128776458664
4615,-0.009004119889632714
4616,-0.013838778722900517
4617,0.060460755266785876
4618,0.012677599496243102
4619,-0.044551583227181106
4620,-0.02042648429954101
4621,0.02403740770877867
4622,-0.034920761432280095
4623,-0.01773640797617662
4624,0.02708161388493481
4625,-0.044682885601023334
4626,0.0018528158354269401
4627,0.006856409347006507
4628,0.03797091662343658
4629,-0.013903056004687019
4630,0.005000059156193227
4631,0.05389841484210478
4632,0.009678718507126495
4633,-0.033477778881070674
4634,-0.03546189790070235
4635,0.06370639497138686
4636,0.020191219936769478
4637,-0.003733790584508331
4638,0.02596693748742069
4639,0.03478134281724062
4640,0.03356941725728725
4641,-0.0011638781786602434
4642,-0.05499810290488676
4643,-0.006306537171261716
4644,-0.01840241348981723
4645,-0.0018596271458143866
4646,-0.0025419054557479508
4647,-0.02861751418745815
4648,0.05825459797097539
4649,-0.026933765965417075
4650,0.02490351697115098
4651,0.031259348790244175
4652,-0.03610072310939936
4653,-0.010152756259664785
4654,-0.001037740132345008
4655,-0.025965556156858638
4656,0.00448915877357273
4657,-0.021848769050279337
4658,-0.006386166554677658
4659,0.018596481028871268
4660,-0.07738833663480267
4661,0.013708949856188896
4662,0.01340419355511428
4663,-0.009001025874534514
4664,-0.017744063631554573
4665,-0.024485880269214815
4666,-0.0188559407518363
4667,0.021055486949796157
4668,0.006068856326486987
4669,-0.03551377695689486
4670,0.06694656158062623
4671,-0.008123169488196323
4672,-0.0358117144918893
4673,0.023634156913622924
4674,-0.015109552396655868
4675,0.010024663914553183
4676,0.009951366517607163
4677,0.022525983920089993
4678,0.01104055353917095
4679,-0.01625790988731512
4680,0.009948564423769879
4681,0.011256566049495528
4682,-0.007725356004556031
4683,-0.008639932288227107
4684,-0.009678844033494132
4685,-0.009797635978952734
4686,-0.020213496446872658
4687,-0.029458025772339125
4688,0.002599143577012009
4689,-0.014652889835893707
4690,0.0052133811504599704
4691,0.01036962717783964
4692,-0.007763581564694893
4693,-0.008544144447307766
4694,-0.0008244522598858699
4695,-0.019992982701334882
4696,-0.06240050288360933
4697,-0.008834880062673913
4698,-0.0374746264412239
4699,0.008699147725508555
4700,-0.02147853193397851
4701,0.012440043387023638
4702,-0.005850572825427052
4703,-0.0031550086112072614
4704,-0.017804347654049486
4705,0.0057178503122529535
4706,-0.02129109067198872
4707,0.002491614356503415
4708,-0.005005199682215538
4709,0.006153967832075186
4710,-0.05779800881901555
4711,0.04405379155298037
4712,-0.02795594403236622
4713,-0.06775034260451362
4714,0.021024323832297662
4715,0.03279911567378753
4716,0.018426509180991587
4717,0.021485400551322992
4718,-0.03487822611236752
4719,0.024237467554477202
4720,0.02002927241198999
4721,-0.012629893755285199
4722,0.01747676959511821
4723,-0.013989148512319968
4724,-0.033229200248411785
4725,-0.004726238744405788
4726,0.05070506849767418
4727,0.004892685176238207
4728,0.022138281778646827
4729,0.0028202076694015
4730,-0.0288635500033997
4731,0.011303866846600993
4732,-0.016323819835263858
4733,0.006477693845305047
4734,-0.003371432264844535
4735,0.026061479650003324
4736,-0.023530156229445168
4737,-0.008910318518523632
4738,-0.0007044725813414757
4739,-0.03262932351173421
4740,0.04271317149718915
4741,0.010189610188813389
4742,0.005524187349667783
4743,-0.011570397875883869
4744,0.001556677690912767
4745,0.006365964783963706
4746,-0.01111247591095367
4747,0.010113571593003752
4748,0.0008373685477369889
4749,-0.007214595343640521
4750,0.030696335458513947
4751,0.0095849785733699
4752,0.006891439464295943
4753,0.01318535549980631
4754,0.045011032145727554
4755,-0.038196372030975326
4756,-0.013364221877313382
4757,0.059773486339837256
4758,0.0496742911008785
4759,-0.038079503767806486
4760,0.007695813026960198
4761,-0.005070480382506391
4762,-0.0063906968232021345
4763,0.008403592367429533
4764,-0.02866021158272076
4765,0.003845781170113429
4766,-0.028391872483266828
4767,0.03186443831290982
4768,0.02567094931153824
4769,-0.05250900681740289
4770,-0.004835639469581398
4771,0.021819738669023293
4772,0.05448583454145031
4773,0.00932778725651538
4774,0.010771796403567676
4775,0.02121606195823768
4776,0.0015785230266481644
4777,-0.009631190589796695
4778,0.005670706361333922
4779,0.049164513524355934
4780,0.05103384150968047
4781,-0.029395171085900562
4782,0.017281767802341957
4783,-0.006539282918919434
4784,-0.009945038037410866
4785,-0.01596893211929943
4786,-0.012690971586989341
4787,-0.04223027222770119
4788,-0.0050962638716706855
4789,0.017225294462200294
4790,-0.01735019612395613
4791,0.002086200841946769
4792,0.02958796546659125
4793,-0.013419651695655373
4794,-0.03137638519963709
4795,0.04862022192846591
4796,-0.03366650133816929
4797,-0.030984187759024305
4798,0.0017099596429325954
4799,0.013163189814765755
4800,0.035244938348763195
4801,0.08799197025574343
4802,0.031018367410742504
4803,-0.0013895325916027353
4804,0.004613372266562782
4805,0.0071773113366044965
4806,-0.017622540701424574
4807,-0.025015338029594655
4808,0.006995450128018508
4809,-0.016914023552401704
4810,-0.06454149915341986
4811,0.0336276093272671
4812,0.03927607726890869
4813,0.016410176830932394
4814,0.02570798475184662
4815,-0.023184835418856214
4816,-0.02460228842513688
4817,0.00030939802664858856
4818,0.02619568699261414
4819,-0.0566155699860265
4820,0.02035967782949628
4821,-0.02850085626334608
4822,0.07564517154273377
4823,0.03900080697857684
4824,-0.017264081211947332
4825,0.023102170126892495
4826,0.017245594211940423
4827,0.008738495790234401
4828,0.0024957778280963413
4829,0.016717098908015374
4830,-0.008956099424261338
4831,0.03984666423644166
4832,-0.007376537866220229
4833,0.062397886901070496
4834,0.016689856536207914
4835,0.00725371812630075
4836,-0.0027306978672127957
4837,-0.0224795421634048
4838,0.023643356824611245
4839,-0.03396483464053151
4840,-0.0045567188142315385
4841,0.0045629217475824735
4842,0.04032223425135469
4843,0.05388110750668985
4844,-0.004213557591615105
4845,0.0005794922161324345
4846,0.022775644135263392
4847,0.03807879352443901
4848,0.038233351679749096
4849,-0.0014322895055606496
4850,0.021555129277400456
4851,0.00606529790272024
4852,-0.0006959140735602031
4853,-0.05002189275327436
4854,0.01604973844574454
4855,0.005757092958430504
4856,0.04304637094482012
4857,0.0364102687395422
4858,-0.016468111377899792
4859,-0.0038451704749228118
4860,0.03658847660023341
4861,-0.013190509037403682
4862,-0.0029016675833460548
4863,0.009660529306301836
4864,-0.07183197647253471
4865,-0.02376251743441853
4866,-0.011723589124264768
4867,-0.00021904690816428136
4868,0.010826353128229263
4869,0.015647655802787777
4870,0.024753178848453468
4871,0.003729576560110319
4872,0.05388016305934552
4873,0.03817426446375657
4874,-0.03786011951863858
4875,-0.0014106819001353734
4876,0.014307186338173251
4877,0.014011979920304203
4878,-0.0032393383588409192
4879,-0.005397788815820364
4880,0.02292530250752054
4881,-0.0027770292940670223
4882,-0.03344322528107503
4883,-0.03413297418992739
4884,-0.019589336029613328
4885,0.0643434303582989
4886,-0.040755757448006476
4887,-0.03559044872227003
4888,-0.005148824652675318
4889,0.015924081632777448
4890,-0.012505093575400302
4891,0.020802684280308428
4892,-0.022884295546239004
4893,-0.0579392590121955
4894,0.027390844214784178
4895,-0.011435942451503514
4896,-0.01743685500966379
4897,0.013957672171062786
4898,0.006486694441792449
4899,0.02990534459531564
4900,3.926548073706043e-05
4901,0.022696142595404666
4902,-0.0161649450201281
4903,0.016229170550954266
4904,0.009703216237612427
4905,-0.014518291189205144
4906,0.005689423451874342
4907,0.003286221827973278
4908,0.02858702247397752
4909,-0.026042464778833662
4910,0.018159409351503564
4911,-0.027279210471474382
4912,0.03863623593138021
4913,-0.006058747829269418
4914,-0.013143836740382754
4915,0.016137404740601068
4916,-0.007896779182332161
4917,-0.005863804546002904
4918,0.041880793587335034
4919,-0.035330265222635084
4920,-0.023081337592031768
4921,-0.03758781026685813
4922,0.0013063825179765892
4923,-0.040770896128051806
4924,0.08560080687490661
4925,-0.020972232769057367
4926,0.015498004940863263
4927,0.014113114778463233
4928,-0.04651964299437757
4929,-0.016426699222182664
4930,0.0031585102029867813
4931,-0.01742335795574021
4932,0.011585027740900332
4933,-0.02958519378796345
4934,0.02795937037387171
4935,0.02169903431846234
4936,0.0713298995517042
4937,0.04130239894548441
4938,0.019999149028560786
4939,-0.008178462178143065
4940,-0.036458210183998314
4941,0.0013814707987890357
4942,-0.010850377245202367
4943,0.03020097229851423
4944,0.021001427869093092
4945,0.04108377180684679
4946,0.008260090250392373
4947,0.04335478652249361
4948,-0.009670951314277955
4949,-0.04921651323208988
4950,-0.006487124225445339
4951,0.021145738419996406
4952,0.021114401461711372
4953,0.044567328257777046
4954,0.019391415909800345
4955,-0.0012387065135991465
4956,0.00529842039522303
4957,-0.0227882449711674
4958,0.0760077246808549
4959,-0.018496991838462068
4960,-0.03299662413502862
4961,0.006122318408529853
4962,0.05016604876509512
4963,0.00024270181593618467
4964,-0.0384257571916531
4965,-0.028699586263242916
4966,-0.0244187618041189
4967,-0.008193905018484885
4968,0.046795904763231984
4969,-0.016087118200099854
4970,-0.011621756574753101
4971,-0.043416983852646585
4972,-0.03816579625838842
4973,-0.04304291611509432
4974,-0.027975519039602208
4975,0.01541803828382655
4976,-0.0394348420072634
4977,0.02497916758152841
4978,0.011986815278501185
4979,-0.017665868669848497
4980,0.007942538214755988
4981,-0.025141932978316146
4982,0.020288135630556415
4983,-0.006969610737927819
4984,0.04511532755132387
4985,-0.004564250263883509
4986,0.04102218947961872
4987,0.01191976659392088
4988,0.022851143341810137
4989,0.024166693056241337
4990,-0.023906261699297965
4991,0.02692469656819072
4992,0.01601619611302936
4993,-0.009422741075865094
4994,0.02387708903804059
4995,-0.022929882763897964
4996,0.03662494736987902
4997,0.012194339493326075
4998,0.03645273073549718
4999,-0.01987579570640199
5000,0.01608778937209486
5001,-0.06800987578590242
5002,0.04363033097180253
5003,-0.002852817047565403
5004,-0.00578501366839974
5005,-0.0063787934714227374
5006,-0.038997586805177654
5007,-0.03138585268587186
5008,0.020103281571592406
5009,-0.04350934108125896
5010,-0.02024419686058419
5011,-0.009426328184827656
5012,-0.03198505629708136
5013,-0.04523327467676885
5014,0.03195436802359502
5015,0.04505062475045257
5016,0.0030067065770335525
5017,0.01511546914239316
5018,0.009149393402202801
5019,0.02345268029075019
5020,-0.031006163563900468
5021,-0.014698237863234345
5022,-0.025384807571047302
5023,-0.022935524218665983
5024,0.048124551099171596
5025,0.02208002031351086
5026,0.008129558740633805
5027,0.05165380121874342
5028,-0.0378118073284977
5029,0.04742148870585262
5030,0.025315128762235753
5031,-0.01695357997150515
5032,-0.024288605665218455
5033,0.002778305419178616
5034,-0.02637013603227251
5035,-0.05574043805944314
5036,-0.03670371919850289
5037,-0.008606764448520599
5038,-0.057160917070188576
5039,0.031108898915816273
5040,-0.02313514192376489
5041,0.030232370369590797
5042,-0.03782786661875115
5043,-0.010423752623438604
5044,0.0032383388604315224
5045,0.069626859295554
5046,-0.03459647279207523
5047,-0.027048585929749656
5048,-0.01525015968305663
5049,0.005065349848801761
5050,-0.02830829868284563
5051,0.005600207568464486
5052,0.014768076329683332
5053,0.017882061499367066
5054,0.010505401016077786
5055,0.036436716446899504
5056,0.04341730868783123
5057,-0.04378997118647718
5058,0.005268980876272141
5059,0.0027964212210225513
5060,-0.013389269523558409
5061,0.010610776479864997
5062,-0.006781558161900777
5063,0.021817002617205157
5064,-0.004396521416945251
5065,-0.02187190403687725
5066,-0.012039414565259537
5067,-0.02001681839448966
5068,0.017678723014884542
5069,-0.034878707301966974
5070,0.004077307349778934
5071,0.01970318231473327
5072,-0.021999478039685393
5073,0.03390283109920688
5074,0.004252350521310732
5075,0.011751738296887818
5076,-0.043042071772494875
5077,-0.026479491925145072
5078,0.018179027705535457
5079,0.01669760053217264
5080,-0.02384338647900344
5081,-0.009149507386369032
5082,0.03850387415729172
5083,0.04315073926617953
5084,0.011234291312549468
5085,0.004205106825484276
5086,0.039561081552944466
5087,-0.028198565705817604
5088,0.04051000103776824
5089,-0.01952789434497864
5090,-0.013875295801659693
5091,0.017639613474734434
5092,-0.018309227627414087
5093,-0.025198098281189657
5094,0.0016056324550811616
5095,-0.012917211683723624
5096,-0.015457189912617835
5097,-0.03005575806904293
5098,-0.05087686735215325
5099,0.035312582179194696
5100,0.045266779326886886
5101,0.015442508634155147
5102,-0.03766238073612853
5103,-0.03885121336336687
5104,-0.011930444576328223
5105,0.007804942788721535
5106,0.05040115705034655
5107,-0.0037932846912113365
5108,0.008988515139225857
5109,0.02269103736334118
5110,0.028011697719264615
5111,0.01762582906903694
5112,-0.012956232981054045
5113,0.003939381703105143
5114,-0.033257190712358116
5115,-0.018502220164759543
5116,0.03643048788776027
5117,-0.007799456322553122
5118,-0.01633460771040215
5119,-0.015372552530341801
5120,-0.019029691688995754
5121,-0.01635235212848818
5122,-0.015392274940419818
5123,0.044837799054191226
5124,-0.009781812174750451
5125,0.010776587019924712
5126,0.010224978556997128
5127,0.007759832008772166
5128,0.03246987673219674
5129,-0.047387586290575136
5130,-0.01012612475657212
5131,-0.017225872507970596
5132,0.0035665957302175428
5133,-0.053346811225153
5134,-0.014761018479483202
5135,0.001429127127617813
5136,0.010659326878882632
5137,-0.015310889735013255
5138,-0.0014892559159892327
5139,-0.024666676115455366
5140,0.013155086737050353
5141,0.0016964481842201065
5142,0.004936701608030253
5143,0.014428153806345151
5144,0.003285189715562523
5145,0.02156720603018786
5146,0.009325388841283356
5147,-0.06282558562404866
5148,0.020770955028326796
5149,0.0582928025618965
5150,0.008335060138679044
5151,-0.002694036647184571
5152,0.009317149414380044
5153,-0.026002591541512445
5154,0.02263998192071829
5155,0.0015885621489293163
5156,0.009870973523843368
5157,0.040886422446423716
5158,-0.027440234541320125
5159,-0.015238855609492645
5160,0.051445162073647493
5161,0.04302402500809196
5162,0.029158699682893696
5163,0.009675591501512001
5164,0.024493041411657823
5165,-0.0276785999321062
5166,0.03232206315901549
5167,0.005440698842694385
5168,0.03892083342781384
5169,0.006763444493081725
5170,0.03160689688976094
5171,-0.0031519356509499405
5172,0.0038900830014433636
5173,0.01078218737289145
5174,0.027937367326777592
5175,-0.0070025326370479115
5176,0.037384865223607656
5177,0.042210015708140376
5178,0.045256361252480434
5179,0.0012450092850537812
5180,0.0022920739389105118
5181,0.0005348376017384291
5182,0.025690791070358723
5183,0.024997376415584277
5184,-0.01059597217203253
5185,0.04476427940566009
5186,-0.014159669136522337
5187,-0.002312150995489007
5188,0.07084148641630096
5189,0.0515213899768363
5190,-0.015350834787105963
5191,0.012880702364626153
5192,0.0005519417511660404
5193,0.011098234349691169
5194,-0.00617127412325272
5195,-0.002729758727832442
5196,-0.015791852369641337
5197,0.00169170434889956
5198,0.052026879201106956
5199,-0.0253107765719163
5200,0.011522905208075078
5201,-0.021693621317423976
5202,3.6901721747755004e-05
5203,-0.04739296823419485
5204,0.006532943205191747
5205,-0.031638274562867254
5206,0.013927705563973923
5207,-0.03386195505594443
5208,-0.023260071587367145
5209,0.03459433630301342
5210,-0.02976854399232592
5211,-0.012735801364124586
5212,-0.02978520871007516
5213,0.011330489771531341
5214,-0.04113466967754095
5215,-0.016189822066298435
5216,-0.010548557502103859
5217,-0.012699176643783975
5218,-0.039130357225976076
5219,0.005468804636315088
5220,0.005419426064883986
5221,-0.019509943656726307
5222,0.02179360536373756
5223,0.022322336997122917
5224,0.006803316562306814
5225,0.05120642636365098
5226,-0.049785504760856254
5227,0.021962506409606865
5228,-0.009552665710163792
5229,-0.01591397040780637
5230,-0.01427805533830559
5231,0.025457103545677696
5232,-0.010507622778406606
5233,0.031452812715896734
5234,-0.022621143351078836
5235,-0.03766663045729765
5236,0.008598772141463405
5237,0.08785762958836014
5238,-0.09137755258565995
5239,0.009078846418337483
5240,-0.02877986679716977
5241,0.01838023966058133
5242,0.007453471736965223
5243,-0.05136936862882774
5244,0.011814445365655128
5245,0.019862150421519245
5246,-0.04297034826338504
5247,0.0006280088727065894
5248,-0.012469210707021498
5249,-0.02099772869900369
5250,0.030290617110807005
5251,-0.005699863857292005
5252,-0.06841241817260661
5253,0.02783131289779569
5254,0.019107590631619948
5255,0.026384816656377288
5256,0.015718501944774206
5257,-0.004611906041219132
5258,-0.030804713670171954
5259,0.010820123817811032
5260,-0.019801701213094696
5261,-0.017628984369587895
5262,-0.046009695558582926
5263,-0.01076041718479385
5264,-0.001580855720814271
5265,0.025883601366431818
5266,0.02783944123773256
5267,-0.010083768769359363
5268,-0.011352201814010589
5269,-0.022835476826109927
5270,0.048582747927043306
5271,-0.009769286432696339
5272,-0.020451879325281343
5273,-0.0013547619566804258
5274,0.01402319675707346
5275,0.026291307134856536
5276,-0.011978446391697026
5277,-0.000553035095297811
5278,-0.016822828633516314
5279,-0.06685450064665432
5280,-0.02610064576303834
5281,-0.038691382970377844
5282,-0.000626274692374685
5283,-0.05343009585920941
5284,-0.02982043483438962
5285,0.012533180551277156
5286,0.03852034312673264
5287,-0.007515049877268592
5288,0.019226656775854167
5289,0.006969452488503353
5290,0.009828926249837635
5291,-0.003842181443534073
5292,-0.025334819195627637
5293,-0.00830157030890202
5294,0.03786128678967734
5295,-0.029922463858454797
5296,-0.015716137617282834
5297,0.003031828600326123
5298,0.017174561654491258
5299,0.013068275656608907
5300,0.0004636624814000695
5301,0.034409923224435306
5302,-0.01619480414118116
5303,-0.02387556376550832
5304,0.022192158645379958
5305,-0.04536443664655743
5306,0.03543247862766923
5307,0.0019268142608298347
5308,-0.06341866020836438
5309,0.004970769190638401
5310,0.01410709997050661
5311,-0.008483446875855422
5312,-0.01160134579051728
5313,-0.008125638036494763
5314,0.0502848147051957
5315,0.0010036987882178256
5316,-0.02500832630489644
5317,0.014274218021553986
5318,-0.01666024052905344
5319,-0.02924350710385463
5320,0.04003353619035427
5321,0.020962350000422538
5322,0.02763311024024982
5323,0.02097459625285026
5324,0.011880557241509977
5325,0.007222966322887557
5326,-0.005352143090703884
5327,0.004467327368233202
5328,0.007580233961925441
5329,0.03534084098150253
5330,8.832420026255672e-05
5331,-0.013243991294791221
5332,-0.05975828324971631
5333,-0.04555207477593462
5334,-0.014249918122967041
5335,0.029310818217803323
5336,0.0024049835506348683
5337,0.015165521154070454
5338,-0.08320142500421807
5339,-0.018197128550304958
5340,-0.018526661868960202
5341,0.021928236938291285
5342,-0.06265621858742171
5343,0.02597645248660504
5344,0.012037226266255786
5345,-0.0015503110925114548
5346,0.017246216219047057
5347,0.005088797101611906
5348,0.002272640447839544
5349,0.02934083285928214
5350,-0.08816537243907129
5351,-0.020073676139584017
5352,-0.030860994495794606
5353,-0.05081481824036798
5354,0.030596540399671333
5355,0.05191071451620079
5356,-0.0225506327709662
5357,-0.013786640592544438
5358,0.01581855835012374
5359,0.012265943626368767
5360,-0.0104077872520684
5361,-0.008404982029133595
5362,-0.018751632618069745
5363,-0.008805487457272573
5364,-0.02385463762087077
5365,-0.004691454084916994
5366,-0.0018900268595050456
5367,-0.02913677358331737
5368,-0.023422776060941817
5369,-0.01835586288937232
5370,0.046708449850846344
5371,-0.0017060707763355246
5372,0.002538353176640327
5373,-0.0113523089515348
5374,-0.037118876872551124
5375,-0.0824162972430057
5376,0.06526581023757606
5377,0.02835693363726949
5378,-0.008814098351044124
5379,-0.0027650839277607434
5380,0.013782918846516588
5381,-0.025615239195248093
5382,-0.013796357979101666
5383,0.018607388066781187
5384,-0.02896318368171325
5385,0.029625862923593996
5386,0.08589033368791317
5387,0.0453207457592005
5388,-0.011673678180073982
5389,-0.032332337595647964
5390,-0.01396310503772284
5391,-0.00812998011083497
5392,-0.04785176392149591
5393,0.002078655979425158
5394,-0.007682483193336221
5395,0.04037944136469915
5396,0.005002857443942744
5397,0.0449148566304352
5398,0.006580338574588205
5399,0.015664450671295505
5400,-0.00029074985392668477
5401,0.00014835662613250293
5402,-0.002357838645074645
5403,-0.002346166412690754
5404,-0.010894960926429609
5405,0.04773720850825522
5406,0.04715847057370911
5407,-0.014938336891074577
5408,0.032654487214610284
5409,-0.05205233147719193
5410,0.04376887841137664
5411,-0.013700996841072798
5412,-0.0031530043631723182
5413,-0.047227755969963564
5414,0.025134662161555462
5415,-0.05015601241576969
5416,-0.06975959584726654
5417,-0.046053554967670135
5418,-0.05852017857981641
5419,0.044832608639638144
5420,-0.028220235819288488
5421,0.0438223297550196
5422,0.01977922676021363
5423,-0.01714933494270559
5424,0.06532362717544646
5425,0.004691486614774793
5426,0.031959897528052235
5427,0.032573696422789074
5428,-0.008334206467291261
5429,0.03298278262520797
5430,0.017445954284586316
5431,0.03286919611240763
5432,-0.00022385933161032833
5433,-0.0033569323374330307
5434,-0.011880004357254389
5435,-0.023866678031412573
5436,-0.05850048067688815
5437,-0.06118616570007084
5438,0.00186640561929544
5439,0.0276082295148497
5440,0.006996433782838727
5441,0.03391425358849537
5442,-0.03101365690775887
5443,0.028856252622029656
5444,0.004844891350361136
5445,0.00039596820495564004
5446,0.051426932966845265
5447,-0.0082112462785271
5448,0.04191580500261413
5449,0.028300197052823467
5450,0.004718589070999175
5451,0.019784216853558027
5452,0.019357511384135266
5453,0.018433712026332025
5454,-0.018463042156356836
5455,0.029613734810577445
5456,-0.0050073719063337616
5457,0.04039768325989926
5458,-0.0014619441517046223
5459,0.034470435381544755
5460,-0.004093562901615116
5461,0.013637169304715016
5462,-0.00764682389342598
5463,0.056325732891477645
5464,0.01854097164982578
5465,0.01791587163979634
5466,-0.04597161562670021
5467,-0.02701761902607627
5468,0.006481781262794382
5469,0.03262074738481641
5470,-0.014565380392900796
5471,0.037587214449189145
5472,0.01581205094272763
5473,-0.013571835007868816
5474,-0.06979935457064765
5475,0.010571943752398106
5476,-0.023833362332700628
5477,-0.00933463834606547
5478,-0.002418916896115648
5479,-0.005202898823954319
5480,-0.027095948542496757
5481,0.01406239445296807
5482,-0.0397631304219835
5483,-0.045054187373294925
5484,0.003357780969466958
5485,-0.04595061416318994
5486,0.008432129585300391
5487,0.0011527880260569438
5488,-0.002997998995023838
5489,-0.042373406523457766
5490,0.04362389236243826
5491,-0.03470569493643776
5492,0.0048387338525094714
5493,-0.04542092206461023
5494,-0.02680675463598638
5495,0.0003302544578976484
5496,-0.031994074729618974
5497,0.03158714969775691
5498,-0.030102775245662995
5499,0.02505500366003706
5500,-0.03840634555036384
5501,0.015065036677923362
5502,0.006573308144502261
5503,-0.0218648175893529
5504,0.01005517643978635
5505,0.0024483913112736825
5506,0.015995049441756264
5507,0.042415845497443046
5508,-0.010655395760049176
5509,0.030261483802159567
5510,0.010019770197554616
5511,-0.032389462385470864
5512,0.018954484912727193
5513,-0.0018444717902430167
5514,0.03990069527096677
5515,-0.028599943779225853
5516,-0.012719095208175091
5517,-0.03164749828072165
5518,-0.02511538910534418
5519,0.01852151795422963
5520,0.03025696681133231
5521,-0.04354432678239174
5522,-0.02000599569546035
5523,0.03196505050935197
5524,-0.026433678530771686
5525,0.023748559186787442
5526,-0.005909195625447105
5527,-0.013458778827588985
5528,0.006998279148202642
5529,-0.003413075963276015
5530,0.013343693625263244
5531,0.02665612733764603
5532,0.018081559186959154
5533,0.03444644526477399
5534,0.08192875656735653
5535,-0.03669102456922436
5536,0.06043020322630937
5537,2.6131707082910422e-05
5538,0.023528502781031194
5539,-0.015698540710349155
5540,-0.02190940586173755
5541,-0.018272600537314488
5542,0.0056232599523568655
5543,-0.02340728743399665
5544,-0.012915733976143956
5545,-0.04497427433670519
5546,-0.01196319564899935
5547,0.014295834201263805
5548,-0.011465056388434118
5549,0.01697453703090698
5550,0.03564918842266184
5551,0.022300996877511317
5552,-0.026342046838524646
5553,0.006152317070146615
5554,0.01019085850342704
5555,-0.02492778349520365
5556,0.005009457559265219
5557,-0.019338813180069473
5558,0.011388061948777142
5559,-0.029710532923803074
5560,-0.05116369679378312
5561,0.042478729785306306
5562,0.03088953414494572
5563,0.012248907549642122
5564,0.007921712051622431
5565,0.06435272656493543
5566,0.012149550185601774
5567,-0.009831484063462992
5568,-0.031073425533088013
5569,0.0038815821582917215
5570,0.03840204339314337
5571,0.02385841989743221
5572,0.00961004955789803
5573,0.021861878578800308
5574,-0.022528811301326526
5575,-0.007152198759506457
5576,0.024779943705998054
5577,0.020831811278070215
5578,-0.005438770200402355
5579,0.07757992189001381
5580,0.015360116919333571
5581,0.0003399578124621919
5582,-0.037001925273569165
5583,0.048684177287251454
5584,-0.011214714774327316
5585,-0.030195836771859108
5586,-0.01284606898979159
5587,0.029849148863667192
5588,0.015236467948753593
5589,-0.01029888969783454
5590,0.0014029292620217663
5591,-0.006536199433107407
5592,0.04516768105873994
5593,0.050903150348607366
5594,0.004390908214985672
5595,-0.032911920850185496
5596,-0.0159379283807185
5597,-0.010069555169189951
5598,-0.045026841060333334
5599,-0.0029157996329798853
5600,0.009226758871719734
5601,-0.0063276190774837916
5602,0.01066428456342547
5603,-0.016633981519065005
5604,0.01878535950720718
5605,0.004095256782696126
5606,0.013597388760236143
5607,-0.009926621258321265
5608,0.02032614474672444
5609,-0.01915549778047456
5610,0.0359688842681667
5611,0.009215828064742795
5612,-0.04160768848935043
5613,0.013306788410252476
5614,-0.030768525270768295
5615,0.07667070762565369
5616,0.015822153079147902
5617,0.005985269366384722
5618,0.0030389992916600157
5619,-0.023492133234967093
5620,0.009788015642029711
5621,0.025040835689982586
5622,-0.011865908392397543
5623,-0.01972480052247659
5624,0.006063727882172308
5625,0.0023012849599642836
5626,0.017286197076535934
5627,0.014621378497823714
5628,-0.030095891090923244
5629,0.011623070277523295
5630,-0.031135033696810876
5631,0.003326489922131997
5632,-0.006425901629459751
5633,0.04932631097582365
5634,0.03685855299268176
5635,2.101531612277523e-05
5636,0.030152649679473387
5637,0.0004360880834924271
5638,-0.031293837102356045
5639,0.026979035805027005
5640,-0.0033177105589213512
5641,0.049323455595441615
5642,-0.010209265670259256
5643,-0.02654347029687456
5644,0.0008167909295175248
5645,-0.021978898159673105
5646,-0.013348118435476565
5647,-0.03931944763188157
5648,-0.029843556859233268
5649,-0.026702823034139497
5650,-0.0026420957432734386
5651,0.012154685169079981
5652,-0.02581654916458208
5653,-0.021500651779453275
5654,-0.010560422241532075
5655,0.07695117175764576
5656,0.005232099283930001
5657,0.05675868340597849
5658,0.057603960798818195
5659,0.000497238778244516
5660,0.01909029857755143
5661,0.028342114720711593
5662,0.014253194499822753
5663,-0.005204523840938119
5664,0.012106266897095746
5665,-0.0035951456643952065
5666,-0.030581478546793824
5667,0.02701283481158101
5668,0.02389768054734447
5669,0.09725924538958942
5670,-0.01471073474110994
5671,0.03184061910713895
5672,-0.036709396062724144
5673,-0.05048381015292167
5674,-0.06439576322384014
5675,-0.017198352816251216
5676,0.0011599533922078073
5677,0.007886288408352428
5678,-0.05277878533838085
5679,-0.06123183466136888
5680,0.06196478550857416
5681,-0.006813676143953189
5682,-0.02036169759139846
5683,0.010313004567459583
5684,0.005721562415294174
5685,0.011757936611825687
5686,0.009724841354939572
5687,-0.004809487688928152
5688,-0.0035273329177198573
5689,-0.046777351487934715
5690,0.035643790895102265
5691,0.0015109646664289785
5692,0.035415174445000225
5693,-0.012315771081238935
5694,-0.04053631321362145
5695,0.034744986582494905
5696,0.03958070101841379
5697,-0.013484480088749792
5698,0.059275200838625086
5699,0.06553391371325218
5700,0.046499294539367374
5701,-0.0013207274848367407
5702,0.03443220107777624
5703,0.0020829821100068198
5704,0.009504361228537326
5705,-0.006486297187727309
5706,0.008927892322844395
5707,0.012835691671361237
5708,0.02502905748899613
5709,0.011948185120460395
5710,0.04923691714430634
5711,-0.062377216196762356
5712,-0.01725617654684999
5713,0.007744479416504495
5714,-0.10284076986490827
5715,0.006434773781935373
5716,0.03954489485488362
5717,-0.018871335912887973
5718,0.018131156632221663
5719,-0.015756893197090508
5720,0.024740818373228717
5721,-0.0023606884557209836
5722,-0.06280983006083507
5723,-0.014050806292249939
5724,-0.002974515961659864
5725,0.0015535537091118292
5726,-0.027280566424834837
5727,-0.002944518364997295
5728,0.004723404411790749
5729,0.02517527200097593
5730,0.016467804549736568
5731,0.03475835022530325
5732,0.052328774459055406
5733,-0.036525792076692584
5734,-0.056714223282765173
5735,0.008897098546310274
5736,0.028708062488322732
5737,0.0010389188878838808
5738,-0.022314015661127087
5739,-0.01107872493264312
5740,0.0847823592229978
5741,-0.0439834048895782
5742,0.006087822265621141
5743,-0.030635986817102723
5744,-0.009227764341501108
5745,0.019584768442071725
5746,0.08029948221507864
5747,0.0026684832241660995
5748,-0.06899896200171432
5749,0.007270026140172797
5750,0.05083184058331303
5751,0.0063682631228603286
5752,-0.018913747613560867
5753,0.0011709929875967462
5754,0.015446074911427968
5755,0.0002858193281218412
5756,-0.031511159852253244
5757,0.009194994915719694
5758,0.004508667558035669
5759,0.018184250260512857
5760,0.0028860507496040735
5761,-0.014325044732249503
5762,0.01727691265895033
5763,0.0423587279711597
5764,-0.013132689074100172
5765,0.00845732920630255
5766,0.06695144872362783
5767,0.01500688875100184
5768,-0.025677259436667845
5769,0.002747975714763479
5770,0.06736087167891247
5771,-0.017646894509330387
5772,0.029050817723172546
5773,-0.00852083201646174
5774,-0.03684890345099613
5775,-0.0022884983807819003
5776,-0.016325581811438988
5777,0.005052856841855597
5778,-0.019089798306272995
5779,-0.01439461114239
5780,-0.008389980513291699
5781,-0.048050888213658376
5782,-0.02158921145916294
5783,0.005783455518123978
5784,-0.002162479485385825
5785,0.029772626504718118
5786,0.05140018736655314
5787,-0.02542613595244587
5788,-0.06293324064632042
5789,0.012839991003978937
5790,0.0036802985077203257
5791,-0.03245694338527154
5792,0.01239431474714115
5793,-0.054645257673342905
5794,0.02464808257037515
5795,-0.05794632790589433
5796,-0.019543379241312064
5797,0.0201143175160997
5798,-0.03317598710318431
5799,0.021849380871810556
5800,0.04313958145735134
5801,0.001212966180582656
5802,0.01933788891356082
5803,0.029456910461101868
5804,0.03644664745343915
5805,0.04071959226486501
5806,0.012177940961243945
5807,0.03780499527368293
5808,-0.00548028945189036
5809,0.05089760303565156
5810,0.022978062856807726
5811,0.02983947572190086
5812,-0.005170541289328206
5813,0.05398525175405994
5814,0.012630079278334944
5815,-0.006469254848073775
5816,0.021749120606260934
5817,0.03848264141494221
5818,0.005191165828096586
5819,0.020518850450836953
5820,-0.05963869261509846
5821,0.03619247389124216
5822,-0.008900291971745822
5823,0.01217982393987308
5824,0.018249200058825747
5825,-0.03607528365026531
5826,0.0015639903690177945
5827,-0.002233658900534243
5828,-0.028619848036067066
5829,0.0033184064828302474
5830,0.023703807259463337
5831,0.05898234509895643
5832,0.017304918784036637
5833,0.001352461635562278
5834,0.037516107965383
5835,0.022541113343589495
5836,0.015429367082651866
5837,-0.0014147242700208187
5838,0.03568716723013741
5839,-0.03602613100535034
5840,0.030375819628072908
5841,-0.04294600426323065
5842,0.06344154050048847
5843,-0.04278985460488949
5844,0.025819279628387534
5845,-0.006259046383514723
5846,-0.018016872506133985
5847,-0.025124993711532723
5848,0.026842282069061044
5849,-0.010216065921241906
5850,-0.03429269884742016
5851,0.018053739063780154
5852,0.006282842273926852
5853,-0.009558227573798088
5854,-0.013427535633524444
5855,0.03599981406925201
5856,8.710331565594352e-05
5857,-0.06254273706641379
5858,0.03095212201280039
5859,-0.03861627320197266
5860,-0.0013724405979362118
5861,-0.0007474466374537046
5862,-0.029426458022843115
5863,-0.02032378818611704
5864,0.04170509666299077
5865,-0.02548880254203452
5866,0.01638913165475383
5867,-0.007845624079548561
5868,0.03604134466702112
5869,0.014304057629654282
5870,0.06002404137498502
5871,-0.04240691208632802
5872,0.014413271909534144
5873,0.02041527883957203
5874,-0.0027329162008191436
5875,-0.041233097468343395
5876,0.019565014762891495
5877,-0.05854221686964302
5878,0.033651834595608617
5879,0.04194949562496217
5880,-0.028117875411551536
5881,-0.01921800473731358
5882,-0.020561707282791986
5883,-0.030334743797192133
5884,0.018355752070036715
5885,-0.02409329563222588
5886,-0.04075056722910434
5887,-0.06449066502797818
5888,-0.025561321512786648
5889,0.03777375504204762
5890,-0.0006841666693962851
5891,0.007990707858195459
5892,0.03296467770975886
5893,0.039778035022856935
5894,0.029580287071355637
5895,0.012958555145036313
5896,0.007720589862592004
5897,-0.020377596665821725
5898,-0.011956952560283556
5899,-0.06974096500422178
5900,0.0428879068054823
5901,0.015012386083235124
5902,0.004508483566863705
5903,0.016950436638167556
5904,-0.02745916095351878
5905,0.03066712371108566
5906,0.0231144857715109
5907,0.0005388375751739867
5908,0.02149740571788036
5909,-0.01004681844275741
5910,-0.017659384555381828
5911,-0.0064966229891422565
5912,0.007106652132240038
5913,0.03136027174264691
5914,-0.024537437428339044
5915,-0.027879038715772162
5916,0.010772197747468312
5917,-0.005024173062721407
5918,0.018016313468060697
5919,-0.0043379525127992865
5920,0.015110409846487904
5921,0.014625278530935315
5922,0.020624933630712754
5923,-0.04015827874867623
5924,0.013757693903273943
5925,0.06468051953723593
5926,-0.04914448326612969
5927,0.009658258696263753
5928,-0.002843484226873997
5929,0.03737895128127037
5930,0.06737222266230204
5931,-0.004435390523176624
5932,-0.0323583403872927
5933,0.02002137853026382
5934,0.004633199213004584
5935,-0.008314934337253194
5936,-0.03228927269346942
5937,0.00439768339722685
5938,-0.03263436250159025
5939,-0.05372844806310928
5940,0.03210671173932544
5941,-0.013701057313316273
5942,0.024797481958059996
5943,-0.0018917267072989603
5944,0.08739641632895606
5945,-0.009966101380761469
5946,-0.00029048837769826984
5947,-0.004168501981380333
5948,-0.042559190901382556
5949,0.020676242176491798
5950,-0.008167910505940226
5951,-0.007011101970231631
5952,0.02061089220473399
5953,0.003062355324164183
5954,0.009862485446704336
5955,-0.002642933604101701
5956,0.01758336081903114
5957,0.0287331496967321
5958,0.03214980985196548
5959,-0.008264153489913877
5960,-0.03807201582557323
5961,0.034522609141019754
5962,-0.025703965153873732
5963,-0.017069754797694885
5964,-0.011271523911174629
5965,-0.008672836276892302
5966,-0.05616768155826878
5967,0.01514133637587028
5968,-0.018984914906596994
5969,0.05318409330262675
5970,-0.040004122956366205
5971,0.017290035107899955
5972,-0.032850248068890864
5973,0.05677572896728084
5974,0.07513507415649152
5975,-0.039615967084470315
5976,0.03458050510784156
5977,0.011308858442707495
5978,0.02231888636989047
5979,0.02653438311704355
5980,-0.008175369063277234
5981,0.04425603536663355
5982,0.010932465180515686
5983,-0.03064208987527352
5984,0.021613560742445456
5985,-0.022655275258930855
5986,0.006168494873276636
5987,-0.03898391659168229
5988,-0.026531415109417058
5989,0.01949767396664692
5990,-0.023046571039782828
5991,0.0020365680101302633
5992,0.028536645736816236
5993,-0.01145026877495435
5994,-0.010814384636294005
5995,-0.037636740496492765
5996,0.0026494530801627735
5997,-0.013185812861161496
5998,0.0025563182226905705
5999,-0.031023670343271713
6000,0.05900822216786071
6001,0.00367071401793496
6002,0.022817390208033677
6003,-0.008044206247170666
6004,0.007053134378279791
6005,-0.047662758449881354
6006,0.012939286367484744
6007,-0.05861426854227173
6008,-0.017000796837897836
6009,0.019208726323429907
6010,0.02348349143089439
6011,0.003937956020231934
6012,-0.023778416992804585
6013,-0.0285586921912906
6014,-0.014105745195158963
6015,-0.02472036999968031
6016,-0.030039074656951315
6017,-0.009244729776418109
6018,0.015833519427993718
6019,0.02379025595319422
6020,0.06352410288632676
6021,-0.018193158602254216
6022,-0.03371086046171906
6023,0.0203360906250178
6024,-0.017778446973959316
6025,0.04980718013562268
6026,-0.015237173398730633
6027,-0.009719063392538906
6028,-0.007714949599370693
6029,-0.027485435584122413
6030,-0.019578857359082796
6031,-0.0026839509659919688
6032,0.013252820046909872
6033,-0.03730142401877052
6034,0.02513116953727715
6035,0.011655627639610401
6036,0.035508045710880676
6037,-0.04528553240547214
6038,-0.0015881262275751272
6039,-0.008717409170098684
6040,-0.013214457854782532
6041,0.006093151939404219
6042,0.06724521861986972
6043,-0.020373877918881296
6044,0.07028140668159466
6045,-0.03957616943519523
6046,0.023700896039478125
6047,0.01106451214238678
6048,-0.03495781682256404
6049,-0.023875627143426056
6050,0.001156412149690975
6051,0.03715219838839795
6052,0.011603309313429757
6053,0.01131550256761762
6054,-0.008397568022735847
6055,-0.015100902224796861
6056,-0.005229666951499667
6057,0.05666409397691256
6058,-0.014209400864379879
6059,-0.08989436974135218
6060,0.07311747126597923
6061,0.0012008179798520334
6062,-0.02318337332065463
6063,0.0733506678863905
6064,-0.009305728588502525
6065,-0.0009666197727177993
6066,-0.046743211201080936
6067,0.01983104431608985
6068,-0.08370882825388852
6069,0.04187896556736404
6070,0.033146774057985134
6071,0.015631330649346187
6072,0.02512901064347354
6073,0.0155833587089767
6074,-0.03548872938254439
6075,0.026074067500242385
6076,0.06028360582176171
6077,-0.011918418951337276
6078,-0.05156627357845469
6079,0.012093127895498499
6080,0.017449309261152058
6081,-0.010281670121899518
6082,0.0057174170124114285
6083,0.013402261783596832
6084,0.02661547450461799
6085,0.0034420264809180653
6086,-0.014436401289379685
6087,0.023808019827285958
6088,-0.004254139797596176
6089,0.019834612550305917
6090,-0.018653493090413475
6091,-0.03353973076069194
6092,0.020668703004235813
6093,-0.02474350402613028
6094,0.04258581323952105
6095,-0.03912823918384579
6096,0.012140344867630066
6097,0.024649782561820634
6098,-0.02671953598674868
6099,0.020691221718374106
6100,0.0021179850559817606
6101,-0.0019179878185345597
6102,-0.012071417221035483
6103,-0.021058370987376764
6104,0.06478339593642288
6105,0.02096260620996763
6106,0.02717922222508814
6107,-0.017944933154694306
6108,0.04400122006055517
6109,-0.04491986835543839
6110,-0.038137213441489404
6111,-0.023847673275584146
6112,-0.023658166257190857
6113,0.033856951808615
6114,-0.0020314020875282267
6115,-0.007318176735840813
6116,0.007623843370117453
6117,-0.0031157398284191334
6118,-0.026666107998671692
6119,-0.014201844233672925
6120,-0.012109087170596848
6121,-0.05048406059982707
6122,0.026723957444765207
6123,0.03622151395124057
6124,0.021691782210129077
6125,0.00025394465959337133
6126,-0.002965955313041438
6127,0.021778760314605714
6128,-0.026472764856056864
6129,0.0006504450463531859
6130,-0.03574415335267427
6131,0.015165795724603425
6132,0.007760801376855472
6133,-0.0005238548576619764
6134,0.06340959010430912
6135,0.08958307549384767
6136,-0.001204479386465224
6137,0.03675122030909894
6138,0.015814456043589165
6139,0.008735476415379237
6140,0.03282654677636781
6141,0.02225365651931529
6142,0.01282003500643821
6143,0.010269490133118899
6144,0.050250248507868744
6145,-0.006598413108308505
6146,-0.004849572041712724
6147,0.008784866671577324
6148,-0.025234401178569836
6149,-0.014146408429243848
6150,-0.0103124609893617
6151,-0.008151855143400782
6152,-0.054283861774960224
6153,-0.016371217531440507
6154,0.014133394819797437
6155,-0.01048448071647058
6156,-0.011843319597476908
6157,0.038252199002899424
6158,0.00931550598075243
6159,0.034991764893146406
6160,0.030549095329848192
6161,-0.05980781795018616
6162,-0.023256668052636053
6163,-0.002063185350754188
6164,0.009455322198437388
6165,0.027769382791024855
6166,-0.023230613957513583
6167,0.015422303984415789
6168,0.03676847621161609
6169,0.0487320698117699
6170,-0.03642511360436266
6171,-0.020080742553357487
6172,0.0057418921623939275
6173,-0.006336544438500059
6174,-0.022014557049049716
6175,-0.021333253674835004
6176,0.03216618654752107
6177,-0.007813166545342039
6178,0.005530692667060502
6179,0.011511292841267002
6180,0.027487439511411416
6181,0.016853842981769913
6182,0.0302161136463792
6183,-0.0071206497453560474
6184,0.05813516743134325
6185,-0.009370570030650326
6186,-0.028010289398633884
6187,0.007171346903960243
6188,-0.014908124935986698
6189,0.0074533509532993475
6190,0.0006274483066458398
6191,0.044518434344127396
6192,0.0032776105674700213
6193,-0.015382787081598324
6194,0.01646985834602613
6195,-0.022142786809657082
6196,-0.04626369684284848
6197,0.03644253237822517
6198,0.004043526901402264
6199,0.004254162939855648
6200,-0.011401483859591421
6201,0.0027705387536429574
6202,0.012775850308085422
6203,0.00901750119716383
6204,0.0036671561060602057
6205,-0.02020029327513426
6206,-0.017497858161664676
6207,0.016148863400139067
6208,0.004018675079108039
6209,-0.036997939625655875
6210,0.02375665017467086
6211,-0.03645906902491176
6212,-0.033478009172147036
6213,-0.013747836334536705
6214,-0.009666404531594128
6215,0.012143507830631896
6216,-0.007302056043422797
6217,-0.0034393179636347214
6218,0.01782316563766426
6219,0.020668777204186497
6220,-0.030752089098347462
6221,-0.0005526583026580492
6222,-0.04343504590349167
6223,0.05512141206150363
6224,0.039877129812690856
6225,0.011876988754680731
6226,-0.06245662314082662
6227,-0.01626876670651596
6228,-0.03877601460943854
6229,-0.03043006468203317
6230,-0.008915201775585533
6231,0.012650957422384737
6232,-0.03171853825971824
6233,0.0034328754700068817
6234,0.0266193848890711
6235,0.004969456924293907
6236,0.015119550781265893
6237,-0.03267002285277444
6238,0.017339106135384363
6239,0.03781875416769271
6240,-0.035048793588432735
6241,-0.03153487830028483
6242,-0.04713072974169707
6243,-0.0056628379621971245
6244,0.026640153874873725
6245,-0.010800123370560806
6246,0.006679638663531153
6247,-0.021744251171708497
6248,-0.011290663632516278
6249,0.0183816586657275
6250,0.0009265889314705124
6251,0.010061435679326821
6252,0.03509720347615088
6253,0.00848685305020775
6254,0.0291917993871239
6255,0.018021324156241005
6256,0.018373519072720168
6257,0.016065674019674785
6258,0.014505156081540592
6259,0.010942020644406749
6260,-0.007862013509628486
6261,0.042152991581668166
6262,0.013567046999710385
6263,-0.01243985512871435
6264,0.00810322824891567
6265,-0.027627178819287924
6266,-0.03264079306369482
6267,0.009800768692108252
6268,0.07010086377107218
6269,-0.010517295827698354
6270,0.03041055814505349
6271,-0.019073521803822574
6272,0.028062817312493236
6273,-0.06085046398667084
6274,-0.0590689708170054
6275,-0.04030671788780758
6276,-0.032478560346286066
6277,0.028629615582827013
6278,0.02986151515946085
6279,0.03453063560748926
6280,-0.005539034841520465
6281,0.005657653727399906
6282,0.012186610643700933
6283,-0.0669243004460631
6284,-0.00015022573081404725
6285,-0.0045043533826355795
6286,0.007010271286885359
6287,0.02590465795607831
6288,-0.0531163030198446
6289,0.0264592974323054
6290,0.032266814748769274
6291,-0.024886477903035466
6292,0.010461014755494796
6293,-0.051804225020437196
6294,-0.007451886927364736
6295,0.030877084230545634
6296,-0.011321997825291853
6297,0.051102571240142114
6298,0.047014428035493785
6299,-0.022903607137238116
6300,-0.017534948555112197
6301,-0.029024523803040526
6302,-0.04909925762846512
6303,0.028775730318635714
6304,0.02088922536277038
6305,0.05659945256429552
6306,-0.007314749362957987
6307,-0.008921435634073306
6308,0.024938426827455184
6309,0.012739642484423924
6310,-0.025228378083386443
6311,0.00747005216570641
6312,0.022629639478700954
6313,0.03898665116720548
6314,-0.01811718053751279
6315,0.02083186801479008
6316,0.012346495692335499
6317,-0.021394651053325067
6318,0.05536483477039106
6319,-0.0027205703187558683
6320,0.04503531380526873
6321,0.03285439465531103
6322,-0.029850052051587653
6323,0.03310268138051623
6324,-0.023261846207039416
6325,0.030298710035864977
6326,0.03908117525030973
6327,0.0473429302602698
6328,-0.04671488862228254
6329,0.0332751381897581
6330,-0.013506291487740445
6331,-0.0048301397668680775
6332,0.014850194102418482
6333,0.019555230427845
6334,0.003143780355482812
6335,-0.005810755100720515
6336,-0.00030350990839694104
6337,-0.04436503011494143
6338,0.018624050082389387
6339,0.06210500905149252
6340,0.013025927071207304
6341,0.04184005309515705
6342,0.005228441031737722
6343,0.0262998544558236
6344,0.04772815017082711
6345,0.04257657033397434
6346,-0.02566243835615678
6347,0.03168406968989625
6348,-0.03220266471187848
6349,0.0017883449484461095
6350,0.005510891002281036
6351,0.010939289694439558
6352,-0.02833826607199048
6353,0.013537687814473256
6354,-0.05123206898205827
6355,0.023753667338050642
6356,-0.028186939224615726
6357,-0.03314493289370568
6358,-0.02095545847794471
6359,0.06579531350001734
6360,0.06874907012708384
6361,0.015009357799843016
6362,-0.024065926953944706
6363,0.027498598642798914
6364,-0.030784104921749066
6365,0.00796694581373404
6366,-0.032778241789405575
6367,-0.029464615712697973
6368,0.010128738443060345
6369,0.011459081328929276
6370,-0.006611900836903037
6371,-0.01454353289199931
6372,-0.00965795643802973
6373,0.03920310752126408
6374,-0.020324181024181025
6375,-0.03533120613075952
6376,-0.017499608798193626
6377,0.011485878408342717
6378,0.006584494484023312
6379,-0.004021757506708271
6380,-0.00497161988280679
6381,-0.012702814260623136
6382,-0.08281273604467825
6383,-0.0007541335817873462
6384,-0.008695623283745771
6385,-0.019845711538886583
6386,-0.026023087271353416
6387,-0.01552283105857163
6388,-0.02242383191245712
6389,-0.07093380241956324
6390,-0.012432638545582448
6391,0.07902145171485447
6392,-0.02030659051275465
6393,0.04950450107706118
6394,0.0025066237641876684
6395,0.008158608378227203
6396,0.01324190234727576
6397,-0.007181056048067669
6398,0.03491304276824612
6399,0.02242826255277512
6400,-0.03385787170239658
6401,-0.0321824175039946
6402,0.007203176674592262
6403,0.031243258067028164
6404,0.018762095955095315
6405,-0.015859336539177874
6406,-0.00898756237185749
6407,-0.008078460130919292
6408,0.03246256408862593
6409,0.031071550157660294
6410,0.014780955836210308
6411,-0.0012769247111146416
6412,0.022644019137427862
6413,0.0059875730966501475
6414,-0.021271300195064975
6415,-0.0286101815623021
6416,-0.013512214333660141
6417,-0.01441037684739668
6418,-0.0251072349160723
6419,0.044478558542747446
6420,0.010032482405841104
6421,0.03222599505890736
6422,-0.005723314387290913
6423,-0.009939861685616008
6424,0.011448523706718849
6425,0.025270062758728607
6426,-0.019360042730350118
6427,-0.016198614757165643
6428,-0.03448590090567367
6429,-0.03928744810940733
6430,-0.02546521689049158
6431,-0.008603245946663418
6432,0.001714687684806921
6433,0.000879443299766531
6434,-0.005793982308046566
6435,-0.04974616213794338
6436,-0.0023183126264375783
6437,0.03603857599281353
6438,0.04097415022921383
6439,-0.04133402357301345
6440,0.024981982277044214
6441,-0.009654929941822217
6442,0.015095657733092502
6443,-0.0056917137010668905
6444,-0.05021634845810676
6445,0.016204975430667668
6446,-0.009027294218403259
6447,-0.014146914890520154
6448,0.021090798733786508
6449,0.034259365460666304
6450,0.05479432723267653
6451,-0.038559583391274986
6452,-0.009037709921267095
6453,-0.0015202557303770432
6454,-0.0057234054559941565
6455,0.06306603973114883
6456,-0.01619136831295723
6457,-0.01612654256250363
6458,-0.03199236217460343
6459,-0.011618605233976453
6460,0.022450172940233548
6461,0.03174081389917884
6462,0.015788824444858515
6463,-0.026454591361281598
6464,-0.0028778501858481385
6465,0.01157289846110869
6466,0.05087013285762933
6467,0.025353861558595356
6468,0.0014844053386413101
6469,-0.02493398549029244
6470,-0.0008367592834944579
6471,-0.08516016771201236
6472,0.014562769164798173
6473,-0.0622941113433719
6474,-0.012739155268780751
6475,-0.0023099805020238328
6476,-0.01124446429977317
6477,0.06381364207647758
6478,0.007887779222210107
6479,-0.011059533613040523
6480,-0.06682551892269668
6481,-0.0004977252484390727
6482,-0.00948218484430189
6483,-0.024678843014140302
6484,-0.011133982977249343
6485,-0.017171218624622987
6486,0.008311983200443122
6487,-0.011980052256282151
6488,0.026578545795664595
6489,-0.0012869315025562705
6490,-0.020835825897300236
6491,0.018257529841339267
6492,-0.02977151457792869
6493,0.006438789900957165
6494,0.006753998735621495
6495,-0.036357521519758275
6496,0.008609724398268523
6497,-0.05011673691705935
6498,0.009749854814029528
6499,-0.057968105254483246
6500,0.03490533272198028
6501,0.0006624204562884012
6502,-0.018824185096882648
6503,-0.022669133356937318
6504,0.03363270704262768
6505,0.018441455942448764
6506,0.013220680956452499
6507,0.026992390099474448
6508,-0.007128588172756903
6509,-0.0014546275293645338
6510,0.028062152842896686
6511,0.04327563184605476
6512,-0.012305187023941119
6513,0.0638669369467641
6514,0.009189022462212029
6515,0.06408090343448856
6516,-0.019665989634904794
6517,-0.016867830485012336
6518,-0.03583309880631202
6519,0.02382141458330172
6520,-0.00015055134580870233
6521,0.006274140843357218
6522,-0.01203813802741345
6523,-0.019963188464419437
6524,-0.005374115320391488
6525,0.018547368460539712
6526,-0.04697729545550134
6527,-0.022728959177971672
6528,-0.005005526445578522
6529,-0.0020330490195091654
6530,0.00952576831446386
6531,0.07062372535114848
6532,0.023344120837556197
6533,0.04168380288213937
6534,-0.030383900726858298
6535,0.038497804408007236
6536,0.05774269015819328
6537,-0.014095143960374996
6538,0.01765253817077174
6539,0.02427001370660682
6540,0.024104933159226932
6541,-0.023961819107558804
6542,-0.004894208545091698
6543,-0.0700014432423472
6544,-0.010634937382603722
6545,0.012988884749842257
6546,0.04518238592067858
6547,-0.016254624138505206
6548,-0.0022183819434164467
6549,0.005699602677878506
6550,0.09591110799266821
6551,0.028834865772571314
6552,0.046696148003630915
6553,-0.0097897836760263
6554,-0.009837802083993239
6555,0.00815074254019072
6556,-0.032264956774051716
6557,0.033732362066746464
6558,-0.011584877720481805
6559,-0.010338383990520651
6560,-0.01123584367688773
6561,-0.01001853605520967
6562,-0.011282315867032126
6563,0.009597307152221955
6564,-0.029686888319252723
6565,-0.021150674438397202
6566,0.029000598227538792
6567,-0.0687370885484397
6568,-0.02858223348269738
6569,0.026820411133211455
6570,0.004482653730383355
6571,-0.0071902003532771964
6572,0.004415707315557944
6573,0.038326777170222884
6574,-0.021931870677894913
6575,0.003964273896268355
6576,0.01015827367361
6577,-0.0027801762841265128
6578,-0.06027317483535397
6579,0.019053912040697566
6580,-0.00576811689762574
6581,0.01572977834769167
6582,0.03911321802705184
6583,0.010751521760028368
6584,0.06879740321488649
6585,-0.05883440575630764
6586,0.006170974030121213
6587,0.0013195535803826992
6588,-0.026458406219103878
6589,0.01399615730636463
6590,0.02722691952218942
6591,-0.024917328142980283
6592,-0.0064582339106386295
6593,0.025969192634376265
6594,-0.01610527996511181
6595,-0.06804627116402286
6596,-0.053317267021823184
6597,0.030451843561934755
6598,-0.023813759535582225
6599,-0.04770104965767906
6600,0.05007602076014862
6601,0.003213182863544347
6602,-0.05701252355885457
6603,-0.0009426506103898878
6604,0.003876291694982401
6605,0.04008277993676099
6606,-0.028469243738733385
6607,0.04262852561076597
6608,0.02492027885626599
6609,-0.014852573581316017
6610,0.042914214200809965
6611,-0.0381177975441044
6612,0.05699650936881469
6613,0.0005542218244453514
6614,-0.0012931723050088357
6615,0.10054154992265028
6616,-0.042294864716006464
6617,0.022384273806528816
6618,0.03810137878073164
6619,-0.015531451556082938
6620,0.02037117333000992
6621,-0.02096920248916307
6622,0.007862479984090774
6623,-0.06338930165507337
6624,0.03662957303494331
6625,0.014440464692290201
6626,-0.054236178056571716
6627,0.021265150417609065
6628,0.02538799960663488
6629,0.04062344825683221
6630,-0.0423464778135086
6631,0.02903935100894692
6632,-0.028556513295256606
6633,0.005745249433902038
6634,0.000624173049464408
6635,0.04029672594704667
6636,0.01032343734425716
6637,-0.02937468445855923
6638,0.011606301423131288
6639,0.033058127831310985
6640,-0.02745121372302628
6641,-0.01976946181809995
6642,-0.0028044270221831346
6643,-0.03667373212223084
6644,-0.006984907411097558
6645,-0.02707290279848974
6646,-0.02056608931401391
6647,0.010042284831849643
6648,-0.0007470174610884155
6649,0.029878635464634016
6650,0.030310933565630867
6651,-0.005484370930919769
6652,-0.019609559424379242
6653,-0.022148634294418185
6654,-0.020403646246144283
6655,-0.04570823070026786
6656,0.00459692270999461
6657,0.017263670686632947
6658,0.047252963861749396
6659,0.02335309642303791
6660,-0.0011615334794020749
6661,-0.02798161106488477
6662,0.011452955336886166
6663,0.032529481291617014
6664,0.013759637856951494
6665,0.015862370459589024
6666,-0.014186666163118252
6667,-0.036841523735873495
6668,0.0014705132005395547
6669,-0.051960126799618776
6670,-0.027125275148235064
6671,0.07920262819339773
6672,-0.001659982493002654
6673,-0.07025665260505516
6674,0.045165782638081395
6675,0.017768091532066464
6676,0.00922161334569958
6677,0.02307710530851481
6678,0.03261663229395511
6679,0.0066751177619318
6680,-0.015396967204988218
6681,0.011152450389496865
6682,-0.005662356377468544
6683,-0.023102189063896987
6684,0.014636209806048484
6685,0.00892477611043168
6686,0.0018813851288178656
6687,0.00802037933017052
6688,0.011794798896846854
6689,-0.040943502994210346
6690,0.024103032226149023
6691,-0.026986095570198695
6692,-0.07430953021136583
6693,-0.02748296759348385
6694,0.027731501412433184
6695,0.023430919934218454
6696,-0.029814811548921367
6697,-0.06041463012978197
6698,-0.014352102722743993
6699,-0.007957939576041998
6700,-0.027019001003717038
6701,-0.005536700487539493
6702,0.03948194989354647
6703,0.01220462716945815
6704,-0.020190583517497952
6705,-0.005028682123262685
6706,-0.04557846132317306
6707,-0.016205372724240587
6708,0.021329300872765754
6709,0.010088063359682237
6710,-0.005351436289485081
6711,0.024360573911866325
6712,-0.050689654461173336
6713,-0.0024302849084541266
6714,0.022474260955547394
6715,0.009833637020020032
6716,-0.060377491198953824
6717,-0.0457752685557506
6718,0.011423776449052816
6719,0.01686790861143712
6720,-0.08980289174502631
6721,0.06525968238353512
6722,0.05460227413195612
6723,-0.012640728654793551
6724,0.04903627217278917
6725,0.026806731645209365
6726,0.04482792878794664
6727,-0.0767527033053972
6728,0.008641219004513586
6729,0.005916335759601923
6730,0.06722990707158323
6731,0.009128902678851972
6732,-0.05350628830149192
6733,-0.0012049599459048983
6734,0.012670677759937323
6735,0.012969705805071249
6736,-0.015949898222982983
6737,0.02151300970681932
6738,0.0404635323132717
6739,-0.0023953890645952076
6740,-0.017534645069092376
6741,-0.02591875487942968
6742,-0.015193080325581343
6743,0.07300200288552648
6744,-0.04670102299897983
6745,0.005191668809514787
6746,0.061601329012470875
6747,0.058026440002689535
6748,0.004814449766551588
6749,0.013095508573500173
6750,0.015785674282003788
6751,-0.04636409451087839
6752,-0.018034617994798465
6753,-0.0026754754620124115
6754,-0.04040863997979035
6755,0.00918967225099939
6756,-0.02294976327736761
6757,-0.0458883417091578
6758,0.0032997225205132737
6759,0.015155461993626126
6760,0.032571478022349595
6761,0.010688165628029085
6762,-0.024228731291330633
6763,-0.0074492810674527815
6764,-0.054018812358378895
6765,0.021096404212280883
6766,-0.004374292158720716
6767,0.006394049952251532
6768,0.018569139617581755
6769,-0.00937379924892642
6770,0.049282026536181314
6771,-0.017574751111790576
6772,-0.020371589986493587
6773,-0.026674824280747418
6774,-0.04843620175160428
6775,-0.025946962993326696
6776,0.007159757783037328
6777,-0.007062892398122573
6778,-0.002384453024838117
6779,0.02946661783600554
6780,0.00011696281986921722
6781,-0.03887632292808002
6782,-0.04562599938227994
6783,0.033470666356750854
6784,0.006952265945009958
6785,-0.06700859360737298
6786,-0.005607342860623685
6787,-0.02150600689223977
6788,0.009103915302369049
6789,-0.02158721227863063
6790,-0.004976067497452165
6791,0.009650365495523982
6792,0.03516048877604067
6793,0.010334435723602115
6794,0.041644621536452965
6795,-0.006829849001283804
6796,-0.04297362650817432
6797,0.030286563383887057
6798,-0.012908122318570624
6799,0.01993030234846134
6800,-0.051133755122408794
6801,0.04770487771239385
6802,0.01466895796176282
6803,-0.04826524382371736
6804,-0.001234327146150871
6805,0.009943232427972683
6806,0.045144618645401695
6807,0.00961968701429648
6808,0.04001385528358332
6809,-0.014921523811472987
6810,0.030013298184908926
6811,0.005767808376735948
6812,0.020568699947476333
6813,-0.02405070048003711
6814,0.010953982603516495
6815,-0.03324418455166021
6816,0.014363716534822716
6817,0.04345215694377899
6818,0.03338393970127019
6819,-0.022157791798120628
6820,0.004201616051750174
6821,0.018421027991748034
6822,0.007603665795077908
6823,-0.027073976943300635
6824,-0.06371310674373452
6825,-0.0004917070496295974
6826,0.011293487560099283
6827,0.01515929556287004
6828,-0.026035343719268713
6829,-0.049525272515339405
6830,-0.015582707730243632
6831,0.009711569817272545
6832,-0.005616598224324795
6833,-0.0036494273210952795
6834,-0.00869755666794677
6835,0.02882633841818695
6836,0.013313384755436575
6837,0.025112565814471795
6838,0.015065053008030826
6839,-0.01860851126356701
6840,-0.038955777644695204
6841,-0.0076866503090810764
6842,-0.042393797806695985
6843,-0.06341280006792713
6844,0.024365324762453712
6845,-0.00680276241320247
6846,-0.033066429787984256
6847,0.04666117602562958
6848,-0.004814182654970136
6849,0.10665187707516362
6850,0.012369991853881636
6851,0.016067396996046167
6852,0.04135144154821486
6853,-0.026085610351744525
6854,-0.017380820007175328
6855,0.017584492005190758
6856,-0.04260665492316072
6857,0.04058806209873707
6858,-0.05166456647527873
6859,0.01059190112655888
6860,-0.024950149310416794
6861,0.025060262677189513
6862,-0.03263782512188097
6863,-0.005594973799428517
6864,-0.03492815377946042
6865,-0.06620508622971838
6866,0.043730976699473484
6867,-0.04040533475876165
6868,0.0033533335295729983
6869,-0.030050160611757123
6870,-0.04121720124455741
6871,0.06333906243602853
6872,0.0210361786612239
6873,0.011085461445557903
6874,-0.004314787386428193
6875,0.02663977935352483
6876,-0.023985472816468026
6877,0.017235327625079445
6878,0.03836362282300991
6879,-0.030681329271900565
6880,-0.06544777264561198
6881,0.02018906530459923
6882,0.010064816237769267
6883,-0.03148915571774957
6884,-0.003684032875174242
6885,0.00353011832302862
6886,-0.016931193033426176
6887,0.029171972854551257
6888,-0.0008692623888416567
6889,-0.02061889396883145
6890,-0.010287206516498823
6891,0.07950379937055439
6892,0.000306595253674118
6893,0.038700387402739456
6894,0.014120535222110878
6895,-0.017047733175039367
6896,-0.0006418057483837484
6897,-0.029160791014494418
6898,0.04010099109477768
6899,-0.030173669833444168
6900,0.014077007584688817
6901,-0.05905092771898235
6902,-0.0016854905628611173
6903,-0.024985694797594524
6904,0.08255606876065691
6905,-0.0708819562707707
6906,0.015767527887548066
6907,-0.01261793325334532
6908,0.018491131749432455
6909,0.029539141204417543
6910,-0.05731764027053962
6911,0.03209041860308824
6912,-0.03683458633769346
6913,0.010846745473119179
6914,0.01565524770968412
6915,0.012091240446142
6916,0.001681864892845053
6917,-0.015665351219768073
6918,-0.013932432330844237
6919,-0.03330588031404573
6920,-0.017001461616441203
6921,0.03207787277735374
6922,-0.06751844816571603
6923,-0.02533130631684712
6924,0.020545032772002893
6925,-0.011881844606551504
6926,0.013352159358181239
6927,-0.005308406237800254
6928,-0.0618185363421771
6929,0.0077462154736036015
6930,-0.027912076576452106
6931,0.06268192519052126
6932,-0.012763431369679955
6933,0.01443200902812405
6934,0.020496371317857438
6935,0.004572719475338787
6936,0.02784181323117538
6937,-0.06497162483102463
6938,-0.015411726759718178
6939,0.015837486031498153
6940,0.046787525791299814
6941,-0.051850632102634436
6942,0.012624383354771451
6943,-0.07248027712245356
6944,-0.013112772080044199
6945,0.02379568080589044
6946,-0.010866356394434264
6947,0.026789300119795776
6948,0.029501924544413024
6949,-0.04963449354105672
6950,-0.006667961535337518
6951,-0.005995486172418856
6952,-0.04352704703678216
6953,-0.014613471411741193
6954,-0.007165358380333306
6955,-0.06495469551043673
6956,0.017377562453337526
6957,-0.01004729916375958
6958,0.003743162620447754
6959,-0.03775180783834841
6960,0.0074698875745886064
6961,0.03726179292545898
6962,0.046389088807756156
6963,-0.02674626318584163
6964,-0.022074952888327046
6965,0.0031416372809376365
6966,0.028600477576630527
6967,0.005646867999567577
6968,0.0352236585191505
6969,-0.009185293709124132
6970,-0.04863603233580389
6971,-0.0017169588339790713
6972,-0.005982078898069214
6973,0.012131263576084357
6974,0.007171296108525061
6975,-0.0037334663358519855
6976,0.011521906211856173
6977,-0.0020616996618138964
6978,-0.018685603392682843
6979,0.013896092582850171
6980,0.010825493614970276
6981,-0.0012837971833881661
6982,0.013589671392342243
6983,0.009879391244258053
6984,0.002195168712021887
6985,0.013213124054545078
6986,-0.019370026289767875
6987,-0.005578527974391976
6988,-0.010291625223293747
6989,0.04388312272021775
6990,0.03869164593429827
6991,0.03115788834351099
6992,0.022639294127231705
6993,-0.04232488589445393
6994,-0.022421377192884367
6995,0.025698281535688393
6996,-0.024963126151085903
6997,0.007570007080501579
6998,0.05632467750273286
6999,0.050911971058512445
7000,0.003993875703719233
7001,-0.011928792786937962
7002,-0.06104666170432959
7003,0.04131932881773462
7004,0.008894546445613275
7005,0.007475982733412793
7006,-0.003710222104546936
7007,-0.011786457748777852
7008,5.62361105845107e-05
7009,0.010988910680602686
7010,0.006213896224474476
7011,-0.017596363003094462
7012,0.013708538802985466
7013,-0.009369417774327803
7014,0.002898818037752049
7015,-0.02070542092647525
7016,0.05637968065233592
7017,-0.010475189577225088
7018,0.045153990262895675
7019,-0.018472339581296994
7020,-0.009157675611785963
7021,0.006700735313879329
7022,0.001143492561260457
7023,-0.0011929710990355254
7024,0.002089369175193666
7025,-0.028207843085336203
7026,0.0328708227002067
7027,0.03241788507639616
7028,0.003267805979597337
7029,0.002895907509385229
7030,0.011867933961624756
7031,0.020620469534897153
7032,-0.023587127104480927
7033,0.02066746389098992
7034,0.02921971798920142
7035,-0.05069869070468514
7036,-0.03653983501387008
7037,-0.006297675145914272
7038,0.009785330273319355
7039,-0.010126293570247325
7040,0.045252439048076847
7041,0.019965876252773518
7042,0.01852174254031633
7043,-0.011814616234594623
7044,-0.031051077154528726
7045,0.005505928459022919
7046,0.017899797305060236
7047,0.011199481298804085
7048,0.005430310974968287
7049,-0.013005072731425068
7050,0.00788030492062988
7051,0.03102879483265456
7052,-0.0001439654221195874
7053,0.012160602698321478
7054,0.0005919353959648293
7055,-0.040180805987117686
7056,0.00358882612941565
7057,0.035890760915922776
7058,-0.008708664555868106
7059,0.01471521601763706
7060,-0.05592963864257943
7061,0.019144126038505297
7062,0.01015871121951524
7063,-0.003154898159193226
7064,0.012109793245894694
7065,0.0023258377025511335
7066,-0.0118254249908686
7067,0.03560518069050196
7068,-0.0038182156680244927
7069,-0.027350645197107032
7070,-0.0024148518495313584
7071,-0.016159142384116153
7072,0.05826770909884067
7073,0.031627011333427685
7074,0.04446653133627674
7075,-0.024415074938931157
7076,-0.01006364351038628
7077,-0.03483069776993694
7078,-0.03315547287057756
7079,-0.008362386765789506
7080,0.016138582054940783
7081,-0.03168612233621725
7082,-0.01557736491371149
7083,0.010441555676731084
7084,-0.01751804589419882
7085,0.0071592688124994626
7086,0.013339994734251043
7087,0.028070845248830273
7088,-0.01179727531809632
7089,0.00893299417730227
7090,0.02570613014621975
7091,0.018319347539598786
7092,-0.012769527949301739
7093,0.04663980044172605
7094,0.01749223971089974
7095,-0.014426878625871982
7096,-0.05346086070999838
7097,0.003985631571000617
7098,-0.028161877003305684
7099,0.006869844891826061
7100,0.0017961171002008618
7101,0.0083455222065688
7102,-0.04052632051263824
7103,0.008641798857946059
7104,-0.0008910960147889962
7105,-0.0021808239959795086
7106,0.02530705354272649
7107,0.012021954388668302
7108,-0.03401623131559355
7109,-0.012607303312824876
7110,-0.020630853469822366
7111,-0.016450578505051928
7112,-0.0553658736932987
7113,0.011071937027248872
7114,-0.02992650424652467
7115,-0.028577413686373253
7116,0.03523422691467582
7117,0.015020770656965679
7118,0.01766971598218143
7119,-0.008459305986889109
7120,0.020100124213798358
7121,-0.00167089536642398
7122,0.016405516793584766
7123,-0.01704290450505134
7124,-0.01298963369557373
7125,0.017509243994412838
7126,-0.076406747996023
7127,0.01753844723724632
7128,-0.026611927038722574
7129,0.019815896785829092
7130,-0.023214502639849963
7131,0.004474902272474966
7132,-0.03649095004482826
7133,-0.013686516901452938
7134,-0.005208981076891485
7135,0.03544508292329714
7136,0.014520952504393402
7137,-0.01364155572582506
7138,-0.012943663900777348
7139,0.02711169017894071
7140,-0.001251894153390008
7141,0.03475090831014018
7142,0.027733095222554904
7143,0.029140544825427887
7144,-0.0009605230799977685
7145,0.027299002886192993
7146,0.03247019404602262
7147,1.9374515291441757e-05
7148,0.013494901358537462
7149,0.028316590653260105
7150,-0.014076503471361768
7151,-0.018868722039027452
7152,-0.019281818662782148
7153,0.0012387506593905424
7154,0.013158715438753516
7155,-0.0032593273760312346
7156,0.02364417535222321
7157,0.021496505679146342
7158,0.011817853054581644
7159,0.003941357061765498
7160,-0.0049607286304767795
7161,-0.027977578234816027
7162,0.0075278304978429415
7163,-0.02391913707735132
7164,0.013948119910196677
7165,0.03259574652683051
7166,0.008899977535403237
7167,-0.06305799190162287
7168,-0.012870361967020181
7169,0.013536713329916924
7170,0.03284106825400119
7171,-0.013970218437671298
7172,0.04739392976441145
7173,0.04663067238206804
7174,0.040459049550552566
7175,0.0003288445625249685
7176,-0.017763673085110038
7177,0.036696389666565875
7178,0.02648775157705463
7179,-0.042480922831414206
7180,-0.00442845640393215
7181,-0.029770469730042066
7182,0.06293521774402658
7183,0.017174944536777658
7184,-0.025273260380497327
7185,-0.0195907420923511
7186,-0.04369488003261133
7187,-0.012382284218742082
7188,-0.02853779575555612
7189,-0.0037626379836005266
7190,0.035012037662343364
7191,-0.03639512143189631
7192,0.032350797515792985
7193,-0.002849577006704337
7194,0.04351816827111143
7195,-0.02608734255654263
7196,0.03797336228646772
7197,0.036655781160174365
7198,-0.024443317258381073
7199,-0.03103459838264698
7200,-0.05156097642908056
7201,0.010859372589527407
7202,-0.0050458018530669885
7203,-0.06277767059111286
7204,-0.01274296272469374
7205,0.01038755858036233
7206,0.024344495542158194
7207,-0.03950098649801237
7208,0.029038367515389053
7209,-0.01560905636037463
7210,0.025869590785215082
7211,-0.023264104313210104
7212,0.009436833092328765
7213,-0.00200545084676869
7214,0.016406963182808296
7215,-0.02355547487887348
7216,0.020071970125974035
7217,-0.024196658186209506
7218,0.05807988365180593
7219,0.02960714700973509
7220,0.024002233573765658
7221,-0.019434735692269955
7222,-0.02453904176922268
7223,0.013599903075254615
7224,0.013670658918187098
7225,0.05624319827682053
7226,-0.018044180682620602
7227,0.06091457301930062
7228,0.01796050178133248
7229,-0.0005913797634543832
7230,-0.030020868681668596
7231,0.01568319213441609
7232,-0.011109990721187011
7233,-0.013904808204329995
7234,0.03755506827452976
7235,-0.008955881544645295
7236,0.007392892754328784
7237,-0.05772539279516033
7238,0.014057414449541965
7239,0.027605363863670945
7240,0.042934629522244555
7241,-0.03917404046882699
7242,-0.04379892479766666
7243,0.0018129174196196997
7244,0.031932389536897546
7245,-0.0029700972340799287
7246,0.003290787370636196
7247,0.007852599290100645
7248,-0.001212180464310032
7249,0.0656983209254009
7250,-0.003957554877335353
7251,0.006722348872823201
7252,0.01871824360249692
7253,-0.027757310771855243
7254,-0.02407736470833867
7255,-0.005868638558476453
7256,0.08421087439009331
7257,0.030878227719552908
7258,-0.05541768691496972
7259,0.046695346991094684
7260,-0.01956575686706607
7261,-0.047345685292731775
7262,0.009739035918819453
7263,0.010781975142060599
7264,-0.011412817297811389
7265,0.005947534206130169
7266,0.00568006117202309
7267,-0.014713043578047712
7268,-0.0009286380722940263
7269,-0.014026975946024768
7270,-0.015118946080799334
7271,-0.025244889937451942
7272,0.03142591717313244
7273,0.08240774962499839
7274,-0.025937628886287666
7275,0.0611143100261439
7276,0.027324349509432015
7277,-0.0033132830290498318
7278,-0.005264118928435538
7279,0.017535292852523546
7280,-0.024099914466230544
7281,-0.051437154273214686
7282,-0.01236342105936813
7283,0.001628826807842284
7284,0.02643554159580834
7285,-0.037409234311312364
7286,-0.025352145736265
7287,-0.012611822077647467
7288,0.021568844339429752
7289,0.00634878028679125
7290,0.05766748578980159
7291,0.021836325089757337
7292,0.05026500437464067
7293,0.0032023955993309996
7294,0.014318190170501868
7295,-0.00544310824943881
7296,0.05011169465731982
7297,-0.010432424891083604
7298,-0.00507668790292232
7299,0.057276968893651095
7300,0.017519875807580767
7301,-0.04295541901461352
7302,0.01761814434422272
7303,0.011508169869010591
7304,0.016597830727480705
7305,0.014022135182094119
7306,0.0381981327355912
7307,0.01460910979400991
7308,-0.019243542940916285
7309,-0.008812717457389726
7310,0.035627982636241534
7311,0.018655126622827117
7312,-0.00213257526203827
7313,0.02875612448770686
7314,-0.02111307817807845
7315,-0.012665592620955115
7316,-0.026705145614565516
7317,-0.019126738030522866
7318,0.05065054118243184
7319,-0.04850452841675027
7320,0.013658524019250233
7321,-0.014991528761138797
7322,0.03551405575119455
7323,-0.008927349972085346
7324,0.04737930830733217
7325,0.01460172768821985
7326,-0.025590183347164612
7327,-0.001118160738271638
7328,0.011162241850201874
7329,0.016466084728257644
7330,0.03203675747001227
7331,0.013409068978124874
7332,-0.0018888211907554407
7333,0.003559698451610663
7334,0.007652389058607444
7335,0.01783363362446265
7336,-0.027035360600143745
7337,-0.038979872492995615
7338,0.04301197293232078
7339,-0.02302516768583271
7340,0.008471457860734458
7341,-0.10470891265795762
7342,-0.00987428454405915
7343,-0.07271193291775274
7344,-0.017236278083411397
7345,0.011339193877372419
7346,-0.0023548281476883466
7347,0.009459808486546265
7348,0.04289790180381806
7349,-0.008699129273555832
7350,-0.02509283541317631
7351,0.017029614834495003
7352,0.01492884635384593
7353,0.05066351050723638
7354,-0.06243595883111324
7355,-0.00555886283909314
7356,0.06600517965745649
7357,-0.006687281064637266
7358,-0.02515989982298786
7359,0.045506456902725846
7360,0.03217468068897382
7361,-0.027400247095270253
7362,0.011986032313971755
7363,-0.011726818205231896
7364,0.01444571257376677
7365,-0.004533527837103863
7366,0.015684489035022335
7367,-0.037621385255439316
7368,0.019095769787489114
7369,-0.002586286533674516
7370,-0.010382667629229013
7371,0.00021490632613397462
7372,-0.0009721737720691338
7373,-0.0014903944167206978
7374,-0.020017023592407313
7375,0.0047662422208194135
7376,0.06144882865214979
7377,0.015321092362353149
7378,-0.05443717083066777
7379,0.05807083609030718
7380,-0.012358461470360616
7381,-0.007526876830914458
7382,-0.018137187347012567
7383,0.02915296244552667
7384,0.04500523454065563
7385,0.04334829252383791
7386,0.004968875722730084
7387,-0.004765732631434382
7388,0.028586577506414513
7389,-0.019207429951983053
7390,0.022689586183932204
7391,0.0962160861720939
7392,0.0005042706646876591
7393,0.03204182422324472
7394,0.0392559984389374
7395,0.0766263338108187
7396,0.0273716025469824
7397,-0.01904863992035491
7398,-0.051388864776279145
7399,-0.008292899718384417
7400,-0.012376892322164686
7401,-0.032976562940136386
7402,-0.02750701509304285
7403,0.04441503246373102
7404,-0.019962862497639518
7405,0.05062061536914579
7406,-0.024885321912451637
7407,-0.0068739302112114575
7408,0.030297349947163644
7409,-0.01830190810393844
7410,0.025457092576019323
7411,0.03189831896776807
7412,-0.021156295103423563
7413,-0.011598800948320255
7414,0.036107523787789655
7415,-0.0023824693256524407
7416,-0.02814458556013882
7417,-0.014508673982034809
7418,-0.04847078238065557
7419,0.0257632022519272
7420,0.006287091256469679
7421,0.01477393112003481
7422,0.021461441554616538
7423,-0.033296030191456154
7424,-0.050481950727322276
7425,0.008943927618899136
7426,0.03394164488974297
7427,0.022509139617778687
7428,0.03392348546214883
7429,0.02014369309474822
7430,0.031389740398349054
7431,-0.008379158859361132
7432,-0.06545027077990208
7433,-0.02473272899349584
7434,0.006978429780397227
7435,-0.02678532889706168
7436,0.018328598404252834
7437,-0.008858528314232832
7438,0.021746023671962357
7439,0.004971129891036943
7440,0.03289459835014485
7441,0.01599306645646158
7442,-0.006272924933840135
7443,0.0375702229831835
7444,-0.02589467398348849
7445,-0.0010301430235888712
7446,0.04463754900790268
7447,0.013797246221963896
7448,0.028031104952015214
7449,0.03821910731186114
7450,-0.0348639104957697
7451,0.014809497803865725
7452,0.0018924874610607555
7453,0.049721896639365264
7454,-0.03840099346618438
7455,-0.027495137873953898
7456,-0.04197269707480631
7457,0.03698221124603958
7458,0.015253696355323856
7459,-0.010261045132504394
7460,-0.013820905666700028
7461,0.03079480789309445
7462,-0.031856897539950864
7463,0.02468699090796874
7464,0.0647415327873059
7465,0.05628794214438305
7466,-0.0033574087302026575
7467,0.014669716293409357
7468,-0.027560631282217165
7469,0.02735729851689576
7470,-0.04328529388904398
7471,-0.0012973829317178688
7472,0.05022573897635057
7473,-0.014649103027586569
7474,0.02931979537209816
7475,0.005407536293744696
7476,-0.005964027757939889
7477,0.00657030848381745
7478,-0.0015783637155384089
7479,0.002783338090572025
7480,0.02301708176299941
7481,-0.048236861928723854
7482,-0.008615549326164387
7483,0.019701047409882794
7484,-0.04526891289861613
7485,0.020230039484577213
7486,-0.08851046534407399
7487,-0.004860026078363649
7488,-0.013605488626388
7489,0.020269827840029942
7490,0.07322918338819397
7491,0.016877344305404086
7492,0.041765892512438854
7493,-0.003282314513126306
7494,-0.03277113441675898
7495,0.015790242378596178
7496,-0.0004534874219769327
7497,-0.010421853816100661
7498,4.79710589552574e-06
7499,0.022627936511921028
7500,-0.01551210354057813
7501,0.05331725673026574
7502,-0.039188312972940155
7503,0.03097168434345494
7504,-0.008338945698142695
7505,-0.015463554798737983
7506,0.007285358876025015
7507,0.03892475331638697
7508,0.013700288627226206
7509,-0.021874638806220943
7510,0.003888700453061888
7511,0.015285333524936813
7512,-0.02191305512306207
7513,-0.046390207511956716
7514,-0.015318840709550743
7515,0.002681105522651449
7516,-0.007925642855440916
7517,0.06276659048315125
7518,-0.01699406113947142
7519,0.00447407739600867
7520,-0.06610220504185997
7521,-0.016006456757150195
7522,-0.04013509111550003
7523,0.04456930683936248
7524,-0.012043145300649104
7525,0.009803561282256306
7526,-0.058226101628772814
7527,0.036377072383907284
7528,-0.041804642212229924
7529,-0.06606465075474297
7530,0.025662170374427255
7531,-0.010264740259960188
7532,-0.009068949527807976
7533,0.013927087557592185
7534,-0.023937566038444078
7535,-0.033269788096402936
7536,-0.01318780650487278
7537,-0.019087023683876318
7538,-0.012809436853640914
7539,0.02800387935129413
7540,0.030244627185987815
7541,-0.05057874964337063
7542,0.0065665655424205285
7543,0.01790521364298418
7544,0.095255702216451
7545,-0.07370080142175393
7546,0.0013430248873353805
7547,-0.014614517260206244
7548,-0.08899817831816652
7549,-0.023566346469202706
7550,0.01506881844868411
7551,-0.02994498647985748
7552,0.010277314840097258
7553,-0.043960073315200195
7554,-0.02298331391687825
7555,0.016792249288867425
7556,-0.027097572610170775
7557,0.008818969325308209
7558,0.05930849456878974
7559,0.022252642829127936
7560,-0.04936466879777431
7561,-0.0043442499984257255
7562,-0.029615112687381994
7563,-0.021871202870861473
7564,0.049435223622775894
7565,-0.05635092262555841
7566,-0.05989953682050293
7567,0.03619383595929394
7568,-0.04871741404983484
7569,-0.047317489587957666
7570,-0.007588616874944593
7571,0.02263374892491623
7572,0.03080064173474859
7573,-0.034845783052824035
7574,0.002320897765528691
7575,0.0423921098171805
7576,0.021884831774562023
7577,0.01564178170295089
7578,0.03267734001891287
7579,-0.013248344976158349
7580,-0.004393224315888625
7581,-0.022988765218432603
7582,0.006378592177008057
7583,0.0006747679994587236
7584,0.07345856175242753
7585,0.014776448647405172
7586,0.001428929867726223
7587,-0.007259958755135194
7588,0.006084752821588662
7589,0.005830102075294869
7590,-0.05964979732876149
7591,-0.01247447565143008
7592,0.022303582481281056
7593,-0.04151030723612265
7594,0.023596252350542076
7595,0.009094474666205884
7596,-0.014461987761912461
7597,0.005241725936823796
7598,-0.02524975419126284
7599,0.01903590598085153
7600,0.00930301076503451
7601,0.003293098481972913
7602,-0.052942465631480216
7603,-0.05415820935804186
7604,-0.03931756960250258
7605,-0.06825332289373764
7606,0.013100451252274013
7607,0.00214182763951986
7608,-0.035711146776112715
7609,0.013275694948328195
7610,0.03075400980588295
7611,0.0033365259987493934
7612,-0.01913113093077037
7613,0.014443605734158505
7614,-0.05539996708318252
7615,-0.040026981094812446
7616,-0.020256123771102672
7617,0.023332836988452985
7618,-0.023270836560523634
7619,-0.015288056785846622
7620,0.04789845093210561
7621,0.0162226693209397
7622,-0.001763532576828658
7623,0.005229328754059802
7624,0.05488114414740204
7625,0.027009521108145095
7626,0.0130017889247568
7627,0.03121805554830826
7628,0.004355599860615252
7629,0.07836635464446406
7630,-0.014954034872510565
7631,-0.0062255684172209174
7632,-0.027648976453417903
7633,0.053796772692818136
7634,0.019713351667359297
7635,-0.04963892859752754
7636,-0.00637277428627001
7637,0.010913454929998454
7638,-0.013094602678872119
7639,-0.01624988946275028
7640,0.05007298434171565
7641,-0.04663395805808746
7642,0.01763114978051228
7643,-0.014067991882733652
7644,-0.05902279578513808
7645,0.04447105963654507
7646,-0.03709917518816444
7647,0.029081488105015423
7648,-0.004827056642538595
7649,-0.02580477935778153
7650,-0.018735930352140818
7651,0.012624730501403463
7652,0.013991817242898129
7653,-0.029447550669637404
7654,-0.004434667494202645
7655,-0.009535845804154196
7656,-0.01074961165095792
7657,-0.03721154485317671
7658,-0.010689265772928766
7659,-0.013446104943852363
7660,0.03177994105848499
7661,0.009775131439214073
7662,0.03805232021590045
7663,-0.009480817922521754
7664,0.006153442543442663
7665,0.0003207569976407981
7666,0.03340178877042752
7667,0.019501760257726434
7668,0.036292104658412976
7669,0.0033813484330653316
7670,-0.04787905338445263
7671,-0.010508101539708856
7672,0.029677512759954776
7673,-0.05509708089155008
7674,0.013227691543693123
7675,-0.021729350936859133
7676,-0.009064116318821865
7677,0.02857336888841788
7678,-0.01522497200815089
7679,-0.030573114548627565
7680,-0.023822833410715664
7681,-0.006297848328876139
7682,-0.037010849660271516
7683,0.02659061524352066
7684,-0.019290237458162166
7685,-0.07606728554694303
7686,-0.05677707281285642
7687,-0.012728123926779158
7688,0.012116828855677303
7689,0.021454871710947565
7690,-0.013541228607698283
7691,0.03113502738779018
7692,0.03445752504493599
7693,-0.029694811826060312
7694,-0.028298742631852367
7695,-0.007314186801438982
7696,-0.027542072210183444
7697,-0.004352449292668895
7698,0.0039677388119085085
7699,-0.07165921619116272
7700,-0.037727454139203635
7701,0.010059700048591452
7702,-0.001877580463480372
7703,-0.022401602913436014
7704,0.0113321571891675
7705,0.03177286465394859
7706,0.041008066938262935
7707,0.06662356338969916
7708,0.024696997748978856
7709,-0.006468969313003021
7710,-0.05189438845827276
7711,-0.04060144673923961
7712,0.0031040756791340042
7713,-0.00903638396757722
7714,0.04430360845049364
7715,-0.026947010459235324
7716,-0.004528968541249634
7717,-0.0176964781601366
7718,0.01211500916960808
7719,-0.0013501153981758773
7720,-0.007188336353711225
7721,-0.02776337874102254
7722,-0.05265119187298607
7723,-0.04398314266706896
7724,0.013830252505795127
7725,0.016664063442023876
7726,0.0035493141742702593
7727,-0.06421139944536933
7728,-0.03178056173714417
7729,0.0008970891337465022
7730,0.013768802331966493
7731,0.05468019991902684
7732,-0.022146011193048133
7733,-0.06860309490740764
7734,-0.026925738387428108
7735,0.04069291153794701
7736,0.008616373581904323
7737,0.03965628542563486
7738,0.0515492030825894
7739,0.011115684596498518
7740,-0.027375404134426035
7741,0.00234835272044077
7742,-0.009025295988025315
7743,-0.04418972759062343
7744,-0.007985960920959004
7745,0.021655441787986958
7746,0.0022341063531927216
7747,0.016992148997044536
7748,-0.03715453950546874
7749,-0.009070865831432212
7750,-0.004516202693026334
7751,0.030791490344560832
7752,0.016260602857802182
7753,-0.03221931331397792
7754,0.00011954224882812092
7755,-0.008327451782520017
7756,-0.008933969328119991
7757,0.0010439504712193137
7758,-0.09333826194109873
7759,-0.017434825642119053
7760,-0.032260777109625514
7761,0.03321702899638054
7762,0.05570895790544056
7763,-0.01906507429964183
7764,-0.022555776026563244
7765,0.0034567744127765488
7766,0.018419635155711798
7767,0.0012099964224825128
7768,-0.014997749563346692
7769,0.023751894165867142
7770,0.030866843362035382
7771,0.04619599600754465
7772,-0.008834997680084443
7773,-0.035836876156838386
7774,0.016485664266967553
7775,0.031353824860958814
7776,0.0390183611571025
7777,0.0018086353131243453
7778,-0.015347452130267543
7779,-0.03627275535667475
7780,0.06145591620867667
7781,0.0040995331285189
7782,-0.006624269950184025
7783,-0.006445917938346251
7784,-0.006359145580417651
7785,-0.017085221661742346
7786,0.03263446568960728
7787,-0.04460713925601604
7788,0.017761937270105565
7789,0.034915694884300345
7790,0.0028946759440289177
7791,0.004569892344401624
7792,0.03917133320011573
7793,0.04989802016042511
7794,0.028764855313634426
7795,0.029021397607862105
7796,-0.016429943077219532
7797,-0.07557239669556087
7798,-0.01704826105912331
7799,-0.002614907276926224
7800,0.015376450999711992
7801,0.021932587285895838
7802,-0.025077211617172794
7803,0.00996905131940032
7804,0.0004193224983714808
7805,0.03958644795823569
7806,-0.0109677188903339
7807,-0.013857803759863174
7808,0.05137056530335142
7809,0.021155103392787523
7810,0.0004881620766257287
7811,-0.018384598528491492
7812,0.023120425686711903
7813,-0.06135627684753689
7814,0.021709204059018772
7815,0.022383623669469235
7816,0.0012821815530147287
7817,-0.03336382608937499
7818,0.0016956759212936772
7819,0.021300686514803935
7820,0.07790227804003343
7821,0.012468991114817772
7822,-0.03188578258150838
7823,0.0711354088378389
7824,-0.02404464832580679
7825,-0.008371792557068143
7826,-0.030990163367769007
7827,0.009164124865183455
7828,-0.015539082459062837
7829,-0.03441648372808934
7830,0.0003021820692119686
7831,0.06061169321244076
7832,-0.02362171117302802
7833,-0.025372830798726157
7834,-0.014215298339342796
7835,-0.054567383359793706
7836,0.03781794456659757
7837,0.033412488406172454
7838,0.018074797232791755
7839,-0.016308471083525906
7840,-0.004353875252114926
7841,0.00715981438998873
7842,0.036494149428904714
7843,-0.0012516616230700017
7844,-0.0024352690196776513
7845,0.008030316480031264
7846,-0.01925078095646708
7847,0.03337548787593164
7848,-0.013901144778398414
7849,0.03871464932102318
7850,-0.0471711341360504
7851,0.03373324195386055
7852,0.020125868628335153
7853,0.01984988947442423
7854,0.031187581178594048
7855,0.0005074489470048866
7856,0.0036708115658269343
7857,-0.030576797459099445
7858,0.006485077712323956
7859,-0.021163402935146198
7860,-0.008469268032667773
7861,0.029167552113337204
7862,-0.013610321222695522
7863,-0.021767452653860344
7864,-0.017419492716100892
7865,-0.018630322410320952
7866,0.010289095918988862
7867,0.0003181907228309566
7868,-0.005447283268758601
7869,0.007016549210553391
7870,0.004722076425967364
7871,0.030588841030246422
7872,-0.009129409939952385
7873,-0.044140703705085355
7874,-0.016421306142000516
7875,-0.07727919037149926
7876,-0.029972606065374458
7877,-0.024719264529394245
7878,-0.014718664426152023
7879,-0.0271154259219387
7880,-0.0021523809594684038
7881,0.021717355955030625
7882,-0.037675912265113076
7883,0.038113547160861835
7884,0.00813951736437862
7885,0.03128915180928842
7886,-0.01729713907824458
7887,-0.0041999756781005955
7888,0.009534228308608115
7889,0.00853742737828771
7890,-0.027443277972586316
7891,0.009553800546081936
7892,-0.014020857940053614
7893,0.018154196118214255
7894,0.08109520551664348
7895,-0.009597496521010591
7896,-0.01629997051602845
7897,-0.04158633456448557
7898,-0.050340388351770446
7899,-0.05025561596674247
7900,-0.010496352913726416
7901,0.008377791019958936
7902,-7.820348151330968e-05
7903,0.031067299457976354
7904,0.07037816200454655
7905,0.032515201727692705
7906,-0.04108865659479341
7907,0.008095540374671856
7908,0.014166814604986505
7909,0.023525872262378737
7910,-0.0480997291009084
7911,0.013109195235665403
7912,0.024305499535261565
7913,-0.00035667968847502373
7914,-0.034035596662153944
7915,0.0007585928808199014
7916,-0.037869429184926334
7917,0.016494414963512897
7918,-0.041574124132880086
7919,-0.02372114012166713
7920,-0.007225732968861347
7921,0.028414827035763982
7922,0.03195126132131886
7923,-0.03364876622529293
7924,-0.018865083938960144
7925,-0.00886310948451081
7926,0.02483210558800081
7927,-0.036773694821676924
7928,0.04984788497102089
7929,0.04960165957615863
7930,0.006770764692207885
7931,0.011066497114168015
7932,0.013037537027594484
7933,0.012618708112092994
7934,0.010717473766541799
7935,-0.01951707743666568
7936,-0.012321729268887563
7937,-0.002733588450895803
7938,-0.052898742127927584
7939,-0.02250243596323278
7940,0.027949190924051636
7941,0.016533798960201858
7942,0.004987065498688522
7943,0.038307677244885444
7944,-0.03477438572912468
7945,0.051880863118033076
7946,0.009660990920749263
7947,0.009698760829628065
7948,0.00687341843749557
7949,-0.05730657186457329
7950,-0.015991097378887643
7951,0.0008325592593108552
7952,-0.007249527915498525
7953,-0.06247320673032132
7954,-0.0028612245673154788
7955,0.014906921512133202
7956,-0.018931861895459076
7957,-0.06659290528119759
7958,-0.021847426129729806
7959,0.023143129090520118
7960,-0.024394754245501433
7961,-0.055055814791329705
7962,-0.01825919667372202
7963,-0.01655284713960568
7964,0.06048808480884322
7965,0.020220746836940764
7966,0.011917700999004044
7967,-0.013178010221292183
7968,-0.013952752098934705
7969,-0.05213921970390399
7970,0.03783079850733054
7971,-0.04919509972544143
7972,-0.021559112817212903
7973,-0.041544485435508795
7974,-0.013786118236398113
7975,0.026071485278158005
7976,0.010314992222314023
7977,0.024940782138864515
7978,-0.0016689910431812978
7979,0.0228997514332698
7980,0.008603092067791461
7981,0.03767863549794958
7982,-0.029870033421775286
7983,0.010219641434572399
7984,0.018936728034824955
7985,0.07428361612598255
7986,-0.023731079429184888
7987,-0.0625836837280271
7988,0.032883765065668764
7989,0.007062424805391365
7990,-0.0090635112565451
7991,-0.015644292719927157
7992,-0.006067828427956814
7993,-0.019354408313555872
7994,0.012630280918337004
7995,-0.007143621587503736
7996,-0.051340043399877786
7997,0.01675858520728765
7998,-0.022659348422096156
7999,-0.003922083698249255
8000,0.07878148419082767
8001,-0.0520475473899226
8002,0.0010761067574033265
8003,0.026635582949545
8004,-0.012965879984754796
8005,-0.03267109229274168
8006,0.0040499767017280214
8007,0.024419853690810872
8008,-0.05736822406829871
8009,-0.011507576605676789
8010,-0.0008792165709331001
8011,0.027985927364079954
8012,-0.03510056086400752
8013,0.020217608044251316
8014,0.0020754810670403855
8015,-0.034330846948524896
8016,-0.025812894689174352
8017,-0.004448292192995623
8018,0.03671512496959812
8019,0.025119580507198095
8020,0.006164793251844815
8021,-0.03451566530449238
8022,-0.024020446346436068
8023,0.07999783573505301
8024,0.0656765583111248
8025,0.0008074218752473267
8026,0.0010096571353663162
8027,0.02839845319554428
8028,0.01601270048486726
8029,0.030437655302489302
8030,0.02624582441995545
8031,0.023072426868705125
8032,-0.002849376025772962
8033,0.017131792155516627
8034,0.012821231095338016
8035,0.03330114906544803
8036,-0.0516960870483677
8037,0.03344323134319205
8038,-0.03581947857902622
8039,-0.018203806489162106
8040,-0.014228516912862251
8041,-0.016371230995331235
8042,0.03182513426335274
8043,-0.02806642453024032
8044,0.01351393733775993
8045,-0.008451687494723708
8046,0.015461852704928307
8047,0.027022990912784667
8048,0.03882512478511901
8049,0.006065776773371439
8050,-0.028985652242173025
8051,-9.342439157241858e-05
8052,-0.04804422282803876
8053,0.02564401412251972
8054,-0.004482642833374321
8055,-0.050892621029081535
8056,0.05429039432641918
8057,-0.041503267380666745
8058,-0.011763937633857108
8059,-0.04876010730988973
8060,-0.0049306439024068525
8061,-0.06617514220107214
8062,0.006799458327332601
8063,-0.01695797135915121
8064,0.016748051732480975
8065,0.012671459476724623
8066,-0.01943901479406739
8067,-0.025842652892675014
8068,0.007604448532284876
8069,-0.0017230161095386073
8070,-0.00857572378042196
8071,0.004252406112252469
8072,-0.0028951286991687254
8073,0.06566327472392627
8074,0.020903697526454705
8075,-0.01863130961630703
8076,-0.01875402324422936
8077,0.005349107367630507
8078,0.01977770702046156
8079,0.007034782334111995
8080,0.037245254956523005
8081,0.01931605847276241
8082,-0.045330868090758085
8083,-0.009998464126203557
8084,-0.0013088621798379078
8085,-0.03636075033255908
8086,-0.027089872070689237
8087,-0.009501254885844874
8088,0.007752988788519903
8089,-0.002451338364735562
8090,0.024415149954727728
8091,-0.0014040906527453432
8092,-0.012698424347547832
8093,-0.01637946035010594
8094,-0.041680411052123154
8095,-0.060232010613405315
8096,-0.028663311247583062
8097,0.024968058454418948
8098,0.042670806807735405
8099,0.02715473988198831
8100,-0.022368613178825054
8101,-0.00037169256382611976
8102,0.01707764579412093
8103,-0.014160244725228671
8104,-0.0426678832399909
8105,-0.011981968595567096
8106,0.015627289966627756
8107,-0.023186057930204892
8108,-0.01534993691164938
8109,0.012553536040271039
8110,-0.024433780955017474
8111,0.020409624712081294
8112,-0.02236896530622186
8113,0.018961505936884223
8114,-0.019499339004910934
8115,-0.020127599391154372
8116,0.013254959065152729
8117,0.008197894277279322
8118,-0.03575691374381973
8119,-0.023953976202619673
8120,-0.012405316665793819
8121,0.006564133019066036
8122,-0.0634943661676634
8123,-0.0562608321065742
8124,0.03897518920031441
8125,-0.01993989938558341
8126,-0.03676557417318056
8127,0.049776717950140464
8128,-0.02805835619249955
8129,0.0027862440399772483
8130,0.014822528240440972
8131,-0.03688071259156707
8132,-0.03402253140658089
8133,-0.04972240416932031
8134,0.046789658718560466
8135,-0.05529220334518567
8136,-0.01197789078216063
8137,-0.029293647940032738
8138,0.004809442645418449
8139,0.02953680977232432
8140,-0.011785719841625268
8141,0.041946272430661694
8142,-0.02373451110585751
8143,0.023866173029235587
8144,-0.03186688217922256
8145,-0.02931068572431648
8146,-0.02935698088826227
8147,0.03146026222316846
8148,0.020921773709097317
8149,0.03125498656822739
8150,-0.005497308820125535
8151,-0.022821745578608648
8152,-0.014479774815016661
8153,-0.007772003308213939
8154,0.00713687502046976
8155,0.0029164224060032632
8156,0.07943541157145297
8157,0.0213925010235653
8158,-0.007357109470700825
8159,0.012695611112377275
8160,-0.014681712860841927
8161,0.04240820722975682
8162,-0.054061774160333864
8163,-0.03997346840167656
8164,-0.024925787116011587
8165,0.00022157481180389916
8166,-0.002091362929181114
8167,-0.030208588069484114
8168,-0.0466914329180695
8169,0.01482824507265063
8170,0.04117902339396925
8171,0.04243636903939542
8172,-0.010096059417462373
8173,0.00910459192591579
8174,0.048766528703097965
8175,-0.02175995323514869
8176,-0.013860315848609814
8177,-0.015054220456071259
8178,-0.010408066160319281
8179,-0.02360828200762445
8180,0.05765271999011789
8181,0.04615241046871439
8182,-0.01787701344567888
8183,0.008781197156230108
8184,-0.008900987869387257
8185,-0.02026451637070054
8186,-0.0018794631391648357
8187,0.033647976898702324
8188,0.0015730876463351706
8189,0.026244041371393127
8190,0.03272500671157799
8191,-0.004531805512640467
8192,0.046422599099641734
8193,0.00592233955388045
8194,-0.0009714401703780054
8195,-0.00710934521958652
8196,-0.00611906711090034
8197,-0.04238784871383373
8198,-0.0058934497982541115
8199,0.04066736728129763
8200,-0.03398468118723652
8201,0.038818428999067754
8202,-0.04168555827389978
8203,0.02802062477840839
8204,0.030859590293875663
8205,0.04692181774809527
8206,-0.0166710885613085
8207,-0.04695507742437244
8208,-0.00768536493092549
8209,-0.02142812094407258
8210,-0.04222845899476078
8211,-0.05355110986969019
8212,0.004901387993105885
8213,-0.0022061517212995816
8214,-0.027800453248538772
8215,0.02671778105178129
8216,-0.010881173183798916
8217,-0.027634927833835886
8218,0.011723487375500788
8219,0.007371568318026048
8220,-0.03888645018177452
8221,-0.006526025449997543
8222,-0.0021569281509531643
8223,0.013204314588308215
8224,0.0160189192589865
8225,-0.006044911398138943
8226,-0.02834681525431657
8227,-0.03792281159451949
8228,-0.044312991042131725
8229,0.030559946354001093
8230,-0.00841819006259867
8231,0.040595728627052456
8232,-0.021287141948009965
8233,0.003649253214529332
8234,-0.00832592272269392
8235,0.03306321660213587
8236,0.011636193024285698
8237,0.057746512873704706
8238,-0.03668105359383323
8239,-0.015537011568185544
8240,0.00041069832099456397
8241,0.015361873203348196
8242,0.03327790061579316
8243,-0.025212182992099787
8244,-0.04745167023542127
8245,-0.021594232394120002
8246,0.04072958892728155
8247,0.04245404087873461
8248,0.059178293657358015
8249,0.018006324098162444
8250,-0.014568762799825682
8251,-0.007129494923743339
8252,0.012254199371036497
8253,-0.0020916233338734514
8254,0.05014197974101322
8255,-0.017006636099018126
8256,-0.07621890220727018
8257,-0.013670423944029843
8258,-0.003156794683240166
8259,0.001507191626566983
8260,-0.031297915402283424
8261,0.0043942039410865595
8262,-0.005964746056658996
8263,-0.01743243263193365
8264,0.012278551470316272
8265,0.010607184185832971
8266,0.01675081283074631
8267,-0.03586716908610316
8268,-0.020646769525485817
8269,-0.00549911302787481
8270,-0.007159430807337542
8271,0.026557782770070783
8272,-0.030845212921266303
8273,-0.010381079935635296
8274,-0.023340429126194332
8275,0.060493245196071174
8276,-0.022974784312101273
8277,0.03900971343347723
8278,0.013870614014178367
8279,-0.0702357300426882
8280,-0.02105282788069609
8281,0.015910840309073644
8282,-0.02020231541805666
8283,0.0416151815088527
8284,-0.013224747886800479
8285,-0.0007886772712931047
8286,-0.018262916549125673
8287,0.04240600885089919
8288,-0.021386664855720588
8289,0.017659901411640214
8290,-0.039943828884810184
8291,-0.06245709031715569
8292,-0.012151130667381795
8293,0.02709269795305577
8294,-0.02993800738585104
8295,-0.015104174192194793
8296,0.02058344027728345
8297,-0.022004447007292635
8298,0.028582950848032296
8299,-0.088880918992051
8300,0.03174715335559464
8301,-0.021448466351198656
8302,-0.018948051869991257
8303,-0.030456958725125164
8304,0.036219064354721574
8305,0.012710262844295066
8306,-0.03371113108411422
8307,-0.03159573278882313
8308,-0.00011216908973886593
8309,-0.028934661782172563
8310,-3.820819332874354e-06
8311,0.022714940985292316
8312,0.006203752299420731
8313,-0.03358214707706647
8314,-0.006239850571152833
8315,-0.013823111686028669
8316,0.019231856828875914
8317,-0.04848290145085154
8318,0.04240268905915166
8319,-0.03946626221430235
8320,0.001403866118100639
8321,-0.0007197981312014448
8322,-0.0018759347778592188
8323,0.008609066715733074
8324,-0.0040415303390756024
8325,0.042383014963652134
8326,-0.014199039927739323
8327,0.03533010395205896
8328,0.021648439091900267
8329,0.04528912595771249
8330,0.014137149497914791
8331,0.005831843445071551
8332,0.011888558348778123
8333,0.008793422744741586
8334,-0.00813295251728021
8335,0.06503006910998034
8336,-0.014500038634814656
8337,-0.06159413516999527
8338,0.015191673637658854
8339,0.026101148986084528
8340,-0.03614221987697617
8341,0.006108083301103463
8342,-0.008275579077946307
8343,-0.04835235917377652
8344,0.08002182496677211
8345,0.028487881727267805
8346,0.024304716758455434
8347,0.057647803629141875
8348,-0.03617581430969764
8349,0.05626020513335824
8350,0.011958957647115328
8351,-0.0033039833351009656
8352,-0.0010493168073484186
8353,-0.05712305437365614
8354,-0.0016382225025726323
8355,-0.0065492744405714325
8356,0.014637737780742274
8357,-0.01299417455799685
8358,0.019104871043230286
8359,-0.0035906404070597283
8360,-0.005819968221114223
8361,-0.02801241091649763
8362,-0.00808167894672702
8363,0.021547358416194956
8364,0.02004005444953567
8365,0.004471519774079013
8366,-0.02766442961538146
8367,0.049967689773031954
8368,-0.019980190111671674
8369,-0.013257928332834132
8370,-0.02036213198731099
8371,0.013866538461004784
8372,3.164028768661954e-05
8373,-0.017756277310784684
8374,-0.0005639727848501285
8375,0.026355044466740262
8376,-0.01357451148948909
8377,0.0026722867618414986
8378,0.024744041309714533
8379,-0.049385599167754486
8380,-0.011971858501858426
8381,-6.425721996440218e-05
8382,0.0473284603236395
8383,0.021749084628052556
8384,0.030161186256491
8385,0.04360260969629275
8386,0.033984483174195765
8387,0.026879783955774967
8388,0.04251255667505864
8389,0.044274340105995624
8390,0.021578754026232896
8391,-0.049240926339176726
8392,0.07496590883930986
8393,0.020437001531351483
8394,-0.016818316131361012
8395,-0.013633751989333903
8396,0.014684192493447835
8397,0.026281061238021593
8398,-0.02052525584987275
8399,0.01755271465766528
8400,-0.04929789399430189
8401,-0.004350777221815158
8402,-0.016926179507411716
8403,-0.029638374132469135
8404,0.03823573839687444
8405,0.0280424564599459
8406,0.023473801055254165
8407,-0.03766420768594536
8408,0.07156168819785229
8409,-0.03492392826379268
8410,0.028030665567591973
8411,0.05611972148314428
8412,0.04389422968102239
8413,0.026513328665400977
8414,0.022483602689244212
8415,-0.03019134430772501
8416,0.05786666320878945
8417,0.025749785909601714
8418,-0.008487113208547592
8419,-0.03375747702862078
8420,0.01949670867627191
8421,0.0179813318980593
8422,0.04314376076689355
8423,0.013610806544537613
8424,-0.030735079262368386
8425,-0.024849044208974987
8426,-0.0009426150377281208
8427,0.020906346630162137
8428,0.018431350812690407
8429,0.024741461088292407
8430,-0.05634687964765623
8431,0.016702115596744102
8432,-0.025675094773575408
8433,-0.0027193608126103767
8434,-0.02243813938264927
8435,0.04865227772004885
8436,0.05975810309679822
8437,0.0010233867765099512
8438,0.03137095065276707
8439,0.020137045648646826
8440,0.03187410690290271
8441,-0.012225378166707547
8442,0.05463758697882615
8443,-0.04260716134640462
8444,0.041954612560293085
8445,0.0008499674104247503
8446,-0.005718843040666863
8447,0.022882925859096424
8448,-0.051807944310014724
8449,-0.00362660658323494
8450,0.026011432262904678
8451,0.010947704166493237
8452,-0.0010209163362637247
8453,-0.01999048809909104
8454,0.028071169542036156
8455,-0.044392785447443704
8456,0.015486127684015373
8457,0.00870612715815956
8458,-0.024397113416124903
8459,0.03756246879126257
8460,0.016679231806408786
8461,0.04644749321985841
8462,-0.05773283047234807
8463,-0.04656337266706743
8464,0.011625406869349049
8465,0.026559988313533386
8466,-0.04371470318992842
8467,0.08324494986741106
8468,-0.004635854083418108
8469,0.005886536219695667
8470,-0.012096036849241843
8471,0.05894361031464873
8472,0.014699514127684386
8473,0.03649793580320182
8474,0.0015501763914752941
8475,0.019310065348638154
8476,0.048097173700684615
8477,-0.0049553896496827565
8478,0.018437100634161267
8479,0.05487373022243664
8480,-0.0003298701110348459
8481,0.015231005977621698
8482,-0.03362583105365337
8483,-0.02402826169661207
8484,0.039278789512067966
8485,0.0006519952814931029
8486,0.006322100754056963
8487,0.00859642946356376
8488,-0.02363924429851481
8489,0.012881380074049781
8490,-0.00928638692587495
8491,-0.017380839625109695
8492,-0.02325390422628223
8493,-0.01428427639273051
8494,0.02293889914694304
8495,0.023610710087492492
8496,-0.022362629441153567
8497,0.021236740081520763
8498,-0.07487416790788007
8499,0.04291356683402748
8500,-0.02791750827216524
8501,-0.013176670225954383
8502,0.023003857104438908
8503,-0.030428105401768005
8504,0.02612982345664474
8505,0.07038052299826071
8506,-0.025131613248288425
8507,-0.0017448260943853978
8508,-0.029317506046765942
8509,-0.003371986293719915
8510,-0.013764224829657919
8511,0.10156218848612239
8512,-0.0033300487085336336
8513,-0.03110715875928551
8514,0.004911875479502069
8515,0.08335689580921295
8516,-0.04602645986916038
8517,0.016104923251213286
8518,0.020945339133573392
8519,0.03354936049491967
8520,0.007346032153180228
8521,0.011192723031173435
8522,0.00876180466198657
8523,-0.0158084023565866
8524,0.03774781478445502
8525,0.01209974083262796
8526,-0.01250895783006288
8527,0.02168375317792043
8528,0.0035361716682678988
8529,-0.037895347802926936
8530,-0.021085974009079758
8531,0.004889832170103189
8532,-0.05369533402873988
8533,-0.05859680376839605
8534,0.003933130825644545
8535,-0.005997121090135279
8536,0.02273930905236027
8537,0.03503414646313369
8538,0.05053080935662467
8539,-0.033513529214327646
8540,0.009368762471733912
8541,0.003976082386212741
8542,0.039389507130252036
8543,0.0005608536509305192
8544,-0.016487956240846365
8545,0.008954596054788622
8546,-0.005217344565155803
8547,-0.03423958170207361
8548,0.0035794842681439428
8549,-0.010360350586693086
8550,-0.011608500160258889
8551,-0.0060030611048165336
8552,0.020634152469926625
8553,-0.014823310680572693
8554,-0.0028366892787577373
8555,0.06546530468245515
8556,0.000914757200191212
8557,-0.009463824782737537
8558,0.0115672082948858
8559,0.006138958141295891
8560,-0.030417975752088107
8561,-0.016226619131756475
8562,0.00527555524348698
8563,0.017806874813687087
8564,0.037293320016414354
8565,-0.04861148317810062
8566,-0.03487754865153969
8567,-0.00959827728776123
8568,0.020849819800608255
8569,-0.025831262985374047
8570,0.013317806214175632
8571,-0.04819878217286033
8572,0.003728471519500195
8573,-0.030595963372600763
8574,0.005753367267829608
8575,0.010135690811132947
8576,0.036036379027803614
8577,0.0028670677721583187
8578,0.006513123206214775
8579,0.003299634866756086
8580,-0.005999299491238776
8581,0.027670632198339856
8582,0.0049129095106369295
8583,-0.03203398849191167
8584,-0.005537343750682519
8585,-0.006935513081456958
8586,0.009191059785982485
8587,0.017383456960397444
8588,-0.018702029233835567
8589,-0.021732978020865934
8590,0.044172083545946796
8591,-0.019775285560865986
8592,0.0026908962195652908
8593,-0.07187441220100764
8594,0.029475106329647054
8595,0.026272261904656362
8596,-0.045744443818820174
8597,-0.017636414858224345
8598,-0.021150118301026387
8599,-0.01602230890885137
8600,-0.05128803139584427
8601,-0.06384311805899204
8602,-0.007689196358498579
8603,0.013334584064276745
8604,0.041485716710018265
8605,-0.0063384244031625524
8606,0.027703845167478574
8607,0.03162469878246276
8608,0.0033447160314327333
8609,-0.010563877694895928
8610,-0.0023835443297150244
8611,-0.03413771825926378
8612,-0.01673322892466057
8613,0.029655602088752276
8614,-0.051545560842579954
8615,0.04699597935149675
8616,0.04031525038485553
8617,0.02195588029903267
8618,-0.001148145815158976
8619,-0.02789460019412817
8620,-0.03159458483506026
8621,-0.020085416742889616
8622,-0.01989831051870731
8623,-0.06156873056487853
8624,0.016607504984184517
8625,0.06793483590451461
8626,0.008009170425274211
8627,0.060125755428260756
8628,-0.04571059180181111
8629,0.01805148742949803
8630,-0.004120137436331863
8631,-0.04308606743440828
8632,-0.0224619690216219
8633,0.05291004990921537
8634,0.01138538472784873
8635,-0.03729300748232394
8636,0.030370395586960145
8637,0.042740943084345416
8638,0.060855215759969376
8639,0.016555564574568808
8640,-0.009518781719025059
8641,-0.027308399919915325
8642,-0.0021537058466269683
8643,0.0034018511169666976
8644,-0.027648364616289337
8645,0.018205788100751158
8646,0.058509946606563945
8647,0.001208297874525822
8648,0.0081682198797565
8649,0.023073198224895633
8650,-0.0016204903569226683
8651,-0.012115615435470767
8652,-0.009657037645987666
8653,-0.048986432051191076
8654,-0.027107418129992084
8655,-0.021839143941611
8656,0.023137789319664554
8657,-0.057234610491893684
8658,0.007206012029203229
8659,0.047812163631221156
8660,-0.030489388121973136
8661,-0.0032241317097696
8662,-0.021402542310805902
8663,0.016178570783212207
8664,0.010499845426334064
8665,0.058427378330224364
8666,-0.015727705353620065
8667,0.06885504079651948
8668,-0.03274654570240657
8669,0.0022862055380668237
8670,0.0050871407100129854
8671,-0.008606128062173882
8672,0.0157575963744324
8673,0.015604468303187402
8674,0.04929957603968199
8675,-0.014181704996475194
8676,0.03932272123177773
8677,0.014121909180993654
8678,0.007686295090699234
8679,-0.017013049116941053
8680,-0.01774301656056663
8681,0.02568772328974951
8682,-0.03163131737790065
8683,-0.024508672145022125
8684,-0.012724678570525881
8685,0.015937254726003387
8686,-0.045565588888129595
8687,-0.05031753540122644
8688,-0.016660582896630055
8689,-0.04319550914952376
8690,0.0003079161284591251
8691,-0.013845475122538772
8692,-0.0037992629012333114
8693,-0.019424586531808456
8694,-0.0009914122494264705
8695,-0.019012720352309827
8696,-0.055081669581538664
8697,0.015141297111016251
8698,0.03181316295638183
8699,-0.0018284227639747297
8700,-0.02136483691132444
8701,0.020821553306174783
8702,0.024142210947931588
8703,0.024157114189376435
8704,0.01966388064061168
8705,-0.03134189329624979
8706,-0.017750396815425132
8707,-0.04596711536531353
8708,-0.01392306040656268
8709,-0.0398775980790888
8710,0.014751342673313303
8711,-0.0035867484125612146
8712,-0.02432300390492088
8713,-0.03160756032292097
8714,-0.018348097879772027
8715,0.004521056677131139
8716,-0.007911997581341791
8717,0.0033309824363912817
8718,0.011244463762088193
8719,-0.0184138733679282
8720,-0.009317775860020716
8721,0.0028505895750135027
8722,-0.08138445683868485
8723,0.012412788358023176
8724,-0.0011731672492169632
8725,0.018942950950828954
8726,0.01636218235248882
8727,0.004459495409349798
8728,-0.021539430593654867
8729,8.616239872804145e-05
8730,-0.03959479215970163
8731,0.0293857744002767
8732,0.02272774981554503
8733,0.05641124609679122
8734,-0.00763483601698758
8735,0.02213250883270267
8736,0.027650180925636814
8737,-0.011211056392462214
8738,0.01469897271001356
8739,0.01824761624691265
8740,0.010895359178144767
8741,0.014813022041660346
8742,-0.02356869517417177
8743,-0.02108274273882484
8744,-0.02744156036302045
8745,0.033635813380620876
8746,-0.016398123892783403
8747,0.0029222519578859696
8748,0.011558813991183407
8749,-0.00027990293654426977
8750,-0.01044574548340594
8751,0.010807087588104143
8752,0.01159357614058017
8753,0.0028186136742180293
8754,-0.007951214251334953
8755,0.019206530273799573
8756,-0.01982739283158128
8757,-0.027698831653044497
8758,-0.008990276323701255
8759,0.014151891048502228
8760,0.0036365573244997295
8761,0.03730535376090208
8762,0.016572574454396877
8763,0.07026585550418506
8764,-0.004743218640519794
8765,-0.037322510997773624
8766,0.05296457188037014
8767,-0.04632129847298014
8768,-0.024225782418276883
8769,-0.0029291223615071985
8770,0.06573470221172804
8771,0.024162652604929964
8772,0.04626944724935495
8773,-0.06332278756585046
8774,0.007228782473335737
8775,0.006474745776959516
8776,-0.06042642660326301
8777,0.012652425316596381
8778,-0.0017168435588257311
8779,0.02814417179828372
8780,-0.055520900155021195
8781,0.0073091473694495025
8782,-0.001345714070765077
8783,0.0002600328541352987
8784,-0.06933988280273855
8785,0.0026265603527559356
8786,-0.01817752526351984
8787,-0.014004487317060273
8788,-0.009614944085770407
8789,0.013225004840378272
8790,0.006979213150857268
8791,0.007703596805842908
8792,-0.06552098176181557
8793,-0.023775749940079128
8794,0.02205826678582167
8795,0.020651287129642905
8796,0.009204827196522943
8797,-0.010067100801737857
8798,0.03662910615191349
8799,0.024984485840978014
8800,-0.013658206730535501
8801,0.01590286035616442
8802,0.026569744460681846
8803,-0.020909028697833305
8804,0.06248084348526987
8805,0.04361756627356114
8806,0.03792132875605567
8807,-0.04266111841625105
8808,0.020725715363563896
8809,0.007508949166952774
8810,-0.011955706420364616
8811,0.018569664533768834
8812,-0.024946806019557243
8813,0.005166050760422561
8814,-0.01372651530006883
8815,0.0026787664589918688
8816,-0.0036209980739555685
8817,0.03184217915406871
8818,-0.01083186123675164
8819,-0.013714254272559609
8820,-0.06338004860146566
8821,-0.04000939240780679
8822,-0.028754813234612268
8823,0.011948857071041938
8824,-0.01834954067527361
8825,0.03882468763778339
8826,0.000890448918216803
8827,0.007675688321622962
8828,0.046212046188954504
8829,0.005800638059919492
8830,-0.03570424926197238
8831,0.003382587194211976
8832,-0.00942626223384329
8833,-0.0344590963461167
8834,0.025597898242028207
8835,-0.027063525882580895
8836,0.039952148864665415
8837,-0.02453098205502767
8838,-0.012573810483469009
8839,0.018855719116074525
8840,-0.005982964889189051
8841,-0.013599564854400462
8842,-0.022462149494196764
8843,0.018311655419989983
8844,-0.01693437376895849
8845,0.0001457602903758215
8846,0.0018284010736480207
8847,0.032294683249934154
8848,-0.04807186466817412
8849,0.0454003409579208
8850,-0.0007697726621965101
8851,0.012189016184173134
8852,0.0021519859969700034
8853,-0.0459328621606182
8854,-0.004594911940743383
8855,0.0011545714271236993
8856,-0.006893256358011394
8857,0.030499872833307854
8858,0.007493646540133271
8859,-0.0238076389904336
8860,0.012461031546122605
8861,-0.01612166502471588
8862,-0.02610192759042172
8863,-0.05101469929760027
8864,-0.013004915473910883
8865,-0.0028712787191417597
8866,-0.049799995575671566
8867,0.01310256740707204
8868,-0.05171889230716097
8869,-0.012420979434444118
8870,0.023163509315936498
8871,0.03308796111215358
8872,-0.012231738397959255
8873,0.003963355681775213
8874,0.0017709128611032158
8875,-0.027922598159932446
8876,-0.018699964112763156
8877,0.056412358336607286
8878,-0.045289671724005595
8879,0.01269190947185073
8880,-0.022246129078036334
8881,-0.012936042114252914
8882,0.03690586479577015
8883,0.054041966847899796
8884,-0.040001950211393376
8885,-0.02423895858129574
8886,-0.043780295596973
8887,-0.0018476860214475636
8888,0.012202422477604157
8889,0.02607615794093297
8890,-0.05910310468004472
8891,-0.018655264510463388
8892,-0.05252050690758059
8893,0.016127817105435312
8894,-0.0358716610178955
8895,-0.03426552152207578
8896,-0.010335676716175295
8897,0.03323781176588317
8898,0.0378798259002252
8899,-0.01369206853885725
8900,-0.0022377199885544327
8901,-0.0350630278885606
8902,0.020572756533123425
8903,-0.02561094802188531
8904,-0.0569127525908059
8905,0.010771997959207393
8906,-0.018646017937002674
8907,-0.003162473555909914
8908,0.009317113846782228
8909,-0.010906721864635354
8910,-0.012090933152676881
8911,0.052849391102095286
8912,-0.0036620343030042525
8913,-0.07957921647347403
8914,-0.012395350249413439
8915,0.02216331347782639
8916,-0.03432882803272696
8917,-0.009193921388484214
8918,-0.006187050808523925
8919,0.012012764365162985
8920,-0.03337984398569566
8921,-0.009957293241908211
8922,-0.0520552337375976
8923,-0.07706589496889961
8924,-0.05720877387413267
8925,0.03150367041524212
8926,-0.020241752229629307
8927,-0.005522835229442165
8928,-0.02319008780839302
8929,-0.027596672292139624
8930,0.007923719026391274
8931,-0.024942599676116853
8932,0.038878103511729815
8933,-0.008323360564316394
8934,-0.026741796311877595
8935,0.034011700502152506
8936,-0.018004029388171687
8937,0.018707773799657133
8938,-0.004156321053042786
8939,0.022744978030526598
8940,0.010232166848992636
8941,-0.002288359978398585
8942,-0.019552985873241682
8943,-0.04487147099530009
8944,0.016869673069460585
8945,-0.01860933557320141
8946,-0.026822598431814632
8947,0.019495643774261658
8948,-0.0007987988305139031
8949,0.0028830864693129405
8950,-0.01168099728351074
8951,0.06211651459782529
8952,-0.06004182913307114
8953,0.023179456095198975
8954,-0.053662340765519095
8955,0.00840968108049516
8956,0.0022856638872900577
8957,0.0009538521406252671
8958,-0.037136096626792306
8959,-0.042680253592622
8960,-0.035843852325311655
8961,0.015645954967010194
8962,-0.009854078857220205
8963,0.010258782302839406
8964,0.0320395082899408
8965,0.01960270055273954
8966,0.009844201302462746
8967,0.002521239452220908
8968,-0.04777169318053005
8969,0.02615428825657494
8970,-0.017419843021551917
8971,0.037559244182990496
8972,0.014191521160854733
8973,-0.03357332102942616
8974,-0.025660906058711505
8975,-0.0301186527215413
8976,0.001690480170641403
8977,-0.03434819669387961
8978,0.006336643892892846
8979,0.016652939157432736
8980,-0.09983411153737518
8981,0.0017409928223245466
8982,-0.002868611263598755
8983,0.026069181136084987
8984,-0.03702369671991165
8985,0.005495280830891881
8986,0.014175720017400981
8987,0.03229288555289608
8988,-0.02107619252324648
8989,-0.014225159067801196
8990,-0.002282607353166831
8991,-0.02728223877896873
8992,-0.036392286231478714
8993,0.024038799675339537
8994,-0.04494007432995975
8995,0.04277287476910906
8996,-0.03421518162797877
8997,-0.011469981068063172
8998,0.026899550908363264
8999,-0.02562981044450285
9000,0.01187908969357814
9001,0.021228863704233072
9002,0.03666770915212201
9003,0.017435261950766348
9004,0.022011488487295658
9005,-0.00948093779166608
9006,0.05197558568725638
9007,-0.021837973978406377
9008,-0.00841469147501138
9009,0.017965522691972893
9010,0.07599812013729002
9011,0.02782075564397307
9012,-0.006650205955281988
9013,0.01797262600690651
9014,0.021047471428486595
9015,-0.009635124412533618
9016,0.005583998660354757
9017,0.02738449115379268
9018,0.010729568062761962
9019,-0.03931529385125694
9020,-0.041137561138697855
9021,0.01966793500899682
9022,-0.018163487162633347
9023,-0.0014435933680371858
9024,-0.01623005263373191
9025,0.032825600878970934
9026,0.017382580524465424
9027,0.04913043207314768
9028,-0.02449029642834144
9029,0.0806511109451915
9030,-0.0140942375967734
9031,0.02831047458586947
9032,0.061124104764133935
9033,0.0032359018815762116
9034,0.016419216769692956
9035,0.07890402819067395
9036,0.05996741479308343
9037,0.052928891569724655
9038,-0.010123732279509938
9039,-0.03749094495437975
9040,-0.030063936594973494
9041,-0.020988972282815085
9042,0.02411694701070577
9043,-0.01277077734247259
9044,0.058866766751247274
9045,-0.014857951995608232
9046,0.044694603119252274
9047,0.05089711066721177
9048,-0.006261766535309091
9049,0.025942628723413554
9050,0.02229062481462606
9051,0.10284690453936246
9052,-0.026898610780296935
9053,0.019249985611551588
9054,0.001308085830674207
9055,0.03531920183948767
9056,0.007690198761265553
9057,0.028011192890247505
9058,0.023141902829310012
9059,0.009946136256917851
9060,0.047901464712619544
9061,0.01473821309348113
9062,0.04007892911173283
9063,0.051532774887435594
9064,0.014176500575391838
9065,0.036224626990747986
9066,0.09684814892106476
9067,0.049884221097674694
9068,0.07233929853087123
9069,-0.006373567661726413
9070,0.03636713026199955
9071,-0.003608354162236184
9072,0.014359125202841935
9073,0.01116548141960767
9074,0.06103241187386417
9075,0.05717515258976198
9076,0.015281191297453898
9077,0.052345181706324934
9078,0.02195431601292083
9079,0.058027911803352955
9080,0.04940003360999982
9081,0.034552326047692664
9082,0.03362477221204456
9083,0.05445255129314716
9084,0.054013581035097936
9085,0.07805149941082853
9086,0.07044357984496417
9087,0.0953346573749671
9088,0.03134166764754427
9089,0.07120229984666959
9090,0.031883722726437295
9091,0.010658315662231285
9092,0.10754563845913483
9093,0.04674564687343843
9094,0.05487119616323442
9095,0.08560254681340287
9096,0.08677631309051448
9097,0.004069594111625746
9098,0.07765623802968456
9099,0.07505329034809885
9100,0.015502562417143144
9101,0.08132112511015271
9102,0.0715958923396075
9103,0.08741834621918121
9104,0.09740865626928885
9105,0.03823017731488248
9106,0.0368366749404465
9107,0.06026104822816414
9108,0.11629496998024563
9109,0.13545828444941255
9110,0.07111474594194436
9111,0.05892229270189164
9112,0.12952223319936076
9113,0.12188038409584667
9114,0.08054053957472028
9115,0.12694443566736588
9116,0.07651846457345544
9117,0.02940602873961981
9118,0.12759258151199632
9119,0.05914716926008855
9120,0.06882079114443436
9121,0.15406956869272828
9122,0.043627304946713186
9123,0.04890166256170098
9124,0.15387657510017577
9125,0.09116073639651559
9126,0.1312167127610283
9127,0.14503191235063015
9128,0.16067867914198633
9129,0.13135688126118897
9130,0.067414734543087
9131,0.13806383535165284
9132,0.12683575839424344
9133,0.1293115863744084
9134,0.07591788429888538
9135,0.11451445145773713
9136,0.12070941696700657
9137,0.11440703612035731
9138,0.1375005742216828
9139,0.13649412713185421
9140,0.17384899283466837
9141,0.1700436122804206
9142,0.18962152696962684
9143,0.16223456827344185
9144,0.11839555140820895
9145,0.14655375678483465
9146,0.1576045856734164
9147,0.16273858787270945
9148,0.1610535134924317
9149,0.13438051760346997
9150,0.14758058230811724
9151,0.16696035433015746
9152,0.1270960174818202
9153,0.19410728180775672
9154,0.19424100927339213
9155,0.14048897130164106
9156,0.13788775331594744
9157,0.17501925333888035
9158,0.21061326493977
9159,0.09769429413210919
9160,0.13482063767091307
9161,0.1500817509874281
9162,0.2050343717344347
9163,0.15907404406802567
9164,0.1077193738820429
9165,0.16552796129354289
9166,0.17694508819812949
9167,0.20272665180167884
9168,0.2498964205779313
9169,0.17206178813466236
9170,0.20027930653970197
9171,0.21495124695157475
9172,0.14751283891505546
9173,0.20190060326823675
9174,0.17676303959617645
9175,0.1226458294994861
9176,0.214487720101846
9177,0.19581757169588504
9178,0.14571937161662976
9179,0.23691585239081486
9180,0.16676309955860902
9181,0.21307875929039155
9182,0.22286895291606765
9183,0.19423452330126453
9184,0.1547931935964295
9185,0.24715518030296113
9186,0.2351166607024303
9187,0.18802897728808193
9188,0.26919332158463677
9189,0.18212435356107076
9190,0.25100212769402397
9191,0.2445079668604054
9192,0.2678403211340419
9193,0.17553193438510944
9194,0.2963038203563661
9195,0.23472953103776625
9196,0.2547113047151788
9197,0.2593812438577781
9198,0.20805022625188854
9199,0.22754339209861657
9200,0.26731318312397256
9201,0.26867180537489793
9202,0.30652170045714855
9203,0.2505280921623534
9204,0.21161958832816968
9205,0.26746457761033804
9206,0.21462520479237693
9207,0.26162428659025017
9208,0.25928485059597334
9209,0.2308231090209248
9210,0.3096271678045806
9211,0.2626867750595751
9212,0.2734723911197502
9213,0.27242959614821793
9214,0.2282667894402099
9215,0.24487997206937814
9216,0.223517407779838
9217,0.3242684924987141
9218,0.3120404090735121
9219,0.258497892443088
9220,0.2720439054443379
9221,0.2726790495128057
9222,0.2654349228460493
9223,0.2856780720595759
9224,0.25630761781004585
9225,0.2873687142281392
9226,0.33341327915383406
9227,0.36245168287719337
9228,0.2784277890162061
9229,0.2806436674818952
9230,0.29377750567012806
9231,0.3064603237068587
9232,0.2820606515265158
9233,0.30788213540360554
9234,0.35727499184985095
9235,0.2914111624353865
9236,0.3465369191285736
9237,0.2674034471550103
9238,0.3270230014972929
9239,0.24003077873801587
9240,0.3147185575171127
9241,0.29280903259581953
9242,0.3446896390414795
9243,0.34424990839698644
9244,0.36237422732663205
9245,0.30079105338776285
9246,0.3216265596010367
9247,0.3125323748978822
9248,0.33459452610580975
9249,0.27039549777128324
9250,0.27963297405153936
9251,0.32594135374695626
9252,0.31000253063006183
9253,0.38864637923774387
9254,0.30001302224233645
9255,0.38452600686235333
9256,0.3614277885916507
9257,0.3543628860286597
9258,0.3482007612536612
9259,0.35934133521055805
9260,0.33337246905413626
9261,0.36851459303404505
9262,0.36802050744674314
9263,0.38148553754499814
9264,0.313717971487944
9265,0.35187577793945846
9266,0.34269896165347746
9267,0.39050971240892896
9268,0.3576183027145708
9269,0.4153583258647439
9270,0.3735678217104469
9271,0.34349119097922826
9272,0.3657711443619975
9273,0.4105225331953807
9274,0.37021539655349656
9275,0.39587752205632826
9276,0.3452579970086946
9277,0.337517467672555
9278,0.41069480978674916
9279,0.4133217838476127
9280,0.42255050173602304
9281,0.36984409436596233
9282,0.38034360505786724
9283,0.37848268017233166
9284,0.35627777622882223
9285,0.41021278765954805
9286,0.4189272889840174
9287,0.3289071911277534
9288,0.3441565451577923
9289,0.3484829428566223
9290,0.3707816232218897
9291,0.3988652998364276
9292,0.3520125386205858
9293,0.40161746238391494
9294,0.387026230805416
9295,0.39982637909295704
9296,0.4093870903365193
9297,0.44085548621248904
9298,0.39210969244137067
9299,0.43708182212558727
9300,0.39579520398128804
9301,0.32225806311468896
9302,0.3734293244890514
9303,0.31844392384527087
9304,0.33469128789642044
9305,0.42618359496401675
9306,0.35275918019582814
9307,0.456938067890968
9308,0.40831195296781
9309,0.40199876472064383
9310,0.449998191625142
9311,0.382252216074275
9312,0.41515949430743654
9313,0.41226431371176636
9314,0.39753670966432436
9315,0.39184395144011885
9316,0.47782067396875394
9317,0.46543318228798364
9318,0.4787886361234635
9319,0.46977621324454427
9320,0.45876360564143254
9321,0.42444858088069265
9322,0.4502291559735661
9323,0.4004473602488913
9324,0.41263673380615795
9325,0.4513157242023628
9326,0.42060170671690117
9327,0.43208965380605224
9328,0.4433639751026813
9329,0.4111973143080335
9330,0.4559836298386001
9331,0.45077620970168564
9332,0.4465225764960972
9333,0.44018791196508966
9334,0.4838947111860765
9335,0.35433020928569525
9336,0.4623599292679516
9337,0.43999594350081034
9338,0.4555933643209076
9339,0.47588002253616973
9340,0.4455827181727007
9341,0.4636665497425002
9342,0.4862438178575092
9343,0.47903317484214064
9344,0.4477732649986074
9345,0.470090349600438
9346,0.4837356274446993
9347,0.4842323142100029
9348,0.4001935389320587
9349,0.4952626414184112
9350,0.49436305253797813
9351,0.4386786859567982
9352,0.4796342750350112
9353,0.5252756278582629
9354,0.4485514691786151
9355,0.4789743196136898
9356,0.4786497132670381
9357,0.4393492043688443
9358,0.4770358336771232
9359,0.48198095239897043
9360,0.476547073554413
9361,0.48742207013581373
9362,0.48815774939267276
9363,0.494106784704879
9364,0.5142657021566908
9365,0.49985846796319494
9366,0.43064214268272577
9367,0.46842064192979227
9368,0.5340845925755293
9369,0.44563796742534056
9370,0.4384274649862951
9371,0.5111021678803097
9372,0.4489439272689522
9373,0.49159123024621537
9374,0.49190495979149185
9375,0.4624726612454898
9376,0.4989025396419412
9377,0.4855799595217169
9378,0.471395242833619
9379,0.5232240731649851
9380,0.47144666572989397
9381,0.48558942203870403
9382,0.4950611138990935
9383,0.5353365045569252
9384,0.476010087620562
9385,0.5195499017804643
9386,0.5454818383473833
9387,0.5170823311951509
9388,0.5032618439388856
9389,0.5024618200993594
9390,0.49528984661476905
9391,0.5474739084888489
9392,0.4854162333830218
9393,0.52378169692487
9394,0.48344972091436267
9395,0.4775879952052226
9396,0.5457601111274264
9397,0.556849268805789
9398,0.47648115884724274
9399,0.47614705652486455
9400,0.5466162470186107
9401,0.5172902545543724
9402,0.5775714798448806
9403,0.5258074464061323
9404,0.4967427191974715
9405,0.4858267544601018
9406,0.5310396040797991
9407,0.48512825820068145
9408,0.5007352265571993
9409,0.49990365597201525
9410,0.49415358794512204
9411,0.4641976834888964
9412,0.5372858286165637
9413,0.5333642002367446
9414,0.510207438607053
9415,0.49952458459536225
9416,0.49535895052511353
9417,0.5482295083584867
9418,0.5078433079845623
9419,0.5927376252306111
9420,0.5390973410968521
9421,0.5252357397398043
9422,0.5113275261411332
9423,0.5257516177440009
9424,0.5875376362710153
9425,0.5337592486945915
9426,0.5775368694964464
9427,0.5416612927504633
9428,0.5675332344577692
9429,0.5449867304768113
9430,0.4774102371149079
9431,0.5242619987346625
9432,0.5676424656826548
9433,0.5520999017830042
9434,0.5334659784865299
9435,0.4857295350765766
9436,0.5387039370829797
9437,0.5818418356462297
9438,0.552899051295009
9439,0.4890558059913451
9440,0.5467074684205179
9441,0.5525088238992598
9442,0.5437958543018842
9443,0.5569184025098219
9444,0.5205730557688504
9445,0.5669685711988843
9446,0.578992768519539
9447,0.5432668380148333
9448,0.5856494525267464
9449,0.5515964036796314
9450,0.545434730122885
9451,0.5396982983846917
9452,0.5517265537366136
9453,0.569071195684737
9454,0.5820246410284896
9455,0.5006709795163816
9456,0.6058082955617884
9457,0.5624644359929813
9458,0.5539554517911268
9459,0.5680423646581821
9460,0.5229729562938248
9461,0.5591838626345996
9462,0.518232222820304
9463,0.539667173872521
9464,0.5562283874021174
9465,0.5672566418904134
9466,0.5787374306322345
9467,0.5193011223071441
9468,0.497374540192156
9469,0.5302724105708928
9470,0.5663461078389919
9471,0.6123473953839349
9472,0.5619163564183026
9473,0.521588449395896
9474,0.580207158045944
9475,0.5049458968158353
9476,0.5574502849030616
9477,0.5328957174531953
9478,0.6110957267233301
9479,0.5871125095532502
9480,0.5037569413401259
9481,0.5523985369124285
9482,0.5608175483509511
9483,0.5664030901734505
9484,0.6097173092379186
9485,0.5462469529337263
9486,0.5645407265295087
9487,0.5589823780753828
9488,0.5383791737938914
9489,0.48386933926531395
9490,0.5187038981390842
9491,0.5789743911536165
9492,0.548997937815263
9493,0.5847641718161282
9494,0.5299290495418219
9495,0.5970718224826442
9496,0.5784121843581104
9497,0.5876243972725144
9498,0.5665426007229343
9499,0.5674474482439142
9500,0.5865721238024438
9501,0.5987975592654625
9502,0.5498421596607869
9503,0.5215531993748246
9504,0.5911017670740791
9505,0.6285924721325884
9506,0.5471134371916629
9507,0.5060451873331488
9508,0.6046606701054299
9509,0.5518768309480165
9510,0.6014694388938665
9511,0.6125559769633871
9512,0.6313833214604547
9513,0.5323289688011861
9514,0.6004244756572983
9515,0.5602331178495285
9516,0.5733916450716445
9517,0.6109439242188518
9518,0.6238753675464284
9519,0.5554080545036647
9520,0.5503469164505488
9521,0.5408352425937879
9522,0.5790057517132028
9523,0.5696715612244218
9524,0.5726348554030906
9525,0.5796147469630347
9526,0.5317609702143974
9527,0.5926108648294698
9528,0.6154821262982298
9529,0.5369728487837196
9530,0.606379557899928
9531,0.5982052037159982
9532,0.5829787113112724
9533,0.5688618808639055
9534,0.5981353447986967
9535,0.57429214083319
9536,0.5685545505303697
9537,0.6045239172600132
9538,0.6258148961849603
9539,0.5918009734309336
9540,0.5783121563331102
9541,0.584277944466574
9542,0.5944839663594774
9543,0.601703172990541
9544,0.5833201512253482
9545,0.571135307358533
9546,0.5881270234517095
9547,0.5643570533484596
9548,0.5892970980038497
9549,0.611740759829489
9550,0.6094856938103793
9551,0.6153597679764622
9552,0.5759616138787755
9553,0.5977274359408483
9554,0.5592424495109102
9555,0.5588320444050202
9556,0.6459137489562354
9557,0.5921714178619035
9558,0.5632817604583475
9559,0.5786974048617133
9560,0.5697120536842171
9561,0.5273520103424942
9562,0.5895758746034271
9563,0.6101982085128219
9564,0.5839969137925558
9565,0.619475683904651
9566,0.604410618180378
9567,0.5773050828076591
9568,0.5687545863549904
9569,0.5438896944594962
9570,0.5747265684482356
9571,0.60085217502684
9572,0.6216476148554582
9573,0.5623572014319926
9574,0.5250404828936139
9575,0.5600534990486146
9576,0.6113667980445022
9577,0.6324991375880104
9578,0.5579987880460815
9579,0.6318275838972351
9580,0.5979289132895459
9581,0.6334492877768261
9582,0.6043362775020381
9583,0.5543923629258835
9584,0.5827817552508993
9585,0.6440360838165743
9586,0.6075113165723788
9587,0.6006163335460684
9588,0.6127287252404954
9589,0.5497223290112141
9590,0.5910178330787631
9591,0.5286401740536842
9592,0.5311004896392777
9593,0.5887031179725418
9594,0.6031823221177556
9595,0.6025248129012603
9596,0.5554471678529238
9597,0.5845107061951071
9598,0.5617788423937686
9599,0.6463151642139442
9600,0.5536878041965174
9601,0.5463329681566834
9602,0.6183482612434358
9603,0.5848500386786585
9604,0.6113266253165517
9605,0.5819598576339727
9606,0.5989286048227397
9607,0.6435001790174129
9608,0.560892166421326
9609,0.5696401115962669
9610,0.6053938040271845
9611,0.5719208305120642
9612,0.5820227692231856
9613,0.5794666367693625
9614,0.5921947982240047
9615,0.5610733296757412
9616,0.6012469413935717
9617,0.5493633902716702
9618,0.5765469995631077
9619,0.5993081229348921
9620,0.5750435699345438
9621,0.6203312129978695
9622,0.5540455789900426
9623,0.5517054376854128
9624,0.5917366043734703
9625,0.6192561844156192
9626,0.5626080812304739
9627,0.5885185541549881
9628,0.6386675868152357
9629,0.6379555459035829
9630,0.5634477361055565
9631,0.5947029812889663
9632,0.56832464746916
9633,0.6120175714346656
9634,0.5742785879554428
9635,0.6073795016944342
9636,0.6012445517110758
9637,0.600844620317439
9638,0.5809163612649522
9639,0.5821307698146881
9640,0.6143831218231247
9641,0.6274655698591792
9642,0.5506181617850603
9643,0.6024086468078581
9644,0.5879139682379166
9645,0.5684303467984771
9646,0.5999260169089462
9647,0.5596712736754401
9648,0.6319449229932249
9649,0.5823675124683217
9650,0.561223972961245
9651,0.5674091147094519
9652,0.600946669202395
9653,0.5817196828954778
9654,0.6124211884096863
9655,0.6243865842723427
9656,0.5942577093975899
9657,0.5935291537261721
9658,0.5603052704641738
9659,0.6171307854405608
9660,0.6080139657969528
9661,0.6031172590586897
9662,0.588779721355323
9663,0.545874604194585
9664,0.6258642058089942
9665,0.5659486471082963
9666,0.6167254995715566
9667,0.5122006046748496
9668,0.5473641362865251
9669,0.6065925215086159
9670,0.614340237385234
9671,0.5822941425837914
9672,0.6532549784147292
9673,0.5889574516667059
9674,0.5449348285296841
9675,0.5580747029052255
9676,0.562811150666366
9677,0.6120854660106969
9678,0.548573686698975
9679,0.6220670237104843
9680,0.5795732022938607
9681,0.5731372596298867
9682,0.603568410819523
9683,0.521640746124977
9684,0.529928306432571
9685,0.549387509692344
9686,0.5772067122391835
9687,0.6227764450064033
9688,0.6056743831595661
9689,0.5692026082828914
9690,0.6070995904382299
9691,0.5519708517280466
9692,0.5775794748596847
9693,0.5872272160769781
9694,0.6165377133373416
9695,0.6084511123782105
9696,0.5795365553344851
9697,0.6232584488827285
9698,0.6116432793255252
9699,0.5957909187174265
9700,0.6132720878939273
9701,0.6461659547208239
9702,0.5390423290171305
9703,0.6127803952583213
9704,0.6195782356441011
9705,0.5494058050455419
9706,0.5804667041792149
9707,0.6464988663050816
9708,0.600387527937354
9709,0.5573006183043893
9710,0.541190789488048
9711,0.5625859091082409
9712,0.5897549585868643
9713,0.5815747293139167
9714,0.6118858396893817
9715,0.5744924042039871
9716,0.61431576219945
9717,0.5420877796003393
9718,0.5930401081920406
9719,0.5759775300970023
9720,0.6171552875358078
9721,0.5545526564567818
9722,0.5718268424179743
9723,0.6006644773959788
9724,0.5716786630920859
9725,0.6001430010286374
9726,0.5853478917279327
9727,0.5690395396024548
9728,0.5300441671579973
9729,0.6184591866664241
9730,0.5480289647655925
9731,0.5947037132552407
9732,0.6005848248547137
9733,0.6240404854116797
9734,0.5591201969107727
9735,0.5922941327778716
9736,0.5707975062206199
9737,0.6288437196710641
9738,0.5575935543329106
9739,0.6011508465857635
9740,0.5693655247785914
9741,0.5726838810098613
9742,0.6084933227074381
9743,0.6032903916009433
9744,0.5658443405762636
9745,0.5713189456785465
9746,0.6423502535556154
9747,0.6030257061049712
9748,0.5810530755602435
9749,0.6048478363841981
9750,0.5949484989932835
9751,0.6336489632062944
9752,0.5927128773173871
9753,0.5295170347983954
9754,0.5998494233419551
9755,0.5611809806032574
9756,0.5623533469521953
9757,0.5725114920199377
9758,0.5463094163342557
9759,0.6214068083252651
9760,0.5440566352277919
9761,0.5424510974486861
9762,0.5847066855966107
9763,0.5601733555628079
9764,0.5493042686006323
9765,0.5154704149476133
9766,0.5701192079430578
9767,0.5883457733829934
9768,0.5809260051076406
9769,0.6548770457164207
9770,0.5662910370477339
9771,0.5546639111762964
9772,0.5741645792658057
9773,0.5579852687342867
9774,0.5788735332553655
9775,0.6268972499754277
9776,0.5579455866235682
9777,0.5618868442318177
9778,0.5902849205211296
9779,0.5005846927386689
9780,0.4851516742364537
9781,0.5830829535768369
9782,0.606326257294317
9783,0.5476767265915828
9784,0.5751530859524385
9785,0.5825619859382745
9786,0.5953265246674103
9787,0.531971475335275
9788,0.5245355222655063
9789,0.5670072309947375
9790,0.5718133632542409
9791,0.563208343811771
9792,0.5485097166723856
9793,0.5491920768680081
9794,0.5313355411949925
9795,0.5509178852112872
9796,0.6383969804046952
9797,0.5979231351621608
9798,0.5821784439484574
9799,0.5450415348686569
9800,0.5627738499451488
9801,0.5291326528524439
9802,0.5756844110608313
9803,0.5629052448507983
9804,0.5838201559217332
9805,0.488111842067826
9806,0.5445125485150449
9807,0.5743227082212439
9808,0.5751207868672737
9809,0.5663081444120269
9810,0.5239898843361767
9811,0.5860981568286892
9812,0.5861109237363628
9813,0.559719364852288
9814,0.6072523665526962
9815,0.5961924477411731
9816,0.5518498137079045
9817,0.5760136943591293
9818,0.5464973418971534
9819,0.5420416347622106
9820,0.5559947149293706
9821,0.537266948726164
9822,0.578258400557509
9823,0.5492521631614149
9824,0.5931950887601227
9825,0.5088673663719707
9826,0.5733616032186664
9827,0.5726597145663531
9828,0.5466519196418856
9829,0.5689874627200062
9830,0.554034124362165
9831,0.5330322549681851
9832,0.5770102868218049
9833,0.532520097530069
9834,0.5369554890551577
9835,0.5683942688207203
9836,0.588925076757942
9837,0.5541513242745058
9838,0.5482167554358938
9839,0.5225803189618525
9840,0.5445295651127173
9841,0.5784176169129875
9842,0.5378494553157116
9843,0.549452404596756
9844,0.541900622842477
9845,0.5396907466451728
9846,0.5160971966178389
9847,0.5367991259581516
9848,0.483768163996397
9849,0.5603734698820438
9850,0.5642379950570651
9851,0.5489943510954497
9852,0.5488127539606882
9853,0.5193212905738277
9854,0.5607157219953378
9855,0.5441588955068822
9856,0.5876778316622457
9857,0.5031871520103516
9858,0.5561982297711675
9859,0.588915706010396
9860,0.5388195091383309
9861,0.5460307566481999
9862,0.5291928653744837
9863,0.5651791123256167
9864,0.5500575788607796
9865,0.5295495767329826
9866,0.5524529540114291
9867,0.5526880759577179
9868,0.5677546940602903
9869,0.5036536159904753
9870,0.5716093566662973
9871,0.5910975139523779
9872,0.568371638667827
9873,0.5527834616857137
9874,0.5276644983446425
9875,0.511217905632231
9876,0.501168182000459
9877,0.5286023459028822
9878,0.5793327762341989
9879,0.5273823913436892
9880,0.560329697484115
9881,0.5011598000688178
9882,0.5446086787470548
9883,0.5352218301991556
9884,0.5187224741477012
9885,0.5215301698824805
9886,0.5656232766525267
9887,0.5109994333440376
9888,0.5730812219617911
9889,0.5003072108187517
9890,0.5214279423056286
9891,0.5352509379058286
9892,0.5473107797604031
9893,0.5782539799327866
9894,0.5645987051704714
9895,0.5478868569799897
9896,0.5642510989546846
9897,0.5511512614931919
9898,0.5496539017678775
9899,0.4941767195603755
9900,0.5337735676152592
9901,0.5365968175453862
9902,0.5637001039927183
9903,0.5345702921799406
9904,0.5350362463152621
9905,0.5162471751201126
9906,0.5439453896113856
9907,0.4805997054250361
9908,0.5537408210899244
9909,0.49522745583001676
9910,0.5801101167561
9911,0.5198506382988043
9912,0.4837022237779412
9913,0.5592151927704893
9914,0.567519761677497
9915,0.5895685582286949
9916,0.5474338988560983
9917,0.5588727160355308
9918,0.5302989963916172
9919,0.5167278279871054
9920,0.6001518985948642
9921,0.523926050319535
9922,0.47443699683636026
9923,0.5614570131827574
9924,0.5609757930122977
9925,0.5199613540391859
9926,0.5571630333133283
9927,0.5178510626047258
9928,0.5093087467140354
9929,0.574322142070908
9930,0.5470575657717132
9931,0.5105212120389683
9932,0.5567872687863729
9933,0.5123879803221332
9934,0.5051743019396796
9935,0.5317700645199663
9936,0.5758994988512371
9937,0.5472217124896027
9938,0.5025235175393478
9939,0.5059082689708009
9940,0.5134677429324582
9941,0.509962671781321
9942,0.49303434307179844
9943,0.4965919339607575
9944,0.5462406402864323
9945,0.5475429736331847
9946,0.5299568433695877
9947,0.5385331460626025
9948,0.5624484803563088
9949,0.49862902908739565
9950,0.5455386591135709
9951,0.5319442286890955
9952,0.5321003029408364
9953,0.4667340827481707
9954,0.4839843927029943
9955,0.5188821353956444
9956,0.5275254015424231
9957,0.5493519444928845
9958,0.46380806725478635
9959,0.4646954901388503
9960,0.5012964037360281
9961,0.5713724220445843
9962,0.49593670308369026
9963,0.5086294444531155
9964,0.5269216128793421
9965,0.5194014822199903
9966,0.5230821984500265
9967,0.47485783405857834
9968,0.5405431578558204
9969,0.422978646583128
9970,0.5497643217029629
9971,0.5159758799325506
9972,0.5444645892025293
9973,0.5129282943245551
9974,0.5277529664451253
9975,0.5202974783332095
9976,0.5024158648955569
9977,0.5100374393876379
9978,0.5470738760048801
9979,0.4878385572837595
9980,0.49095662193311884
9981,0.5070174020215836
9982,0.5012679368785053
9983,0.5140534901401997
9984,0.47768379972117936
9985,0.5176434894958499
9986,0.5702738966000955
9987,0.47920760380195937
9988,0.4406918046072834
9989,0.49806045089264894
9990,0.5128096094112339
9991,0.5188380333214077
9992,0.5407409980243443
9993,0.5394926254287488
9994,0.5585591999140082
9995,0.5367630583961455
9996,0.4798062113689359
9997,0.44984024720681837
9998,0.5024034361628114
9999,0.5230853778134527
10000,0.5401277293932523
10001,0.5076498573110275
10002,0.5200073131033628
10003,0.4563140675493617
10004,0.49348266137474767
10005,0.5004295269690899
10006,0.4859863453232685
10007,0.5061142031528497
10008,0.4797128100912187
10009,0.5141264825931822
10010,0.4449270016546918
10011,0.49165622945746545
10012,0.4595712816371069
10013,0.5149222706059559
10014,0.4679785663405412
10015,0.58080689473367
10016,0.4779882042081469
10017,0.48005687259801993
10018,0.4891851098902267
10019,0.4900712537509923
10020,0.5394733236341148
10021,0.5294584860234396
10022,0.44502415518230776
10023,0.43599947256258964
10024,0.5351908643399106
10025,0.5097992379986288
10026,0.5021136949632313
10027,0.462129623707865
10028,0.4990224689093468
10029,0.5658109145631092
10030,0.4859080754421522
10031,0.49050672236956944
10032,0.5119536092131582
10033,0.5531086670028811
10034,0.47577480227425456
10035,0.4911383406971424
10036,0.46235204293545307
10037,0.4703734510678174
10038,0.5133500023439831
10039,0.4949574904285273
10040,0.4893200290971161
10041,0.5575831696779517
10042,0.45713045800386704
10043,0.5245959857130952
10044,0.5081598268555513
10045,0.5109700204344779
10046,0.4983982953538557
10047,0.4974624380276387
10048,0.4502737164004751
10049,0.44998244363255957
10050,0.5110257081100494
10051,0.5277162249723681
10052,0.46958735335931456
10053,0.5112705366626578
10054,0.47070702436057626
10055,0.4664814690255955
10056,0.546978156979906
10057,0.44517341145818995
10058,0.5325147909115262
10059,0.4732968641461317
10060,0.4096305314129655
10061,0.48986401516217176
10062,0.4629831729453824
10063,0.4695385058631971
10064,0.5137155325603928
10065,0.5116745381018765
10066,0.4286070930334687
10067,0.4567102416650725
10068,0.507163549411922
10069,0.5185418046826018
10070,0.5444440146315986
10071,0.5010408664731598
10072,0.5401527181213243
10073,0.46673517044451346
10074,0.4814136822545527
10075,0.46431840302404137
10076,0.49251516093365777
10077,0.47476251786409107
10078,0.4783777897194388
10079,0.46918025843903793
10080,0.5254446958466494
10081,0.48065701756926976
10082,0.4805924632238544
10083,0.5073695895863611
10084,0.47923092891419994
10085,0.5090839743578696
10086,0.45028680916536173
10087,0.44857298645203664
10088,0.475641935058529
10089,0.4557024894979226
10090,0.4852244290778231
10091,0.47497089537589976
10092,0.4651559342985947
10093,0.45907750735832953
10094,0.4948826200343647
10095,0.4867827243321523
10096,0.45411740858243077
10097,0.4559087681522918
10098,0.4446598276615019
10099,0.46886438527514934
10100,0.44946612919414447
10101,0.46917954101012405
10102,0.4678237355629735
10103,0.49190048707839684
10104,0.45433264628676784
10105,0.4120452930919794
10106,0.4541712581946124
10107,0.481199771037771
10108,0.49650748807604045
10109,0.4330757725174146
10110,0.4423838697327646
10111,0.5238560093305872
10112,0.4972111611875522
10113,0.5172846574300523
10114,0.4949250162660075
10115,0.49597808113200614
10116,0.48911604966910643
10117,0.41271890507184983
10118,0.46184814220446185
10119,0.5147190408558995
10120,0.47140732710335254
10121,0.43352256306262144
10122,0.4841653068006036
10123,0.49001755417687415
10124,0.4320707338762543
10125,0.4458773856245665
10126,0.4327515974623033
10127,0.4834450745852063
10128,0.5053917444668972
10129,0.4668665689950421
10130,0.4504597962645476
10131,0.4490299311996216
10132,0.45740015200815604
10133,0.4250764662876108
10134,0.45478014681204937
10135,0.47448875942345503
10136,0.4302975149430848
10137,0.45266142070149756
10138,0.44842771828136757
10139,0.47379527882093564
10140,0.43316138247924985
10141,0.44994457763059525
10142,0.4658931293572993
10143,0.4758708388964391
10144,0.4691733044990915
10145,0.45684140195461204
10146,0.45992426343029025
10147,0.4731512362767386
10148,0.5236346369916783
10149,0.4601234723699753
10150,0.47440788938155626
10151,0.4383810229573488
10152,0.44859121240898975
10153,0.4425071630836541
10154,0.4622072730799285
10155,0.4329274712727389
10156,0.44816768798060463
10157,0.42425963971468394
10158,0.4637683449216209
10159,0.4865698548251084
10160,0.4453530167380976
10161,0.42938650964966085
10162,0.4694567380907777
10163,0.4446943544583732
10164,0.47356191007777515
10165,0.48286973733397603
10166,0.45985016862663675
10167,0.41231159085376895
10168,0.46979717214474775
10169,0.4636400829832627
10170,0.45039984027449265
10171,0.4343370095517812
10172,0.44421897103707736
10173,0.4687034901190306
10174,0.46766643072423136
10175,0.49553907398030644
10176,0.4114397245500044
10177,0.4910025637042566
10178,0.4447117021202146
10179,0.4312062125678034
10180,0.4272713921322062
10181,0.442296329553613
10182,0.4222871026038749
10183,0.4636859245105117
10184,0.44574013200205886
10185,0.47176209838324384
10186,0.452312254416117
10187,0.4187834721005843
10188,0.45812438820650003
10189,0.4924296070229425
10190,0.44646799258432485
10191,0.4507418904163725
10192,0.4509566343205602
10193,0.44163339756561704
10194,0.42569949178777405
10195,0.4670641085976456
10196,0.4316583047469005
10197,0.4646050745133457
10198,0.43113374166848895
10199,0.4205982322139425
10200,0.4368525842520781
10201,0.49936527884703524
10202,0.453042014638759
10203,0.4401029084133163
10204,0.47823789434733704
10205,0.45312358754799975
10206,0.4543780307572019
10207,0.4591436621247916
10208,0.47105036227829766
10209,0.45412463081537746
10210,0.41640956291878445
10211,0.4709815035091367
10212,0.4629175839984638
10213,0.46964800115221467
10214,0.442514014266707
10215,0.4172795397887166
10216,0.44963507691495397
10217,0.3945069985956042
10218,0.48392848351557866
10219,0.45180889725210277
10220,0.4014011241271911
10221,0.4357551501840027
10222,0.4293823325605842
10223,0.4549572216204262
10224,0.4227174950789452
10225,0.4569572063030257
10226,0.42722080728538137
10227,0.4317095970908787
10228,0.4754693674958532
10229,0.4442505283402559
10230,0.476828194129956
10231,0.43188623975624985
10232,0.43246966689129895
10233,0.4072045741820718
10234,0.42056503508273013
10235,0.4402634587778115
10236,0.41894986628530634
10237,0.44058449926743226
10238,0.4271074753586428
10239,0.39175741877180786
10240,0.4548445453457995
10241,0.3882051587159765
10242,0.3850577950308188
10243,0.4416179558891024
10244,0.4162869822495041
10245,0.44410882366923554
10246,0.4117586713788052
10247,0.43717262149254854
10248,0.4469186065052963
10249,0.44157540660359457
10250,0.4882061165048139
10251,0.4662016558631221
10252,0.42308631001089947
10253,0.3992602582227545
10254,0.3879330260331761
10255,0.440562420057351
10256,0.4364171842484517
10257,0.4164487256143106
10258,0.3267168455478622
10259,0.4365215080517322
10260,0.48545582348967153
10261,0.38348705716126114
10262,0.4632428809835365
10263,0.46621932770925206
10264,0.442863206351905
10265,0.37505560448606345
10266,0.3708566419447725
10267,0.45069116578310486
10268,0.4250640997317563
10269,0.4600778844094996
10270,0.392958352267256
10271,0.41627720100071564
10272,0.46267002520761946
10273,0.4241680532157674
10274,0.38383392257417825
10275,0.39689768067945524
10276,0.4113520481129814
10277,0.46166037089886225
10278,0.37347469085439466
10279,0.43967301500536504
10280,0.4493386125097039
10281,0.3928626340513637
10282,0.3828370049289803
10283,0.44439967564702754
10284,0.3638652263807034
10285,0.3937086824114471
10286,0.41101316431427437
10287,0.41474468023632133
10288,0.4277068283431899
10289,0.3802388554542891
10290,0.38787762580761015
10291,0.4606996209196384
10292,0.44332084705369335
10293,0.4598617789280177
10294,0.41669800676515467
10295,0.44960738793951366
10296,0.37740382498587643
10297,0.4342873578440626
10298,0.40219326268585487
10299,0.40249593822027113
10300,0.4107072512412291
10301,0.4146078197289239
10302,0.4096425576723675
10303,0.35165723573455
10304,0.4463847370627314
10305,0.36536028611348903
10306,0.44979463702597305
10307,0.4273403799274763
10308,0.4303761015677502
10309,0.34833415552988795
10310,0.39462213662717066
10311,0.4043979393409482
10312,0.42831858152578356
10313,0.397628874595557
10314,0.42235739338146977
10315,0.45974631726575604
10316,0.4486419432343193
10317,0.4198582623604748
10318,0.4812085825427236
10319,0.37032529271801523
10320,0.3947863621788655
10321,0.36279745623842696
10322,0.3823688871604884
10323,0.43045473966774817
10324,0.4135113635787766
10325,0.41538935108810165
10326,0.36233870738604484
10327,0.3741202485297849
10328,0.3877375640534645
10329,0.42122207482031493
10330,0.35112053698317736
10331,0.3938548881055355
10332,0.3625977412211967
10333,0.3931677675997002
10334,0.43219963613346646
10335,0.3846229601772943
10336,0.44923033530620615
10337,0.3819860277303558
10338,0.3585391561389954
10339,0.3758794434443863
10340,0.4172977815073038
10341,0.32872220559361076
10342,0.4320242338833384
10343,0.3708797898990903
10344,0.38803110935304597
10345,0.4025486679110078
10346,0.4506854050328613
10347,0.4067620175178129
10348,0.37304443113820474
10349,0.3658929893837694
10350,0.40505252175604767
10351,0.3980328236347916
10352,0.3886137386417409
10353,0.38059751726481117
10354,0.43377956778346377
10355,0.43817133691532456
10356,0.3997496564738649
10357,0.41005696373053435
10358,0.3948398202395082
10359,0.38049120598306757
10360,0.4191353124412091
10361,0.4268017868973819
10362,0.41928803878013465
10363,0.4148659614333052
10364,0.40427594059274474
10365,0.43460044313724194
10366,0.40508827270548037
10367,0.4286261285782717
10368,0.41941464834636477
10369,0.39407368302311413
10370,0.4108107654372892
10371,0.31925090955369506
10372,0.41221522501453933
10373,0.426081529417422
10374,0.4062787476761426
10375,0.4393146215473225
10376,0.3844725552661012
10377,0.3958264909135827
10378,0.39977266202192835
10379,0.34772756670289495
10380,0.37876059228511044
10381,0.3764417145909129
10382,0.3699652224451769
10383,0.3522650608622706
10384,0.3979463937338
10385,0.3575157319656493
10386,0.37762698382671117
10387,0.38036467348389497
10388,0.3607914246385092
10389,0.38718340086161046
10390,0.4208918886889057
10391,0.40144976381506375
10392,0.3644806086359807
10393,0.4129428161399891
10394,0.3962218302376147
10395,0.39917227823693396
10396,0.38993736438697696
10397,0.3532711829018203
10398,0.41013354100513266
10399,0.38802522144867607
10400,0.34695112165668696
10401,0.32320167135654354
10402,0.4272864569067298
10403,0.3734010444089684
10404,0.4646398257559458
10405,0.3777920186534526
10406,0.39211550826803815
10407,0.41038264587813494
10408,0.35883021846531576
10409,0.33482861543283265
10410,0.3950017018218016
10411,0.4069303865318421
10412,0.38422424648014136
10413,0.3973489006798058
10414,0.4150381270469179
10415,0.35096019988902566
10416,0.3776502206837275
10417,0.3795650008970979
10418,0.35602385249149127
10419,0.41105501939593125
10420,0.37129054757948227
10421,0.34002968714179277
10422,0.3640058273247225
10423,0.3776559777423863
10424,0.3458815585171691
10425,0.42881193861308475
10426,0.362915456344165
10427,0.3424299320402515
10428,0.3771843140537864
10429,0.3482755744378874
10430,0.39082457651737645
10431,0.33895288548078295
10432,0.3866353999166496
10433,0.3746781457041635
10434,0.3366967078596252
10435,0.38290178626067395
10436,0.36249714633257407
10437,0.42606697830361734
10438,0.3570009584828451
10439,0.37213451271871606
10440,0.3459904726277717
10441,0.3991503374716941
10442,0.40997037001466546
10443,0.3635725247997168
10444,0.3780962617820417
10445,0.39066228705433814
10446,0.3948065920501151
10447,0.34444326877376863
10448,0.35088221043259327
10449,0.37810079137889624
10450,0.3267957354622882
10451,0.4189783362298525
10452,0.35558959568046933
10453,0.3840081263148883
10454,0.40991945936094354
10455,0.3690965055123299
10456,0.3375766415661945
10457,0.3478235609388311
10458,0.3169221087825371
10459,0.3183112059966969
10460,0.4310057887788112
10461,0.3781030201459211
10462,0.3334895679268823
10463,0.38132324212786267
10464,0.34818243572792107
10465,0.33251264119538226
10466,0.3956750297341528
10467,0.3759745705717904
10468,0.4061732380882756
10469,0.3596197987046782
10470,0.4157741569700118
10471,0.44193001378691804
10472,0.2851339578862149
10473,0.3391744682784029
10474,0.34794032127006846
10475,0.36756394301175804
10476,0.39394749814872443
10477,0.36843937294950263
10478,0.38814891564720133
10479,0.31265867972191846
10480,0.3911350312215069
10481,0.3139789995311581
10482,0.34854972185220257
10483,0.35930458725831305
10484,0.40034582065028296
10485,0.2838293815480065
10486,0.4179551017453547
10487,0.37952401109284745
10488,0.3931480631074933
10489,0.3559131863191584
10490,0.356629550191935
10491,0.3512117621392383
10492,0.3126563804556239
10493,0.3813164220055471
10494,0.37354155479662915
10495,0.4005370069618706
10496,0.39176086621618655
10497,0.39342822327047094
10498,0.38904210679639795
10499,0.3039695064856789
10500,0.32374208729335996
10501,0.3594350887580631
10502,0.3913927614907753
10503,0.33868792227566785
10504,0.38726648071418956
10505,0.3792916900336399
10506,0.40223453230744594
10507,0.3492676430812738
10508,0.34737730127128974
10509,0.3695477359198326
10510,0.3618504273589227
10511,0.34000676307992517
10512,0.31295064208100426
10513,0.38988679448679964
10514,0.3381538778507003
10515,0.38083105279427226
10516,0.3379191847826358
10517,0.36177950238185114
10518,0.3022351019539086
10519,0.3859374695519294
10520,0.35487129079424434
10521,0.401759619113133
10522,0.32986952619807525
10523,0.36165569943759046
10524,0.34180640790927497
10525,0.41658318510671266
10526,0.2857550507905898
10527,0.34136768843884613
10528,0.3384928584819106
10529,0.3402213299882064
10530,0.33579721410727226
10531,0.36624907360772263
10532,0.3820337896101141
10533,0.3146345491657559
10534,0.33871762125806054
10535,0.3444584166848148
10536,0.35461255848580814
10537,0.39281863658710076
10538,0.3428020931311255
10539,0.314052154326552
10540,0.36133826455837753
10541,0.41328263287628497
10542,0.3513011973353801
10543,0.3310288720339944
10544,0.3581021872077877
10545,0.311613669000687
10546,0.34974555850415345
10547,0.35514005057795284
10548,0.3820713171524425
10549,0.3650334883272252
10550,0.3165347965415307
10551,0.3691356437834447
10552,0.3255040733976135
10553,0.39482574056695374
10554,0.30716683859361005
10555,0.3468354625684966
10556,0.28181676163091557
10557,0.3560418047039485
10558,0.3674851139947388
10559,0.3443806812432314
10560,0.3179628874179018
10561,0.31919840608843697
10562,0.3158884712622987
10563,0.38254787088668096
10564,0.3279448812723162
10565,0.3962880148393544
10566,0.32415733067103814
10567,0.32037884917825893
10568,0.40050806891604546
10569,0.30128942165347533
10570,0.32533160436338066
10571,0.353212248493472
10572,0.3194688602605349
10573,0.33159109337130965
10574,0.33395593515646244
10575,0.32156776469436366
10576,0.31836123312624903
10577,0.3370710438711216
10578,0.2901981658544504
10579,0.4005964109272522
10580,0.4024341541740641
10581,0.3392841025014225
10582,0.3227296398179407
10583,0.30143782589700013
10584,0.2923990516586957
10585,0.3832637017685703
10586,0.35430740222401874
10587,0.3104634652667792
10588,0.36636406905068614
10589,0.34076047125267733
10590,0.3598604971654425
10591,0.35355472102335056
10592,0.3531902267414316
10593,0.30359096880484693
10594,0.3373875897182054
10595,0.3297906480557743
10596,0.2990774540478508
10597,0.35426157580494116
10598,0.29529458118234625
10599,0.24690069697099395
10600,0.3613065384489137
10601,0.31380389851812046
10602,0.34158950064981275
10603,0.34340563774807703
10604,0.34300053868387914
10605,0.3149823323810278
10606,0.31665832787338954
10607,0.41482931255918254
10608,0.36109767800272174
10609,0.31089156440198884
10610,0.33161207901218087
10611,0.3185849258374269
10612,0.3494949675629254
10613,0.32678449823787753
10614,0.3447225338975776
10615,0.3058003622405156
10616,0.3508499287237696
10617,0.33353144479031566
10618,0.33263681398986
10619,0.3009154943318581
10620,0.38884454234653043
10621,0.3272224406216897
10622,0.32655754173459667
10623,0.41861552527291607
10624,0.33423703004898336
10625,0.3034527702246294
10626,0.31427571787609115
10627,0.3335858073056505
10628,0.3416324798512265
10629,0.34538310694606844
10630,0.3031622133928971
10631,0.3357191118275742
10632,0.3014204779614328
10633,0.3238530753931946
10634,0.3426307015894376
10635,0.3205562417867441
10636,0.3155200279365027
10637,0.34810924884641503
10638,0.3414844545431435
10639,0.2872769434981792
10640,0.30821121442171157
10641,0.3155381413687342
10642,0.33741436518454854
10643,0.36841514704572415
10644,0.3589769865387369
10645,0.3194748692769156
10646,0.3365631844095049
10647,0.28465892907238904
10648,0.3518007755625365
10649,0.31877139736157034
10650,0.33590969993714725
10651,0.31100577411419683
10652,0.30184225543190074
10653,0.32339582968692776
10654,0.315223361135804
10655,0.3105060971349623
10656,0.3389465711193853
10657,0.3179417798336574
10658,0.3009888507321763
10659,0.33139045624810365
10660,0.3283573871711188
10661,0.3094951751876833
10662,0.3559360681032247
10663,0.26306688512620713
10664,0.32246732228699376
10665,0.2976936101896767
10666,0.28821466400306134
10667,0.289313444192497
10668,0.36219516402320584
10669,0.32985398305179836
10670,0.2513470378713566
10671,0.3810486480938642
10672,0.3624978773382298
10673,0.33529762945764896
10674,0.3183862607359948
10675,0.29501743867697927
10676,0.3248473411528278
10677,0.30414207200159016
10678,0.3206552752836724
10679,0.36611733308038263
10680,0.34405460965223283
10681,0.29494601820221483
10682,0.2734579193241427
10683,0.3009701595066218
10684,0.3184479980160252
10685,0.36444427983996
10686,0.27311322971714025
10687,0.35623845031421897
10688,0.3077216710163692
10689,0.35966849506479825
10690,0.34376078803112886
10691,0.3136198080805187
10692,0.2854006190722835
10693,0.3486165566149562
10694,0.33325130211062653
10695,0.2771266016022828
10696,0.3587124491701496
10697,0.27002920819705806
10698,0.3415214232588952
10699,0.2800120571549141
10700,0.29039393657198054
10701,0.2970365105785748
10702,0.33420730841937807
10703,0.30840014905229574
10704,0.3349904748108977
10705,0.31033696627077034
10706,0.27226607372960665
10707,0.3222288920053468
10708,0.3068824700171518
10709,0.34313786843280264
10710,0.3212171125335054
10711,0.26459239366057463
10712,0.29400147150316563
10713,0.31103034600548557
10714,0.26537846053127473
10715,0.30026096492166326
10716,0.3371814673881071
10717,0.28500126872277454
10718,0.27283085860596756
10719,0.3224545977020545
10720,0.3268620853401946
10721,0.24382254847137225
10722,0.30762914162718435
10723,0.31865838143471975
10724,0.34282592944919504
10725,0.3297051873341454
10726,0.30546786567167095
10727,0.3328039979997585
10728,0.28776262094010024
10729,0.3530505369950589
10730,0.304201702071929
10731,0.3287494588755683
10732,0.296872624165076
10733,0.28119934623463827
10734,0.3539872454859902
10735,0.2812285767627045
10736,0.28342475929527877
10737,0.27023446238492266
10738,0.3251590160432961
10739,0.3144034615155554
10740,0.30491985136805727
10741,0.2908342883627418
10742,0.2634364775788698
10743,0.3270447562797378
10744,0.36143740891087467
10745,0.3079772972723598
10746,0.30812564285378885
10747,0.306623678395457
10748,0.3216658618441538
10749,0.2873309918695012
10750,0.33701115864391185
10751,0.2976187142917691
10752,0.31516018968437254
10753,0.2802167342171788
10754,0.305379062134401
10755,0.30313715503694727
10756,0.3434815703660673
10757,0.34046402854168745
10758,0.3107829700530959
10759,0.2922445872008588
10760,0.2733881599118541
10761,0.25263284784201107
10762,0.3157024697092963
10763,0.2764778578190828
10764,0.310899892053914
10765,0.2922560858151857
10766,0.31610950953524225
10767,0.38882308078457556
10768,0.27040563746970653
10769,0.2888652651551589
10770,0.29937779511442825
10771,0.31030284864617236
10772,0.3366341981603962
10773,0.2949011576529618
10774,0.31837320066611857
10775,0.3277677442272538
10776,0.31017269890551835
10777,0.3426863496172066
10778,0.33189286737239626
10779,0.2578183166846789
10780,0.2855394788577811
10781,0.32898806160336636
10782,0.30303030685263715
10783,0.32249024372591645
10784,0.2958821125622262
10785,0.3121036376466969
10786,0.2821652814731924
10787,0.30688225026599547
10788,0.2807901919374174
10789,0.3130770710157123
10790,0.3168787288749839
10791,0.33076409067851703
10792,0.28552236289291366
10793,0.27432786518984487
10794,0.28391825837761275
10795,0.2747516446851795
10796,0.3128390213163561
10797,0.330639846245683
10798,0.29302543118353014
10799,0.28463715138545737
10800,0.26656923682046507
10801,0.3119807603609269
10802,0.30564081081291045
10803,0.3524371235531517
10804,0.287569173020233
10805,0.331758805030433
10806,0.2742184003712806
10807,0.30456275110894293
10808,0.32400844070395624
10809,0.3034522443616465
10810,0.3502864270845947
10811,0.30081848063458294
10812,0.2633130579251392
10813,0.31364081814982725
10814,0.2742302172145338
10815,0.2829171588182492
10816,0.3044726437705509
10817,0.30937177417642475
10818,0.3335033862621505
10819,0.2696029649299756
10820,0.27979332109036875
10821,0.29624926387119005
10822,0.3213207815431514
10823,0.3423516041621016
10824,0.3262459874027487
10825,0.2955610973788572
10826,0.28631085209439705
10827,0.3293032700347801
10828,0.23782656545985598
10829,0.2934072957947554
10830,0.2746852409510121
10831,0.31357201666741047
10832,0.27722472528974335
10833,0.273878119596002
10834,0.2896828111053626
10835,0.3127534458363747
10836,0.28555057064187067
10837,0.282477875657419
10838,0.35558962246601933
10839,0.2891388452518051
10840,0.2931159374041025
10841,0.29794715801098237
10842,0.3180064356741878
10843,0.31783364709186124
10844,0.250712091740662
10845,0.2633908528743585
10846,0.2841588084150774
10847,0.2575683270488486
10848,0.31694051918451743
10849,0.2644607901159861
10850,0.3248204811867378
10851,0.25164310482962565
10852,0.3100039502347162
10853,0.26378383983071213
10854,0.3072193825024794
10855,0.2375661531518343
10856,0.3094161313026241
10857,0.1985408905111215
10858,0.278575193035335
10859,0.31169624017612907
10860,0.2681450696059705
10861,0.26502373415151365
10862,0.3397081859130431
10863,0.2553097209394682
10864,0.3109869821832256
10865,0.24708799139239307
10866,0.31577334551647057
10867,0.27996834413155536
10868,0.2727951832846665
10869,0.2577315232188353
10870,0.26128862375619316
10871,0.2672689881235989
10872,0.296319649941798
10873,0.27681559201708894
10874,0.31870279192568524
10875,0.24944621422870406
10876,0.2507707472169233
10877,0.2891179138000984
10878,0.3286152927937213
10879,0.2582385354631012
10880,0.2884235014505887
10881,0.26708486340868576
10882,0.2657984028282202
10883,0.2868488048732519
10884,0.3051496929524864
10885,0.27569353791166795
10886,0.3104050433288879
10887,0.2874665038747903
10888,0.25048547222221856
10889,0.27563090331369194
10890,0.2822102910107291
10891,0.22697767541661645
10892,0.25157215405047884
10893,0.2384802069958183
10894,0.28584198839036434
10895,0.2758103100477141
10896,0.31048789854728337
10897,0.2861159056431871
10898,0.31363230974344114
10899,0.2763368609908403
10900,0.23281370195182957
10901,0.2898970912192565
10902,0.3168416072009918
10903,0.2761745420741465
10904,0.27380369535177684
10905,0.2674039450420842
10906,0.26030653717701874
10907,0.24047724895423978
10908,0.23844646495302232
10909,0.263236251829471
10910,0.24646625662487462
10911,0.2688421936281406
10912,0.25918835017287795
10913,0.2540084854110828
10914,0.2833093939942736
10915,0.27215193364890516
10916,0.2542156312477494
10917,0.2774440921258791
10918,0.2390825004734812
10919,0.27030768170774444
10920,0.3004737134280454
10921,0.2757611758189535
10922,0.30747431045898177
10923,0.27559754086004906
10924,0.28424751080304395
10925,0.28825846562351587
10926,0.318296491075355
10927,0.29442330671500305
10928,0.27851571842260153
10929,0.24568319125993474
10930,0.27308313163708
10931,0.29136529116322213
10932,0.2880251921691693
10933,0.2137848265156474
10934,0.29496230517057054
10935,0.24115961181902668
10936,0.32417130036896574
10937,0.28116880504998293
10938,0.23804907861396343
10939,0.2674827687932533
10940,0.27420892528466106
10941,0.2406643772517516
10942,0.22329038476824173
10943,0.2688089161514984
10944,0.19368160014593788
10945,0.3205120727284474
10946,0.3115365528511677
10947,0.3328696683637401
10948,0.27637188352965747
10949,0.24187798377663727
10950,0.21507200965821993
10951,0.29012358350469564
10952,0.3120683939985643
10953,0.3302940501905726
10954,0.2793863469027388
10955,0.24616539501607604
10956,0.2696272078918235
10957,0.2468416777602712
10958,0.28213502792895734
10959,0.32245290639004043
10960,0.19558972257112728
10961,0.23901208515102523
10962,0.27352815857620005
10963,0.29909277440045107
10964,0.30026234151925657
10965,0.2416396290450311
10966,0.2763730513085321
10967,0.2616029050581279
10968,0.3051587797632601
10969,0.2963462075360578
10970,0.2872826990805674
10971,0.3068824697687697
10972,0.33072800520821055
10973,0.22613130925345887
10974,0.29512541219058264
10975,0.2875557306136554
10976,0.2851395652519628
10977,0.28613668476896464
10978,0.2644720388279157
10979,0.2780552502750944
10980,0.23098194637771535
10981,0.3350540765763032
10982,0.25698612217820826
10983,0.23950132607697394
10984,0.24703153938790212
10985,0.256340040962688
10986,0.3051938492625445
10987,0.27306218867346893
10988,0.23897287257435573
10989,0.23155499323469478
10990,0.2530459318163675
10991,0.2827869391636892
10992,0.27631429827296616
10993,0.25526111617829045
10994,0.23775216955940812
10995,0.24506375687314338
10996,0.27401793905557664
10997,0.31401574654261066
10998,0.27076410510871174
10999,0.24984454837794795
11000,0.2722321528947425
11001,0.3150112475183263
11002,0.2528363898690943
11003,0.22930344981243223
11004,0.2385383368170399
11005,0.26915915376549343
11006,0.30182501849453364
11007,0.2569302242447314
11008,0.23372659846341282
11009,0.22173126629407733
11010,0.21987194064472063
11011,0.30603369998337615
11012,0.2892849676002352
11013,0.2371297841796125
11014,0.32146820834124745
11015,0.2556470754341883
11016,0.20538479524697364
11017,0.22423991129555532
11018,0.3036291607187007
11019,0.28315003800946015
11020,0.2706284768919972
11021,0.25717358358204684
11022,0.23265702108717684
11023,0.17251287194725495
11024,0.27185773741131847
11025,0.23771691502619793
11026,0.25696419973111123
11027,0.2551016491641687
11028,0.26738100522580277
11029,0.24988808204345644
11030,0.2610127932768602
11031,0.2691079059786572
11032,0.2570189101852173
11033,0.26721100083754395
11034,0.29181900553961004
11035,0.2465080208829144
11036,0.2017060457359254
11037,0.23527092986545806
11038,0.27272772927207084
11039,0.21558395637569536
11040,0.28241155335806023
11041,0.24868545942993073
11042,0.22456095470555115
11043,0.22764153163523618
11044,0.27747977570246196
11045,0.24886340576488386
11046,0.2740697230687849
11047,0.2828097649858337
11048,0.2091862054281442
11049,0.19965803602215976
11050,0.24085788722925447
11051,0.2724721890419523
11052,0.2640102228426144
11053,0.2700623170600806
11054,0.2324436976409707
11055,0.2926422503066063
11056,0.3219099555685832
11057,0.26946323462999056
11058,0.2689938457889701
11059,0.25625776082862567
11060,0.27380341356780424
11061,0.23186018150905316
11062,0.24972536909104676
11063,0.27804425824453627
11064,0.1949469297492715
11065,0.23228394113755554
11066,0.24759747866269344
11067,0.2944195141830106
11068,0.26335764236844345
11069,0.27356316825663574
11070,0.27358457716079065
11071,0.23280835570506986
11072,0.2510458094092548
11073,0.22327419569564627
11074,0.2708835788608891
11075,0.23861931623019367
11076,0.23422771632379003
11077,0.2836541517457842
11078,0.20648862550746225
11079,0.21750620017190705
11080,0.2299492116316409
11081,0.27863620645479964
11082,0.23232693577291913
11083,0.18587920813845743
11084,0.29742379652187356
11085,0.23415784811819107
11086,0.29093733565769536
11087,0.22848448311277483
11088,0.22426818583328523
11089,0.2856914801785988
11090,0.22303966156654376
11091,0.22155587640722765
11092,0.2486858883385341
11093,0.2580867802326907
11094,0.2717365811594942
11095,0.2268906877327194
11096,0.29977536988606984
11097,0.2706942747804938
11098,0.226206579562402
11099,0.23012588891986466
11100,0.2627249520846399
11101,0.2286978162296205
11102,0.2204598725725144
11103,0.220054050349769
11104,0.2747633447636737
11105,0.2941781705997667
11106,0.2779522150932539
11107,0.1946539868327123
11108,0.23353834411405655
11109,0.21969565008506728
11110,0.2407409997474451
11111,0.27635837080571124
11112,0.20841926563579455
11113,0.22006093129800525
11114,0.2327675574856818
11115,0.23300805180698916
11116,0.2362070692362884
11117,0.2550183733423846
11118,0.2694698456192846
11119,0.20752928443785354
11120,0.20462499760408798
11121,0.24521753540365682
11122,0.2920608080064157
11123,0.22753928122149678
11124,0.2271048675039472
11125,0.2410645399423451
11126,0.18268817107732488
11127,0.208712462367524
11128,0.2286016802863723
11129,0.28578254517824997
11130,0.26413816655301786
11131,0.27774330969126837
11132,0.2920196479659207
11133,0.22734648065305313
11134,0.26842325068628825
11135,0.2531574475457181
11136,0.26650382453313964
11137,0.296831662539783
11138,0.21823583646444047
11139,0.3014437507228583
11140,0.2618218999865437
11141,0.24755598078644991
11142,0.19894623246990575
11143,0.23087100204812666
11144,0.2290877180603447
11145,0.22519741665048407
11146,0.2761931046069208
11147,0.25578023341021433
11148,0.21858807311884804
11149,0.25873994210734835
11150,0.2790737818948719
11151,0.21244658079718698
11152,0.20525087277619586
11153,0.21593365870151968
11154,0.15738752279559343
11155,0.2340998155706185
11156,0.15201280158951386
11157,0.2205191540045134
11158,0.24982021915964542
11159,0.25780714541543354
11160,0.25677170425365115
11161,0.19673791768059945
11162,0.18805861461195417
11163,0.1702291867925078
11164,0.25579716231840494
11165,0.2198286677644198
11166,0.2317661014583026
11167,0.24632158605505824
11168,0.22580013234869167
11169,0.18885838147929485
11170,0.2160645653171944
11171,0.25121058115649164
11172,0.22655868894171718
11173,0.23823739115347378
11174,0.22464868763106102
11175,0.2584294199355716
11176,0.21933808916609462
11177,0.21513954566828736
11178,0.23727643779123783
11179,0.25429707653088124
11180,0.23496559968724132
11181,0.25136315600421416
11182,0.21153134424370382
11183,0.271911944375519
11184,0.23640031457173627
11185,0.2350847032361967
11186,0.25891089434193587
11187,0.2259003375553071
11188,0.20514543304032098
11189,0.22210964899034003
11190,0.22695507167083717
11191,0.3017897269381471
11192,0.2746533981933744
11193,0.22446753401682978
11194,0.2186671413054634
11195,0.26953354427338044
11196,0.18725438604932798
11197,0.2747884995172269
11198,0.2584726210729676
11199,0.2025022786612672
11200,0.2572057170893146
11201,0.19800339533163266
11202,0.18706032636314973
11203,0.2349270869219847
11204,0.22060329788342928
11205,0.25883856127220894
11206,0.22676463179413375
11207,0.22680438813702833
11208,0.2497702707506152
11209,0.29645925670222384
11210,0.2642992577326074
11211,0.2660123926252061
11212,0.2340278277085133
11213,0.20058846195103341
11214,0.2396979276941305
11215,0.2401834143368356
11216,0.23324771699945795
11217,0.23963327845157212
11218,0.20593062271828855
11219,0.2266342719485423
11220,0.27913900806344905
11221,0.26363991002276177
11222,0.23441736251323397
11223,0.21763018453315522
11224,0.2426080829915585
11225,0.25387074162301515
11226,0.27874265613066973
11227,0.19821000748544845
11228,0.26977370435032166
11229,0.291249751565559
11230,0.26764653087958024
11231,0.26940868443916954
11232,0.2403029867895644
11233,0.1891245947759757
11234,0.22551730741051484
11235,0.23688571653173096
11236,0.21558854522693127
11237,0.19723539680047392
11238,0.21723563983470873
11239,0.2314643259798398
11240,0.20502080886824914
11241,0.2695645641520491
11242,0.240409645432917
11243,0.23905720809221298
11244,0.26189467017286877
11245,0.2425404912102382
11246,0.25995593519648086
11247,0.20570439665345797
11248,0.2387803160896505
11249,0.22272790239009185
11250,0.22750528649427715
11251,0.19403618949067103
11252,0.2202384809425229
11253,0.19218560843871244
11254,0.22440942434271033
11255,0.20309414349087043
11256,0.24745456540156635
11257,0.21230435813632192
11258,0.2089468580663072
11259,0.2166958570675082
11260,0.2237965099255901
11261,0.23706790400234345
11262,0.20754555459255597
11263,0.20267409940932257
11264,0.2499844719967113
11265,0.24513382863815317
11266,0.20869989312962922
11267,0.22170659866846787
11268,0.25213157781397616
11269,0.2120768354723934
11270,0.26785648393369077
11271,0.21540491903584094
11272,0.24179047499063475
11273,0.2488468323426549
11274,0.30121702026730623
11275,0.20171339691573312
11276,0.1947698924191418
11277,0.2479334316775909
11278,0.28569363466903447
11279,0.1869019187820949
11280,0.19463759642982228
11281,0.2683797355915191
11282,0.18769687422367679
11283,0.2902114434439982
11284,0.20319878104261227
11285,0.2537796951383934
11286,0.2294071588898547
11287,0.2363824737437179
11288,0.27965088164545243
11289,0.22262863403451877
11290,0.17704976226761818
11291,0.21710445110467078
11292,0.26158135156203516
11293,0.20082111564781488
11294,0.17154810659074846
11295,0.22655846510787464
11296,0.20557851085384296
11297,0.22632725354342872
11298,0.20555486061315903
11299,0.19271317798031595
11300,0.26254548040479786
11301,0.24412105920328067
11302,0.18537423669467118
11303,0.21210315377044653
11304,0.22839454594924496
11305,0.2728756213710396
11306,0.22114767620061926
11307,0.25715616040620354
11308,0.2361376634483235
11309,0.2414896060469674
11310,0.23858223511633983
11311,0.18313898840482637
11312,0.25959648477374486
11313,0.23061279040897337
11314,0.22182212239600269
11315,0.2415516253433987
11316,0.18942304951974334
11317,0.24244547040690917
11318,0.26456911967473556
11319,0.21968428322565947
11320,0.24255133793519879
11321,0.2289800602439438
11322,0.19988081389874934
11323,0.22855511207071816
11324,0.2100023200223389
11325,0.23690109401221435
11326,0.20091511776685858
11327,0.20744285872847795
11328,0.19733292579548778
11329,0.20187794059289213
11330,0.2290318965753056
11331,0.2375911574949227
11332,0.23936600985820194
11333,0.2145538357380497
11334,0.19532128044604063
11335,0.17067325837051173
11336,0.24337799252009634
11337,0.23071681373532424
11338,0.28909139108722204
11339,0.209316041300673
11340,0.1658119793272168
11341,0.2342803834275274
11342,0.23038984503313173
11343,0.285617709910685
11344,0.24273543618555174
11345,0.22826013230553713
11346,0.1726649326588957
11347,0.2532315437395903
11348,0.22908533739718162
11349,0.1626606741144153
11350,0.22009468935043577
11351,0.18709095128420472
11352,0.21214856060816795
11353,0.22035304626851213
11354,0.23260923008488216
11355,0.14256588070207868
11356,0.2549934152064347
11357,0.20994287740088088
11358,0.18012646753621664
11359,0.2323615895760785
11360,0.23807762855882925
11361,0.21244573264112918
11362,0.20619105666179524
11363,0.20168914543871969
11364,0.2642477212495954
11365,0.22417764279694863
11366,0.21843535147789742
11367,0.21409488779197033
11368,0.2495769866317715
11369,0.19702258945582324
11370,0.19536914916323675
11371,0.22425751018535522
11372,0.24624422210557093
11373,0.22661313781913675
11374,0.3114761957233413
11375,0.23627149958440358
11376,0.18875879491694583
11377,0.22907371302407717
11378,0.15537174573961343
11379,0.25559429308109133
11380,0.21945213891742033
11381,0.18545625646094327
11382,0.2402789495792896
11383,0.2273874838620823
11384,0.19837807788215622
11385,0.23638764481295488
11386,0.16643328453100165
11387,0.23563660214897925
11388,0.2172017988560651
11389,0.18581129025549037
11390,0.1504814858618907
11391,0.1741838212676986
11392,0.24070781406825767
11393,0.2032629944091318
11394,0.2528479200963324
11395,0.22565916863121935
11396,0.21017575649753664
11397,0.2633620956822239
11398,0.2904855667429792
11399,0.18292080776279684
11400,0.19343332523807613
11401,0.20358082365110958
11402,0.22812864026413515
11403,0.19288994956394884
11404,0.20808420190222032
11405,0.17098546270670187
11406,0.21797915221643402
11407,0.25310903003109075
11408,0.20534896143880185
11409,0.21224212311005544
11410,0.2215584310102297
11411,0.19788304206565552
11412,0.2084049747093041
11413,0.13632514554207845
11414,0.16419124904132087
11415,0.27188670909318274
11416,0.23545879593508248
11417,0.170786653152357
11418,0.2466778407628336
11419,0.22110835880877375
11420,0.2683670911746227
11421,0.20650013485696345
11422,0.14735979298378335
11423,0.19250692478720688
11424,0.2050730980349908
11425,0.22149559319176088
11426,0.21532674801396243
11427,0.20776776066707395
11428,0.16967717302668442
11429,0.21742546548220323
11430,0.21431065005613675
11431,0.22378463522593983
11432,0.22097180535343536
11433,0.23490359961775054
11434,0.23593873467455895
11435,0.20167774282428963
11436,0.2514095109525118
11437,0.24400996626837373
11438,0.21196775121476205
11439,0.19623953087230034
11440,0.22083310627670966
11441,0.25533275929919397
11442,0.26617958445428647
11443,0.21351545990240411
11444,0.1782275408680221
11445,0.2162598294026238
11446,0.21202512225277337
11447,0.21450694946360396
11448,0.2215704920873391
11449,0.17160601319305635
11450,0.21422649131177285
11451,0.21103402051004091
11452,0.22024192437031864
11453,0.21276151297087706
11454,0.1362734792563893
11455,0.21513272515167048
11456,0.18825070811689634
11457,0.14357174948365248
11458,0.20478303125051323
11459,0.17290317041053596
11460,0.18123894898459866
11461,0.20520041819251275
11462,0.22754761851108718
11463,0.2583558124381707
11464,0.17618782917201703
11465,0.2501427344322006
11466,0.21654747216399786
11467,0.2923755620416248
11468,0.2081845604738281
11469,0.224758023701923
11470,0.1591842375465129
11471,0.12663030324085134
11472,0.2172457952801347
11473,0.22281621481681763
11474,0.2185529548820309
11475,0.19571164223453644
11476,0.22469485608212295
11477,0.18681808002691994
11478,0.22165337498243945
11479,0.20753421800221625
11480,0.22142109272869262
11481,0.23112584575039508
11482,0.2390221139054437
11483,0.15415067460426735
11484,0.23399479470908913
11485,0.17961446724019198
11486,0.20681330298666906
11487,0.17851455843749706
11488,0.2165418380101062
11489,0.26281030449755377
11490,0.24346532944587534
11491,0.20756516735121408
11492,0.23186455625016245
11493,0.19726818348570202
11494,0.22287950660121988
11495,0.19206960701575848
11496,0.17193231141587745
11497,0.17333500870955326
11498,0.22979740737172835
11499,0.17998882379065712
11500,0.20047119799099714
11501,0.21962188326794901
11502,0.247930242567162
11503,0.21885150331641123
11504,0.2289445600522304
11505,0.21715970789738923
11506,0.19560388304914106
11507,0.1701313543352545
11508,0.20938991254508835
11509,0.18696538614409458
11510,0.17138237877440918
11511,0.21812502350841506
11512,0.19639408184027649
11513,0.2423541975578
11514,0.24838884637001996
11515,0.2093736637387953
11516,0.1561139505205941
11517,0.23121605189284922
11518,0.20383189066654267
11519,0.1994124803701975
11520,0.25731804747318016
11521,0.1789085637277408
11522,0.19307115736431324
11523,0.18627038734593032
11524,0.2169447694865712
11525,0.1645610847895396
11526,0.21783441069668016
11527,0.14798298037875296
11528,0.18879528852865446
11529,0.20352700588770986
11530,0.1870590058473837
11531,0.14936006763067472
11532,0.21146222304270842
11533,0.21383604937554018
11534,0.23531047445376815
11535,0.18991347745859813
11536,0.155977856878145
11537,0.1770900868158838
11538,0.20719759577552407
11539,0.1653261688661206
11540,0.21678422924064533
11541,0.19223380823953706
11542,0.20648568442703277
11543,0.18565769992345907
11544,0.1706937081993779
11545,0.22015778779286338
11546,0.20109178783874107
11547,0.2244861883091861
11548,0.24812435710757058
11549,0.20849056810180921
11550,0.21457803962330246
11551,0.23809967156188086
11552,0.18302079286586637
11553,0.18060208618353346
11554,0.19937207905251936
11555,0.21437554807270376
11556,0.2080124853628004
11557,0.21900209991798
11558,0.15633632516731072
11559,0.2079407395763824
11560,0.19762747793807325
11561,0.18158631088357893
11562,0.2306241099391671
11563,0.17357994597375986
11564,0.1676313692325959
11565,0.17768473689541373
11566,0.19267747551183628
11567,0.21731026278658402
11568,0.18690779412290578
11569,0.19862701268922991
11570,0.19683785333090958
11571,0.19315143984834454
11572,0.16777377502950971
11573,0.17660047638443013
11574,0.1761671707854098
11575,0.17923287386160805
11576,0.177814561150977
11577,0.133793462679263
11578,0.1853910965478031
11579,0.2330569684562227
11580,0.13785867953733424
11581,0.18975180660139326
11582,0.19985262147395028
11583,0.20986547240913672
11584,0.24241978133394548
11585,0.22452592861163082
11586,0.22495287722515125
11587,0.2478742303425648
11588,0.2212799295903668
11589,0.21563054703992357
11590,0.16969086286397503
11591,0.1042371603345299
11592,0.19255931391295825
11593,0.2541358516385604
11594,0.2291489810571556
11595,0.18524237650356223
11596,0.22794495856023145
11597,0.21860773156380506
11598,0.23214219832742583
11599,0.1925829358495671
11600,0.1886393518931433
11601,0.17714766668173307
11602,0.2306066160665789
11603,0.21594723410945937
11604,0.2391838517666311
11605,0.18038592068414433
11606,0.1915755319417098
11607,0.18627600962364696
11608,0.1790128153676172
11609,0.25578911205771865
11610,0.18497552589913796
11611,0.14442490560671012
11612,0.19476828359218898
11613,0.2004480609724559
11614,0.2358671383764374
11615,0.18179386709468176
11616,0.16584136683612621
11617,0.23629637985591423
11618,0.22931324760852506
11619,0.19954640063668827
11620,0.1995049109388427
11621,0.2248133479715758
11622,0.2043870058610275
11623,0.21660594311490147
11624,0.1991324361395868
11625,0.19457242615434742
11626,0.19692819326028302
11627,0.21391514452833812
11628,0.26842851093577635
11629,0.26999237577397744
11630,0.21034419655008024
11631,0.16209906386609926
11632,0.18000097641228213
11633,0.22127014692139182
11634,0.21304268683283462
11635,0.1828278992228999
11636,0.20233649102788
11637,0.1888671987805456
11638,0.2076000312183284
11639,0.18608918364472432
11640,0.1744751280819393
11641,0.20292018802668615
11642,0.14086837714337969
11643,0.2233298056762653
11644,0.22047191849287673
11645,0.18743359709054153
11646,0.18742309992813375
11647,0.20709119116304964
11648,0.18932462599177194
11649,0.1943389037115877
11650,0.21724144889172756
11651,0.16139889091966428
11652,0.14866491031977827
11653,0.23111812986118116
11654,0.2310097342337299
11655,0.1223668241827644
11656,0.20195331530487082
11657,0.16135207971224919
11658,0.17571555269705452
11659,0.16162223679954524
11660,0.21479232522267075
11661,0.18021126336100962
11662,0.19523429253295266
11663,0.21470003464117537
11664,0.15595329238624994
11665,0.23296867735687238
11666,0.23819989873608105
11667,0.15182725781265324
11668,0.17704197057351603
11669,0.19415317949134647
11670,0.2482399338201498
11671,0.20939045656228875
11672,0.1782021787976919
11673,0.1932435002410833
11674,0.21809552198863483
11675,0.19801638014890502
11676,0.14294822122460915
11677,0.16550249572541198
11678,0.19608182740672278
11679,0.2333495179457246
11680,0.18328309318918262
11681,0.17547154815864097
11682,0.18676147876758775
11683,0.1414999386952329
11684,0.1995750104622287
11685,0.1760562849297868
11686,0.15941429454714878
11687,0.16618020534818143
11688,0.17772543338480631
11689,0.16962502214900993
11690,0.1785435914049844
11691,0.2400643640101648
11692,0.17625882056217382
11693,0.12181932254846131
11694,0.19318255799924908
11695,0.19755539827509483
11696,0.1418420368389856
11697,0.14763657014417156
11698,0.15320052465931966
11699,0.23166041232753184
11700,0.16308658394740105
11701,0.1881278871900091
11702,0.20683061267815706
11703,0.2086331757840086
11704,0.19025469418423546
11705,0.15989020822753483
11706,0.25030490431590924
11707,0.17245300478493888
11708,0.14239151414516146
11709,0.20126548208868564
11710,0.18436770704831879
11711,0.15207058016658265
11712,0.16922427082835256
11713,0.16010842396461683
11714,0.19141772162497592
11715,0.15821901880971026
11716,0.21388108269854114
11717,0.1919911016615985
11718,0.16553300849118335
11719,0.16637111379930866
11720,0.1771427272344918
11721,0.1861385225257404
11722,0.19201894288007912
11723,0.2247846882738655
11724,0.17497596453961156
11725,0.19764241798307197
11726,0.19421752293137787
11727,0.17790992559329977
11728,0.1635400008267375
11729,0.23865420839013915
11730,0.20460843565844908
11731,0.17817434952627434
11732,0.1985741270939756
11733,0.2003414950781762
11734,0.16789954909295068
11735,0.250941029043651
11736,0.24006716449694868
11737,0.24998486622068433
11738,0.20449644284743312
11739,0.1897418523799343
11740,0.154897541816167
11741,0.19604906423165636
11742,0.1977761880738449
11743,0.15417683189572126
11744,0.10976357481855484
11745,0.13456571110578128
11746,0.17104942650633276
11747,0.2066691096135868
11748,0.21490570765735878
11749,0.2432519453846813
11750,0.19658598987214476
11751,0.17201024089581277
11752,0.17167955655184564
11753,0.14138782886364115
11754,0.17310146477556893
11755,0.11900845976860125
11756,0.1535158633733252
11757,0.16713434023401497
11758,0.1485137033473111
11759,0.1810097446028089
11760,0.1873013072764885
11761,0.1479269616350729
11762,0.23956054582753267
11763,0.20255713458930585
11764,0.15068756248931148
11765,0.1910706990934785
11766,0.15424716459919963
11767,0.14606756233622567
11768,0.17741346055351376
11769,0.15721668046746268
11770,0.17463135076356753
11771,0.1863938225976289
11772,0.15897866259933027
11773,0.18079966135875022
11774,0.19318340421242383
11775,0.19352309929859013
11776,0.19086638088305846
11777,0.19025590961510158
11778,0.18498833258975833
11779,0.23295927753327716
11780,0.23093297319640935
11781,0.1743108853612337
11782,0.23345698916496707
11783,0.15147471579526567
11784,0.18328816207994594
11785,0.15894644670379757
11786,0.1990787692332247
11787,0.15413536913086995
11788,0.18814339110266906
11789,0.22732830361401504
11790,0.16890651250591213
11791,0.20395256462260425
11792,0.1760047426738993
11793,0.1976615404193844
11794,0.09993244393151879
11795,0.19869400069992044
11796,0.22655889303748095
11797,0.19850878186811255
11798,0.2529473311768653
11799,0.17824561198295824
11800,0.14448693721282352
11801,0.16073793312143903
11802,0.16972436814722908
11803,0.16682504342314763
11804,0.2190938377106837
11805,0.16507682913370197
11806,0.14360081954884377
11807,0.12251992963584353
11808,0.13565717135818922
11809,0.21076595449103594
11810,0.19809466949059043
11811,0.18128942127622877
11812,0.2004496384278375
11813,0.19809384996621315
11814,0.21859150081569673
11815,0.2249620710988972
11816,0.1941427426023952
11817,0.13821679998663552
11818,0.20147848009387379
11819,0.18860148305807675
11820,0.1673717117017181
11821,0.15419884254443847
11822,0.2171368514302941
11823,0.15329013665285804
11824,0.18727720254663863
11825,0.19490699087774968
11826,0.15610306881444114
11827,0.2346501033427174
11828,0.211500675625149
11829,0.17166133151774368
11830,0.14895558780433174
11831,0.1467693178459243
11832,0.15167582736268279
11833,0.22378451646833786
11834,0.21702493711025792
11835,0.1245832777480952
11836,0.18193315393113085
11837,0.19742377960587268
11838,0.15201750276052023
11839,0.1756382026582055
11840,0.1839509483206292
11841,0.14816867166618294
11842,0.18904743659707363
11843,0.1937609682717053
11844,0.16376190074048336
11845,0.21938132805573998
11846,0.15848215096941257
11847,0.1785306227143541
11848,0.17762028341349023
11849,0.1593387638773462
11850,0.2340376314653668
11851,0.24229021335170556
11852,0.12853540767487195
11853,0.19631290064809104
11854,0.19913220996240374
11855,0.18315854652130367
11856,0.20007045241197197
11857,0.1962533610597493
11858,0.21746073981166283
11859,0.19457169960721424
11860,0.20948919795791698
11861,0.16747477160715707
11862,0.18365059124039373
11863,0.16088319251590763
11864,0.21029092597653892
11865,0.16630267700588724
11866,0.19174480983605535
11867,0.15248213033434252
11868,0.21120908469241498
11869,0.12948560610150375
11870,0.19116249469336036
11871,0.16116303689624614
11872,0.15100596284398776
11873,0.19232177069267645
11874,0.17381531856603433
11875,0.16126664580376499
11876,0.17666265306966739
11877,0.17330636713289393
11878,0.18778166392190088
11879,0.20484144754543498
11880,0.1996265660530307
11881,0.22003213691622936
11882,0.19951364623493237
11883,0.21118588431899005
11884,0.21167277722400243
11885,0.22194812439600595
11886,0.1481919401161103
11887,0.20503140094341274
11888,0.16842645878969087
11889,0.18100165465850926
11890,0.19518277786296476
11891,0.19767719118027907
11892,0.20848516366962636
11893,0.2102100572828527
11894,0.16245082768249827
11895,0.2084490347440929
11896,0.173934622114752
11897,0.1945595254304541
11898,0.14649601435287962
11899,0.2454783580470421
11900,0.11169007465116419
11901,0.14529196175183454
11902,0.18309118522719767
11903,0.20907510526376571
11904,0.20947273041248474
11905,0.15335653690575798
11906,0.16663175211653553
11907,0.13689950286672276
11908,0.18329590988624575
11909,0.14604444055622523
11910,0.23408942939066152
11911,0.18459436274712981
11912,0.1747419333026013
11913,0.17418691800632197
11914,0.17280081654895182
11915,0.17234740260543452
11916,0.17627598969726066
11917,0.19733880177136212
11918,0.13175132732843287
11919,0.17918095795154387
11920,0.2091815258287613
11921,0.21117176064638102
11922,0.22076878879998718
11923,0.17797529931027087
11924,0.141915883172267
11925,0.22983667743236513
11926,0.22061343128524555
11927,0.21897347009824447
11928,0.13570424782888957
11929,0.15388600313665804
11930,0.1833971028388703
11931,0.19386539136018152
11932,0.11756196076750247
11933,0.20062225920773136
11934,0.23863406723075697
11935,0.14709808218482
11936,0.20699105096219703
11937,0.14425348272039915
11938,0.21337407676006706
11939,0.18481884253199232
11940,0.13027265129930612
11941,0.21278461478131935
11942,0.15695448772927428
11943,0.21356362875875623
11944,0.19894395083348043
11945,0.16371309341578685
11946,0.2002099945858642
11947,0.18982548822344247
11948,0.17412279186028828
11949,0.19057578312132908
11950,0.14635463896952206
11951,0.1954687532384916
11952,0.18757979602170732
11953,0.1468079810771858
11954,0.1932082846299825
11955,0.18485721962788054
11956,0.14768588055520387
11957,0.1742673610075117
11958,0.18913680283440268
11959,0.14632241469351606
11960,0.1741507124265409
11961,0.18332464739308751
11962,0.20099883927305698
11963,0.20115632402325406
11964,0.16477567018522424
11965,0.14721591119324018
11966,0.23617898609863622
11967,0.1940782190613852
11968,0.20131139855753247
11969,0.215533239389202
11970,0.1467439694043095
11971,0.1722979786953366
11972,0.1780697871399145
11973,0.19578483275986508
11974,0.1354530114034579
11975,0.188597213262379
11976,0.14418878517865547
11977,0.18660968277711373
11978,0.1838295339489725
11979,0.1650099010724847
11980,0.1339825780249464
11981,0.1691231014455111
11982,0.18161460960491627
11983,0.18876630484605297
11984,0.14943810022628745
11985,0.13444705721527686
11986,0.1617840917091691
11987,0.17551528630174926
11988,0.19552270255820192
11989,0.15341100435489466
11990,0.22749100331329333
11991,0.14110147146864405
11992,0.18544102891503902
11993,0.16876396847205605
11994,0.184685930660332
11995,0.20734019706169296
11996,0.1794166618521062
11997,0.1858098181932595
11998,0.19317872094725524
11999,0.12200639312977227
12000,0.17713336895300957
12001,0.17225778467907077
12002,0.1822227215950093
12003,0.17027791966778427
12004,0.13248372570694394
12005,0.20858251437494296
12006,0.19527356642432137
12007,0.1929542716108029
12008,0.16983788992600254
12009,0.17758779138017622
12010,0.1504164777508033
12011,0.16947015370060048
12012,0.1883946626683213
12013,0.1569031104567288
12014,0.1615220500973256
12015,0.22135868496365402
12016,0.19809872578044527
12017,0.15982886871459667
12018,0.14432977714351786
12019,0.1859010493668654
12020,0.21017318338958876
12021,0.17300110334157104
12022,0.13770812552121658
12023,0.23689597322867384
12024,0.15301147749149976
12025,0.13194433303959954
12026,0.16457808111721112
12027,0.15833003420387193
12028,0.16259719242246184
12029,0.19436635859546533
12030,0.2040022030797447
12031,0.15686459103115816
12032,0.16680217924529794
12033,0.13743947916551214
12034,0.1815090508212901
12035,0.19606704856924462
12036,0.15412122837202988
12037,0.14625878499616424
12038,0.24232732332251267
12039,0.13513893850052178
12040,0.20857866606813683
12041,0.17025048853452301
12042,0.18593908674862372
12043,0.19334323098632888
12044,0.1790785915065927
12045,0.1829130984690777
12046,0.1709729921973317
12047,0.18434811878903606
12048,0.17319407152921165
12049,0.20229005106614772
12050,0.15517120106198282
12051,0.16788638735731107
12052,0.20535924737592437
12053,0.16049812496343893
12054,0.1909029053045242
12055,0.13049309068091783
12056,0.13246783923540284
12057,0.1657988809720801
12058,0.14883299864640573
12059,0.2178222327145785
12060,0.21240555572381864
12061,0.17348161094709239
12062,0.14679469294441158
12063,0.2021481811806735
12064,0.19597397912622944
12065,0.18310988668438338
12066,0.1823633629337634
12067,0.17077924409254872
12068,0.1857292983648034
12069,0.19106319928954016
12070,0.18974450485631986
12071,0.20194551225650811
12072,0.20192370694365225
12073,0.13732229241279806
12074,0.20028415690239185
12075,0.20276300748239645
12076,0.15289850683481557
12077,0.15703680170706097
12078,0.2028964863918176
12079,0.15917073545990904
12080,0.22553313203789205
12081,0.23512005605353486
12082,0.20640389262164818
12083,0.1656581817328142
12084,0.16797168540726215
12085,0.2076275716407517
12086,0.18493538575226157
12087,0.1956789276830201
12088,0.18861641356861636
12089,0.11993313431818065
12090,0.15711182897818943
12091,0.20216352523225145
12092,0.19687654562613482
12093,0.185765130021958
12094,0.1455580680589838
12095,0.13361234276620343
12096,0.13513726545273208
12097,0.1648422594297528
12098,0.21374401607163332
12099,0.23685552891633782
12100,0.1488622499604861
12101,0.133836898296282
12102,0.1442786532882326
12103,0.12974212152032144
12104,0.20716719215372315
12105,0.14771901917450514
12106,0.16371341338739417
12107,0.17483416949977534
12108,0.16140975537275054
12109,0.1762266775511482
12110,0.1525788633578417
12111,0.21305592563975806
12112,0.1255130805068309
12113,0.15468695102087726
12114,0.19993546537731952
12115,0.18024100820739272
12116,0.21069224094332606
12117,0.22073261689279033
12118,0.10606210065286048
12119,0.21205696549649677
12120,0.18202213847800608
12121,0.1515330599983096
12122,0.1811552362420154
12123,0.10583405346558174
12124,0.22130113971794468
12125,0.18386429941504973
12126,0.2130045867613681
12127,0.16845493429348837
12128,0.15535397235044315
12129,0.1970254259513454
12130,0.14186963554061993
12131,0.19577320303462814
12132,0.15781958274827124
12133,0.22038340161092834
12134,0.1627914707201381
12135,0.18710493840814066
12136,0.1919139915122018
12137,0.21209984010261101
12138,0.14355874011396388
12139,0.20937133550134734
12140,0.14634790237414086
12141,0.19585595315143473
12142,0.24350328172502025
12143,0.15491691494156
12144,0.11217416011910886
12145,0.2074448721801206
12146,0.2050715794041824
12147,0.19104733514208758
12148,0.19297840617700668
12149,0.11288966861385596
12150,0.2103361314186887
12151,0.15089145987302316
12152,0.16841124217213968
12153,0.1918921647597872
12154,0.1988491451566653
12155,0.17370301256760803
12156,0.14485713800471192
12157,0.1850627455656498
12158,0.1268562856054125
12159,0.13163072996022093
12160,0.17084143206726174
12161,0.22941130609005217
12162,0.17998000836227177
12163,0.191108043925883
12164,0.20288480574700787
12165,0.1703374763937678
12166,0.16216781941535777
12167,0.15475190341592313
12168,0.15962393070137465
12169,0.16065203867583797
12170,0.1536707954043096
12171,0.18352561360222627
12172,0.1510942376214229
12173,0.22391419399530185
12174,0.18572976161399862
12175,0.15688247339108946
12176,0.20947720176792964
12177,0.15227079380373812
12178,0.2188124484755613
12179,0.17768409375099337
12180,0.18310150236598574
12181,0.11932927487231054
12182,0.2048639180847123
12183,0.1653872938263991
12184,0.11645981758081361
12185,0.14384274626867521
12186,0.11817850072189302
12187,0.1754373733561871
12188,0.08797093856969336
12189,0.20490731568052864
12190,0.2030479897928535
12191,0.20590702379949097
12192,0.18048863827488848
12193,0.15490597887076502
12194,0.20359499816611717
12195,0.1469370809301455
12196,0.18618018744597845
12197,0.1317080648034914
12198,0.13530080944290224
12199,0.16446631097218306
12200,0.19207213193564937
12201,0.1495997832913459
12202,0.1380179329068752
12203,0.17460691777563686
12204,0.15496388193046817
12205,0.13521824458629317
12206,0.18923078376074728
12207,0.18067562715915586
12208,0.15852776070284486
12209,0.15056912634880878
12210,0.17638342962165898
12211,0.12012921973840066
12212,0.1762694464438438
12213,0.2593309619536029
12214,0.1620391235689835
12215,0.2156843001300047
12216,0.13078489783569325
12217,0.1722479515041183
12218,0.15715430180871998
12219,0.19614856792908927
12220,0.08211040687197615
12221,0.18336667335158208
12222,0.1769158811830246
12223,0.1557884397295691
12224,0.1544887493430625
12225,0.16553325515066122
12226,0.14789284808219044
12227,0.17328300625782422
12228,0.1700845095958921
12229,0.2240155665753602
12230,0.24665801712581922
12231,0.19141201831075505
12232,0.1267133604481742
12233,0.17248879710774168
12234,0.18691437293883426
12235,0.19297358542007514
12236,0.17034495981473452
12237,0.21236614332183232
12238,0.15084150323385936
12239,0.20726091503012456
12240,0.1334051156957833
12241,0.1825536989727267
12242,0.1250257400979254
12243,0.20145335445477933
12244,0.1932958465892892
12245,0.1376194429614163
12246,0.18045232630012487
12247,0.15880549149297016
12248,0.18836725933942436
12249,0.18780599172965307
12250,0.18050901738074762
12251,0.17265158633916705
12252,0.2001966072973067
12253,0.13611697428865666
12254,0.15666125821010646
12255,0.1404822567350173
12256,0.1425347131483586
12257,0.16205339087727036
12258,0.18794772677845176
12259,0.19912124537885317
12260,0.1426986527794773
12261,0.19648828680314845
12262,0.1563057637757922
12263,0.14266549758189176
12264,0.16974957810377925
12265,0.15779821576577477
12266,0.19059852803540855
12267,0.1658097646413369
12268,0.1826893733834005
12269,0.1973442879034971
12270,0.16686327505664403
12271,0.16921085942652628
12272,0.19848014184545906
12273,0.1776411024473584
12274,0.2403785454733588
12275,0.18275123454637793
12276,0.16657117983184946
12277,0.1173102212674759
12278,0.2037043294037778
12279,0.14983081971494194
12280,0.14128854238877467
12281,0.16962937531073582
12282,0.13085004708079195
12283,0.20247555294036307
12284,0.22176700547774844
12285,0.16159210740291213
12286,0.18681036893078323
12287,0.20018841597051526
12288,0.1963648588258764
12289,0.1672708047578784
12290,0.1816330862003089
12291,0.18508852065005285
12292,0.11281489208035306
12293,0.20397978449444998
12294,0.19700169236946205
12295,0.1445973862654589
12296,0.1841586181231453
12297,0.2015424474508426
12298,0.1633060080975355
12299,0.22645879796568358
12300,0.1615601433201906
12301,0.1757133317356511
12302,0.17110854033202097
12303,0.11438018714748659
12304,0.14122221157031664
12305,0.17571630349405218
12306,0.19327771622024212
12307,0.14118831870979956
12308,0.21541660434675233
12309,0.13683151999273663
12310,0.1531906832658158
12311,0.15392287204408298
12312,0.18365670516765756
12313,0.17342361839025647
12314,0.18159763951640703
12315,0.15922481724085907
12316,0.2214050868704162
12317,0.1559101454522832
12318,0.19955749807386663
12319,0.16080766952511755
12320,0.20647249877815788
12321,0.16368032080276748
12322,0.127022286366875
12323,0.12132641401234208
12324,0.10949055202594299
12325,0.16415812473439337
12326,0.1728006508111749
12327,0.12637271776165582
12328,0.18498212545784778
12329,0.15840025086806764
12330,0.14457177439277774
12331,0.18473251695756693
12332,0.17613097630447572
12333,0.14469961610524879
12334,0.18412547264889995
12335,0.1917293367200589
12336,0.17432142633255793
12337,0.20791904316951046
12338,0.2130630099132858
12339,0.18371572358462152
12340,0.19365197147891103
12341,0.16135550698067827
12342,0.18260834269710027
12343,0.13367190336381454
12344,0.15608964178436202
12345,0.19669408140586453
12346,0.20334958815163212
12347,0.14889008449131175
12348,0.18728866316112752
12349,0.14987280472996017
12350,0.176804900556018
12351,0.14875348332048954
12352,0.15555612395006804
12353,0.1893762378651491
12354,0.14298047059896285
12355,0.1299859143597853
12356,0.18882072002765277
12357,0.15109480677576598
12358,0.16377576404827068
12359,0.20961631223631347
12360,0.14431122746907335
12361,0.22252748539156222
12362,0.17728208852873462
12363,0.16727807661484279
12364,0.16510071704165483
12365,0.19323967636831624
12366,0.18401950753975252
12367,0.21562558817246255
12368,0.09866985407944312
12369,0.18559542640816912
12370,0.2012159820221317
12371,0.15870317108587073
12372,0.13536729998016225
12373,0.18456671178606607
12374,0.1491443261872827
12375,0.16597755419412652
12376,0.19985145307442775
12377,0.1584500065511776
12378,0.16945219832805278
12379,0.1990306383381073
12380,0.11882706186223861
12381,0.1913796695944613
12382,0.1401459161195127
12383,0.15095328736875704
12384,0.15074946801324857
12385,0.13899114149088204
12386,0.1573443663143811
12387,0.16958245607040798
12388,0.22389069692459038
12389,0.1637440531792617
12390,0.19647877315753573
12391,0.204196678447692
12392,0.14326894473250235
12393,0.14386522041192404
12394,0.1539390219789562
12395,0.15614542727653272
12396,0.17957502752552093
12397,0.12608212402782604
12398,0.1624516800717411
12399,0.145163469844024
12400,0.20064411594922604
12401,0.15823260934898084
12402,0.1535513350367522
12403,0.15233342389868773
12404,0.14827303959288984
12405,0.17940253316712063
12406,0.17952834935597023
12407,0.16427009145594598
12408,0.14422032895027587
12409,0.14133799403144473
12410,0.13988126086572533
12411,0.13543781669714378
12412,0.17201564866380806
12413,0.13206705632911792
12414,0.15670354384416532
12415,0.1819176813069944
12416,0.18510812514081182
12417,0.23646571867268062
12418,0.16952923399851588
12419,0.22043213149813257
12420,0.1592736445277709
12421,0.15482412213499042
12422,0.16733842911046745
12423,0.20955904491592192
12424,0.1875904311263006
12425,0.15195074858407126
12426,0.1506141576142605
12427,0.16727314101231358
12428,0.1361042679363688
12429,0.16162137014377545
12430,0.19515748919365788
12431,0.17085683851315314
12432,0.11337074204929166
12433,0.2001728854959898
12434,0.15095286806738287
12435,0.18409289250841349
12436,0.1520811647274892
12437,0.14603967108490157
12438,0.17517875710593964
12439,0.14658562827264635
12440,0.2015109275973808
12441,0.12993577058526642
12442,0.17947935931187073
12443,0.1392304019636765
12444,0.1298757117120013
12445,0.18546123032717074
12446,0.1784070373222986
12447,0.16254662017282548
12448,0.16925650618296745
12449,0.1477966646880867
12450,0.1798634676521411
12451,0.15045697816630385
12452,0.1557140609375657
12453,0.13150610402373547
12454,0.1671225511507451
12455,0.14372856085427305
12456,0.17349214862020534
12457,0.12692536863160064
12458,0.21555482511259683
12459,0.1983662088908428
12460,0.19590139093607883
12461,0.12609119493934556
12462,0.12961498909572625
12463,0.18502186070837834
12464,0.16404347186249377
12465,0.14295069521243864
12466,0.1530198646778758
12467,0.14061803544370444
12468,0.15277229247987528
12469,0.13641872237208627
12470,0.18553191156899607
12471,0.132164768354876
12472,0.1506080624371419
12473,0.1967958275948457
12474,0.12131080676824363
12475,0.16935453784326718
12476,0.10475429688890012
12477,0.1520175231432753
12478,0.1844011968619515
12479,0.11290387864090541
12480,0.13733879900706683
12481,0.13926877939772048
12482,0.1272763939472416
12483,0.11298109507963235
12484,0.13253303318343226
12485,0.11960557001797031
12486,0.17494739090939554
12487,0.1318697371303495
12488,0.20413895426895523
12489,0.14322910571532727
12490,0.16583493121498774
12491,0.18008939047729816
12492,0.18386898827900658
12493,0.17803136339403125
12494,0.19676167985227705
12495,0.15346872180970922
12496,0.16864947101019903
12497,0.14211545067956718
12498,0.14483988900661204
12499,0.22297704936737103
12500,0.15166979536440808
12501,0.1818283936097549
12502,0.20475358009621908
12503,0.1589372813377126
12504,0.1890082487593386
12505,0.12927816957569088
12506,0.1502538366137255
12507,0.1568306363122167
12508,0.2132099525961299
12509,0.1649263922351962
12510,0.16259058638842422
12511,0.16864915939542371
12512,0.2478007212270663
12513,0.18141814678593618
12514,0.15674000885800765
12515,0.18893173003569835
12516,0.13906018828776345
12517,0.18821317590716574
12518,0.09067537527272355
12519,0.1845911554498766
12520,0.12809596805116186
12521,0.15665088643168498
12522,0.1405285371388147
12523,0.12776578627028154
12524,0.16836494941281593
12525,0.12913883777122995
12526,0.1707972844419922
12527,0.13229208017744026
12528,0.15888809759084832
12529,0.15566498634824583
12530,0.14110540517129527
12531,0.1656918297353985
12532,0.14287275907875918
12533,0.17608121070340482
12534,0.21208737552816603
12535,0.19249872774404317
12536,0.19888172820709574
12537,0.1893425919930476
12538,0.14483662074387135
12539,0.15662061875602692
12540,0.1497162175200896
12541,0.17781776338774186
12542,0.12725436737525928
12543,0.1367870871373377
12544,0.16835566951104244
12545,0.1453588006360141
12546,0.1295009039927448
12547,0.18948933012632765
12548,0.1716393538451426
12549,0.12972786041463338
12550,0.17635177890781673
12551,0.13132443741348587
12552,0.18838203011160456
12553,0.1498006642007065
12554,0.12916380564987764
12555,0.1705980417069139
12556,0.13966893991263965
12557,0.12722978287797665
12558,0.16017777641292985
12559,0.1770563341806769
12560,0.1392762246272903
12561,0.20778297993229494
12562,0.17077123731075425
12563,0.22503944835520773
12564,0.21895822542194088
12565,0.1536421210088161
12566,0.19464365642739867
12567,0.128388046863897
12568,0.15761310816116883
12569,0.1692005054365292
12570,0.11535452764573727
12571,0.15172904918915747
12572,0.16628354461600667
12573,0.14315641069657542
12574,0.20143153419280913
12575,0.15124559034815588
12576,0.17622781919542108
12577,0.09353444175766269
12578,0.1609881553987687
12579,0.1515066495913869
12580,0.1555253154735301
12581,0.13540317359872756
12582,0.14056850507932334
12583,0.17104961468717994
12584,0.22135004361310615
12585,0.14452295700736925
12586,0.22843124875754572
12587,0.1741291194803215
12588,0.08442996694676778
12589,0.15679848374687277
12590,0.1368385397828544
12591,0.16853608445455576
12592,0.11879618140960899
12593,0.15754181135226658
12594,0.19259096464044495
12595,0.250953344783964
12596,0.17549913357225966
12597,0.16435867674852975
12598,0.1314729920025764
12599,0.17775822667324728
12600,0.17342283812449022
12601,0.12507284962749746
12602,0.1587613144905423
12603,0.1444359730278166
12604,0.13513822638259948
12605,0.15275883998505402
12606,0.19453300224687087
12607,0.16083194351227958
12608,0.1910953603657611
12609,0.16902406703960723
12610,0.13906031660082513
12611,0.21748140751339487
12612,0.13766478370474247
12613,0.14083092546270348
12614,0.1327765600806932
12615,0.19175003483139944
12616,0.151153106040745
12617,0.19990049610022798
12618,0.11993470097773153
12619,0.1931212543793048
12620,0.1115028342943975
12621,0.1888921335342177
12622,0.13131242292614442
12623,0.17433670949753938
12624,0.11086070280122971
12625,0.17756884205718212
12626,0.14378090270261057
12627,0.11727411062040233
12628,0.12461711386372797
12629,0.16380609849644695
12630,0.19185552517611032
12631,0.15840485616658428
12632,0.16447299255279643
12633,0.15398385108588034
12634,0.1328572313919645
12635,0.1520995290997799
12636,0.18567414783859898
12637,0.1110023969362715
12638,0.14358014536244226
12639,0.14292801243081718
12640,0.12766841816597263
12641,0.2377043466114922
12642,0.15842361847346356
12643,0.13801841034865242
12644,0.1610787689491799
12645,0.14458618467360135
12646,0.19495416102642332
12647,0.20126942401547007
12648,0.17202165835717834
12649,0.1570522774254469
12650,0.1571966388103511
12651,0.20298235629080946
12652,0.16450888172856543
12653,0.14829163853442967
12654,0.14355761589370802
12655,0.1561013600480005
12656,0.13674143719634785
12657,0.16381807915856514
12658,0.1936691939283197
12659,0.14679077709060306
12660,0.16548127218395373
12661,0.1882852306858109
12662,0.13382398132164575
12663,0.1324048200758859
12664,0.11323861516256814
12665,0.13190294277776216
12666,0.182606612254998
12667,0.18053812334164007
12668,0.17573453988675541
12669,0.2054107464203489
12670,0.1629689313240568
12671,0.19034749878940477
12672,0.1999040506819065
12673,0.1874219287090163
12674,0.1620768396111359
12675,0.1522281209818666
12676,0.1428913440365257
12677,0.1267162255884208
12678,0.13310383586900548
12679,0.14818527515943614
12680,0.23924043239900492
12681,0.14806987944073416
12682,0.16616322570781253
12683,0.1948649556574376
12684,0.14916837929615306
12685,0.1226343954287689
12686,0.18205290438172791
12687,0.1075209776565799
12688,0.17269928164400994
12689,0.11043542559284802
12690,0.18203875686032966
12691,0.13595793703430953
12692,0.18413144802636458
12693,0.22517822789123582
12694,0.1613473955433548
12695,0.1624553006147154
12696,0.13397460068779987
12697,0.16813214180291028
12698,0.157767046108028
12699,0.15292675522703134
12700,0.18701246873730193
12701,0.19781859269512753
12702,0.1954806926447034
12703,0.11579404086134121
12704,0.14729585118960106
12705,0.15841170074146319
12706,0.13469359621709714
12707,0.20387301205009198
12708,0.17064716219394485
12709,0.14197752850474885
12710,0.17572256035237901
12711,0.1303015527126467
12712,0.22117374595371403
12713,0.16530712320452706
12714,0.12103789587428815
12715,0.14208178998729015
12716,0.15178633385970508
12717,0.15587240567586286
12718,0.13626168881732512
12719,0.11366100461940468
12720,0.15945926737794178
12721,0.16957262144906338
12722,0.19054630492549762
12723,0.16932333650051135
12724,0.18212449057145508
12725,0.2196037412146039
12726,0.1486959006613235
12727,0.14149422193933553
12728,0.14679746862069754
12729,0.15085734625801336
12730,0.21175829927747125
12731,0.1986176809932968
12732,0.1235005685367772
12733,0.19718622307403794
12734,0.20182049468819907
12735,0.16218065073241172
12736,0.10838095885666765
12737,0.18274602888281793
12738,0.14930280915001679
12739,0.16646940017302075
12740,0.16951024070190093
12741,0.18670726211927152
12742,0.1733056585633969
12743,0.14231838316575926
12744,0.18408522988475856
12745,0.13277883092895126
12746,0.1473446316052459
12747,0.15258995421873847
12748,0.11261283292168725
12749,0.16730604809370983
12750,0.16526917638353048
12751,0.12388344516151911
12752,0.184160082407003
12753,0.19391792063932306
12754,0.14916501279409022
12755,0.17206373701989378
12756,0.14323195460175128
12757,0.13466092707306032
12758,0.16618971345344055
12759,0.10684500959993674
12760,0.12651437871975543
12761,0.14333684398251517
12762,0.09901278382082936
12763,0.14935910238377884
12764,0.1564804554459478
12765,0.16866108993226547
12766,0.1550227657500376
12767,0.19940077628182398
12768,0.16856491804809254
12769,0.16440363139564146
12770,0.16890619407872504
12771,0.09551991977660497
12772,0.1356534799639157
12773,0.08944524059076886
12774,0.13968262232304718
12775,0.11432714125157191
12776,0.1647993715952661
12777,0.13616161099026539
12778,0.1761593222887319
12779,0.17134849705957095
12780,0.15728298566273008
12781,0.14021132189876112
12782,0.15861957805357185
12783,0.09966727062631325
12784,0.12166086852383728
12785,0.21263980450852837
12786,0.17779871023081306
12787,0.15323462395769857
12788,0.1616550791091766
12789,0.21359254777624692
12790,0.12932030027923197
12791,0.15062667394872295
12792,0.15709680550716737
12793,0.09268228942595552
12794,0.09492359243569184
12795,0.13747715997834165
12796,0.16806626557209098
12797,0.18960560336014537
12798,0.16445720943343797
12799,0.1402753755369447
12800,0.1638675839034985
12801,0.10998611616664386
12802,0.14422738958154588
12803,0.13567226607640281
12804,0.11912813792933735
12805,0.16233115935859838
12806,0.1289489992284581
12807,0.14700189917113354
12808,0.18585541876862027
12809,0.19713286993432386
12810,0.14131753473030564
12811,0.17244474560831077
12812,0.1551605451345859
12813,0.15016328280148863
12814,0.14715213202650024
12815,0.17596500006509838
12816,0.19936073113553765
12817,0.1149245995423361
12818,0.17158342480491473
12819,0.16772326815274416
12820,0.2241582537171427
12821,0.12015959523723596
12822,0.15641272946721302
12823,0.1461434930207143
12824,0.1573940238600278
12825,0.18364061665156245
12826,0.1433623580750026
12827,0.08810779711802884
12828,0.15548449318577978
12829,0.12573758100996973
12830,0.15724483069883616
12831,0.1530761281452974
12832,0.12970701396951156
12833,0.17190376107784366
12834,0.1289840209500265
12835,0.1343033744780278
12836,0.17664795971675631
12837,0.11993470975137649
12838,0.24215406323611494
12839,0.13234771380174215
12840,0.15608068351490118
12841,0.13776365911240382
12842,0.1950467636294871
12843,0.16881810041282302
12844,0.19574199689343433
12845,0.14319298214247234
12846,0.12721301997816614
12847,0.12241536146820314
12848,0.13189202983121603
12849,0.1765655025734526
12850,0.1829489417000516
12851,0.20719849953741862
12852,0.12388024683102723
12853,0.16263922168210682
12854,0.10756256640570312
12855,0.1394559253363405
12856,0.15953849897172503
12857,0.1283454997350859
12858,0.11754459546948468
12859,0.14954521662579112
12860,0.14144612596256834
12861,0.1442864462521841
12862,0.15091078840180921
12863,0.1678117592717297
12864,0.15784544359494354
12865,0.1256325953343603
12866,0.11069514902454039
12867,0.14356356644373205
12868,0.15322172687764085
12869,0.10339466797778019
12870,0.19174352291194835
12871,0.08054871322075235
12872,0.13379821228961397
12873,0.12741635990918393
12874,0.14144497983259252
12875,0.1658776913582928
12876,0.1297572581529048
12877,0.1411291819510929
12878,0.14288450882861378
12879,0.1442334655157187
12880,0.1723626786834447
12881,0.10094282285147693
12882,0.1925303467677293
12883,0.13808811753525357
12884,0.12943993557475303
12885,0.21906315666549714
12886,0.1620802315380186
12887,0.15296842871075736
12888,0.08740752636708125
12889,0.1694576017243216
12890,0.2258029892899606
12891,0.15287443110775661
12892,0.18896898670281415
12893,0.2515994254836602
12894,0.1534635663240175
12895,0.18366893380614707
12896,0.13602239522781184
12897,0.1739627807946307
12898,0.10237101345298619
12899,0.13082307465830753
12900,0.182969101599749
12901,0.15349802921396904
12902,0.1439372659286774
12903,0.14392066066769227
12904,0.13103679265872312
12905,0.0857514845904942
12906,0.17892445773811488
12907,0.1704038386563479
12908,0.176351349108241
12909,0.16113866637237326
12910,0.18323936732546958
12911,0.11713159634221058
12912,0.17688849655605227
12913,0.18112673163330834
12914,0.16647874245352212
12915,0.15862038982805618
12916,0.20982235460103826
12917,0.1448167628052281
12918,0.10516557282176249
12919,0.18497597458805742
12920,0.12404465606472875
12921,0.16669424004687905
12922,0.11400094636022953
12923,0.16549714486268643
12924,0.19989201374045432
12925,0.11150135878029344
12926,0.15419909339761562
12927,0.15968181390086453
12928,0.17272051820562617
12929,0.1720981655469478
12930,0.17604444334776975
12931,0.10939641942207354
12932,0.13117732253134473
12933,0.14887369068648662
12934,0.19499618382978776
12935,0.12977380085075185
12936,0.16620785763830487
12937,0.14998295074007179
12938,0.114093142007032
12939,0.13432500225333013
12940,0.1513308383258192
12941,0.1861247009603401
12942,0.12394948994703218
12943,0.1568978136072198
12944,0.13606034297059866
12945,0.16199467986241373
12946,0.16811003300859748
12947,0.17996089815671007
12948,0.18686762907085747
12949,0.17867233418641956
12950,0.22022518690118276
12951,0.19595711277951966
12952,0.18647085277712883
12953,0.0866246413742398
12954,0.19520745629465514
12955,0.1815829608560385
12956,0.18051130212156932
12957,0.16307880771263208
12958,0.14243035473192917
12959,0.14416581177650847
12960,0.16268450471960616
12961,0.20251538038885836
12962,0.1293842739254523
12963,0.17391881668261944
12964,0.16040865703219823
12965,0.15270072794109055
12966,0.15466773781805715
12967,0.14088840466836305
12968,0.10987232311531288
12969,0.16587655052167521
12970,0.10774951543873638
12971,0.16463657408736013
12972,0.13362130495210536
12973,0.13405009356021808
12974,0.10902662226938883
12975,0.15477788882640572
12976,0.1162191493468627
12977,0.1545188946225409
12978,0.14360495255882222
12979,0.14332975593122335
12980,0.15608601844090805
12981,0.17842138974106217
12982,0.18079918593834296
12983,0.16402573992917602
12984,0.14510537845776345
12985,0.13891848916779145
12986,0.1627849678754825
12987,0.1555109869243955
12988,0.16151397697241032
12989,0.11741540639772188
12990,0.11948459603125083
12991,0.14232877772658598
12992,0.11427566347287361
12993,0.09942868288843855
12994,0.1340544509490574
12995,0.14169176693561775
12996,0.17320397644087426
12997,0.14930086214305424
12998,0.16127998201745197
12999,0.14356326806275255
13000,0.12180780279571095
13001,0.1478048707643899
13002,0.1526041332312967
13003,0.14808591148167588
13004,0.20273416642879824
13005,0.14900145455955383
13006,0.18141746576403406
13007,0.1548597372009473
13008,0.12131410876350772
13009,0.19082560668464996
13010,0.13538717584282628
13011,0.1669909536795836
13012,0.15763999427944206
13013,0.15083294002786654
13014,0.1454133681205167
13015,0.14032109630068013
13016,0.13805769724607536
13017,0.1567584109777595
13018,0.1562217552059755
13019,0.1938783279957371
13020,0.16360668697591468
13021,0.13310383974021892
13022,0.15335756279435442
13023,0.16065284173817357
13024,0.16645778284053842
13025,0.1866287745287363
13026,0.12461180749720463
13027,0.17863778087904622
13028,0.15950910516606048
13029,0.1764053448376017
13030,0.11118501239807246
13031,0.09257435594967284
13032,0.1671298702902394
13033,0.2152003139150105
13034,0.18556008719186312
13035,0.22945986006751964
13036,0.13060473209884454
13037,0.1530893817081747
13038,0.117604071514078
13039,0.1908899043279961
13040,0.13371060473834928
13041,0.1630610345632805
13042,0.1304816019893557
13043,0.14570771620643735
13044,0.19351650777200075
13045,0.1670780972626956
13046,0.1449590499599544
13047,0.18606977015509804
13048,0.1476539074283971
13049,0.16795550492279965
13050,0.1698954682408976
13051,0.11982938278750528
13052,0.12430754329943419
13053,0.16799533317876142
13054,0.17413150739322614
13055,0.1531869149631222
13056,0.16445388482365755
13057,0.1275262468314854
13058,0.13044706224225822
13059,0.17754037967862113
13060,0.1669061523197743
13061,0.12502196674649677
13062,0.15915967939854192
13063,0.12260701592805841
13064,0.14199315937442436
13065,0.1523794155561151
13066,0.1744070359031854
13067,0.14780522703580293
13068,0.1386615130587997
13069,0.18095837334929316
13070,0.168393898991189
13071,0.11900743127037154
13072,0.1422642699587066
13073,0.16446058841536523
13074,0.14703645254496558
13075,0.14683172735042083
13076,0.15770505955594527
13077,0.07894043443271148
13078,0.14079421641418544
13079,0.11693850870731701
13080,0.19942907414206024
13081,0.1401771317353827
13082,0.14236685716782135
13083,0.1495215334418466
13084,0.12008552978745987
13085,0.19897606457572317
13086,0.1573113676912334
13087,0.1794844226259037
13088,0.17111594437778865
13089,0.12279414046947182
13090,0.11974254696639719
13091,0.13660068073375867
13092,0.2062594189310789
13093,0.13189360738973094
13094,0.11924806464626865
13095,0.16620812045697994
13096,0.1340410197197952
13097,0.13671365644983935
13098,0.1742550095011197
13099,0.15013841953710622
13100,0.12408603511751867
13101,0.13704573208354157
13102,0.1731427726484198
13103,0.14053422657349887
13104,0.10989362553312239
13105,0.1332986199253134
13106,0.14338958434270271
13107,0.14418765900501557
13108,0.1183045742002952
13109,0.19014436934194753
13110,0.13787867545187008
13111,0.18091137851153677
13112,0.16313944845765002
13113,0.1859664598319669
13114,0.18101814456490498
13115,0.1304537461484908
13116,0.16213651559854853
13117,0.1437857047795939
13118,0.13965451361192605
13119,0.14061012079972107
13120,0.17970984589455374
13121,0.10427609090031821
13122,0.14876747409747054
13123,0.19950373896617046
13124,0.13854891964615978
13125,0.17344734033140746
13126,0.1411187449857535
13127,0.1570276576205049
13128,0.17111969955491357
13129,0.18678194821489297
13130,0.1407828994818361
13131,0.13537096754793654
13132,0.10206378351869475
13133,0.20157722065742828
13134,0.1682777085942012
13135,0.13059871538862866
13136,0.15991488836136372
13137,0.14677813136223128
13138,0.1267172320726792
13139,0.1878855198576977
13140,0.13620595569816982
13141,0.14248755108404815
13142,0.12927186488908488
13143,0.20226362361874217
13144,0.13388535345240443
13145,0.20481438488633688
13146,0.20194869450082992
13147,0.09937881634419277
13148,0.11383160749422648
13149,0.11980618018118949
13150,0.11367058081184919
13151,0.16524705002977705
13152,0.17738211163939685
13153,0.12693846355691563
13154,0.15576996185022737
13155,0.15011802977067049
13156,0.12996922034554534
13157,0.1131370445793182
13158,0.1112775114428655
13159,0.1596552602186919
13160,0.14544949770066773
13161,0.15987248934245368
13162,0.11166819104801842
13163,0.1974956670086836
13164,0.16501691132349763
13165,0.16945029952055934
13166,0.1973484637533095
13167,0.19812053316595954
13168,0.16739029002098066
13169,0.14276902221831794
13170,0.17050076943762768
13171,0.17924181047329912
13172,0.15291351512793158
13173,0.12136530944524668
13174,0.16243762512174528
13175,0.12246132620164137
13176,0.17781968688425426
13177,0.157483293215574
13178,0.18843039408532847
13179,0.0853674514386866
13180,0.15706280492430377
13181,0.10942333905141666
13182,0.20380816980520416
13183,0.1889877287605597
13184,0.13259376439455417
13185,0.11709847360498066
13186,0.18052937782588468
13187,0.11704245018533445
13188,0.10896439579439601
13189,0.1434485545540589
13190,0.15680889709550652
13191,0.19593162503964948
13192,0.15907789467770247
13193,0.12422767805931849
13194,0.17757140979339736
13195,0.1197921043025589
13196,0.14796818203680961
13197,0.14466843232575782
13198,0.17422363061100277
13199,0.13807111652103143
13200,0.14347825444500392
13201,0.1398197807401039
13202,0.15322505577957876
13203,0.16643143430743015
13204,0.16401041886498124
13205,0.1558846169496495
13206,0.12927816153279872
13207,0.11236839382009742
13208,0.1373403098756416
13209,0.1116842745307755
13210,0.18269730491198627
13211,0.06941883608939704
13212,0.15561760932128937
13213,0.10444555779926262
13214,0.13656369242696323
13215,0.17160369544597392
13216,0.16600594986858047
13217,0.14794544015707262
13218,0.16904902675717537
13219,0.16230452712982346
13220,0.18737117294249214
13221,0.12883941204256122
13222,0.20053170049371688
13223,0.16673540733416273
13224,0.1707327065888654
13225,0.07936596802508294
13226,0.18063279236087215
13227,0.18412118205256056
13228,0.1712420540966394
13229,0.21944096198675797
13230,0.15071260349260018
13231,0.14352207740611636
13232,0.10770818673046025
13233,0.11532947142767369
13234,0.18007098809472016
13235,0.1466800379921979
13236,0.1487802054386052
13237,0.1348983161001487
13238,0.17773143650210468
13239,0.1281849798248514
13240,0.12485146804797177
13241,0.14181668029057456
13242,0.17826187402154367
13243,0.1340332756112695
13244,0.14433324401072076
13245,0.1379095067781653
13246,0.10600594907368754
13247,0.13800725543684386
13248,0.13923148874304983
13249,0.11840294444273403
13250,0.16129712903179105
13251,0.16972715052067064
13252,0.1275114224091861
13253,0.19342246321778608
13254,0.1527512359882939
13255,0.164552918851398
13256,0.13024282977348736
13257,0.14644150940872924
13258,0.17106750949513114
13259,0.1396777465235881
13260,0.17815203368323101
13261,0.13645286327990827
13262,0.11701157697045618
13263,0.13846620431761927
13264,0.19051355420977897
13265,0.1442229533683731
13266,0.21337178460600492
13267,0.17766065438468795
13268,0.13465002886067168
13269,0.1264317889167569
13270,0.15629881632507678
13271,0.14265380429842942
13272,0.15357623143761615
13273,0.15616145308325158
13274,0.16173740846083492
13275,0.16334951222677294
13276,0.12810750796201711
13277,0.1468164018913976
13278,0.11805309905811019
13279,0.13993586939036687
13280,0.16300805742265864
13281,0.1361486890406767
13282,0.1420162417884933
13283,0.14496698921884035
13284,0.13297071743998112
13285,0.157369313561004
13286,0.11320559893044471
13287,0.14906501010059345
13288,0.1753966875407271
13289,0.11339840196357212
13290,0.1869474447969026
13291,0.21513577537013995
13292,0.09091584586692142
13293,0.14854309484293565
13294,0.09435610348830445
13295,0.12055117127836826
13296,0.16389660744634382
13297,0.1337284921559985
13298,0.14034842219623342
13299,0.15578397923042303
13300,0.1501173792561683
13301,0.1541927194072743
13302,0.1381900793633934
13303,0.25188888230635553
13304,0.11901770311062655
13305,0.18187864708310855
13306,0.17434199190028188
13307,0.17574022291537317
13308,0.1361718180959774
13309,0.1740357949920548
13310,0.14084048537042268
13311,0.13865507358230975
13312,0.13249524216352487
13313,0.12648886906109008
13314,0.13101280512098734
13315,0.14426413550382558
13316,0.11437109811537016
13317,0.12944405828326688
13318,0.1756670517369307
13319,0.15613906566922603
13320,0.14302676552678228
13321,0.19030242868973343
13322,0.18074186125445715
13323,0.18474618899618744
13324,0.1577736979355903
13325,0.15540973511651432
13326,0.1119519255644597
13327,0.16704416519441542
13328,0.1668185929295639
13329,0.1808444497656
13330,0.18220106790699725
13331,0.18985951692277306
13332,0.08738166240383935
13333,0.11403731286003876
13334,0.1384924570330965
13335,0.12831890194365442
13336,0.14183421304538524
13337,0.1549876475044368
13338,0.11661435818494086
13339,0.1031908783730456
13340,0.1320583794945538
13341,0.1689563566880951
13342,0.12323957618899459
13343,0.15763210403783856
13344,0.11608512821897407
13345,0.1874348584087014
13346,0.17963759310690686
13347,0.07770991037774301
13348,0.17001629013505692
13349,0.1318147419259111
13350,0.11008813390218954
13351,0.17279600878349646
13352,0.1270153010034755
13353,0.17271392575538871
13354,0.16255212464515167
13355,0.12709258365879295
13356,0.15726529489124158
13357,0.08932249195101774
13358,0.14220740569844417
13359,0.1637670605445768
13360,0.18100715246058094
13361,0.17453174445278816
13362,0.15105865092559934
13363,0.1475282290137013
13364,0.16927541200704066
13365,0.1608949515820185
13366,0.14114504193464011
13367,0.08411407640273857
13368,0.15605195202156374
13369,0.11568815943551429
13370,0.1592956873613598
13371,0.14335291473032674
13372,0.14528922614726317
13373,0.09012944151784924
13374,0.09018321884239826
13375,0.12505434300039914
13376,0.13565503642290286
13377,0.144728886288787
13378,0.12042430096117837
13379,0.14868994048516487
13380,0.14318286456749238
13381,0.08937291272936623
13382,0.13737915031158096
13383,0.18224680214938666
13384,0.13537303301971101
13385,0.13441914634364566
13386,0.1264999763411788
13387,0.16933473241644534
13388,0.13245514530739366
13389,0.1651970529138377
13390,0.17877171801182368
13391,0.18198915204890154
13392,0.14247071057260885
13393,0.16512493595369687
13394,0.2051365080871027
13395,0.18909605058561746
13396,0.19463600437208148
13397,0.14916884190393273
13398,0.17418909686960418
13399,0.1068850488540832
13400,0.1882405581269143
13401,0.12364016630129997
13402,0.17276096960482445
13403,0.18449732102074493
13404,0.14906438364269345
13405,0.14930724337952622
13406,0.14660998637275854
13407,0.1497387530135831
13408,0.17273685989657672
13409,0.17049421733598655
13410,0.13634320354713436
13411,0.1163567683707317
13412,0.12090209551829653
13413,0.18492280607660472
13414,0.15171627944088495
13415,0.13506223464463413
13416,0.07504271804775829
13417,0.14017805482848172
13418,0.19578040896577867
13419,0.16446359301473115
13420,0.1353277709435136
13421,0.18048072401454449
13422,0.12046706020943398
13423,0.16750170295279407
13424,0.11801306736395539
13425,0.19188613459485576
13426,0.1913253558737723
13427,0.20754308836734986
13428,0.16180216531559471
13429,0.15708783505249047
13430,0.16431137660670306
13431,0.11357888208122041
13432,0.15941213486857608
13433,0.10927506486200596
13434,0.1016461019305134
13435,0.11116559704463405
13436,0.146184828880639
13437,0.19617772482777715
13438,0.21864662553148073
13439,0.16014520829711656
13440,0.15649919201727744
13441,0.1562777204109626
13442,0.1294766897473014
13443,0.21221935159332778
13444,0.13208973604846036
13445,0.15501569392175868
13446,0.1393948150471211
13447,0.1257767330330917
13448,0.1343918372832505
13449,0.16990485898589835
13450,0.0972120071064799
13451,0.13704321037219722
13452,0.1726824265542551
13453,0.11485617997750538
13454,0.15501078667281487
13455,0.10849392017358025
13456,0.17798255041168978
13457,0.14000414260508412
13458,0.09278535792826635
13459,0.12939849106864218
13460,0.10034689584703334
13461,0.16162173831858978
13462,0.1983463332485191
13463,0.1574976117659446
13464,0.189581551606791
13465,0.19718035026524855
13466,0.15355170564925527
13467,0.16703291175585214
13468,0.16317622210775268
13469,0.17172070442357407
13470,0.1667299308867832
13471,0.18359443377532597
13472,0.1275927201332767
13473,0.1297223567417629
13474,0.13258983929191104
13475,0.1467532141507915
13476,0.10861210379583983
13477,0.15373549912307294
13478,0.1767746526504748
13479,0.16940062710744325
13480,0.1515490260052912
13481,0.1829045010347392
13482,0.1396878306313355
13483,0.16122836064240434
13484,0.13221102931609188
13485,0.12603266119411616
13486,0.1325176428338173
13487,0.18315601492972933
13488,0.18731709714327988
13489,0.167381240701757
13490,0.18179892041330653
13491,0.13933927066401278
13492,0.16902168367978798
13493,0.12495693851981542
13494,0.15062113743044367
13495,0.18019871103817328
13496,0.12295640920179385
13497,0.1566766653062086
13498,0.1436922262276138
13499,0.13810046066451648
13500,0.09404849252375119
13501,0.1890205839207752
13502,0.12602216688855788
13503,0.12007540275671173
13504,0.15452562006886608
13505,0.15126985325102
13506,0.1290114450138478
13507,0.1383878143610629
13508,0.1704979091767121
13509,0.14131985257524782
13510,0.17294328017808652
13511,0.1081507017525095
13512,0.16959426923828272
13513,0.10218338172034602
13514,0.10654692952615874
13515,0.14162960757875948
13516,0.12394761116359806
13517,0.18519687245643826
13518,0.12663989334964373
13519,0.1084843343171608
13520,0.1683204136705983
13521,0.15550242590532984
13522,0.16676918839063895
13523,0.18053737901956413
13524,0.1415062287239232
13525,0.11635083516441355
13526,0.1487633283701668
13527,0.20126152949257645
13528,0.12712211017123617
13529,0.1438949199689077
13530,0.15824662520655475
13531,0.16372043726910787
13532,0.0944109036346096
13533,0.12409598957955022
13534,0.16068286722034686
13535,0.1582575288461978
13536,0.13689782922642746
13537,0.1410643428960413
13538,0.06984208637266087
13539,0.11346328234401949
13540,0.09463310817131028
13541,0.15598162010016992
13542,0.12769437851700466
13543,0.13456586737158469
13544,0.15470306644650347
13545,0.15247783863670222
13546,0.13671917121002508
13547,0.12624063855879264
13548,0.1550641606184232
13549,0.12454470871363213
13550,0.1656533887333605
13551,0.1830394171966826
13552,0.1351771512445722
13553,0.14336379594619536
13554,0.10667289560394402
13555,0.1510548346939502
13556,0.21486759882123319
13557,0.11150084967663429
13558,0.1460214109425218
13559,0.15013175875127852
13560,0.2011429450966505
13561,0.14567868805653827
13562,0.12337370279042445
13563,0.138545707216884
13564,0.21905849343434872
13565,0.10073039185811794
13566,0.18814350845984895
13567,0.1484691880092061
13568,0.12445725510053239
13569,0.1468658308382995
13570,0.1951280563511345
13571,0.18016160615512106
13572,0.12450181771822827
13573,0.1409738933463352
13574,0.09172264295006216
13575,0.1257933081175029
13576,0.18451299326407028
13577,0.13380262263366072
13578,0.1290258082823057
13579,0.12345491651447285
13580,0.07154714993860573
13581,0.14691231506255129
13582,0.09575564265359537
13583,0.11251859291109118
13584,0.16756402553706967
13585,0.09863346920217048
13586,0.1119207187759177
13587,0.1053484667974749
13588,0.08852722536814642
13589,0.22161774466232761
13590,0.16846188356524974
13591,0.16666648840547324
13592,0.10520137106026667
13593,0.10477853195869008
13594,0.14910524474626413
13595,0.1658868601838872
13596,0.09174372086281662
13597,0.14925710801624906
13598,0.14086631087461096
13599,0.11524812903801866
13600,0.1905393478139665
13601,0.10072443757838426
13602,0.164114516051661
13603,0.150466195183
13604,0.19896221850318044
13605,0.1689969175744096
13606,0.09310076648078033
13607,0.20529355885312073
13608,0.15748072528876836
13609,0.16199652228818667
13610,0.1767778263218796
13611,0.1106478291042813
13612,0.16074076549727703
13613,0.13295559380707891
13614,0.15444006684286102
13615,0.1505183429629814
13616,0.15971603318980748
13617,0.11380098623052762
13618,0.1538902046456393
13619,0.159282599251253
13620,0.12151766210806546
13621,0.21053459284667592
13622,0.17255498262872151
13623,0.14765437842642398
13624,0.12072964134161758
13625,0.19325986159022104
13626,0.12649417494504311
13627,0.14219564845805527
13628,0.16630722404925402
13629,0.16166858748770033
13630,0.2081632056889604
13631,0.13682553789756427
13632,0.20426208764444326
13633,0.19434458592256787
13634,0.11767431279180171
13635,0.14890158932021413
13636,0.1628644557599741
13637,0.14581906800830385
13638,0.19150440777981192
13639,0.09983859671067341
13640,0.14826341597110637
13641,0.1564847082998034
13642,0.13856406904244203
13643,0.12663769646564216
13644,0.1592399300953403
13645,0.13938784108727523
13646,0.14569261244857368
13647,0.19201242389742784
13648,0.11374165664275622
13649,0.12178347780508708
13650,0.1197942511959548
13651,0.09967007364298786
13652,0.17518244867296687
13653,0.0673152016564342
13654,0.13744738697052725
13655,0.1265399089893214
13656,0.11725720247073297
13657,0.15724922989327456
13658,0.15073627033966153
13659,0.1556777817782209
13660,0.1485956481895483
13661,0.1377710834231219
13662,0.16376129501472322
13663,0.17296881763712768
13664,0.14627620322574936
13665,0.16418678168953718
13666,0.13286587232696978
13667,0.15381234356875764
13668,0.07530326438494889
13669,0.15717904484302966
13670,0.14217843716104928
13671,0.0984522497454786
13672,0.1740262709523611
13673,0.15367400556669955
13674,0.1460507564016565
13675,0.10646651340934252
13676,0.1294371418877615
13677,0.10214588813233205
13678,0.17592461517370528
13679,0.12296861963849182
13680,0.13684462163064767
13681,0.1476084719264934
13682,0.1192767050768041
13683,0.21344341828956714
13684,0.16027124991662114
13685,0.12030218456469066
13686,0.11989654120802483
13687,0.1348235679178272
13688,0.16398429341252643
13689,0.1032799443723732
13690,0.13221231431985161
13691,0.12497281320630482
13692,0.20118217019720755
13693,0.14971619139613218
13694,0.15004510619103165
13695,0.1853612518049186
13696,0.15125307158824308
13697,0.1525350877486967
13698,0.18927533042145397
13699,0.16642672120044102
13700,0.21951517993815417
13701,0.10465061896243849
13702,0.1315016216958463
13703,0.10554824409611197
13704,0.1520725548874552
13705,0.15207775009193866
13706,0.10299367122064479
13707,0.18643714118571017
13708,0.1869996362089097
13709,0.10041826707111821
13710,0.16605701505823325
13711,0.14300503683041946
13712,0.18035202360908856
13713,0.13223694765366675
13714,0.16442598996103677
13715,0.17602514473510983
13716,0.14041522604162485
13717,0.12097203720310998
13718,0.15371739741924953
13719,0.13356910839196234
13720,0.16428194647259936
13721,0.16981292920552715
13722,0.1594858447537199
13723,0.17408130077055547
13724,0.16676482206792465
13725,0.16537092826742145
13726,0.12997110435823375
13727,0.18355141394824837
13728,0.18677999832060277
13729,0.1848901108632229
13730,0.1395030526117582
13731,0.09380256811376064
13732,0.13572778006905314
13733,0.11731298772097572
13734,0.14314571339472465
13735,0.16213356323661798
13736,0.09756192444455931
13737,0.08605620899661814
13738,0.10718563967320507
13739,0.12811971515488602
13740,0.15058099673217698
13741,0.15298174424425778
13742,0.153279296593509
13743,0.16580598020122791
13744,0.12878908922841245
13745,0.14046390744886436
13746,0.11898045277883297
13747,0.0922708673265889
13748,0.12181389858492497
13749,0.10991199099746402
13750,0.10765562618918162
13751,0.13098420795299887
13752,0.06899208163642767
13753,0.12959008663276028
13754,0.2039281032783187
13755,0.13457171016155864
13756,0.20046990977460472
13757,0.05242867540312238
13758,0.15740093247674938
13759,0.176218601786697
13760,0.18859559932637593
13761,0.13963774119413014
13762,0.14705706234547622
13763,0.17583017127808748
13764,0.1104378042248424
13765,0.19786573561102644
13766,0.207671519757179
13767,0.11829420863294912
13768,0.1311189436153669
13769,0.1263244451108405
13770,0.1032162058130193
13771,0.16560751834037263
13772,0.15916488921310373
13773,0.16525039234634414
13774,0.1677237112834239
13775,0.13750136978700164
13776,0.09502826920050028
13777,0.12048199129787253
13778,0.15656601429497308
13779,0.1574195047452768
13780,0.13199112671340318
13781,0.11924062602940416
13782,0.18217412245098757
13783,0.13050015793639336
13784,0.17686163588709403
13785,0.1595641533283668
13786,0.1306887981404457
13787,0.1565300286529173
13788,0.16900413732221217
13789,0.13615591494272505
13790,0.1384821526785688
13791,0.17533747183021461
13792,0.1405664574470963
13793,0.12432649863873424
13794,0.13306360830582725
13795,0.18031218332532067
13796,0.1795061550169888
13797,0.14265808124657572
13798,0.13119081745611155
13799,0.14151974124717395
13800,0.16168266292760086
13801,0.12699979404275946
13802,0.1359246862715037
13803,0.13254514760813105
13804,0.17528627975665462
13805,0.15940919062697817
13806,0.18285074956611677
13807,0.13595453178021402
13808,0.14031525558708258
13809,0.09831306938197562
13810,0.16384388394606755
13811,0.13926404817064225
13812,0.1432772859259492
13813,0.1757427851827419
13814,0.13265783413852836
13815,0.10955001069044118
13816,0.11586830767389206
13817,0.12871648777133698
13818,0.15174766086668962
13819,0.18355942347054943
13820,0.16444139492124416
13821,0.12787580852346492
13822,0.18606135617187594
13823,0.1476792434592822
13824,0.18617313372540736
13825,0.19510201819531475
13826,0.18442110796408698
13827,0.14525371673463228
13828,0.1565118061219799
13829,0.15270752664234405
13830,0.11641822446284243
13831,0.2157700710747451
13832,0.09168851835405643
13833,0.14120030128002647
13834,0.11248526506638545
13835,0.12064950557011359
13836,0.17348877065129809
13837,0.15845112867771508
13838,0.08790976570002439
13839,0.18437019395402593
13840,0.12784197336237363
13841,0.15490142200777926
13842,0.16412990806891367
13843,0.16306227058468337
13844,0.18062442674554152
13845,0.11539019054187973
13846,0.11865382312159013
13847,0.09360337808118036
13848,0.155524744420161
13849,0.12766629824077608
13850,0.16653472941254036
13851,0.1441538524799467
13852,0.15094018604914045
13853,0.10182336764889546
13854,0.09222591401839171
13855,0.1594765091328251
13856,0.1421737467201784
13857,0.14504514219652634
13858,0.22519198473546123
13859,0.1312171524738341
13860,0.1017944654203225
13861,0.1699376146412124
13862,0.16565392941272036
13863,0.07761965973406784
13864,0.10805222618835386
13865,0.23970946812042132
13866,0.12525866364582314
13867,0.12417605570356152
13868,0.14417292916983382
13869,0.14118365300617086
13870,0.15405322766129917
13871,0.1370677915363002
13872,0.15094461802028286
13873,0.16502881181306145
13874,0.11018727240878057
13875,0.21411344413478595
13876,0.17219589406865674
13877,0.12635438948207953
13878,0.21582045300209166
13879,0.1376391468325706
13880,0.12715462905278188
13881,0.11965372786574893
13882,0.18130468951524195
13883,0.13836759864646983
13884,0.1620100873229052
13885,0.12118579479074634
13886,0.09828386163039472
13887,0.12803755310042103
13888,0.055764672270518914
13889,0.1417776725671289
13890,0.16824415342312227
13891,0.13385622139766315
13892,0.18118981296083442
13893,0.10605668375910332
13894,0.18239930327740012
13895,0.13594535170355765
13896,0.14530245226355704
13897,0.14315449587034748
13898,0.11411804929289132
13899,0.14554326653435476
13900,0.09211668773608053
13901,0.129370371590545
13902,0.1776841789782312
13903,0.13318919154183564
13904,0.11155503561683466
13905,0.10550173463100512
13906,0.15500226443909806
13907,0.1692237153790681
13908,0.1863966513579937
13909,0.17119780257407344
13910,0.158518090307532
13911,0.07605044111442047
13912,0.13414215732114101
13913,0.14393615907896057
13914,0.1791014394195977
13915,0.20548008942353008
13916,0.1523601783145635
13917,0.1145466083287971
13918,0.14406293636707404
13919,0.1831375449598477
13920,0.1390866967690523
13921,0.14322436565313784
13922,0.13271616366243477
13923,0.1766001954137936
13924,0.16439492710664103
13925,0.17678501679260308
13926,0.18244577290287622
13927,0.11083646015653988
13928,0.1467333948648616
13929,0.16812103833406705
13930,0.11428167911858089
13931,0.17110825100912472
13932,0.12458122344537828
13933,0.14261885179589018
13934,0.17961924027495801
13935,0.15848419621376356
13936,0.1169362245348427
13937,0.12066493152148422
13938,0.1454877186975375
13939,0.18295139237450844
13940,0.1721060278279235
13941,0.16854043504074084
13942,0.17022742861330056
13943,0.20737549638101732
13944,0.16614481507876852
13945,0.10792343307855656
13946,0.12349983052218495
13947,0.1539294359998737
13948,0.11152077693206769
13949,0.11496876269380016
13950,0.20502563003878016
13951,0.15063324640164788
13952,0.1684525090983975
13953,0.1508158079598295
13954,0.20121836525098533
13955,0.11475266061952495
13956,0.1511013325578808
13957,0.14603511019800905
13958,0.11893882355467117
13959,0.08423913465992497
13960,0.1474811765044272
13961,0.10434770046405573
13962,0.12930899071722246
13963,0.14779417131927922
13964,0.0960816898623584
13965,0.13550099937317617
13966,0.17104584322876387
13967,0.16003434554131685
13968,0.17733113891268734
13969,0.11922979547882155
13970,0.14983235569720785
13971,0.14061918489820197
13972,0.23233627167094284
13973,0.1365539014561263
13974,0.18280874140644643
13975,0.17979218001856834
13976,0.19458330585505654
13977,0.1482457668811792
13978,0.11264795567589034
13979,0.12743136960043264
13980,0.12474780047077191
13981,0.14413766773678852
13982,0.1479884637280904
13983,0.17046903168879673
13984,0.14350069622954448
13985,0.11205484343116438
13986,0.1797703716161137
13987,0.12768404225314023
13988,0.15744765715192896
13989,0.1208395441555041
13990,0.11537622847992623
13991,0.16692009691564352
13992,0.06854800915629183
13993,0.07683502615398796
13994,0.1285508058905032
13995,0.12245775176158495
13996,0.1225060918200261
13997,0.16566537017497993
13998,0.1167400295928636
13999,0.13183678447158145
14000,0.14418274443798815
14001,0.13453283817173653
14002,0.19078826670005777
14003,0.20604076350756076
14004,0.10718966760420595
14005,0.12113823514906627
14006,0.11655247848784568
14007,0.13934512507324373
14008,0.1026058526196924
14009,0.15006016909944184
14010,0.1500447305811952
14011,0.14097083014790676
14012,0.1330520447349501
14013,0.13444997606103154
14014,0.1427671652436528
14015,0.12125263030283893
14016,0.15283282696693978
14017,0.17825251222713245
14018,0.13628616668185956
14019,0.16587787056745656
14020,0.15732716288719273
14021,0.12150108584452204
14022,0.13182594532722008
14023,0.06965905383260496
14024,0.11422861767576975
14025,0.13499467783194477
14026,0.14897729707162632
14027,0.19003201678959325
14028,0.12285804839527369
14029,0.11061975392391123
14030,0.10539744627322262
14031,0.1186293344141246
14032,0.1527714392921219
14033,0.19749821414891308
14034,0.10558355061405482
14035,0.09940167468196906
14036,0.1446431372478869
14037,0.18904935556317734
14038,0.0918653686408134
14039,0.10849451138045277
14040,0.14139927695158575
14041,0.11927186880195392
14042,0.09332380117685235
14043,0.1472281683401595
14044,0.12205960846895744
14045,0.11459017652393484
14046,0.14358120049319673
14047,0.15721682941032447
14048,0.15508606980004624
14049,0.12029031768819679
14050,0.1846830239973752
14051,0.12930417610050507
14052,0.11946473106515264
14053,0.18619324468392656
14054,0.18275741056109635
14055,0.12135070656973852
14056,0.16037798052302563
14057,0.16380833840650788
14058,0.13354756888235686
14059,0.14950060845325627
14060,0.12729140397507763
14061,0.09296380555922126
14062,0.17946224331242827
14063,0.16997883373048772
14064,0.13924465800713692
14065,0.14086329448496945
14066,0.11853247716282005
14067,0.14337591252921095
14068,0.13272488287577094
14069,0.200207078425762
14070,0.16581755801879272
14071,0.11662587946004932
14072,0.16041888722482028
14073,0.1319650667334661
14074,0.1647412123599797
14075,0.16737039516277738
14076,0.14454499877957558
14077,0.16162387853106253
14078,0.16029398227995686
14079,0.20246342723675598
14080,0.08200250708900389
14081,0.15790950106335155
14082,0.04667862747082223
14083,0.10323748971483698
14084,0.15594639688413137
14085,0.12163847572140693
14086,0.13089455442188977
14087,0.18612205485117878
14088,0.20861154905686713
14089,0.1304923936795822
14090,0.1630333106640813
14091,0.15850778440175795
14092,0.09719936166036733
14093,0.12119287836938061
14094,0.08757159724337152
14095,0.07601414601163319
14096,0.1466717548047374
14097,0.12525298979525304
14098,0.1253852251965177
14099,0.1272399658802997
14100,0.1359955313456998
14101,0.16720611869167817
14102,0.1414878228913497
14103,0.1508766259587263
14104,0.15775056491590925
14105,0.16501350265205
14106,0.17330326846307348
14107,0.19502792426141075
14108,0.13180229845637578
14109,0.13125197597241384
14110,0.18116676470764242
14111,0.12568767928133778
14112,0.10049075061632609
14113,0.1335835730914902
14114,0.09871169719486658
14115,0.18378771768425828
14116,0.15762803836189357
14117,0.12346649087032337
14118,0.097733723427463
14119,0.17591566340731754
14120,0.1425654407265472
14121,0.10889247544482926
14122,0.1268624147503714
14123,0.11388263388296914
14124,0.08948943839380816
14125,0.13208210544921967
14126,0.10406626690629886
14127,0.12521240741445966
14128,0.14830143802945459
14129,0.1508065563105048
14130,0.17195601438349972
14131,0.14501806282556395
14132,0.16593435994257094
14133,0.12523769762765302
14134,0.09010250440029238
14135,0.15434519034835342
14136,0.18235279844038543
14137,0.13883890828837223
14138,0.09363021817306855
14139,0.1318218541150976
14140,0.15905282396326753
14141,0.1429164394059902
14142,0.11064104175958553
14143,0.1585691572331725
14144,0.11553189408880182
14145,0.14555017515270988
14146,0.07981105830194524
14147,0.19781182568514574
14148,0.15598613572452338
14149,0.18550214171264104
14150,0.17501683734060489
14151,0.1635747384598984
14152,0.15639394180378563
14153,0.13790883057477926
14154,0.12579627572279298
14155,0.13467842851088838
14156,0.13461427286394395
14157,0.1490280644892576
14158,0.05781133999668164
14159,0.13756867517324844
14160,0.07782132251458372
14161,0.11392759177751269
14162,0.16600674153216313
14163,0.18355815037794534
14164,0.10324134652215705
14165,0.1517023354764584
14166,0.1448126311824841
14167,0.11600780668979617
14168,0.12719567646742885
14169,0.11269259962798472
14170,0.15193120004002814
14171,0.13373361037777745
14172,0.17536216900858773
14173,0.1630072899228205
14174,0.16672610433831947
14175,0.11275696295083257
14176,0.16365456953223856
14177,0.12502336832834213
14178,0.1400454356372391
14179,0.16576916064046404
14180,0.14579431391021863
14181,0.146198506682353
14182,0.12192127007875794
14183,0.14736523839634896
14184,0.14166781892803718
14185,0.10687000310495894
14186,0.13229934934501802
14187,0.16269086697268065
14188,0.1640958441512223
14189,0.13615642783928383
14190,0.14702087393589705
14191,0.12055377820431425
14192,0.1864295061901731
14193,0.15146499565960667
14194,0.1829838372888632
14195,0.1606621898373709
14196,0.12920288163497157
14197,0.11419688758068863
14198,0.11576361487007908
14199,0.11945854784779278
14200,0.11872640134398997
14201,0.12570430957585924
14202,0.13914828922542805
14203,0.1145954322344569
14204,0.15237362678731622
14205,0.1637957236155846
14206,0.12305213605328819
14207,0.14746721404133392
14208,0.13442399190156148
14209,0.09674733872984517
14210,0.11192481767800988
14211,0.21029720728037504
14212,0.15080490729443313
14213,0.11367938572446551
14214,0.14841679512952588
14215,0.1663227471801765
14216,0.14169119266278873
14217,0.1653219780607687
14218,0.0972022062035216
14219,0.1339745747047714
14220,0.1747380529249119
14221,0.153460362425297
14222,0.13619702894177205
14223,0.11778287642529203
14224,0.1911921769869621
14225,0.11292974462729252
14226,0.14557765596692832
14227,0.18032470949396115
14228,0.0854543012168571
14229,0.1675083374119596
14230,0.13866804752313858
14231,0.11474812446556969
14232,0.17190772216966124
14233,0.1318086460025909
14234,0.14619085673907634
14235,0.15351305457812886
14236,0.18723482808808195
14237,0.18145612845915993
14238,0.13645515107690737
14239,0.14173219714961527
14240,0.13502618910989037
14241,0.2035340997213143
14242,0.12274317718755082
14243,0.14703720228118036
14244,0.17047299198341626
14245,0.11181932724099541
14246,0.17726983450846634
14247,0.09563574931043944
14248,0.14041716459427728
14249,0.17342497760553804
14250,0.11788225475508793
14251,0.18494836222654754
14252,0.17082308679394326
14253,0.10686403666806779
14254,0.08702429352607727
14255,0.1843067769630055
14256,0.1492773768964784
14257,0.15538671227845702
14258,0.1420599036602997
14259,0.16884336660982857
14260,0.14391552189873072
14261,0.17047549106448437
14262,0.17600626846583525
14263,0.1120606963558856
14264,0.1385585990470624
14265,0.14006171020913774
14266,0.14033272844594877
14267,0.1511743862100204
14268,0.08794846235337637
14269,0.18211391314058967
14270,0.09749014071783746
14271,0.09639392308841385
14272,0.16588052533826175
14273,0.138825122420443
14274,0.1705894887328217
14275,0.10451126021272138
14276,0.16450058026172182
14277,0.16826356893326386
14278,0.18759163688083375
14279,0.1292346015847958
14280,0.14771932934280893
14281,0.15216005199463487
14282,0.1329960144111335
14283,0.1291041881433614
14284,0.14241430256270107
14285,0.10817243706606174
14286,0.14868790074865418
14287,0.11696858035840822
14288,0.12299050742095571
14289,0.16708435488119977
14290,0.10798993538356277
14291,0.1399729648512063
14292,0.13640706745967648
14293,0.15076848162018625
14294,0.13987937272314901
14295,0.23584436843311463
14296,0.15899532115172296
14297,0.12553988809089808
14298,0.20954626787603298
14299,0.18490829322568644
14300,0.09655940629786161
14301,0.056684504620707885
14302,0.11370545164872278
14303,0.14296720215982184
14304,0.13978812266310894
14305,0.12138159422018835
14306,0.1544815368477278
14307,0.1758365214955949
14308,0.17875141792304555
14309,0.11103702495788394
14310,0.09105830259022527
14311,0.21146922278840624
14312,0.12704349948339855
14313,0.1471543662760326
14314,0.1658107360130035
14315,0.152384982130069
14316,0.1737224366793103
14317,0.1512120013008208
14318,0.16716153786182947
14319,0.13426609818787824
14320,0.1638415460744566
14321,0.14520300939334269
14322,0.1433216655623324
14323,0.10044637220892541
14324,0.15600468378354335
14325,0.13331846440220996
14326,0.1234043562390592
14327,0.08711157424353431
14328,0.11915695653119321
14329,0.13480276916343653
14330,0.1438768724209618
14331,0.19771661726779266
14332,0.1202173946413345
14333,0.12298678851447298
14334,0.19642063421391512
14335,0.14736549119509507
14336,0.17402259079459356
14337,0.12210565343590923
14338,0.1255917208015235
14339,0.1044788925768173
14340,0.18371615377204095
14341,0.17294372920125367
14342,0.14552233589433042
14343,0.08680068266821697
14344,0.09595114666428368
14345,0.13889911717318149
14346,0.22037497949649276
14347,0.14639705672248793
14348,0.17787287876200777
14349,0.1283449652796013
14350,0.16774468910370902
14351,0.1401520785967163
14352,0.15626930871018105
14353,0.20325363468627722
14354,0.197569202889956
14355,0.11915304072151564
14356,0.13248167259178467
14357,0.13002498473495921
14358,0.12388634659891151
14359,0.13942171685668173
14360,0.18260866245016213
14361,0.18017825069771798
14362,0.12723988188665933
14363,0.10988761347777401
14364,0.20736919877055549
14365,0.11718012434406933
14366,0.0500224982810709
14367,0.1486016651884974
14368,0.10647003886734446
14369,0.12320594143516847
14370,0.13647459047772328
14371,0.12943027330813056
14372,0.1172374044401279
14373,0.16408250385182524
14374,0.15634050877790132
14375,0.1289680603510768
14376,0.12931869276154725
14377,0.0953154285571675
14378,0.18673129580734743
14379,0.10760679374760268
14380,0.16769507609927314
14381,0.19494992063420077
14382,0.12341318135655754
14383,0.16623682074889182
14384,0.13861878669098104
14385,0.17551884898645817
14386,0.08134626553717016
14387,0.11168680892031169
14388,0.13832227690979568
14389,0.14268235458902345
14390,0.22841404730695225
14391,0.17160788605356514
14392,0.10527053483877163
14393,0.13275642196580625
14394,0.13117637656490894
14395,0.12311823663304736
14396,0.1726522285957337
14397,0.1521850000041105
14398,0.0928250094504618
14399,0.15801097565313257
14400,0.11608753822027404
14401,0.16692501739337354
14402,0.16863012428453142
14403,0.10047661053094324
14404,0.098117197928007
14405,0.1467347324690795
14406,0.13461746493903268
14407,0.15364701676089199
14408,0.1376827937023739
14409,0.1742264727219065
14410,0.17995858118066435
14411,0.15413634666312934
14412,0.16204535114602753
14413,0.1485163896552191
14414,0.15477118294932263
14415,0.11656003333405021
14416,0.14382472179777828
14417,0.13064455787784593
14418,0.15524926109301287
14419,0.13034385277384575
14420,0.11877173514122055
14421,0.17249979344813737
14422,0.17513859592734685
14423,0.1522287236470316
14424,0.10563398556186417
14425,0.1718991088630662
14426,0.1270184892302673
14427,0.12659560232525055
14428,0.15292202654283527
14429,0.14933189520210136
14430,0.1586823526092837
14431,0.1451198466510065
14432,0.13628840533190717
14433,0.14388572936679586
14434,0.14666823046096533
14435,0.12958131372950263
14436,0.1664088902721348
14437,0.1210815246195596
14438,0.16622082095774326
14439,0.16297142176653742
14440,0.17196204348718847
14441,0.09767603668358729
14442,0.12625385328378277
14443,0.14417306946991115
14444,0.1952461246550064
14445,0.1568338291242788
14446,0.14387237571572586
14447,0.17979593673758038
14448,0.14779463515302843
14449,0.12603523617792292
14450,0.16375783259535606
14451,0.13204621257698662
14452,0.12986834796812965
14453,0.13518060616215477
14454,0.18720234746944658
14455,0.1757351406506015
14456,0.1255265949871169
14457,0.05365476460076754
14458,0.09805024448698688
14459,0.16302440794212142
14460,0.1450854089105455
14461,0.11110596859658504
14462,0.17724171967631827
14463,0.18344135979603987
14464,0.20989296716255607
14465,0.148904809822487
14466,0.12392928597250452
14467,0.12851406910189794
14468,0.12433845255255507
14469,0.09254726745167254
14470,0.09544354240768735
14471,0.1278904272836357
14472,0.0949892021523497
14473,0.15326172452233927
14474,0.14283157561855225
14475,0.161206440314363
14476,0.1261024284658152
14477,0.1331982608263493
14478,0.12559435404753982
14479,0.1504507680933488
14480,0.1692272828104007
14481,0.1423341309141126
14482,0.1781243881423965
14483,0.13647952218503667
14484,0.13662922717840623
14485,0.15569113601106285
14486,0.14525708237561702
14487,0.11044827121441766
14488,0.15326583445305086
14489,0.11435408433658809
14490,0.1137000653403574
14491,0.12542339974610314
14492,0.1503349442205239
14493,0.16899231726625055
14494,0.1445233653972292
14495,0.1658727665327744
14496,0.19066360705860436
14497,0.09448432147034969
14498,0.15919935143038771
14499,0.1177304878519635
14500,0.09204005306969987
14501,0.10932784156551459
14502,0.12946227304837057
14503,0.1438449542847771
14504,0.09294897115799662
14505,0.14723442922068655
14506,0.14194247441191454
14507,0.1040324888977398
14508,0.22613474625468857
14509,0.13459949733474535
14510,0.18129949939725626
14511,0.16833889585222617
14512,0.16688756111492298
14513,0.14621518137339998
14514,0.10861532835233548
14515,0.09222921774795173
14516,0.08971110390750495
14517,0.15683966518051226
14518,0.15807082647767234
14519,0.14593374620700436
14520,0.13309841485912366
14521,0.16784091678005847
14522,0.13429571725044492
14523,0.1286355604429592
14524,0.14597725676158263
14525,0.13519962898217763
14526,0.13564647752521297
14527,0.11548400204220957
14528,0.1384494254133414
14529,0.17415446268088017
14530,0.14517175922526157
14531,0.15338309940921158
14532,0.15278589167162246
14533,0.14246887870891606
14534,0.1277643219398642
14535,0.14293758320431535
14536,0.08437513146302089
14537,0.14913238482823898
14538,0.11833899223356284
14539,0.0820266023806217
14540,0.14151671296298532
14541,0.17950843992857954
14542,0.1282903199891259
14543,0.13504017730880652
14544,0.1644334402162784
14545,0.13324828263701452
14546,0.16296867427116965
14547,0.1397228001050826
14548,0.1142907036003962
14549,0.1505447128017388
14550,0.12809850250411464
14551,0.146614486279777
14552,0.17598353168884115
14553,0.18787367379676734
14554,0.1435359654753466
14555,0.15112071536174668
14556,0.13093498488032726
14557,0.12216804467146214
14558,0.1452350304362869
14559,0.17420502051614128
14560,0.140102277169513
14561,0.15549670763039827
14562,0.13126005852917935
14563,0.16981736009210546
14564,0.15113683483009627
14565,0.08542134378439756
14566,0.13794803182368856
14567,0.18417312087580578
14568,0.15971102343823412
14569,0.14977836026349117
14570,0.14712026691809854
14571,0.0981934785265981
14572,0.14363838737480214
14573,0.115331808347579
14574,0.15958703837359675
14575,0.14513864554835018
14576,0.1671297739356169
14577,0.12352433619722838
14578,0.11753274095890803
14579,0.15669103847939062
14580,0.18876283869762378
14581,0.14093506571017256
14582,0.06316256534108484
14583,0.13963406423714586
14584,0.18488308383443836
14585,0.17518048599891012
14586,0.11491481296529164
14587,0.11445395089241656
14588,0.14616637553341685
14589,0.18807018366150197
14590,0.07643135779116246
14591,0.1280452810317531
14592,0.1812014413288885
14593,0.11061824342723744
14594,0.19236323645228515
14595,0.15503766359307802
14596,0.13891952824451168
14597,0.06633693115633978
14598,0.16845589832423255
14599,0.1314122516596063
14600,0.09831640583556675
14601,0.12035134236107431
14602,0.11605024209452873
14603,0.14533621981620656
14604,0.11070322956262439
14605,0.16504286911628727
14606,0.07008604486608272
14607,0.16637848036666986
14608,0.1635337879812653
14609,0.14712875272552614
14610,0.11523542154528685
14611,0.13192919685733792
14612,0.1319746158745088
14613,0.12982637016867762
14614,0.06305863244410022
14615,0.13562468666765334
14616,0.08691937566843819
14617,0.11355242377186012
14618,0.1255559987616736
14619,0.19723072917657605
14620,0.19210925209262708
14621,0.15585102820937102
14622,0.12784036221248563
14623,0.11480512034372845
14624,0.14621342224453887
14625,0.11658520835175983
14626,0.09844283119767924
14627,0.13274371445488084
14628,0.11090988585874183
14629,0.07255872560335402
14630,0.13334557223165633
14631,0.1262522621448362
14632,0.1330276825764536
14633,0.2130507367935337
14634,0.1483346426486184
14635,0.13055866318954773
14636,0.16527311472744413
14637,0.10403685748856205
14638,0.13287498200352452
14639,0.16913700850884117
14640,0.11163192215915405
14641,0.13260444162046434
14642,0.1352314439454352
14643,0.1327411119210771
14644,0.13193365282424394
14645,0.13208867125327645
14646,0.1526894911693895
14647,0.21103908694205717
14648,0.12162078267465996
14649,0.0842035032379436
14650,0.119956573998168
14651,0.13246123509327587
14652,0.17513345015088663
14653,0.15895232641581097
14654,0.13075755418972515
14655,0.14681356788007022
14656,0.09942262457759489
14657,0.11805146594956853
14658,0.10531589815516137
14659,0.10950005770835566
14660,0.14355866458196692
14661,0.16080319597462978
14662,0.12941451724739156
14663,0.12447567763485279
14664,0.17492193535741374
14665,0.1575772728029896
14666,0.12582334580829513
14667,0.16380061891906567
14668,0.13105194375428827
14669,0.15920563846277416
14670,0.14678950483808567
14671,0.160605537691044
14672,0.08802797756597262
14673,0.13839299151162804
14674,0.15386108025021114
14675,0.1800438999917186
14676,0.13418088298254222
14677,0.11694074412023593
14678,0.12146695151292589
14679,0.19302438153608842
14680,0.1624596736754515
14681,0.12781173945533505
14682,0.14697184582143133
14683,0.1287049136978837
14684,0.17634207420683543
14685,0.1562994198002911
14686,0.08997659300098722
14687,0.16869461653391007
14688,0.11806061512423899
14689,0.1881755740523813
14690,0.15774044382475552
14691,0.12775357250367225
14692,0.1257366983055478
14693,0.13128126136150653
14694,0.17922920933829553
14695,0.11656236822081802
14696,0.16771760426562055
14697,0.1309385958660517
14698,0.16769895257119524
14699,0.129175045865967
14700,0.1733146357960087
14701,0.08201778062142819
14702,0.13775332826616132
14703,0.16145623882394372
14704,0.0964723083639534
14705,0.1400879607942032
14706,0.12487180177597698
14707,0.151824404262293
14708,0.13280256734250206
14709,0.15255198109942755
14710,0.10721428319136701
14711,0.124525381434994
14712,0.12853168566055723
14713,0.11548057168713524
14714,0.14563819389258406
14715,0.1660053664628297
14716,0.10614885707686242
14717,0.13581331244119665
14718,0.1270576373726805
14719,0.14019958226707813
14720,0.20485336215571978
14721,0.12542798622948587
14722,0.1144354771557907
14723,0.12251140419547853
14724,0.13610905754646585
14725,0.13571466087873782
14726,0.12360664508564669
14727,0.15147873643659293
14728,0.12903174418804259
14729,0.1405413248134517
14730,0.12506119536600313
14731,0.10904559930470092
14732,0.1303093193457894
14733,0.14335497949141132
14734,0.1319501486673401
14735,0.18189647477182191
14736,0.2307872269242536
14737,0.1387263159271387
14738,0.15596186603930043
14739,0.14073234547852556
14740,0.16628241989219486
14741,0.18616523458879775
14742,0.1489015953994765
14743,0.13231646904335354
14744,0.17626115179229063
14745,0.11094920477187656
14746,0.1571890325362185
14747,0.13759901809526634
14748,0.09637833732475042
14749,0.2022098670515992
14750,0.15924227591982176
14751,0.1503552050381669
14752,0.16688127042807618
14753,0.12296126785568096
14754,0.08048431371275085
14755,0.1773285476030505
14756,0.16263700663676328
14757,0.12154532323796095
14758,0.15363619678266868
14759,0.08210959605328114
14760,0.1380519608588176
14761,0.18723113521296234
14762,0.13075321626967615
14763,0.07435536077913885
14764,0.1823378973429036
14765,0.15142275220017737
14766,0.12708626175586646
14767,0.17222870582098046
14768,0.11038668683949603
14769,0.12950726394389242
14770,0.19738938829336625
14771,0.16249936010552574
14772,0.1739938141005331
14773,0.17336899281091156
14774,0.17268805937451137
14775,0.13613541715433425
14776,0.10222798264316374
14777,0.10201657261117206
14778,0.1438772310376958
14779,0.16221005309366265
14780,0.1257117732809365
14781,0.08261169999502002
14782,0.13736615489416887
14783,0.16788732327052658
14784,0.1797431500321041
14785,0.15622110730234653
14786,0.11833796905291659
14787,0.14862403881987754
14788,0.12591601841432695
14789,0.15840227992815292
14790,0.12867848878699664
14791,0.07315103577167922
14792,0.16604710708523907
14793,0.16206124660292903
14794,0.151277316818928
14795,0.13197263169833073
14796,0.12008375657317323
14797,0.11498426930979903
14798,0.1464664609552958
14799,0.128435500745826
14800,0.1352882376820145
14801,0.14483305415772174
14802,0.13621117077597877
14803,0.11238963926004837
14804,0.15091167069654782
14805,0.19678991608816748
14806,0.1389852684215649
14807,0.13219289227601266
14808,0.12440799765325679
14809,0.16901965903976016
14810,0.1389589935982386
14811,0.1553291064403786
14812,0.09175760760430494
14813,0.11073096558109624
14814,0.1370999826659628
14815,0.17706147478608145
14816,0.1528593906798416
14817,0.1715729008241
14818,0.18579853465355428
14819,0.16179313834774756
14820,0.1736883859199157
14821,0.13814465634284076
14822,0.16525899545512693
14823,0.1833516757555146
14824,0.15508243096866434
14825,0.1613042921360696
14826,0.1626197340109885
14827,0.14922701811769465
14828,0.15787987910927395
14829,0.15752684197094285
14830,0.1682893220487566
14831,0.168806771966252
14832,0.14541799557371712
14833,0.14960614807967698
14834,0.09560842106030125
14835,0.15190808129953992
14836,0.15794598390388787
14837,0.1388266333161598
14838,0.16425480979244594
14839,0.13268656996690079
14840,0.12594059153304232
14841,0.08955470772933516
14842,0.12849476942992863
14843,0.1340044417581684
14844,0.16967732128788643
14845,0.1625392184360491
14846,0.136156349861892
14847,0.14812020135172946
14848,0.17154358790595745
14849,0.07004259524723906
14850,0.11841462866624047
14851,0.18340063241612092
14852,0.11095326204238647
14853,0.1614290184727974
14854,0.14244527606602803
14855,0.17155400897633127
14856,0.17576473177835847
14857,0.08581171814901252
14858,0.21610251389494484
14859,0.15688062873220515
14860,0.1546043082993244
14861,0.132666975766416
14862,0.1596124130295032
14863,0.11777892656643565
14864,0.129368494147607
14865,0.1737137493845949
14866,0.15976153187009104
14867,0.14969436871024652
14868,0.11773049736035238
14869,0.1602736319581011
14870,0.14034619306996135
14871,0.14435898185663062
14872,0.08252134816027229
14873,0.1372630837121716
14874,0.14507840798893562
14875,0.09252848281591383
14876,0.12483570289589871
14877,0.1534869001891127
14878,0.17787341095052583
14879,0.11480131490375829
14880,0.16107631409768275
14881,0.10417915267657571
14882,0.06691531483522346
14883,0.17995142521842902
14884,0.1385356484027238
14885,0.09093051925204215
14886,0.10470960016821618
14887,0.10958445234357553
14888,0.09194029017605092
14889,0.12035041515988584
14890,0.16822470901101566
14891,0.18249046692369247
14892,0.10749013331609247
14893,0.10784691109913369
14894,0.07579401812388012
14895,0.17931426931587632
14896,0.1596743990992681
14897,0.1513359644537453
14898,0.15957940379844818
14899,0.15204687971565012
14900,0.19121747574141026
14901,0.13404081777590843
14902,0.17486684292591964
14903,0.116546927417224
14904,0.1388154126406483
14905,0.1027679532123274
14906,0.11123379590125085
14907,0.1258074783598735
14908,0.15761108931539228
14909,0.14118189802696735
14910,0.13064052848749458
14911,0.07420843420952564
14912,0.14538215402565025
14913,0.10189830426125232
14914,0.13131251128731647
14915,0.11653530337061027
14916,0.15571175514408855
14917,0.08690777151070764
14918,0.13795290208263195
14919,0.17919237743459349
14920,0.13349012148551598
14921,0.12128859537845699
14922,0.09311624797513146
14923,0.16251679826001497
14924,0.13793150098434234
14925,0.11996649183778282
14926,0.0929594648611343
14927,0.15146161476402561
14928,0.14382679812382662
14929,0.15387639275954468
14930,0.08423403191653511
14931,0.13190309164053232
14932,0.14773211623600838
14933,0.1477996877493168
14934,0.14832407941390216
14935,0.1364096700191415
14936,0.13752293782524497
14937,0.1511900413240864
14938,0.138223277014591
14939,0.14861242980901163
14940,0.198318387707868
14941,0.13294962062414467
14942,0.19295545921486
14943,0.1673075281218934
14944,0.1864273981379776
14945,0.13523340995242977
14946,0.11869744804706842
14947,0.1622117871289957
14948,0.14065694767625078
14949,0.1188882871390843
14950,0.12324562672244184
14951,0.12023676762799798
14952,0.1032172475753751
14953,0.09448399842246881
14954,0.15605632904502248
14955,0.12148148583025803
14956,0.13749868796579626
14957,0.09974750452923825
14958,0.13172086636931693
14959,0.16436234938945699
14960,0.14468596778465437
14961,0.13871896093858763
14962,0.11475524853342167
14963,0.17122650233727785
14964,0.16503902983198443
14965,0.13629177503811263
14966,0.11226099955511301
14967,0.2545496743715728
14968,0.13936582152698768
14969,0.11410168732338585
14970,0.12274828117432064
14971,0.14394313115020968
14972,0.1390780093548273
14973,0.11017484463593688
14974,0.11498229823141477
14975,0.14799732710391472
14976,0.16935177076723448
14977,0.14302378364268076
14978,0.16814630488032614
14979,0.03803953397951783
14980,0.16791521413377195
14981,0.08318104697656023
14982,0.14853449383918188
14983,0.14325165331690687
14984,0.18452320351844484
14985,0.17177316668892534
14986,0.12644367779820517
14987,0.12048275753519624
14988,0.08695958742919321
14989,0.11648139056853479
14990,0.154390924892574
14991,0.20294621769408427
14992,0.14391826978836256
14993,0.12776588552416895
14994,0.13087818168810122
14995,0.12331663076405766
14996,0.14034836801159034
14997,0.17618049747964876
14998,0.1384467941321715
14999,0.11761353936252172
15000,0.15234623753041868
15001,0.14919891434890478
15002,0.16535755734870666
15003,0.14929460637809208
15004,0.12252334678894372
15005,0.16436923996050648
15006,0.14436854836237775
15007,0.16058727759362107
15008,0.14351789800304088
15009,0.11975364692328852
15010,0.1435117092648126
15011,0.15599564241411684
15012,0.13205056495883116
15013,0.18377219207864415
15014,0.13075967741232916
15015,0.13323943244099318
15016,0.14198648366665587
15017,0.14914691727865756
15018,0.12262533772612509
15019,0.1353974730835834
15020,0.14127032052608282
15021,0.10806986303661058
15022,0.1325029675215812
15023,0.11408415552401133
15024,0.1111387752598449
15025,0.08223865785761215
15026,0.11957858274248084
15027,0.17657058716565005
15028,0.15049870844569396
15029,0.17841675160963588
15030,0.1238121636174344
15031,0.1911798016859299
15032,0.13634507809708263
15033,0.1545366215629268
15034,0.13359043849152433
15035,0.16300940980220402
15036,0.09846948677980621
15037,0.11548407758341829
15038,0.14672130315899348
15039,0.1329606059025566
15040,0.10051358309965189
15041,0.16040290633173895
15042,0.1200400496642191
15043,0.15390644432014972
15044,0.08521423425984981
15045,0.1554354075491382
15046,0.13787027313113748
15047,0.13075707047966947
15048,0.0983460233646734
15049,0.1292497804972953
15050,0.12703260785646248
15051,0.16711439704018682
15052,0.129924806022031
15053,0.14206116109465258
15054,0.14081826017146004
15055,0.19584008261963234
15056,0.12384352010734213
15057,0.14394829924593627
15058,0.18388940751052882
15059,0.2074540339788984
15060,0.12022566062300578
15061,0.1248243947715175
15062,0.2006697899214302
15063,0.1518606239558778
15064,0.12796876171062202
15065,0.11861998706089567
15066,0.13476351278784565
15067,0.14631977229201393
15068,0.13495782992756775
15069,0.05854469065115207
15070,0.12672207686593542
15071,0.10007549182010983
15072,0.16988229672518787
15073,0.1786560818716659
15074,0.08332432253327385
15075,0.1276954647055183
15076,0.1387294685290969
15077,0.16077905479435745
15078,0.1319634410025377
15079,0.13962614401289006
15080,0.09000330323394702
15081,0.1540588408882058
15082,0.14183895658551793
15083,0.12425405795486388
15084,0.142018352535241
15085,0.18959465682071613
15086,0.13825136585743383
15087,0.16721160817866798
15088,0.15869484066366646
15089,0.17528753714623854
15090,0.1266201296861535
15091,0.12591156097608938
15092,0.12648163631516854
15093,0.08393684590212167
15094,0.12734105816487798
15095,0.1677077300987529
15096,0.1650527622646266
15097,0.1105056190815373
15098,0.15171038485086957
15099,0.20547320259632595
15100,0.1896869328692976
15101,0.1639373771464824
15102,0.15902032091931345
15103,0.11664794082662959
15104,0.19059181100977504
15105,0.0873021754690142
15106,0.13762540789662653
15107,0.18394363982430922
15108,0.12694585340261955
15109,0.1262728525858427
15110,0.17432575872589792
15111,0.16319273042645777
15112,0.1767384832935905
15113,0.1681695173282216
15114,0.11830682925427691
15115,0.17283513225125918
15116,0.08279526789383218
15117,0.15728317727773353
15118,0.159591208430016
15119,0.1339428231308185
15120,0.14509069894962623
15121,0.14530296982882196
15122,0.20542906281401868
15123,0.20488263074233187
15124,0.09560313579907398
15125,0.13262936060879874
15126,0.13031550597270128
15127,0.11901447842357492
15128,0.1351469070894417
15129,0.1615749491480297
15130,0.18434230075528713
15131,0.16665078331925057
15132,0.1522884736649158
15133,0.15260706025991122
15134,0.15526669333941912
15135,0.1243813853183839
15136,0.11343239429863985
15137,0.1700978757932747
15138,0.1253685536331292
15139,0.13045739194794215
15140,0.15498120360994475
15141,0.1364258874691336
15142,0.10454309339291212
15143,0.12539205685757437
15144,0.13452503646411773
15145,0.10933191679634255
15146,0.12109734272070485
15147,0.18749239068862766
15148,0.11059536669585796
15149,0.18652870046527908
15150,0.11351087550956945
15151,0.1542778194497223
15152,0.13434556992107607
15153,0.1377136979417458
15154,0.13019198968423354
15155,0.170043107284691
15156,0.1429863544568131
15157,0.13170385943140428
15158,0.10802380098486185
15159,0.1402187635543148
15160,0.18835986591337267
15161,0.10731671688945951
15162,0.16061068178851393
15163,0.11554157963939232
15164,0.1939777420779219
15165,0.12160921177374553
15166,0.1563972456208617
15167,0.15856172346445158
15168,0.1911836776102638
15169,0.12750253568547718
15170,0.1260789467175299
15171,0.13748542625240642
15172,0.1651936149793605
15173,0.15419956363514245
15174,0.12845868095047228
15175,0.17484029065771622
15176,0.11698693236733315
15177,0.17200158027753196
15178,0.1781362340098601
15179,0.11487853354610855
15180,0.12199441197935793
15181,0.14631925714746258
15182,0.12985594958604268
15183,0.15871682083232685
15184,0.133577435475439
15185,0.176935667747397
15186,0.08758624196455012
15187,0.16312415158354193
15188,0.1428359134803344
15189,0.050186540397951576
15190,0.17466657402250158
15191,0.12829292092426772
15192,0.2101661319922031
15193,0.10712040151517196
15194,0.11549268207184149
15195,0.13736007163569786
15196,0.15697064586740495
15197,0.12067744495919824
15198,0.14864097170090862
15199,0.16987759904143077
15200,0.21293172691194223
15201,0.14251385397103686
15202,0.127936164036712
15203,0.15793002643489568
15204,0.18605773789474672
15205,0.1433358978389642
15206,0.18063225438458835
15207,0.17647276426104258
15208,0.1465668463212517
15209,0.1690110352226982
15210,0.12742092612391534
15211,0.13236620429583365
15212,0.10137945747806652
15213,0.09383523755058805
15214,0.1428070267635342
15215,0.18548216856146962
15216,0.1215213185436552
15217,0.14388280543918341
15218,0.20357415868349255
15219,0.20300649615123845
15220,0.0756395514350177
15221,0.09219203300047636
15222,0.16890909520512382
15223,0.14518631581759703
15224,0.17167587571463488
15225,0.14820279431177186
15226,0.0839265205961351
15227,0.1413415118560239
15228,0.16256970435506274
15229,0.11700735111918831
15230,0.16121926015561516
15231,0.12776537986035402
15232,0.13713375937010172
15233,0.14219251201623515
15234,0.14800218666599274
15235,0.08914123821134043
15236,0.0987175273367567
15237,0.13970525842894718
15238,0.0858904708927648
15239,0.13468854006136838
15240,0.12392442516378924
15241,0.14359691102119188
15242,0.11736781320401113
15243,0.11363020185817858
15244,0.12206633419755288
15245,0.17559917811740697
15246,0.10302930365993868
15247,0.19223354765829428
15248,0.15449615161944896
15249,0.15665737665347715
15250,0.15005105501154598
15251,0.13628792294109504
15252,0.19199840071143756
15253,0.16256370059730754
15254,0.16401358046174336
15255,0.14054389810938245
15256,0.11009472674873336
15257,0.13620293955634014
15258,0.11615137037202149
15259,0.1509506386759487
15260,0.12312591018513513
15261,0.19119499825404143
15262,0.10866637151068494
15263,0.095747827558465
15264,0.18021346128550197
15265,0.1665106262053815
15266,0.15881011907878012
15267,0.15940216013611022
15268,0.1615476420462893
15269,0.07994877308031909
15270,0.12892847943199698
15271,0.13683967186767637
15272,0.1633775103558864
15273,0.1628674109114035
15274,0.13870567173770537
15275,0.129268193058996
15276,0.1533190481901127
15277,0.1584140222168646
15278,0.15230663004900713
15279,0.13881240061101063
15280,0.19641596345136764
15281,0.18273888599460028
15282,0.15743032876142016
15283,0.15856561597822943
15284,0.13615073585541074
15285,0.13215565919769856
15286,0.11358819130446288
15287,0.14553439405057528
15288,0.10350578664616406
15289,0.11550955352297815
15290,0.17406295953014794
15291,0.16523164863321063
15292,0.14458585410729646
15293,0.14341588520227141
15294,0.11468475325879213
15295,0.16836550133304573
15296,0.1618115940139612
15297,0.12315147055308104
15298,0.10634529369973042
15299,0.11962251292235764
15300,0.12008306365945692
15301,0.15633712743047493
15302,0.1411190940934742
15303,0.13491946336168698
15304,0.08306040554113739
15305,0.15264771212969835
15306,0.18143724408602366
15307,0.1618883326614214
15308,0.13867220051162713
15309,0.1496430142423594
15310,0.10005346470785093
15311,0.18405699832685113
15312,0.12851836117063864
15313,0.1380348617009601
15314,0.19539647475741911
15315,0.09795987114806105
15316,0.10644276043485298
15317,0.13262130989439663
15318,0.16053321826149225
15319,0.18463115575841432
15320,0.1370494813367205
15321,0.2089796307781198
15322,0.22783498986537576
15323,0.14575321816154646
15324,0.15000834962888054
15325,0.12822864205786316
15326,0.15848291310799761
15327,0.16355480419452995
15328,0.08892149613360775
15329,0.13187447823128323
15330,0.12647719627870335
15331,0.1748034154403868
15332,0.17539030687192816
15333,0.13523312472198032
15334,0.1616188602117297
15335,0.15483328878266736
15336,0.1426577512117636
15337,0.14218659938524097
15338,0.19498717013687744
15339,0.1648957655979988
15340,0.10344752455897782
15341,0.18420793628345083
15342,0.14481600682305912
15343,0.10280249496802753
15344,0.12427098307949848
15345,0.13207019102313977
15346,0.1904031524234625
15347,0.13341386234887972
15348,0.12906435778821684
15349,0.13871617962540359
15350,0.17414365020558767
15351,0.14856947059380515
15352,0.16685594539843704
15353,0.1327992058330585
15354,0.14474222419584853
15355,0.14670520570216844
15356,0.1563564502504612
15357,0.14886660360444848
15358,0.18740499408439337
15359,0.1926706338603172
15360,0.09261011245017647
15361,0.12607321270185343
15362,0.1500751463593721
15363,0.09684917392472302
15364,0.11340246080686217
15365,0.14830975655899606
15366,0.18008517305925809
15367,0.1251251651757856
15368,0.21386906374302256
15369,0.18672168413079984
15370,0.1360161151409971
15371,0.11437559115666407
15372,0.1462854317792464
15373,0.12738676515787095
15374,0.13866363108536126
15375,0.10963399504404278
15376,0.12921549143524066
15377,0.13841913026588998
15378,0.17432131975744652
15379,0.11906371226225193
15380,0.15198611476614304
15381,0.1529903531905084
15382,0.12472831164180023
15383,0.11529535961516559
15384,0.16259594919459305
15385,0.09656487598668051
15386,0.12984440538388106
15387,0.20960842082016867
15388,0.2417888150089551
15389,0.12369073478240145
15390,0.11878697413471054
15391,0.09513527714218285
15392,0.17664736458468322
15393,0.19265041553033277
15394,0.17896488306640093
15395,0.11605523939427884
15396,0.14393724977166442
15397,0.1549087132560853
15398,0.16879320879777782
15399,0.1735139680102161
15400,0.1243587147847444
15401,0.09654587939084489
15402,0.12488265681991643
15403,0.208762428372066
15404,0.20905019316030304
15405,0.1184213311926604
15406,0.13127255750760702
15407,0.17363934280910165
15408,0.14765079072654735
15409,0.16575215994514136
15410,0.15603171601444307
15411,0.1271695756997029
15412,0.08129098572805676
15413,0.195417782692677
15414,0.0663458062779813
15415,0.14760735067344963
15416,0.1664588632380168
15417,0.14938246853495749
15418,0.18450227089846383
15419,0.1515365252946555
15420,0.19036221878541795
15421,0.21538007937709752
15422,0.1194579891219251
15423,0.14926008772978824
15424,0.14905391120476252
15425,0.1471382811883078
15426,0.09663750265227304
15427,0.17828577744206506
15428,0.13399573594363323
15429,0.1261393709304434
15430,0.17588292327454147
15431,0.15937810676526226
15432,0.12194570771117638
15433,0.1258724074952327
15434,0.19088763913824502
15435,0.2071821522852043
15436,0.13783209909494765
15437,0.1659875084011399
15438,0.12377070358498794
15439,0.14611891294266469
15440,0.12285123408616769
15441,0.15792011342742662
15442,0.11230676026743747
15443,0.181281614275328
15444,0.13640108944234164
15445,0.15319218854247973
15446,0.07762373622527662
15447,0.1740148899003125
15448,0.1624541633961289
15449,0.13887722211998604
15450,0.15521956483071786
15451,0.11852889509331066
15452,0.08700684411226434
15453,0.13032825050306107
15454,0.1687966643385343
15455,0.13666593940355315
15456,0.14889862922513816
15457,0.15369612409542668
15458,0.1746053423505168
15459,0.10896957295940649
15460,0.16408840410697942
15461,0.15110337216519037
15462,0.11171680060746435
15463,0.18131276337333438
15464,0.09483111935639679
15465,0.15234183060718315
15466,0.10518671124048914
15467,0.14381433978828528
15468,0.036468982790579835
15469,0.20501281092516888
15470,0.15559573513274022
15471,0.14106488235271764
15472,0.16753641540260802
15473,0.22106413789495138
15474,0.15684272419967407
15475,0.1329197092562101
15476,0.12549359699941523
15477,0.13623665055708845
15478,0.19393889782638912
15479,0.11898728477531677
15480,0.1450821815783851
15481,0.14340226706157047
15482,0.19892601538518576
15483,0.11651725513761414
15484,0.10186353452731539
15485,0.17822892562907322
15486,0.14043701488650312
15487,0.12729849367394885
15488,0.14544322428529266
15489,0.13259704648038306
15490,0.09541132494012919
15491,0.10923538268303823
15492,0.18325297359093257
15493,0.12441222993807935
15494,0.16848027948755306
15495,0.11595486717536535
15496,0.11968573525577043
15497,0.15705707371120292
15498,0.10773669561706753
15499,0.1656133949040068
15500,0.12127484915522192
15501,0.0824821101383651
15502,0.16149939349825357
15503,0.2073885155312794
15504,0.09807492301647179
15505,0.08144716420894219
15506,0.0986190037290394
15507,0.11473553761855648
15508,0.13920512394625206
15509,0.12148591864986454
15510,0.13407062296747124
15511,0.1882411435171632
15512,0.20355016004014792
15513,0.13394857129569426
15514,0.1684354443257869
15515,0.16439476362780872
15516,0.21810546701058947
15517,0.17622136860283028
15518,0.14686305971716637
15519,0.09989994838909338
15520,0.16998364592831391
15521,0.11093427831055168
15522,0.12679586865295678
15523,0.1289002204473039
15524,0.10682654251115586
15525,0.12016539230965383
15526,0.09912382341598715
15527,0.09172992199154384
15528,0.16244194837594644
15529,0.15233136818324838
15530,0.18587668012748254
15531,0.07269799133211982
15532,0.1391751762717258
15533,0.14627696978156582
15534,0.12103095548138129
15535,0.11003113805437123
15536,0.11031477137387968
15537,0.2052202771297525
15538,0.17548654873931083
15539,0.10215089966210551
15540,0.11898037747757245
15541,0.14170441899093175
15542,0.13447972541580627
15543,0.16413828991369658
15544,0.14778686726938214
15545,0.17999153482491584
15546,0.14236646197854425
15547,0.10841695282951702
15548,0.11308087560685406
15549,0.1651109200902851
15550,0.07520829132556484
15551,0.1583430254668325
15552,0.1578105853747882
15553,0.15506103546619154
15554,0.1316776849185004
15555,0.14108063753438987
15556,0.152092376324247
15557,0.16886967790134072
15558,0.12866888057368894
15559,0.16338375375637504
15560,0.14985752255501988
15561,0.2234332322427382
15562,0.18629004251194087
15563,0.15062768894053974
15564,0.11431841238816924
15565,0.18294469961236687
15566,0.13900277442364672
15567,0.13747845267329462
15568,0.16091385362569463
15569,0.17393801310866075
15570,0.10942392218625616
15571,0.13501911127369734
15572,0.15101754270873188
15573,0.13776639556139889
15574,0.13416785286934618
15575,0.1525168275998331
15576,0.13922651526444396
15577,0.22424704946023322
15578,0.1613377057057894
15579,0.14415857917757346
15580,0.06530063177035787
15581,0.08961530811262818
15582,0.08960878336719492
15583,0.09729524956693772
15584,0.12850742375523452
15585,0.11889744066739076
15586,0.18413723381616887
15587,0.1593301449938737
15588,0.12819125985751187
15589,0.11614392512138388
15590,0.13652314751743672
15591,0.13507778313873972
15592,0.1731545085069695
15593,0.17189538284127348
15594,0.1189717128639233
15595,0.15439597504361988
15596,0.14563558972740612
15597,0.16399749697190147
15598,0.13955089231628287
15599,0.1353363202191597
15600,0.10417960021797915
15601,0.14112151679624554
15602,0.16249206310570993
15603,0.11633866519282791
15604,0.08525819046231509
15605,0.17747951692650465
15606,0.10374357404581638
15607,0.1428051963520491
15608,0.16882318802815524
15609,0.1420922263492755
15610,0.1639719008324177
15611,0.11363722171133338
15612,0.1524400496591002
15613,0.1046110254985364
15614,0.11365114591579122
15615,0.12285967020764571
15616,0.17758087148844764
15617,0.17289150068223685
15618,0.14603139615547786
15619,0.1891204599439468
15620,0.1732812780265508
15621,0.16258945446663556
15622,0.15552649671135962
15623,0.19423494492977855
15624,0.13191759199406083
15625,0.12877368963226832
15626,0.12239191785243297
15627,0.15132828260477324
15628,0.12274056009156203
15629,0.133773058799707
15630,0.13280671909118621
15631,0.10917410914673273
15632,0.18782624721226346
15633,0.19132143090232684
15634,0.17335933055166733
15635,0.155797443337438
15636,0.09343938919051131
15637,0.20099227420477384
15638,0.1749171211529895
15639,0.10370755952921432
15640,0.11690755572596971
15641,0.13686021128816073
15642,0.1466499402931003
15643,0.15171677626163224
15644,0.09699658614858048
15645,0.1731252844890656
15646,0.13447560236560202
15647,0.10406786024195659
15648,0.15997632049518581
15649,0.14830353639180427
15650,0.1698369266376957
15651,0.13208489313233024
15652,0.20851490801597483
15653,0.15176150932474325
15654,0.15406311814757212
15655,0.14851152708095394
15656,0.10462578322753559
15657,0.10652670075571924
15658,0.1751129355673857
15659,0.13305389346879648
15660,0.11190104288365885
15661,0.1059902279555488
15662,0.11128874167627871
15663,0.13910966239999317
15664,0.13659824331010872
15665,0.11166272930715361
15666,0.09519858963791941
15667,0.11704370576839579
15668,0.11857610651940947
15669,0.13689065261615055
15670,0.1745418639960226
15671,0.18002631321590726
15672,0.14117474073108918
15673,0.13033914386141726
15674,0.10928798835260455
15675,0.15058056330467068
15676,0.17633432500920598
15677,0.1978341720206345
15678,0.1356159166677299
15679,0.1498027599755452
15680,0.13160605567817515
15681,0.14596524876447847
15682,0.11293272956884479
15683,0.0788497145957383
15684,0.14974428734371675
15685,0.11899913543602081
15686,0.18734945537397102
15687,0.14491529572164782
15688,0.14297911516419817
15689,0.19829369994150345
15690,0.15203892311234968
15691,0.12471833391326713
15692,0.19158545127587867
15693,0.13607762585334357
15694,0.13840923446635472
15695,0.1529062092566422
15696,0.15748755860269376
15697,0.11779992973757042
15698,0.11626749833455255
15699,0.1224145405629676
15700,0.12561436360185171
15701,0.11261302325618539
15702,0.11893257616017108
15703,0.16836981938908738
15704,0.09634051918621835
15705,0.19721097176197014
15706,0.15044000802913868
15707,0.11236372264789524
15708,0.06094860796222569
15709,0.14847202852770722
15710,0.11077722956977343
15711,0.05911810888573216
15712,0.11885049504556844
15713,0.16980761915934386
15714,0.1243426485359905
15715,0.13303139914673756
15716,0.10792453231679391
15717,0.15569660237796368
15718,0.20872679249334897
15719,0.15604553161406629
15720,0.06435479291730593
15721,0.1325073632837624
15722,0.13567394269718303
15723,0.1220648258234139
15724,0.1312701527924661
15725,0.17434915609507867
15726,0.14810947571023356
15727,0.14222350698124359
15728,0.12405866010652869
15729,0.14873423255051682
15730,0.16436417668417566
15731,0.08137265793149286
15732,0.10228871155014062
15733,0.18022089416150905
15734,0.13471376927770198
15735,0.12856566424402763
15736,0.15493826940693264
15737,0.14097972921936297
15738,0.11728033723846626
15739,0.16134427877637528
15740,0.13917041275800637
15741,0.1979633523489771
15742,0.17564844106862906
15743,0.096813946665086
15744,0.12814680830824154
15745,0.17386644897553216
15746,0.1354454159018995
15747,0.17525222715837352
15748,0.15118122155555092
15749,0.1593281234114918
15750,0.12896845716285568
15751,0.10147811365470896
15752,0.09584962016485732
15753,0.12869345171673965
15754,0.09014230231821421
15755,0.14152229365123742
15756,0.13823022359292098
15757,0.12361905789396366
15758,0.03379156734142305
15759,0.07583208720840094
15760,0.13848521395627816
15761,0.16013497894111645
15762,0.14411218775355117
15763,0.15921822978857275
15764,0.11118592520423363
15765,0.1633878843358207
15766,0.1582407507015336
15767,0.21518164605667384
15768,0.11762669124386434
15769,0.16046713252980396
15770,0.14501017572054517
15771,0.1377142035439481
15772,0.11574232697012518
15773,0.1182786005345525
15774,0.16127337860058308
15775,0.15052915669471886
15776,0.14398926504808635
15777,0.14274837091653034
15778,0.20903088770364453
15779,0.16253530905856978
15780,0.09791891364170882
15781,0.14647912015958628
15782,0.1607549116589246
15783,0.143998837777321
15784,0.18199302374726073
15785,0.1285548112262196
15786,0.1034554076457628
15787,0.13355972098412994
15788,0.1603499422398207
15789,0.13241090386602794
15790,0.1313305659099105
15791,0.14446680248105925
15792,0.1279539805081983
15793,0.14641262597280777
15794,0.10084033582327209
15795,0.17571957460517842
15796,0.15659809703342825
15797,0.10457210404651009
15798,0.09594517349546712
15799,0.13428341625591728
15800,0.11830088651489591
15801,0.12236692264561401
15802,0.16155748806869338
15803,0.12037166358697943
15804,0.13251218709746804
15805,0.14656281492980444
15806,0.11675357442594136
15807,0.10315508865482491
15808,0.18827462980665588
15809,0.08436566238992782
15810,0.10770830935218689
15811,0.13714712336033513
15812,0.12347151281999737
15813,0.11585657056808561
15814,0.1396161759441558
15815,0.19297512055988297
15816,0.14511300554119178
15817,0.14034102800931333
15818,0.1187633892455999
15819,0.11941716762086352
15820,0.1214093550566119
15821,0.15571731186192492
15822,0.12455744555599925
15823,0.13705236734028436
15824,0.20017137597628187
15825,0.18413509200188471
15826,0.13561947359574378
15827,0.13733446115411654
15828,0.1142382433971861
15829,0.19603075167369244
15830,0.14023188619004626
15831,0.1040497212864698
15832,0.1790173553236302
15833,0.1956187055095841
15834,0.1368206384500849
15835,0.16825922120092823
15836,0.17061356905050776
15837,0.1856312782081705
15838,0.16718400026266356
15839,0.12166019310295433
15840,0.20426978849406596
15841,0.09312493120223406
15842,0.15381202283099912
15843,0.1461644722445253
15844,0.16757542521170826
15845,0.12274564693572182
15846,0.13102884431349646
15847,0.13928502904464468
15848,0.18589399388885103
15849,0.17400943049104012
15850,0.13377138016491946
15851,0.13255999297457555
15852,0.16321782804387241
15853,0.1004902485705439
15854,0.1276753592579165
15855,0.15662286553435395
15856,0.11324548608895231
15857,0.15009808579497455
15858,0.13820110056199997
15859,0.17443102150167888
15860,0.1386359032073699
15861,0.12056497993761339
15862,0.13147846285820794
15863,0.22459966790506808
15864,0.1471577111649532
15865,0.15365183499780027
15866,0.09920214677664235
15867,0.2068506426815618
15868,0.11674730493440716
15869,0.21840556341516731
15870,0.1425737208040794
15871,0.16919965839031106
15872,0.13341219262982523
15873,0.12681121387694838
15874,0.10291328948911982
15875,0.16501774594350258
15876,0.1239898136668412
15877,0.12901037720825204
15878,0.15434811828200462
15879,0.19198007672258074
15880,0.15128543684231732
15881,0.1409889457386687
15882,0.12431850811247985
15883,0.1267206630794918
15884,0.15009982335945007
15885,0.1708518036230014
15886,0.1445685690050323
15887,0.14273933546921344
15888,0.17361075110956156
15889,0.13311748647572255
15890,0.15541877051093378
15891,0.16859346264865385
15892,0.1402410674184859
15893,0.15795741721841572
15894,0.10537951830347009
15895,0.08661718444035629
15896,0.1410331339283015
15897,0.18841258810107092
15898,0.10280671087615323
15899,0.13247387341752903
15900,0.21179001096428235
15901,0.1477840744542371
15902,0.1399536114786855
15903,0.13995331244373294
15904,0.13317410709625627
15905,0.08409092340750723
15906,0.1214306119125892
15907,0.16639124801828525
15908,0.14682344744654405
15909,0.13508593819478884
15910,0.1329963576918624
15911,0.090814376464779
15912,0.13233510370124207
15913,0.13041287185224051
15914,0.1663049228215895
15915,0.149345644070662
15916,0.08114108820237424
15917,0.18773064283881502
15918,0.14123443107890044
15919,0.115099574877367
15920,0.11193133526118959
15921,0.1667468225034021
15922,0.11104547317966362
15923,0.14331848055006652
15924,0.1850744511477993
15925,0.16234842987899253
15926,0.20885736309703226
15927,0.13426356155969632
15928,0.14971602271383708
15929,0.18707940300025175
15930,0.20051915817596033
15931,0.12866051396432168
15932,0.14712273601771425
15933,0.10547555357686614
15934,0.15979282059777053
15935,0.1696512278758662
15936,0.1607188326884168
15937,0.17784181050149592
15938,0.12056295994706737
15939,0.1644350880235242
15940,0.1663650862322512
15941,0.1819203227054879
15942,0.11606073255648133
15943,0.12804627433498159
15944,0.17548042839213257
15945,0.09462276178495271
15946,0.17275065852664906
15947,0.14515587949717265
15948,0.09032959063880427
15949,0.1292156255176452
15950,0.07687338344976948
15951,0.16777848721661456
15952,0.1510941311214778
15953,0.14531059303594857
15954,0.18612168725609443
15955,0.14626359834254368
15956,0.13468776518408754
15957,0.20581125026318442
15958,0.08878361753777013
15959,0.1555992930377997
15960,0.15471110640926938
15961,0.13057396245866393
15962,0.10386248747587595
15963,0.15211940319420708
15964,0.1313514778538994
15965,0.13669798129766247
15966,0.07706691267575355
15967,0.18033190597096416
15968,0.11458574461549698
15969,0.16741873072232402
15970,0.09934282003277153
15971,0.1105538699814475
15972,0.12218782687298425
15973,0.15507175564244596
15974,0.09433476226714922
15975,0.15629616392343165
15976,0.19978104394258145
15977,0.1862974806661739
15978,0.11167790963973898
15979,0.12066472007743159
15980,0.06449797983085871
15981,0.1387188414481239
15982,0.10460209005053275
15983,0.13943099974305623
15984,0.1247281312997533
15985,0.1691630551338427
15986,0.10184348412430944
15987,0.1195718773831634
15988,0.1489950989224286
15989,0.08415480526719243
15990,0.09627447270181275
15991,0.11922781907517666
15992,0.1390316098484788
15993,0.16238141823476687
15994,0.14768609782567763
15995,0.14749577160877456
15996,0.1743556609955592
15997,0.17679653256464276
15998,0.14287048467582705
15999,0.14550285287739476
16000,0.1390396320890667
16001,0.19908296037799122
16002,0.12034227709589505
16003,0.08383315661697154
16004,0.14204487484720915
16005,0.11489135299220767
16006,0.1462363723511847
16007,0.13408292510051978
16008,0.12938014139086157
16009,0.14888189309913435
16010,0.14355246157860604
16011,0.1706980910479654
16012,0.1370585350373391
16013,0.08033128758307727
16014,0.12903467745357242
16015,0.12375145619664012
16016,0.12824182536117543
16017,0.09739781258174683
16018,0.111406402746209
16019,0.14708193886591134
16020,0.14639523034953617
16021,0.18045852154470693
16022,0.1793533647402794
16023,0.1079403032669026
16024,0.1451503756506313
16025,0.15416926199464637
16026,0.16518388179779347
16027,0.137557958391312
16028,0.18416787284065259
16029,0.12328777746449421
16030,0.09793860313298883
16031,0.1339675143915991
16032,0.11803623053471052
16033,0.11345948995274235
16034,0.12775540065391847
16035,0.0913006987158744
16036,0.14050556650928206
16037,0.161922758046507
16038,0.1289551115113507
16039,0.15794772265844395
16040,0.13984543810075278
16041,0.1643785610283781
16042,0.14523992840445207
16043,0.17927974364540505
16044,0.1416378513137324
16045,0.1674355338618147
16046,0.12675276744617023
16047,0.16648788673719686
16048,0.1042867324987759
16049,0.1327555598074962
16050,0.12492602593336335
16051,0.19474757308642954
16052,0.10779035684196606
16053,0.13384361580709547
16054,0.1653736644766344
16055,0.15853127940267392
16056,0.10488886288293675
16057,0.09112443006471163
16058,0.17543653460389186
16059,0.15331378633450998
16060,0.14484544173359779
16061,0.12450863618433579
16062,0.20216971101476378
16063,0.1340962915876878
16064,0.18187597540787157
16065,0.09293751555195817
16066,0.16014139114488363
16067,0.13891337655511055
16068,0.07613885741022913
16069,0.1867996558884639
16070,0.10499572862380807
16071,0.1162539955258185
16072,0.22525087005131422
16073,0.09864663987147163
16074,0.11024453038567264
16075,0.16357802026614954
16076,0.14261563151531853
16077,0.07426717987640816
16078,0.11942686832692923
16079,0.16570257558813345
16080,0.12857469223375895
16081,0.12610592190372846
16082,0.16614128981005089
16083,0.16462469956457682
16084,0.13618443662916244
16085,0.1813651849637169
16086,0.09010285672463109
16087,0.10821658614039809
16088,0.09410343971232824
16089,0.13241134561875925
16090,0.167326575346316
16091,0.1487412729438341
16092,0.1244447901553108
16093,0.11832141170465799
16094,0.16501969525525803
16095,0.17234352949761833
16096,0.18356632021437283
16097,0.15528616372965454
16098,0.11926678605173265
16099,0.11592980848108081
16100,0.15317230769065934
16101,0.08105769426128887
16102,0.1608084264403385
16103,0.16747729885026763
16104,0.1441090607608656
16105,0.07743120873126552
16106,0.16042646956365225
16107,0.17929455114442636
16108,0.15551384858535694
16109,0.14683743259500168
16110,0.11657176486937741
16111,0.06239246950945662
16112,0.13140897993334066
16113,0.1338520021731695
16114,0.15037525450027014
16115,0.10637236469289285
16116,0.17197511896524115
16117,0.09961902067717635
16118,0.14186584910785893
16119,0.1768002184844324
16120,0.14038743395814338
16121,0.10941459531190093
16122,0.15995457435321156
16123,0.13588829469453134
16124,0.1562375922777702
16125,0.11898037227422592
16126,0.18242931359978592
16127,0.1491011794913829
16128,0.1065584570031947
16129,0.11192696511806238
16130,0.12918900939737132
16131,0.06359084134129105
16132,0.15139693512477678
16133,0.10490487881525001
16134,0.14850473958012703
16135,0.11121919730094432
16136,0.1759555128952482
16137,0.13016221980432524
16138,0.12304154770848644
16139,0.16643908819654724
16140,0.1440376005584936
16141,0.19469935594665666
16142,0.17864700533112057
16143,0.11977417695489324
16144,0.13389487183378043
16145,0.110375204298876
16146,0.1256560249529472
16147,0.14542016478225592
16148,0.15695705795578616
16149,0.07974301903881986
16150,0.14034792906160268
16151,0.15897674584538168
16152,0.1516388902172007
16153,0.17199271968452223
16154,0.13790550557662626
16155,0.1742021434638883
16156,0.17796895555618197
16157,0.14298045204761908
16158,0.14249217469700928
16159,0.09762186656469195
16160,0.14302666858784202
16161,0.14783612210639815
16162,0.10369812486679797
16163,0.13908488751935075
16164,0.09077637718800521
16165,0.14204453260279135
16166,0.1773183191509044
16167,0.19973551836624207
16168,0.14108491113720675
16169,0.16352029663563541
16170,0.13073992104110227
16171,0.14965910183866005
16172,0.1377677587618792
16173,0.17209614746891969
16174,0.11130454973171783
16175,0.11389893698946985
16176,0.11341700602509734
16177,0.1660662413456001
16178,0.14894310248254133
16179,0.10400972991058707
16180,0.19409121289099537
16181,0.17163541555407347
16182,0.09893310054786657
16183,0.18385433342760804
16184,0.09727255949389409
16185,0.11048065643434582
16186,0.12078264316093049
16187,0.15572979623145358
16188,0.1585425750207725
16189,0.13467193941506786
16190,0.13578650493856498
16191,0.15378925917915545
16192,0.15235035497093843
16193,0.13826369342375605
16194,0.08460757788956659
16195,0.1207466872693258
16196,0.12422667657583969
16197,0.1519916670272354
16198,0.15809091511319434
16199,0.1386411337831341
16200,0.18796531420629328
16201,0.17390126368795705
16202,0.19914036011639102
16203,0.12557179073574998
16204,0.19752085711719275
16205,0.17090359371129868
16206,0.1278546822728928
16207,0.17994928864163473
16208,0.13188250419366707
16209,0.14778174229239138
16210,0.13667253486698017
16211,0.06295146544650802
16212,0.13726169291180018
16213,0.1392364654492633
16214,0.15005645566271522
16215,0.10258895483468183
16216,0.18378406826849888
16217,0.15916751849902508
16218,0.11050216135316357
16219,0.15872619990043596
16220,0.11629514745462342
16221,0.1175124251672364
16222,0.15567632040842705
16223,0.09446576703187605
16224,0.13803012486315558
16225,0.15046548420936978
16226,0.17587870395353394
16227,0.07467677459018861
16228,0.05163994667018036
16229,0.1491014068503541
16230,0.12142918620425526
16231,0.12944645679204259
16232,0.1339025733666749
16233,0.1553298220037231
16234,0.08138013380823317
16235,0.18266009107311526
16236,0.1902896295439812
16237,0.1452262903851529
16238,0.13418496411295797
16239,0.1870068300918225
16240,0.14139312783146132
16241,0.15236606920457574
16242,0.16670294384652226
16243,0.1740718932103488
16244,0.15463738285900422
16245,0.1732395263764923
16246,0.16299179418850998
16247,0.15835191018331635
16248,0.13399181447705627
16249,0.1589590660597397
16250,0.16250383345220856
16251,0.1586994319427828
16252,0.15094970849851555
16253,0.11694180407181248
16254,0.11451666038213687
16255,0.11858896759357966
16256,0.10791757204638766
16257,0.11618964449498714
16258,0.1272963701256728
16259,0.09031807237434697
16260,0.1258336845372566
16261,0.12752705927471897
16262,0.09082933017977562
16263,0.11259946214806846
16264,0.08520722334515365
16265,0.11402237081470439
16266,0.10727861919778325
16267,0.13844943352563466
16268,0.14901675250911797
16269,0.15162873808077043
16270,0.11977293987961586
16271,0.12994587378316014
16272,0.12883253946152604
16273,0.12624985457600832
16274,0.15956276711883904
16275,0.16089298376034655
16276,0.11607823233146032
16277,0.15632829067046733
16278,0.14242371500161616
16279,0.1390449821388416
16280,0.136017699816745
16281,0.09455827389912538
16282,0.10668908774173921
16283,0.10543018587476541
16284,0.136052111705956
16285,0.16300272289490672
16286,0.1506932719734685
16287,0.12821672920646993
16288,0.13773151226563535
16289,0.10845657224806884
16290,0.14709432614552387
16291,0.10138075741946465
16292,0.11737877974304585
16293,0.18216822172428992
16294,0.16346270065182944
16295,0.15037272938949062
16296,0.13548808225175019
16297,0.16260532249457224
16298,0.11883987149155972
16299,0.1535641556977248
16300,0.19324666118503236
16301,0.14385660182920412
16302,0.16918024704623305
16303,0.09815123631430714
16304,0.1416819015667857
16305,0.10569551724638879
16306,0.11001612966648736
16307,0.13763941948825703
16308,0.10375389091997878
16309,0.05742679243041447
16310,0.16044314513450905
16311,0.10463402211952061
16312,0.0949596383453579
16313,0.17230888688993493
16314,0.14467141362262728
16315,0.13381875245796604
16316,0.166983681700455
16317,0.11873800136813215
16318,0.16629836074792295
16319,0.19054891526867196
16320,0.15393598427799118
16321,0.16831209637098335
16322,0.13385014700978093
16323,0.13055338322679938
16324,0.07023615755984752
16325,0.14066979002074823
16326,0.15994699296038817
16327,0.1489380586497265
16328,0.10803827084726605
16329,0.17499642414706235
16330,0.1171956612373701
16331,0.18706589878334318
16332,0.12208270231829242
16333,0.13341927975146206
16334,0.13879937028168227
16335,0.09369290303015756
16336,0.1404924527386139
16337,0.09195656704041329
16338,0.16417339404028758
16339,0.11891656961304554
16340,0.11844743078177661
16341,0.16427687473363245
16342,0.12804843382683198
16343,0.12402052577313767
16344,0.09819661520712077
16345,0.11687475135358506
16346,0.16210714835227416
16347,0.09860999850557971
16348,0.08767184677766604
16349,0.1577097706133539
16350,0.15836447278392266
16351,0.12568531070687272
16352,0.11486086332970934
16353,0.12653802490203458
16354,0.14276237031008504
16355,0.10363508385141049
16356,0.13651847336567632
16357,0.17624913660492278
16358,0.22625913531282105
16359,0.13639612200442816
16360,0.12516417433543248
16361,0.12865757277969678
16362,0.19906462427934
16363,0.10475732225168195
16364,0.1557892398641723
16365,0.15098114537743912
16366,0.16198557646105563
16367,0.13242423518583077
16368,0.18190257961408487
16369,0.1148143408132012
16370,0.10896688905545104
16371,0.1313670340699129
16372,0.08647953984642506
16373,0.10642540768405205
16374,0.15378959819760502
16375,0.18572675955684198
16376,0.12465372602677784
16377,0.09644903409289535
16378,0.15861561070534316
16379,0.2071886318219151
16380,0.1504770239015751
16381,0.14472732039072145
16382,0.19317931898429308
16383,0.15415144192776672
16384,0.1602167269749552
16385,0.0992846496418525
16386,0.10837510783900285
16387,0.14648790903674008
16388,0.16192064641356022
16389,0.19145671941736586
16390,0.15382783794590185
16391,0.15277842614024598
16392,0.1680536607983264
16393,0.09881606790924538
16394,0.10078174121941608
16395,0.1707315827796138
16396,0.10957139286119424
16397,0.10147398589358866
16398,0.18769752776438645
16399,0.08753381426427606
16400,0.11724825914496668
16401,0.121299693001749
16402,0.13101401127951812
16403,0.09595971903390735
16404,0.16074141264276984
16405,0.10603033209685195
16406,0.13406514294480737
16407,0.15970553457854642
16408,0.11421756196763737
16409,0.13747048330733533
16410,0.18565893313379875
16411,0.04996537302559734
16412,0.10921796839054454
16413,0.13056045785400705
16414,0.11886358957077624
16415,0.13202934799118737
16416,0.16250035267478927
16417,0.17869093365849306
16418,0.12123199728460422
16419,0.2023218856814608
16420,0.15614948745975812
16421,0.16421597149244888
16422,0.11283332696654924
16423,0.08996024396994123
16424,0.14336456728641625
16425,0.16679222860769294
16426,0.19642306312074823
16427,0.1622335595004595
16428,0.10668751222669373
16429,0.12928527737336193
16430,0.15839661160538093
16431,0.1746310034719268
16432,0.15023302963234622
16433,0.16019777069664182
16434,0.10261916847012502
16435,0.12613426460128477
16436,0.11853927972770789
16437,0.13121199679184023
16438,0.14398158094100436
16439,0.15964840228841307
16440,0.15568297027230898
16441,0.17993389757148964
16442,0.10062119013898072
16443,0.16185141966208672
16444,0.1267285767630011
16445,0.06971994061783184
16446,0.16598946467522968
16447,0.15225427774744302
16448,0.13110897211733943
16449,0.1462835092679235
16450,0.16685973046802002
16451,0.11658730096601261
16452,0.13121347758953825
16453,0.1761456986094466
16454,0.20227260262293684
16455,0.0982753271829638
16456,0.12438245929463217
16457,0.15395107406027247
16458,0.14875107903194523
16459,0.14935661303506328
16460,0.14873606396526165
16461,0.1298586957287313
16462,0.12169363233889004
16463,0.16649993599120444
16464,0.15942479263470272
16465,0.09103506680309661
16466,0.17300955161252315
16467,0.10799978911277008
16468,0.06878353540239342
16469,0.12460778341674794
16470,0.11702803404250889
16471,0.1368830609554542
16472,0.14971058385485678
16473,0.1713069982059372
16474,0.15358398938964365
16475,0.14579218558993862
16476,0.18747642686690702
16477,0.13118154154278702
16478,0.19023819067992045
16479,0.11639286635166884
16480,0.09605670888193778
16481,0.1467220847907461
16482,0.13527105724838662
16483,0.1375269785038548
16484,0.12237394445439145
16485,0.14797279930060986
16486,0.20111135018788467
16487,0.14250386547334565
16488,0.20374732522968755
16489,0.2026839581916943
16490,0.06222639521298415
16491,0.10749616497189426
16492,0.07808420657409931
16493,0.18129715285332937
16494,0.10322978211913697
16495,0.10586643110256772
16496,0.1617351618810113
16497,0.14986714835202855
16498,0.159858157438269
16499,0.15359899224231338
16500,0.11069568378731746
16501,0.15646836133523634
16502,0.12906407027946024
16503,0.1528845860754109
16504,0.1213930466383849
16505,0.18151698145959513
16506,0.12838802453526882
16507,0.17787802125612437
16508,0.09535397675404363
16509,0.12082332834718476
16510,0.16664492510491216
16511,0.15112648702612438
16512,0.12245432723348078
16513,0.18469331190613464
16514,0.12294392193471347
16515,0.1703526465627638
16516,0.1655250877462247
16517,0.09751981544551372
16518,0.19263584737624273
16519,0.13739404817650056
16520,0.15722415375288162
16521,0.1336289232963403
16522,0.16917194844972697
16523,0.13211708512399398
16524,0.1157825800429039
16525,0.11047850919518089
16526,0.18730621119031396
16527,0.12927239333725332
16528,0.13119696732214714
16529,0.2151235908001783
16530,0.18053132131789407
16531,0.14053085032438697
16532,0.1291295905725749
16533,0.20260265031165386
16534,0.15530947529286598
16535,0.15012913211214388
16536,0.14274213853959283
16537,0.16018175352804204
16538,0.13388046824102348
16539,0.15062717364534464
16540,0.15790120747347366
16541,0.14107021481049314
16542,0.11157899695307287
16543,0.13714847619932558
16544,0.12029833447617999
16545,0.1586493350591886
16546,0.11261146925106102
16547,0.12640801937675722
16548,0.18127171182589655
16549,0.13603273057219104
16550,0.08312760773832142
16551,0.16255629915250627
16552,0.1543694055394378
16553,0.18054111625869262
16554,0.1722682289375252
16555,0.1430380223548222
16556,0.14381076372895094
16557,0.14010932558163552
16558,0.13687095067713273
16559,0.17154347702055672
16560,0.13214757066063632
16561,0.13811949971384602
16562,0.12465367583140796
16563,0.11400438394818499
16564,0.06719990590841098
16565,0.20517240056638958
16566,0.15872670126924063
16567,0.1779790126398678
16568,0.15393385062996906
16569,0.10505533054823576
16570,0.09375049645904984
16571,0.13092481185097862
16572,0.21211712847415276
16573,0.16326456627180835
16574,0.13857979825396338
16575,0.10127055393600312
16576,0.13447885675284335
16577,0.15987574374815758
16578,0.09998615424728866
16579,0.14521802573261297
16580,0.13974821663728623
16581,0.11890036253762591
16582,0.18095832742270576
16583,0.18859125396452003
16584,0.15022263490224058
16585,0.17976118627028323
16586,0.1000142799854729
16587,0.12638983915313584
16588,0.10295924293414006
16589,0.15575742844796003
16590,0.1563356587411372
16591,0.08083080835341308
16592,0.16801692669255977
16593,0.17183549320759642
16594,0.1496008387864653
16595,0.10463152614984272
16596,0.13725742249699605
16597,0.12786361376031305
16598,0.1303696052238122
16599,0.1361070451460482
16600,0.16208183731969136
16601,0.12636620220096287
16602,0.1472590795918731
16603,0.1724078137690222
16604,0.11703882359702476
16605,0.15646540174857598
16606,0.12715807039044277
16607,0.2148340030780137
16608,0.11913176018132265
16609,0.1282750156488596
16610,0.08848791234500009
16611,0.14237405153619892
16612,0.19631520001108996
16613,0.16047887867673308
16614,0.12862374679608063
16615,0.18944721598984882
16616,0.14293591923123414
16617,0.16994659645723523
16618,0.08307202501917002
16619,0.15062768486113806
16620,0.05161619054266478
16621,0.146473953508776
16622,0.13034099750692774
16623,0.1476148055135941
16624,0.10898231142978268
16625,0.15316938777498226
16626,0.1308129506174559
16627,0.15798395786031685
16628,0.17848932598266037
16629,0.15723366240650222
16630,0.13136841754084363
16631,0.10501043600527897
16632,0.1697570454830417
16633,0.09644023272055169
16634,0.14818113543238187
16635,0.15846199502760508
16636,0.08128071289323595
16637,0.17073845006355223
16638,0.20502144018407809
16639,0.17805927974940466
16640,0.10558134818780296
16641,0.11735410231847601
16642,0.13648988336168777
16643,0.11947122286836737
16644,0.162323760119601
16645,0.1392318090125826
16646,0.19367689280834166
16647,0.12299638202566535
16648,0.19210201306797725
16649,0.12807243469355484
16650,0.12946487674053653
16651,0.15221401222148806
16652,0.07998898503032473
16653,0.11057825872352206
16654,0.1458758136545664
16655,0.16893944675129743
16656,0.13895050353223037
16657,0.0877891907109806
16658,0.12093518174796214
16659,0.10973612314129794
16660,0.14433397157199332
16661,0.12060615387225997
16662,0.1737314553763817
16663,0.17444168502879845
16664,0.13967690390982448
16665,0.10586294258723147
16666,0.1671349428319953
16667,0.10197571766721802
16668,0.12041278946230996
16669,0.12763698001461318
16670,0.09705284569106468
16671,0.13341077693724235
16672,0.14815617400987421
16673,0.10268742627833426
16674,0.16164531628390993
16675,0.1250809763610312
16676,0.12337725712761778
16677,0.1685788906834878
16678,0.14630398916716864
16679,0.08820889499852522
16680,0.14178655285727096
16681,0.16611648570013055
16682,0.11887475194203603
16683,0.14991466272180487
16684,0.11620526637668344
16685,0.13870630542734738
16686,0.10743721707465947
16687,0.15354823649388735
16688,0.1381769301825551
16689,0.12799030827341756
16690,0.1622763211340579
16691,0.14722995594701108
16692,0.1487866532618263
16693,0.15961485325357583
16694,0.13073048057583264
16695,0.1399069953817174
16696,0.12964219154705006
16697,0.13384228044035357
16698,0.07783657844269418
16699,0.07945058013743095
16700,0.1763869979371206
16701,0.19733098571928218
16702,0.1933661473455037
16703,0.11753967230360943
16704,0.13723882459663964
16705,0.1824961533880549
16706,0.09172170017607467
16707,0.1625471697059555
16708,0.17186435404716763
16709,0.13595517872422244
16710,0.15751134020734311
16711,0.12304234184849606
16712,0.1400827164315427
16713,0.11950615418853167
16714,0.12284796904489075
16715,0.09630319629721396
16716,0.09118304659879126
16717,0.1511083149230995
16718,0.11860546268355562
16719,0.16852069690629956
16720,0.12324754067919237
16721,0.11009208924102519
16722,0.10403465620300431
16723,0.15550434184745698
16724,0.18800359516091594
16725,0.14392889762426062
16726,0.10397554744006263
16727,0.15619702956266623
16728,0.1827994547295611
16729,0.14579626356085051
16730,0.1279949585429351
16731,0.19207352583542292
16732,0.1262255513239421
16733,0.12809562197705096
16734,0.19313477880539032
16735,0.1482352782390096
16736,0.10307265067624388
16737,0.12211162828956815
16738,0.15294565641762733
16739,0.2018513340692711
16740,0.1640206193395038
16741,0.10650317371755594
16742,0.10811456246096462
16743,0.14427879773351923
16744,0.13875934154210856
16745,0.11244199502770644
16746,0.1814490690988278
16747,0.18085427172354177
16748,0.09897376340327324
16749,0.1565296646607922
16750,0.12882397688807018
16751,0.1542384711697268
16752,0.055885159572723705
16753,0.1890206635668812
16754,0.1771318742506874
16755,0.18128859506157477
16756,0.18313983148043284
16757,0.10580080634386346
16758,0.18281367787906966
16759,0.13819860154731395
16760,0.17346668170679488
16761,0.19625100737499307
16762,0.1311838855640084
16763,0.12689550397592167
16764,0.1234658671097722
16765,0.14290124479188038
16766,0.1401129067967196
16767,0.1493948164519222
16768,0.14923744042188714
16769,0.14855384230036525
16770,0.13524541887762392
16771,0.10594556471439995
16772,0.14447647367409278
16773,0.09314930727104842
16774,0.12832626974365288
16775,0.20176046928060776
16776,0.11922872944314486
16777,0.13511801466527362
16778,0.15447365214372547
16779,0.11990321603922921
16780,0.1851761777570664
16781,0.15817505681519894
16782,0.1533056023460756
16783,0.15600934020881993
16784,0.18184609803360655
16785,0.18205931455833302
16786,0.1657962358709393
16787,0.11974542757101844
16788,0.17490970989015064
16789,0.16183280611018702
16790,0.13904280666476762
16791,0.15878209863040876
16792,0.17369071853904688
16793,0.13736354802302495
16794,0.11681065460435537
16795,0.13230862254658077
16796,0.1549572511407705
16797,0.09759322399406001
16798,0.1434213552815834
16799,0.1495386579651333
16800,0.15798100127550505
16801,0.15271913180192795
16802,0.10037487728510616
16803,0.1330911873854157
16804,0.11495583233841132
16805,0.1386686696658693
16806,0.14793075033886938
16807,0.13209232296613432
16808,0.19977382897019388
16809,0.21020564279742868
16810,0.11389953434467218
16811,0.14151870529855798
16812,0.14198897266483726
16813,0.14098864401197442
16814,0.09488908863994178
16815,0.18504843860745077
16816,0.15447247917759446
16817,0.15906879669390378
16818,0.18770059894241897
16819,0.14752243461984976
16820,0.1514453361472716
16821,0.15537754770228882
16822,0.1195499584434575
16823,0.1487162872633165
16824,0.14494871635689602
16825,0.15245094884355356
16826,0.14943053036083873
16827,0.1560933502658436
16828,0.14115397511241254
16829,0.11611014631860249
16830,0.14023560189814827
16831,0.13024537749978124
16832,0.11271100281269833
16833,0.12361886850773396
16834,0.11726277182166459
16835,0.16165831502517047
16836,0.16151099419058226
16837,0.1346890778126145
16838,0.09088358255407092
16839,0.11846067448019978
16840,0.20014496624381262
16841,0.13771209425342093
16842,0.14737461639996335
16843,0.1532546258209271
16844,0.1904247344492105
16845,0.14338813864192887
16846,0.10334039667291853
16847,0.14681011694885912
16848,0.12873655116325242
16849,0.16733715772968616
16850,0.1372077437752954
16851,0.143874820350979
16852,0.1306792198436773
16853,0.13619102657879772
16854,0.1194670429345126
16855,0.13632082945845495
16856,0.0947697225888104
16857,0.16293713419232692
16858,0.10634068240695277
16859,0.1559616369822867
16860,0.14085656326170848
16861,0.17323216766941502
16862,0.15877372771374018
16863,0.08038690241434984
16864,0.16363196003393768
16865,0.1146073934844485
16866,0.1499152707475559
16867,0.10921619766653323
16868,0.17268312578837453
16869,0.17444953020224455
16870,0.15286875644662554
16871,0.13613883966303994
16872,0.10017701899974144
16873,0.1486456783261508
16874,0.12316010960293527
16875,0.12380241550153773
16876,0.13611101159899702
16877,0.17116303916655642
16878,0.14796311292232148
16879,0.15670521370449234
16880,0.16092486394070218
16881,0.1160356438209534
16882,0.13926145219215957
16883,0.15626445530904864
16884,0.1696433017705068
16885,0.13780950266508007
16886,0.14726859856598185
16887,0.15939288565393664
16888,0.12800416217971622
16889,0.17486456276075193
16890,0.09735324944314913
16891,0.089191449826247
16892,0.1165256414895544
16893,0.08541510124037482
16894,0.13814696287683326
16895,0.16785653702832315
16896,0.136908778973775
16897,0.10869486472156792
16898,0.1256181436439308
16899,0.12397702573429988
16900,0.15670474964681486
16901,0.14134290465752627
16902,0.18149777834461944
16903,0.1124478188236947
16904,0.09701510131044219
16905,0.10844594092911575
16906,0.1543042850728776
16907,0.1392657168509589
16908,0.1437388297163893
16909,0.14219989792214402
16910,0.15984833010912064
16911,0.14953040768761033
16912,0.14565481078620027
16913,0.1415321162396529
16914,0.14238265574029219
16915,0.09895150738130015
16916,0.12008868793995835
16917,0.12186974475042733
16918,0.11003349499721404
16919,0.13491391410505552
16920,0.1811522700347492
16921,0.11042585659742168
16922,0.1476142074229341
16923,0.12473498347039162
16924,0.1402285280788638
16925,0.15576761070853157
16926,0.08387708964499321
16927,0.1132055172424915
16928,0.12481968840452007
16929,0.14756355308190594
16930,0.1960691588527217
16931,0.11981483308188765
16932,0.1431164684731034
16933,0.1468714567802353
16934,0.1291467742499598
16935,0.1652445724095502
16936,0.08303530811709343
16937,0.13982005810760786
16938,0.14910966329480926
16939,0.15133712190143117
16940,0.062208004970247685
16941,0.1847185117523169
16942,0.1801021713333826
16943,0.18062013463909887
16944,0.14960995904450378
16945,0.14457057474283888
16946,0.22527388474974047
16947,0.16196498485038993
16948,0.13605801272490575
16949,0.14742404230793
16950,0.06094836875450069
16951,0.1475782684691072
16952,0.11083742870833266
16953,0.09661068102719658
16954,0.10522613153054677
16955,0.16409134693196623
16956,0.13352578440531718
16957,0.13858828004962317
16958,0.16369505614938143
16959,0.18944577258499923
16960,0.12809326132033744
16961,0.12364340407043138
16962,0.08389016065721394
16963,0.16995958134616143
16964,0.14804223756649243
16965,0.14522955246515643
16966,0.10992372293256493
16967,0.0882885298400027
16968,0.15572879157095895
16969,0.1102323570249574
16970,0.12340097463626382
16971,0.12375772138514013
16972,0.1278175949166448
16973,0.136895314996895
16974,0.1562353800194138
16975,0.17650896853976566
16976,0.18133882452296662
16977,0.10318273217239485
16978,0.12825383223566061
16979,0.1957654803373746
16980,0.08113724063915378
16981,0.14749088118676362
16982,0.13714375973127318
16983,0.1440263253483284
16984,0.1654251699503495
16985,0.1137426676970312
16986,0.15691943167916922
16987,0.1457891662222075
16988,0.08642787363517179
16989,0.1623443556607933
16990,0.1358742699062646
16991,0.09907511836075196
16992,0.119334093918985
16993,0.1284039008608732
16994,0.1247884603223898
16995,0.1503728029769549
16996,0.13169817107408585
16997,0.08056213250788775
16998,0.15940290072178337
16999,0.13803900539111938
17000,0.131034937286764
17001,0.12077096349763886
17002,0.11515713770009205
17003,0.16316267127269135
17004,0.11465750913397099
17005,0.13335982537765256
17006,0.13848220034902844
17007,0.1841378726727409
17008,0.14894470083353192
17009,0.08016651195619612
17010,0.19834712960051787
17011,0.16741756136096175
17012,0.19887245032454945
17013,0.13709961006435928
17014,0.16180238490397472
17015,0.13673824875062035
17016,0.12668656734323502
17017,0.16265003521239085
17018,0.15208342502902536
17019,0.17301582169816615
17020,0.1100480168538042
17021,0.12308152609819399
17022,0.10223355463651128
17023,0.1918553132922433
17024,0.12992932626202183
17025,0.15153304868432432
17026,0.1651802064582666
17027,0.11312848358392029
17028,0.18053451872016146
17029,0.12353326181015155
17030,0.11917194081104358
17031,0.1818110458505766
17032,0.1512925117901955
17033,0.1675358815680242
17034,0.10453028063336545
17035,0.14906572651774694
17036,0.1734160484531948
17037,0.14711889961176736
17038,0.13795099436708405
17039,0.189607090198302
17040,0.15470041982288615
17041,0.16353589979981498
17042,0.17034923338138502
17043,0.17828528833292873
17044,0.19286783047580022
17045,0.18918446627829574
17046,0.13918709084088673
17047,0.12697618394373608
17048,0.15709659262745154
17049,0.14373815031022344
17050,0.16613981910299216
17051,0.09321093290355574
17052,0.12573021933316345
17053,0.14145377801580447
17054,0.17678795042590342
17055,0.18139110130708602
17056,0.19491778437788929
17057,0.13850682124594482
17058,0.12882642990204438
17059,0.14792921735861983
17060,0.19712120496769261
17061,0.1593657612463974
17062,0.15486167731856643
17063,0.14032781064347402
17064,0.12759189095122184
17065,0.1340332944857495
17066,0.12956275681510668
17067,0.16743817837455238
17068,0.16994426950677238
17069,0.1116685750884686
17070,0.17325121845057412
17071,0.16870248845307795
17072,0.148021715548901
17073,0.1474826986982638
17074,0.11195297135587409
17075,0.14098785244620327
17076,0.07237395614278337
17077,0.14747905695161112
17078,0.13496439333195634
17079,0.11288732243819345
17080,0.11584504906433091
17081,0.1309766379828924
17082,0.08087266385688596
17083,0.10912498718176508
17084,0.1684607409936887
17085,0.0857047933397215
17086,0.1720554729609714
17087,0.1666742852055582
17088,0.16319943386805122
17089,0.13523499643630754
17090,0.1527252994767602
17091,0.10631123249125266
17092,0.15027541537459072
17093,0.18214269082849371
17094,0.12961356096605947
17095,0.15070501695775582
17096,0.16291260258006884
17097,0.13101963071996528
17098,0.11267623002966856
17099,0.16734956354387098
17100,0.1466151570126388
17101,0.15778985943497142
17102,0.11539091015371701
17103,0.113931828966522
17104,0.1805058300178087
17105,0.10801834977057712
17106,0.14523248493243485
17107,0.11683973854702112
17108,0.19861640194085664
17109,0.09913625814878158
17110,0.11042613373912105
17111,0.11176017804153136
17112,0.15884693412760373
17113,0.12925691880898463
17114,0.0843003858152786
17115,0.15391285935644222
17116,0.1280505725970443
17117,0.22582380756442255
17118,0.13436824728832153
17119,0.11055735726430728
17120,0.12122970256323061
17121,0.1400225374556706
17122,0.14322525870446498
17123,0.08723904973120389
17124,0.15096913809444806
17125,0.16711540519334328
17126,0.13441312625430554
17127,0.18864577605836286
17128,0.14098511108742204
17129,0.15142020448791008
17130,0.17354112117661563
17131,0.16286356043513853
17132,0.10745258146126291
17133,0.15328987528341811
17134,0.12813423895045173
17135,0.12633551564161186
17136,0.1920866335082795
17137,0.15298610874795193
17138,0.1823722451250289
17139,0.11362284592052527
17140,0.1135187307458967
17141,0.17502360671436076
17142,0.11409345877161564
17143,0.12004071623894502
17144,0.14881042953204296
17145,0.16048304072303793
17146,0.07854032990714088
17147,0.11157790249269908
17148,0.14827919371501744
17149,0.12976517514649943
17150,0.11179132337563583
17151,0.1455432437110844
17152,0.0976926097317666
17153,0.10944975306100267
17154,0.12368406444851532
17155,0.11866676213957911
17156,0.15045019228890968
17157,0.14051774020450028
17158,0.1452283300788713
17159,0.13723726478950418
17160,0.1569973367714313
17161,0.11423662064204147
17162,0.15266623583318079
17163,0.15181585485263405
17164,0.14779894309510802
17165,0.10935109589430904
17166,0.163881064782071
17167,0.0667873072640392
17168,0.13259336631594576
17169,0.12470526221390292
17170,0.1508241850986796
17171,0.1435235929434798
17172,0.17859308792878759
17173,0.14591821868889793
17174,0.1546721175853498
17175,0.12524617034293478
17176,0.16157040969142838
17177,0.17647330281475243
17178,0.21295951201866015
17179,0.14735635977653097
17180,0.1561602048866559
17181,0.14232585667702646
17182,0.16952060710649025
17183,0.09848331826121198
17184,0.19630805288223638
17185,0.17302688418082052
17186,0.16118465378655986
17187,0.11043151904768615
17188,0.16258318743830524
17189,0.09455635915957408
17190,0.12644443605652583
17191,0.12111659692782316
17192,0.17035729921034412
17193,0.07695501396287499
17194,0.1554005609787657
17195,0.193810549150117
17196,0.10452147964226462
17197,0.0876370327414355
17198,0.14205086012024618
17199,0.13279155307608942
17200,0.1901937292892552
17201,0.13356210787233835
17202,0.11183850621349507
17203,0.1987216579538778
17204,0.16406729317080532
17205,0.1475832931591911
17206,0.12975066711973213
17207,0.11212551097088451
17208,0.11688539024080265
17209,0.13540998063921747
17210,0.14636350347786087
17211,0.10358290848588364
17212,0.17085473681658137
17213,0.13698889902220066
17214,0.17349788627018906
17215,0.12290850264654896
17216,0.1274114162615622
17217,0.15088596403915677
17218,0.18647164700887073
17219,0.11938113837775997
17220,0.15706319878080327
17221,0.13149094685393842
17222,0.14539458827223897
17223,0.15152281892352804
17224,0.1309460750768289
17225,0.09169923626689125
17226,0.14410740604823502
17227,0.11181348276363154
17228,0.13453123299998299
17229,0.18237014057706197
17230,0.12334467574550391
17231,0.18756812642086643
17232,0.13375864677852317
17233,0.1596235930911785
17234,0.1166136877403727
17235,0.14870218801936572
17236,0.16179257601531283
17237,0.11812993314802157
17238,0.17402239165885472
17239,0.17258415416029368
17240,0.12297236758909058
17241,0.1731914243729944
17242,0.13655827774042453
17243,0.14337589541133597
17244,0.186966354348726
17245,0.1705282127763021
17246,0.15560486207745103
17247,0.1354839730832701
17248,0.1214140928769446
17249,0.16462708220046304
17250,0.16066095823529516
17251,0.1710696886805747
17252,0.19541272882316246
17253,0.20291372660272516
17254,0.18438440312939114
17255,0.08221306017165794
17256,0.13808072929212958
17257,0.19240989862936783
17258,0.1719837650510794
17259,0.12420069937776188
17260,0.11907167660412138
17261,0.08736117327349655
17262,0.11705461572999912
17263,0.12455496266803695
17264,0.14613774755656936
17265,0.20058940280225607
17266,0.11776661454893736
17267,0.18409359443097667
17268,0.155920863546343
17269,0.1256681506957501
17270,0.1274429069042009
17271,0.14842001976881597
17272,0.1530948750962449
17273,0.10950838717568762
17274,0.15821161288574895
17275,0.15936900653643432
17276,0.12956359707579548
17277,0.1893715021376467
17278,0.14020400063859084
17279,0.15818559084851883
17280,0.14157436707970364
17281,0.1312381448687091
17282,0.061542568224930094
17283,0.1871497624182969
17284,0.12529874124395954
17285,0.10896343853752118
17286,0.17537864960796362
17287,0.12271664189558959
17288,0.15331899857655767
17289,0.11643745337300443
17290,0.16092561507616937
17291,0.19589963453831233
17292,0.1508143640246766
17293,0.2189998405754578
17294,0.16038885815901485
17295,0.1271739245765535
17296,0.0957848227150872
17297,0.1353481260074503
17298,0.12035100375740057
17299,0.11273520357631073
17300,0.17649887996155164
17301,0.09784532612495792
17302,0.1368635596594129
17303,0.15037687396476618
17304,0.1714522316136172
17305,0.16069013919664227
17306,0.19361989228309695
17307,0.11354258958486932
17308,0.129968200750114
17309,0.11895551495031292
17310,0.12825147905332254
17311,0.1451120809545909
17312,0.11694243300517426
17313,0.18483248181261863
17314,0.15324246963424448
17315,0.1503508285703353
17316,0.17706943053048738
17317,0.1538874788120211
17318,0.14241895953268116
17319,0.12176222675058995
17320,0.15901725911672077
17321,0.18713109084128124
17322,0.17905164795913306
17323,0.15171995073902594
17324,0.1354878128398107
17325,0.1513076799545019
17326,0.11874198404698183
17327,0.18415429469445838
17328,0.1282723457967187
17329,0.1830983059739065
17330,0.09884803748709922
17331,0.12571816705281555
17332,0.16645628970856813
17333,0.15489609003150379
17334,0.13956516175386102
17335,0.15339088404228152
17336,0.10620569400171523
17337,0.16439343816092525
17338,0.1279301693655798
17339,0.18083198731407912
17340,0.10934508975700834
17341,0.11736654201128112
17342,0.1463936255889979
17343,0.17310003190748904
17344,0.18031457234302076
17345,0.15406823780449883
17346,0.11746981799056733
17347,0.14503220815927328
17348,0.11209084405518792
17349,0.16042969450746813
17350,0.10189393384702566
17351,0.18570497496791605
17352,0.124215678275274
17353,0.16424069949990378
17354,0.10242813707749096
17355,0.13518346510913534
17356,0.13344463189890812
17357,0.1922023236535227
17358,0.1168916677579914
17359,0.126529270756361
17360,0.10580640982276765
17361,0.16208541013943195
17362,0.162971985701894
17363,0.1302313609022913
17364,0.14225195034989196
17365,0.12846610609207712
17366,0.15521437068004768
17367,0.11454651646018324
17368,0.1306149721147708
17369,0.06251157454729844
17370,0.1650192247859095
17371,0.1603356657996968
17372,0.16142545931817576
17373,0.09462621001035523
17374,0.12694374976713954
17375,0.10908483860839005
17376,0.17773171673431676
17377,0.11222313019036237
17378,0.1269303825622614
17379,0.13557729099970875
17380,0.11109927733088068
17381,0.1995099334712495
17382,0.14430097006860124
17383,0.13427932124459377
17384,0.15167409504595072
17385,0.12170550768466279
17386,0.13253083454958542
17387,0.15048048207838527
17388,0.17055413286245136
17389,0.1363856338215178
17390,0.12220335673878421
17391,0.15286867606392399
17392,0.17394584790381956
17393,0.0837452442722117
17394,0.14401375942563308
17395,0.1506184377246982
17396,0.1306975377233872
17397,0.11880506756225728
17398,0.16551216644304678
17399,0.16407059986950764
17400,0.17438146221557074
17401,0.19085997704468446
17402,0.16495728454557507
17403,0.09575669345991528
17404,0.13456950620741942
17405,0.12355021667723101
17406,0.16022931193590761
17407,0.13139901460659742
17408,0.17863259841074197
17409,0.09877187561338921
17410,0.15308418332632906
17411,0.14459600926573474
17412,0.12937878996402838
17413,0.1465565186415452
17414,0.1694840340734601
17415,0.13991862542614544
17416,0.11920723615555727
17417,0.16670481998968426
17418,0.13765735354528558
17419,0.14361131983648057
17420,0.16287591494979983
17421,0.12303339229824692
17422,0.17046706965415284
17423,0.1618154593573709
17424,0.1383645328172292
17425,0.16720437940380728
17426,0.15546234124932518
17427,0.07975451076109936
17428,0.15274439976934784
17429,0.1017919502439372
17430,0.198380653353176
17431,0.1662800199367438
17432,0.11093383537021
17433,0.15521793863263833
17434,0.12002045754037788
17435,0.16327751785004407
17436,0.12921323332293375
17437,0.14909733084698362
17438,0.16139220723451142
17439,0.1736800300461373
17440,0.1638012461242208
17441,0.16372985892482872
17442,0.15503050195486906
17443,0.14321454919967228
17444,0.1350683520101607
17445,0.13447520186435824
17446,0.1681934285328561
17447,0.12623930522824076
17448,0.1193788016840088
17449,0.14270821363538103
17450,0.18564438035312852
17451,0.16893584077525411
17452,0.08545214149858613
17453,0.16592647260809784
17454,0.125365576311077
17455,0.1685881935841519
17456,0.14196539591025098
17457,0.07344810186098136
17458,0.07699157312666953
17459,0.14991501657098172
17460,0.14128048337899515
17461,0.11073994311245065
17462,0.17104133486294507
17463,0.13240162919448673
17464,0.08847647477295636
17465,0.20860543961702122
17466,0.12697940042379197
17467,0.13278873398084187
17468,0.14976976542826229
17469,0.15337437630706538
17470,0.15996759339111027
17471,0.1581940739343684
17472,0.18806488971744084
17473,0.20271779436548792
17474,0.088118880503433
17475,0.06912228772477647
17476,0.13178311482606545
17477,0.15875519775790548
17478,0.12333384174510398
17479,0.195581530972327
17480,0.1301119189717751
17481,0.1429394237990971
17482,0.14233648285190284
17483,0.19875442123898923
17484,0.1426690856725217
17485,0.1812542288762407
17486,0.10264938849055841
17487,0.15120988006500494
17488,0.1305280775021448
17489,0.18469994824687497
17490,0.16543971313764336
17491,0.11021619573472627
17492,0.1679266059673512
17493,0.15434426382656566
17494,0.10485691552048193
17495,0.1541198572713668
17496,0.14335166571868196
17497,0.17504016577744125
17498,0.09689212842720732
17499,0.09419684178033244
17500,0.11804966310285095
17501,0.208007681942029
17502,0.1349340728097463
17503,0.1448847326540321
17504,0.14564271026545203
17505,0.16371083870961609
17506,0.17549742379424454
17507,0.14601069735784603
17508,0.1845646602201349
17509,0.16054043034251111
17510,0.1501692281604209
17511,0.10708576794002392
17512,0.12268975052967761
17513,0.1697335808109162
17514,0.16604160315065017
17515,0.19475534443253603
17516,0.1665427386929868
17517,0.14911561374761456
17518,0.14644229363072248
17519,0.13695066084481508
17520,0.10963256890384525
17521,0.18655816146058773
17522,0.11775744069617397
17523,0.14994801020344348
17524,0.1755815219671931
17525,0.12834198700279964
17526,0.20494802905420212
17527,0.21828658733139014
17528,0.1399377168677593
17529,0.16202305819502816
17530,0.10901360809004818
17531,0.10461250330059062
17532,0.12254116602786065
17533,0.11346669580779334
17534,0.11357936995337642
17535,0.12315473000340414
17536,0.11495414835487631
17537,0.16322971498193825
17538,0.12905206727571827
17539,0.1010033663380577
17540,0.09637482308836935
17541,0.1471226419658021
17542,0.11679429854206658
17543,0.1522953240913383
17544,0.14745583024662892
17545,0.11220879543233037
17546,0.14031342882052095
17547,0.1736310479367498
17548,0.17662860810562678
17549,0.1266440661564186
17550,0.17897206614972783
17551,0.14129924856488782
17552,0.13554786444292602
17553,0.10298762520523805
17554,0.21967889798358292
17555,0.18243451803028998
17556,0.15455562834545447
17557,0.1296425537401938
17558,0.15884206010129134
17559,0.10144606785891494
17560,0.1291903763837997
17561,0.06645708817121397
17562,0.10775252032342766
17563,0.18500855355172427
17564,0.14925144212809555
17565,0.1331644128162844
17566,0.11952856760780631
17567,0.13392295576067423
17568,0.13791043013349938
17569,0.11849721732407034
17570,0.11241742770209884
17571,0.10477034092942335
17572,0.14263613023008379
17573,0.17192804209236093
17574,0.13063551897255238
17575,0.16051268289495524
17576,0.20411523917769792
17577,0.13947235566633792
17578,0.07670654263258764
17579,0.09455643293108329
17580,0.13615319962685662
17581,0.14595344536681923
17582,0.11020420277208874
17583,0.20606696906307576
17584,0.07207855639591793
17585,0.14319227844532553
17586,0.15059875131043665
17587,0.06930496020821253
17588,0.1608700746514241
17589,0.12629000919714095
17590,0.11370460246476342
17591,0.195664886447143
17592,0.14078580552751072
17593,0.11728806124090312
17594,0.11737932235747489
17595,0.17005301809867648
17596,0.1686406881655072
17597,0.1826572225595253
17598,0.1767768136902939
17599,0.20335620365036478
17600,0.1602059192651019
17601,0.16849524677015115
17602,0.14463355901323316
17603,0.17042938754207118
17604,0.1407611707674077
17605,0.17279957340506982
17606,0.12874185875605357
17607,0.1418969949387414
17608,0.14940602207560053
17609,0.12074679846392573
17610,0.17648945898473944
17611,0.17071528238932449
17612,0.15660965917910655
17613,0.143383712520886
17614,0.1782186407700473
17615,0.154172939554342
17616,0.13966474622536287
17617,0.14188831815831454
17618,0.15667419553095258
17619,0.13671816701172168
17620,0.15488339762842257
17621,0.17120429314399094
17622,0.13202085803593766
17623,0.13112215658708737
17624,0.16883501478929602
17625,0.11301152544406873
17626,0.15572944224535898
17627,0.1471851508714365
17628,0.09927647720958704
17629,0.14601674327410472
17630,0.15742835620536055
17631,0.17308506072623728
17632,0.1813068371467711
17633,0.18506281752241313
17634,0.12076334965731315
17635,0.14561712013376032
17636,0.1507344110913581
17637,0.15137066717497175
17638,0.16069829651349846
17639,0.14970624003233904
17640,0.1458259264832378
17641,0.14695191481496875
17642,0.08634426226412484
17643,0.23191987719963958
17644,0.14464049189194927
17645,0.12714263046656396
17646,0.12585889215230384
17647,0.10028050556710771
17648,0.1275641387186079
17649,0.16868459651918793
17650,0.15776116097039383
17651,0.15360924950194169
17652,0.10181473590452679
17653,0.08000720934229792
17654,0.09067266489060019
17655,0.1949598894645134
17656,0.15837218143156356
17657,0.14512050828819706
17658,0.12336903108093285
17659,0.18741271697396544
17660,0.17347066474444112
17661,0.13132142708943953
17662,0.10564238333878455
17663,0.1342289990793635
17664,0.1688916667402749
17665,0.14555545044501858
17666,0.11945186118409182
17667,0.10608098124577481
17668,0.15172607581756425
17669,0.1123051032897512
17670,0.14737459650077317
17671,0.13987279790992796
17672,0.11310998470422902
17673,0.1097376431571635
17674,0.1415320850578216
17675,0.11529470241432252
17676,0.156881483024365
17677,0.16717579360466234
17678,0.15320762716512726
17679,0.22069903159450652
17680,0.15567382602576224
17681,0.14617295360815022
17682,0.10177329854256326
17683,0.1362789815300085
17684,0.16372120211147137
17685,0.1481916587795793
17686,0.14608626786333395
17687,0.15014681632246885
17688,0.180182721411061
17689,0.15230273665248165
17690,0.12076961967152133
17691,0.1620832783835674
17692,0.1090022301393698
17693,0.11819433650318996
17694,0.13406274376504904
17695,0.1441479637122146
17696,0.08034530429100319
17697,0.14177509387547582
17698,0.16618371597504306
17699,0.1273527816391311
17700,0.12669205836787722
17701,0.14863244719360627
17702,0.11122612305099165
17703,0.13493287510213714
17704,0.11361465142117778
17705,0.093434384524329
17706,0.1270361514557374
17707,0.10552187098145434
17708,0.1744319396348244
17709,0.11458051902527955
17710,0.15591064201634983
17711,0.09901171139689047
17712,0.14876778465465576
17713,0.16380420874110882
17714,0.12605028225557233
17715,0.1432237001511602
17716,0.12260892719418615
17717,0.18581548483439414
17718,0.18771526079223702
17719,0.1617190470185662
17720,0.13013641366535109
17721,0.17724754770073903
17722,0.17343770481764104
17723,0.10903732822143067
17724,0.14291559333298257
17725,0.1438575805537129
17726,0.17537065586013706
17727,0.18373944543170606
17728,0.10847752483235579
17729,0.15984940881144202
17730,0.12196791436525029
17731,0.0929402914752882
17732,0.12959392895301786
17733,0.12223877566916501
17734,0.13748441537343395
17735,0.12653573034502244
17736,0.14873467560810208
17737,0.10500572617771084
17738,0.17501384819485002
17739,0.15732865170916643
17740,0.1368224103310756
17741,0.18362844913262305
17742,0.12320062182180799
17743,0.1541771868658718
17744,0.1435016698593381
17745,0.15259028185167048
17746,0.11776988965335283
17747,0.14777135741477088
17748,0.20199194499896123
17749,0.18952641661354186
17750,0.11182926332001812
17751,0.10611582391959601
17752,0.17866843660112466
17753,0.11291331117639047
17754,0.09301522825129799
17755,0.12542767289264073
17756,0.10712092880165716
17757,0.15980915273147536
17758,0.10496873265464131
17759,0.15334536008113814
17760,0.13534000075258298
17761,0.13472029437073998
17762,0.15974353403143396
17763,0.2098109839972223
17764,0.21522155349791078
17765,0.1416883906551344
17766,0.15695800136861168
17767,0.16465292905135548
17768,0.11685338009745717
17769,0.19750621297220688
17770,0.13168564744860503
17771,0.1436725382907024
17772,0.11233746593434366
17773,0.1287924248211324
17774,0.10057131169623978
17775,0.14398390358826604
17776,0.1517238897496218
17777,0.1595750517913961
17778,0.11570777419077763
17779,0.15140318965042726
17780,0.12734971442090787
17781,0.15676414290182691
17782,0.11217536371886454
17783,0.12273684837885947
17784,0.11578900387363532
17785,0.12212917670546712
17786,0.11666896173292159
17787,0.0976438158789015
17788,0.09974276192306288
17789,0.12447520585473278
17790,0.1743347689829515
17791,0.17717756331389015
17792,0.10372236977507301
17793,0.12061846404015525
17794,0.20435646844041044
17795,0.1848221399364218
17796,0.10201185480406079
17797,0.16294131072692764
17798,0.14562878975149382
17799,0.1394504189228024
17800,0.13117182070548317
17801,0.1534810525072594
17802,0.14759103366702053
17803,0.16776672368013557
17804,0.06568221844247107
17805,0.13985227266543557
17806,0.18126198096871537
17807,0.11299486349975796
17808,0.15419332372826441
17809,0.18636871454871767
17810,0.10212318021971939
17811,0.0950421274758251
17812,0.11425159266457172
17813,0.15298223117179627
17814,0.19426296859303732
17815,0.1463522584829564
17816,0.1886199208043628
17817,0.18559039686664078
17818,0.23101748827487878
17819,0.17693121445772333
17820,0.12931548256959025
17821,0.18770836786714046
17822,0.11947689113162581
17823,0.15361586137569636
17824,0.12413644723898577
17825,0.19991491846640524
17826,0.13976191832189522
17827,0.16603473818713999
17828,0.1293692855609556
17829,0.12275150243118772
17830,0.1016323274028665
17831,0.08937799275921501
17832,0.193774656700414
17833,0.12148042138253101
17834,0.11942052448032468
17835,0.07812239509063666
17836,0.1413842951087228
17837,0.11890389166575165
17838,0.09795334899210625
17839,0.1344499819982066
17840,0.12792381358066177
17841,0.1348749708693797
17842,0.13119542907367532
17843,0.23445844794638324
17844,0.11370835183880419
17845,0.16166850695223037
17846,0.07769229902574418
17847,0.15207872451530274
17848,0.12600319218224276
17849,0.08780656618565708
17850,0.12210973806341811
17851,0.1328982881439015
17852,0.11755673748589243
17853,0.16590408233206802
17854,0.14872057891021112
17855,0.173533728962518
17856,0.1742708550578786
17857,0.11689125089968008
17858,0.15890866857154987
17859,0.12716482736112425
17860,0.18890543271253563
17861,0.1371492011358089
17862,0.10098351491075232
17863,0.16924825732484539
17864,0.19267436027320167
17865,0.11858216301882828
17866,0.17130959208941432
17867,0.14110691092025746
17868,0.14616044675742665
17869,0.15150924003908864
17870,0.17731341937844403
17871,0.14555155933953448
17872,0.15336761711925456
17873,0.1350793082213912
17874,0.1194986552021402
17875,0.12665954486371042
17876,0.10617701905559135
17877,0.14424071636962446
17878,0.12189886090990075
17879,0.14290024124305006
17880,0.11246721991185957
17881,0.12708789867576198
17882,0.12580583371509707
17883,0.1360337738790664
17884,0.16358112682230555
17885,0.1625552845230511
17886,0.1693669906377657
17887,0.13318096631710807
17888,0.1296356101217327
17889,0.1612077521178451
17890,0.12896522593228227
17891,0.058906568817228194
17892,0.1717378433463453
17893,0.1462708670363711
17894,0.12897421077330992
17895,0.10860448738965009
17896,0.17446703112903306
17897,0.16253390543285137
17898,0.11387846877451241
17899,0.14050954240787875
17900,0.20462103301942003
17901,0.14210601070480078
17902,0.12788374465161387
17903,0.15031668162782
17904,0.11673625335747106
17905,0.13880049387436005
17906,0.14166068804407334
17907,0.19667865629443976
17908,0.14055995547792924
17909,0.16544973549244305
17910,0.13523759421530598
17911,0.11533767618433459
17912,0.14152420944439179
17913,0.13059316481644118
17914,0.11135084833020774
17915,0.18825414983685718
17916,0.14570425521208666
17917,0.11049110021577242
17918,0.14361036466551433
17919,0.11010538776116724
17920,0.17979769440585902
17921,0.12440961169801418
17922,0.15971072417065318
17923,0.12080040999657032
17924,0.16130796921356952
17925,0.11945288349842494
17926,0.13124425788850155
17927,0.12851131482519831
17928,0.12826195531323947
17929,0.10886251616693077
17930,0.13240349273650676
17931,0.17038783593903517
17932,0.1059055568038767
17933,0.1504396047501157
17934,0.1515165611712096
17935,0.1475043799258746
17936,0.10623435738833747
17937,0.14290730381463215
17938,0.1366236861694602
17939,0.16954787975980118
17940,0.16691252057657116
17941,0.12423140617014687
17942,0.16241585138179065
17943,0.08237068276201338
17944,0.15714925758217826
17945,0.14246195326462444
17946,0.13458708874467115
17947,0.12170666148211472
17948,0.14693092532023927
17949,0.13875448250731054
17950,0.09985610452578181
17951,0.1252843681176381
17952,0.09026152283310504
17953,0.1474549346425872
17954,0.11849102757280824
17955,0.1373824561114251
17956,0.16446443821150286
17957,0.1615963351239328
17958,0.19132797102649776
17959,0.14421710823201625
17960,0.15218740951106366
17961,0.10424868356629804
17962,0.08639854578147901
17963,0.10058252605593289
17964,0.16295371928755423
17965,0.16387489936921368
17966,0.13582170051453663
17967,0.1888499660168175
17968,0.1539692126042619
17969,0.17377396765171804
17970,0.1672299524568607
17971,0.17850178134591319
17972,0.1607474950722958
17973,0.13399597702546232
17974,0.15536487831833773
17975,0.13265176343576188
17976,0.12905618476812478
17977,0.1634283424750341
17978,0.1059607769829373
17979,0.17811620835549946
17980,0.2058335339051953
17981,0.12642343040478407
17982,0.06815617813559176
17983,0.19577277713853347
17984,0.1493106340785737
17985,0.18343615931621232
17986,0.1203804528984648
17987,0.12756053989607516
17988,0.12347513850678818
17989,0.14605942699842972
17990,0.1564353873570456
17991,0.15159704947060978
17992,0.12280253881666511
17993,0.11963691770108387
17994,0.14502778644491532
17995,0.15621932223532442
17996,0.06655996480009142
17997,0.200342350387723
17998,0.10229447263619329
17999,0.14584131215364585
18000,0.16398092137309056
18001,0.13918242159737054
18002,0.13832087338948337
18003,0.198846324052931
18004,0.13457074472675537
18005,0.17272057313875652
18006,0.15245042699936365
18007,0.11500468866691288
18008,0.10899311614395928
18009,0.10905487913194173
18010,0.1400083629510138
18011,0.13404983478111568
18012,0.14967391742910746
18013,0.11820917434170469
18014,0.13599638963621902
18015,0.13982620561503764
18016,0.15890679392665963
18017,0.166368862484014
18018,0.10776202528963272
18019,0.15166915307472742
18020,0.1071137418912714
18021,0.11084258205928404
18022,0.14015762290280265
18023,0.1342879399951704
18024,0.17796759057552863
18025,0.15018305807254556
18026,0.12460975707661104
18027,0.18406593007610017
18028,0.13302557611368734
18029,0.12966177242575605
18030,0.07956302020685045
18031,0.15532374352287134
18032,0.13342085289172512
18033,0.0864067611056264
18034,0.07624996390809545
18035,0.14946005546467678
18036,0.17688634663497893
18037,0.1659049354544533
18038,0.10481238882894615
18039,0.16510392432275134
18040,0.14623872566234503
18041,0.122985244270928
18042,0.15495016367518144
18043,0.17762056081816957
18044,0.19505832252058142
18045,0.1503581264800032
18046,0.1704067926353227
18047,0.14439235678784265
18048,0.14634172138687782
18049,0.11158952177532117
18050,0.18859660997523348
18051,0.14346949259808206
18052,0.18944462312757404
18053,0.13818385559058685
18054,0.14867321587896298
18055,0.14104609629312626
18056,0.1305423553924661
18057,0.17474191560714133
18058,0.1512024782775619
18059,0.1575766683557035
18060,0.11593634989518473
18061,0.13139599324365478
18062,0.14625937349709484
18063,0.13332041643514478
18064,0.14883666438069704
18065,0.11917107731542101
18066,0.13522013043398481
18067,0.14554360570499322
18068,0.13981494525486865
18069,0.14598338744780248
18070,0.12963141722229543
18071,0.18722008883176153
18072,0.1379023856219605
18073,0.16459205950511926
18074,0.07281508538232143
18075,0.10692321061843169
18076,0.14325237594051463
18077,0.10053228586150434
18078,0.18351252280876643
18079,0.12610645279264568
18080,0.16150606826454272
18081,0.16335780071292866
18082,0.18777185086047765
18083,0.22458072262071166
18084,0.16254181116009747
18085,0.09822035489952695
18086,0.1544423583297316
18087,0.1504118168251549
18088,0.1915319789925892
18089,0.17309234865192147
18090,0.16036142997903793
18091,0.12364178029918735
18092,0.13049285543740977
18093,0.12330377758742606
18094,0.1398292536009223
18095,0.11386415577781978
18096,0.12390335521795279
18097,0.16033537040874601
18098,0.13257938505926956
18099,0.14232018921590378
18100,0.1272103496249689
18101,0.1119864058814262
18102,0.09997411130339609
18103,0.14120469583670142
18104,0.16014572322278675
18105,0.10883368402636509
18106,0.07488136321576411
18107,0.15012691538001285
18108,0.13535346554526248
18109,0.09474008417832816
18110,0.15663557246592869
18111,0.1673748233440216
18112,0.1340929813435024
18113,0.1744151530459523
18114,0.17738912640564702
18115,0.1310017480296487
18116,0.13317112585998994
18117,0.13741323396087846
18118,0.1240720964353848
18119,0.14309428748310707
18120,0.1113038505494632
18121,0.13266663736191442
18122,0.1033516222230514
18123,0.14451551752641656
18124,0.20165491907277344
18125,0.1716503575021332
18126,0.14939820546242646
18127,0.16226836276836204
18128,0.16696495407395914
18129,0.13840771065234844
18130,0.13914782394567174
18131,0.17036263826579626
18132,0.0785487811884989
18133,0.16374569547351686
18134,0.13771692086264814
18135,0.1255375612542319
18136,0.17484636128477096
18137,0.1419027246977088
18138,0.17509191472252406
18139,0.1103167605088496
18140,0.21402264659569942
18141,0.18331539971090063
18142,0.13137890848057088
18143,0.19887574913170922
18144,0.12650417586508955
18145,0.18541013131859344
18146,0.15686405810551296
18147,0.09923303947660245
18148,0.17154934150813494
18149,0.1832118026250141
18150,0.20742196830403128
18151,0.1334448134539539
18152,0.13988830840212838
18153,0.12992252575490298
18154,0.15005755986729982
18155,0.12915735487570917
18156,0.10556776681409932
18157,0.12384979249524797
18158,0.10086114637471114
18159,0.128306822843091
18160,0.17200984457987176
18161,0.12455039457921173
18162,0.1867689139022446
18163,0.08320917178451906
18164,0.1321359601183111
18165,0.14306627670508704
18166,0.11491379449518614
18167,0.10377275351139835
18168,0.10608653999570826
18169,0.12858691183040247
18170,0.1217381517596748
18171,0.1452278017115484
18172,0.10629394614455
18173,0.1642901030644495
18174,0.1331670189255727
18175,0.17192403463065997
18176,0.13082268194566546
18177,0.11573404570761829
18178,0.17853739646909086
18179,0.12071657636212099
18180,0.14760528560115543
18181,0.16866056384325284
18182,0.09339257227372147
18183,0.14854676534804268
18184,0.22106268025727954
18185,0.11834349706322737
18186,0.1310980946270133
18187,0.11794893439035657
18188,0.11056955836153919
18189,0.17778697848937486
18190,0.1612066410356378
18191,0.11710992216630883
18192,0.17654276852137415
18193,0.0903087791585537
18194,0.17307447746550847
18195,0.1577680070327625
18196,0.1419942672756541
18197,0.1255188938714006
18198,0.08891497605342702
18199,0.14920025830668496
18200,0.13120844008594373
18201,0.1173038572863973
18202,0.14595488496614087
18203,0.11074033846451972
18204,0.1374118373282018
18205,0.10741590606695475
18206,0.07528506165850937
18207,0.18110782855082738
18208,0.14293081801560692
18209,0.13624119115184635
18210,0.09853906506451053
18211,0.08305795338926086
18212,0.12748790983554892
18213,0.1881648173008021
18214,0.13984610006104456
18215,0.10290998607821089
18216,0.14409815381662103
18217,0.1525080809978778
18218,0.1461685169521734
18219,0.13413842383177702
18220,0.19636293155466866
18221,0.11251712433749511
18222,0.11983617312355069
18223,0.12706860476169618
18224,0.1401298545385013
18225,0.15778320062426127
18226,0.09652949092732185
18227,0.17379869788730398
18228,0.08180354241975293
18229,0.1259459397113353
18230,0.1201089434673045
18231,0.13143959484375856
18232,0.1652537391724319
18233,0.12352431066950789
18234,0.13099675151660514
18235,0.15761758798940037
18236,0.14173012889051292
18237,0.17533698603637737
18238,0.13443996686930976
18239,0.13465844239724672
18240,0.15805219862403722
18241,0.13448436697966465
18242,0.12023799870803743
18243,0.16090454616435118
18244,0.17956384932847075
18245,0.16816677655172535
18246,0.1040382253566174
18247,0.14838732456775536
18248,0.1743985129242147
18249,0.14308877591156113
18250,0.15886823419640217
18251,0.15692652318097144
18252,0.10695325436483225
18253,0.13827974536081872
18254,0.17052070314444676
18255,0.07375148026993426
18256,0.12079706156919275
18257,0.14893773113022124
18258,0.1484057042865345
18259,0.1270998015383212
18260,0.144497522353889
18261,0.13676020490872107
18262,0.10191357044399717
18263,0.18752310006701572
18264,0.13095034049773854
18265,0.12929783481369864
18266,0.1376585082959015
18267,0.1739912392502069
18268,0.07703983431451958
18269,0.1786222944781743
18270,0.1430102188776507
18271,0.1594569581671138
18272,0.11703532638074399
18273,0.16650039080554985
18274,0.16177053207535472
18275,0.0823324217613125
18276,0.2281376666175049
18277,0.21512032838805661
18278,0.1917855207220473
18279,0.14706081819610817
18280,0.1179792903455193
18281,0.1268284414145488
18282,0.13089104288309045
18283,0.12525864063998834
18284,0.12660387081396857
18285,0.1481798163432874
18286,0.17967418994815235
18287,0.10423596776919428
18288,0.1460275533599773
18289,0.1187827773117728
18290,0.11947238356347799
18291,0.1623385180301351
18292,0.16195079360987027
18293,0.15706330242647423
18294,0.1425495810899032
18295,0.13257877490780898
18296,0.07503560984001303
18297,0.12881856157933988
18298,0.19184102552523122
18299,0.14783025833228453
18300,0.13940809165210222
18301,0.08008409833783361
18302,0.07863381005956448
18303,0.15152340496417277
18304,0.11721080113464104
18305,0.15114591463275118
18306,0.1762217603650617
18307,0.1494159609038508
18308,0.11826413889624851
18309,0.16238148911433795
18310,0.1512761178031088
18311,0.17504630634179272
18312,0.08135567869511595
18313,0.15799416728729565
18314,0.1732497798359413
18315,0.10640928100604466
18316,0.15089756124521875
18317,0.14799015693338907
18318,0.12074455992859753
18319,0.19737872657891067
18320,0.1543255489368423
18321,0.17541099820304412
18322,0.09806709778923714
18323,0.20647329920725205
18324,0.13382335727458797
18325,0.1859740949141498
18326,0.22050288859515307
18327,0.15810747605207892
18328,0.11992481041060626
18329,0.14153614352658794
18330,0.12156626541195129
18331,0.06701818012155909
18332,0.0998768668868949
18333,0.16901002979458682
18334,0.16172890298542617
18335,0.1356254012432857
18336,0.08471888262783596
18337,0.09827636687666011
18338,0.09334082988334341
18339,0.11809014013540804
18340,0.1757695352053858
18341,0.1204074062226216
18342,0.2140289809265141
18343,0.10129880141233416
18344,0.13444518131042532
18345,0.18332883919896456
18346,0.15604311854213182
18347,0.09879647603223626
18348,0.10070064575264881
18349,0.14252156406580743
18350,0.14820643938750075
18351,0.18390062243608274
18352,0.14007269463685773
18353,0.16561493535322538
18354,0.1253974527506335
18355,0.165591426439073
18356,0.13754133662859852
18357,0.14618072113752645
18358,0.16433926450662611
18359,0.16367964763127474
18360,0.16109585623051909
18361,0.12506173668280093
18362,0.11528686137788705
18363,0.12250010435581565
18364,0.20780393213514017
18365,0.14445639203008115
18366,0.1493907393372149
18367,0.13887493528508785
18368,0.164699118892484
18369,0.11289876333221113
18370,0.12103013931400022
18371,0.15360941994235122
18372,0.12181928707982988
18373,0.15474109217811896
18374,0.20267639427049522
18375,0.14768498252788934
18376,0.06984875237350849
18377,0.12750436272733512
18378,0.16646627794332783
18379,0.16977763045840527
18380,0.13671971468615415
18381,0.1604614918591994
18382,0.12189916993647665
18383,0.1183028255120329
18384,0.20090000232169186
18385,0.16741407002919872
18386,0.1543805812278428
18387,0.14226933408646833
18388,0.15251449983812887
18389,0.1505638800874628
18390,0.15139431263637834
18391,0.14921464788276118
18392,0.12765686844923546
18393,0.12051244518572729
18394,0.162795227652494
18395,0.13473718796785691
18396,0.11184508680738363
18397,0.1477523967575293
18398,0.1767976185859953
18399,0.1373708629596495
18400,0.13926848628639818
18401,0.09432473017374035
18402,0.17096514934666077
18403,0.1122698247657167
18404,0.14145330144870275
18405,0.1980524587119373
18406,0.1338259045266932
18407,0.1335863526419911
18408,0.0905376226438405
18409,0.1595455483554561
18410,0.08772277804127807
18411,0.13113033788269107
18412,0.12267698756178691
18413,0.1695016297483082
18414,0.12272530781537988
18415,0.15144724487474806
18416,0.19375491621419338
18417,0.1687793267269017
18418,0.12854982557540112
18419,0.1072217179407901
18420,0.13760357358271752
18421,0.07723599011875878
18422,0.11995907508633757
18423,0.13614501158223907
18424,0.08083068849739539
18425,0.16464222583186688
18426,0.0951791546678906
18427,0.10307798869674412
18428,0.13698313028729078
18429,0.1821651232556768
18430,0.1263345052760167
18431,0.17362842254445265
18432,0.10851759561530651
18433,0.1169949558857283
18434,0.09311104122356671
18435,0.1439179779388294
18436,0.14237172088674824
18437,0.1084759629417954
18438,0.1919439126461492
18439,0.12172880895945058
18440,0.07191885790486029
18441,0.15518893137419762
18442,0.18300945400912347
18443,0.15704295229755716
18444,0.1709578208368508
18445,0.10954760212870612
18446,0.08351636215621791
18447,0.15540597548684013
18448,0.15264910661651857
18449,0.09385675499677547
18450,0.13845140938562941
18451,0.1587993982837541
18452,0.1873546365191349
18453,0.17591296503604767
18454,0.1295785107215621
18455,0.17756094275983286
18456,0.136544620071427
18457,0.1548445387217327
18458,0.188731054580183
18459,0.15850677940437874
18460,0.13943874512734528
18461,0.16781925206974618
18462,0.1833684370108402
18463,0.15342867270013166
18464,0.1479996363640215
18465,0.13912040017411648
18466,0.11989375275680017
18467,0.15869621242374402
18468,0.2082991839982136
18469,0.1284055518758806
18470,0.14474620768700197
18471,0.1431417843661552
18472,0.05512932233521203
18473,0.15087552039646052
18474,0.12286877504473358
18475,0.15276842483310438
18476,0.11627089901372525
18477,0.14825986095554938
18478,0.1609722466309289
18479,0.11734582666577896
18480,0.15014138694773232
18481,0.12123906596485218
18482,0.1664599562356659
18483,0.13314967752287163
18484,0.13707897060962154
18485,0.1336446808323368
18486,0.15511911371449483
18487,0.12870299764207535
18488,0.20856343083652895
18489,0.18900467967695886
18490,0.08296855464815922
18491,0.15603846683122136
18492,0.1885470686646435
18493,0.166811969488917
18494,0.14298502329180368
18495,0.1235356767491184
18496,0.14770096218325568
18497,0.13615887048535125
18498,0.08050959484721752
18499,0.1502559225038071
18500,0.12062773805732457
18501,0.11109988960912137
18502,0.1627648373300182
18503,0.15134979294302614
18504,0.13024840394713585
18505,0.15160637761091567
18506,0.15299103710814813
18507,0.08893463261157325
18508,0.1404088408068252
18509,0.16951341162755373
18510,0.1357436379432695
18511,0.17735457406176552
18512,0.09687380835674478
18513,0.09839804213092854
18514,0.14082498882730407
18515,0.14327083060334475
18516,0.12098403636564356
18517,0.11517500325651855
18518,0.11548798885805356
18519,0.1116503559400789
18520,0.14888400024963877
18521,0.13225206128762557
18522,0.08124890288456603
18523,0.09001764283211222
18524,0.15399572980171164
18525,0.1737043400521409
18526,0.15482160601944814
18527,0.15322085904569577
18528,0.1261373326776368
18529,0.15865164281046726
18530,0.15587416598147213
18531,0.1304883761868366
18532,0.14654149429769367
18533,0.19062082448962275
18534,0.12520987688538837
18535,0.09633820951803843
18536,0.11169440538961867
18537,0.15386867314663225
18538,0.11550090737444708
18539,0.16487731535794042
18540,0.19829403905619453
18541,0.11235710222797497
18542,0.13752346493834017
18543,0.14964149312370512
18544,0.12081960038588062
18545,0.17105682874036915
18546,0.11681676933248437
18547,0.12326012163822997
18548,0.18002985765833207
18549,0.17058023185093021
18550,0.11625141053795593
18551,0.10634917679532557
18552,0.12297422133239523
18553,0.0961676323731741
18554,0.12414261412488725
18555,0.12861593541285474
18556,0.12404380037373733
18557,0.1003836937417768
18558,0.1674409870178966
18559,0.19105100590188098
18560,0.12332219944658503
18561,0.09614985338564938
18562,0.1035683570689099
18563,0.14562525850787733
18564,0.10568286700831148
18565,0.08256770460037195
18566,0.08531451088459785
18567,0.15631546233776403
18568,0.17741009853834672
18569,0.16396478749789012
18570,0.1496071060217741
18571,0.15057438900772285
18572,0.11641866293919348
18573,0.17345939587074954
18574,0.1545689479051839
18575,0.17534231078165008
18576,0.13076680379109681
18577,0.1562987176328765
18578,0.17133669345415597
18579,0.12258057054225957
18580,0.15232934172548057
18581,0.15420519501089486
18582,0.1337214745431597
18583,0.1409504329520883
18584,0.18102931367134095
18585,0.14133542863857665
18586,0.10841634937019323
18587,0.1317355074957177
18588,0.16755317982538215
18589,0.10490136461449437
18590,0.1446305133749536
18591,0.12239035833477938
18592,0.1105851888874145
18593,0.131905832162217
18594,0.12062853419607254
18595,0.10650143675679256
18596,0.12092036655805713
18597,0.1298038897850561
18598,0.12425567204468321
18599,0.13466973512727165
18600,0.11321752639500086
18601,0.1711470631061975
18602,0.1373596137464124
18603,0.14367483325140235
18604,0.1975171252239133
18605,0.08985509909503528
18606,0.13013081238478896
18607,0.07386011258135458
18608,0.1486759436172196
18609,0.15394967837624263
18610,0.21334292326721344
18611,0.1341675039726155
18612,0.1679374487368295
18613,0.08120146881591461
18614,0.11383373247293874
18615,0.1525989273801954
18616,0.15103800966416883
18617,0.1258031439163779
18618,0.11268466489871708
18619,0.14337560591247658
18620,0.1298632566256197
18621,0.16096840923246283
18622,0.14130546227034912
18623,0.17935985936599227
18624,0.14573258174160886
18625,0.17017682522491517
18626,0.17555542520979406
18627,0.15773843980212743
18628,0.12220214890516545
18629,0.11342327114411097
18630,0.16134194793055417
18631,0.10730428567898039
18632,0.12872661102663746
18633,0.08689997893381142
18634,0.1420591923155902
18635,0.15372507071545963
18636,0.1468492611205615
18637,0.10301898690774312
18638,0.13360127654035137
18639,0.14623955128753127
18640,0.15017790264903758
18641,0.19124876396790264
18642,0.1404288883607122
18643,0.16406155356939356
18644,0.13017309156827067
18645,0.13593945661571855
18646,0.11381217773307753
18647,0.07488894488369575
18648,0.1354615667718039
18649,0.13978924519941804
18650,0.15075588708532778
18651,0.14508887715358898
18652,0.17928166389199418
18653,0.1485775267908407
18654,0.1481308669918116
18655,0.1438851905078829
18656,0.11816012570811818
18657,0.1379330531688288
18658,0.14329300588495264
18659,0.15772010682392051
18660,0.10742622100961549
18661,0.1166063261269681
18662,0.16197339134661234
18663,0.16498943831914634
18664,0.10183642194104006
18665,0.13257355451542246
18666,0.13062982435557244
18667,0.17186512130982493
18668,0.15320949025696126
18669,0.1705913290726686
18670,0.15142356245449987
18671,0.1543695426875696
18672,0.20078323673178322
18673,0.14051029252406388
18674,0.143948452381557
18675,0.15989722391714145
18676,0.15794309747114893
18677,0.1273478254528351
18678,0.15521687305968876
18679,0.136661789083631
18680,0.13694259336997175
18681,0.16101475462146103
18682,0.14338768729202614
18683,0.10941810620756443
18684,0.1318304578876023
18685,0.15477901422020493
18686,0.16862382232089593
18687,0.19270582692161603
18688,0.15138609555188887
18689,0.12241267956914458
18690,0.16338236131148676
18691,0.14718260080929418
18692,0.09588345582229224
18693,0.09404561411267892
18694,0.15460332555981793
18695,0.12720268298199455
18696,0.16431927307590055
18697,0.14534761855340642
18698,0.13327056820803937
18699,0.11060869304562053
18700,0.17395459150977563
18701,0.17673655935009125
18702,0.1428513585236061
18703,0.09380365971356266
18704,0.07759920560991598
18705,0.13682156173438775
18706,0.11577681217579555
18707,0.10930387596422302
18708,0.1466855616655025
18709,0.1379492920388019
18710,0.1697127866194436
18711,0.09937284552317266
18712,0.10199415325567912
18713,0.1609928223950049
18714,0.13680490787728894
18715,0.12408957649533152
18716,0.14625051047209064
18717,0.17472921362285193
18718,0.1700427070007442
18719,0.09309108299481836
18720,0.13855800535250198
18721,0.1530601068632302
18722,0.15447998749165023
18723,0.10177968995422379
18724,0.1223562496410645
18725,0.16734678041957363
18726,0.1383625425292215
18727,0.12442486834485976
18728,0.21046213000713843
18729,0.13806318107290116
18730,0.16691898850722725
18731,0.082370806031138
18732,0.16670069704234602
18733,0.1293345443609039
18734,0.12408576073338035
18735,0.12763802377616562
18736,0.13985720823718148
18737,0.11972277694125663
18738,0.11288684308260542
18739,0.08664259064497015
18740,0.08941670982330735
18741,0.12541707526748655
18742,0.17651585585501986
18743,0.17282460675112277
18744,0.06875942551883445
18745,0.10923170054734146
18746,0.12796089847244468
18747,0.09305873589266848
18748,0.09232689473273317
18749,0.15191776592073114
18750,0.13805046298055543
18751,0.14501476566545587
18752,0.11714849976539124
18753,0.16550673241627023
18754,0.10458592693009308
18755,0.15291754380169523
18756,0.17959380867353344
18757,0.15513062585126075
18758,0.12331305527345002
18759,0.20068217718132927
18760,0.10147187775902755
18761,0.17863865766627496
18762,0.12185366727850364
18763,0.11668066397215522
18764,0.11350767627228585
18765,0.12068121901491752
18766,0.1136804090278475
18767,0.17275455099432757
18768,0.12847620989170513
18769,0.10556027840730055
18770,0.15546870669999607
18771,0.12053921880295523
18772,0.1748073365454868
18773,0.1740704479292141
18774,0.14924714756449886
18775,0.17029249218953904
18776,0.1674278080581449
18777,0.11782824485315604
18778,0.1768394551803968
18779,0.18192875119117669
18780,0.17374207308307188
18781,0.21381012993127535
18782,0.1015473270188838
18783,0.1513823422262389
18784,0.13581510847260536
18785,0.089483701829193
18786,0.16647134851489895
18787,0.12084570222611556
18788,0.1906719379919124
18789,0.13736800618823922
18790,0.10227487353974402
18791,0.15376725397481128
18792,0.15215505158484033
18793,0.11176379933539267
18794,0.08205356183105392
18795,0.1737856565528748
18796,0.1310563041657414
18797,0.12950430568470675
18798,0.14794941465697006
18799,0.15553025712730006
18800,0.16742712209013128
18801,0.13932811678135543
18802,0.07584472736105131
18803,0.18992335009499056
18804,0.112784076851349
18805,0.12681870828638256
18806,0.10158420441641954
18807,0.1329393641560198
18808,0.16129332495635898
18809,0.13085501581647144
18810,0.13919151089401166
18811,0.11843232421101979
18812,0.12402605528840045
18813,0.10886830804636792
18814,0.17124069446471352
18815,0.1550014616488733
18816,0.14530549251742927
18817,0.1461562767387461
18818,0.17375676422064903
18819,0.17901929674056308
18820,0.13111326478066912
18821,0.20152481822721136
18822,0.12454632826378191
18823,0.14458506213485514
18824,0.14084157812000642
18825,0.1616609548473691
18826,0.15114036835715472
18827,0.1587783686054532
18828,0.11610452371722775
18829,0.14637859916406665
18830,0.13220971359965195
18831,0.15300024770540796
18832,0.1088368373984365
18833,0.14593433681958595
18834,0.1742942934399691
18835,0.0713511847912544
18836,0.14692203534799228
18837,0.10428470032650419
18838,0.16378583874960645
18839,0.1854440006888953
18840,0.16501830916470428
18841,0.14557790800126305
18842,0.12803964423739334
18843,0.1818365503776072
18844,0.11238556150889653
18845,0.1473954944070175
18846,0.14481120267713357
18847,0.16580810089433265
18848,0.20156583741878337
18849,0.16319796833512523
18850,0.11691715196211792
18851,0.11728529235858698
18852,0.09862873212292522
18853,0.11984826626913128
18854,0.14382998980783324
18855,0.13759004249394577
18856,0.12648824441779044
18857,0.09593569731436608
18858,0.16572953506041102
18859,0.15873569743084637
18860,0.1327541230350428
18861,0.1416856588230683
18862,0.12856026786150776
18863,0.13505677636363206
18864,0.1398307765505077
18865,0.15027708979427068
18866,0.1263191943389243
18867,0.1706785673333965
18868,0.1824086823458928
18869,0.14230091616077942
18870,0.1709394655224105
18871,0.16444983675249358
18872,0.12016414702888636
18873,0.13012319256638855
18874,0.1163954784844582
18875,0.1263388312144753
18876,0.17577871392111022
18877,0.169298590763864
18878,0.09354749568653647
18879,0.09331793033684048
18880,0.10016677145779698
18881,0.16178399054123582
18882,0.13428534008120546
18883,0.1649482296082972
18884,0.11057495024704384
18885,0.14001594621542332
18886,0.10648175149204406
18887,0.151864575259581
18888,0.17035017059776988
18889,0.1314007333943521
18890,0.12018386251535335
18891,0.1489403946126558
18892,0.1260436479638602
18893,0.11560563081186809
18894,0.09646734961810433
18895,0.12793000251767456
18896,0.178146774557872
18897,0.14431689525499142
18898,0.1657167652798465
18899,0.1036211269331408
18900,0.11487437304872336
18901,0.12823322568288428
18902,0.10071197423715389
18903,0.15081243011890716
18904,0.13698514211205445
18905,0.18214585637234082
18906,0.14168455887852596
18907,0.13951668369484466
18908,0.209954807587844
18909,0.10345919448808943
18910,0.12186609996447163
18911,0.1910009842176993
18912,0.1551075178340925
18913,0.08400180310938982
18914,0.15484428215134619
18915,0.12177743578495195
18916,0.15996670968921137
18917,0.12400747089201122
18918,0.11231414602643505
18919,0.18568800521206863
18920,0.17522787442243473
18921,0.15808752305385507
18922,0.1702151483782052
18923,0.12382084436803717
18924,0.15151058909643966
18925,0.13661746436688718
18926,0.1813715071769121
18927,0.17093233719352227
18928,0.12572331567648967
18929,0.14324961648414103
18930,0.13287651580238963
18931,0.17252843597577666
18932,0.13759071135627213
18933,0.11248033387607405
18934,0.12881081725195911
18935,0.19464050435328328
18936,0.12856521658269032
18937,0.15851527585515185
18938,0.15650056290666614
18939,0.16738160404889224
18940,0.11373327022804998
18941,0.11645536266741766
18942,0.12094885375189131
18943,0.11774700095248385
18944,0.09080244074461455
18945,0.09238238934341236
18946,0.1647362462889752
18947,0.13556811206757396
18948,0.09939425947424264
18949,0.14107794691325948
18950,0.17059181412217111
18951,0.10294782838221045
18952,0.12453566629560994
18953,0.15132161480436632
18954,0.16699856495316812
18955,0.12172053012643487
18956,0.0916198426848587
18957,0.09209120164616581
18958,0.09638824753984171
18959,0.11466091229999717
18960,0.16683250149415257
18961,0.16494560952396617
18962,0.21252336875024028
18963,0.1586045100185935
18964,0.1615502243466816
18965,0.18704864554864237
18966,0.1419138233372118
18967,0.06600102207489378
18968,0.17460664750712968
18969,0.16912329112643892
18970,0.18963232542942787
18971,0.09258704151823732
18972,0.1358121111954142
18973,0.12135529020781412
18974,0.14634072426256578
18975,0.1546539385412757
18976,0.20242279722407602
18977,0.13047851566079788
18978,0.07576675401906555
18979,0.12979127727705106
18980,0.12663178994980218
18981,0.11329679304442843
18982,0.14203273070098862
18983,0.1476173785411445
18984,0.18395688007240965
18985,0.16258225270192106
18986,0.15965986554306982
18987,0.1259357103770767
18988,0.14866272550215787
18989,0.1144586217037236
18990,0.1222844954476221
18991,0.15020219321697753
18992,0.13735032148519316
18993,0.16721601529621188
18994,0.13938675651810134
18995,0.152987940964331
18996,0.15546919350025695
18997,0.1577645621659258
18998,0.18745712937506412
18999,0.12116318337308712
19000,-0.25202973205931056
19001,-0.4101153063023324
19002,-0.5981811307369553
19003,-0.7564046265558563
19004,-0.8866667259312199
19005,-1.0895974526849386
19006,-1.2258995245479294
19007,-1.3539362633124705
19008,-1.5308967824206619
19009,-1.6561157682701928
19010,-1.7910416663964397
19011,-1.8648741672083038
19012,-2.007752350534707
19013,-2.184405510827924
19014,-2.2512381927849487
19015,-2.3764763987506843
19016,-2.5172773722762365
19017,-2.55018648288091
19018,-2.712811676875118
19019,-2.8091472965912607
19020,-2.897417654101741
19021,-2.9805529058656357
19022,-3.0133950522628266
19023,-3.1595974114071415
19024,-3.210180934102543
19025,-3.3103618347677686
19026,-3.3643189434230667
19027,-3.4109042910059375
19028,-3.4885861639574323
19029,-3.608953173973876
19030,-3.7047129415339533
19031,-3.733888495472946
19032,-3.822060920205625
19033,-3.842958195332563
19034,-3.8395307296696024
19035,-3.9045318131441102
19036,-3.995442312330801
19037,-4.065311237440695
19038,-4.126212608610588
19039,-4.107611345213412
19040,-4.205001943818738
19041,-4.213622049718773
19042,-4.234925931220967
19043,-4.326811801722912
19044,-4.351019938851756
19045,-4.384834116064389
19046,-4.442151304737109
19047,-4.508859528552975
19048,-4.4691359504731425
19049,-4.442819947073202
19050,-4.510895363939908
19051,-4.605985460959987
19052,-4.60180130876227
19053,-4.6429080756023104
19054,-4.656206167012614
19055,-4.684314597984337
19056,-4.72328109189912
19057,-4.751433058944289
19058,-4.799652258581718
19059,-4.743967797025713
19060,-4.824370153301531
19061,-4.823155077339228
19062,-4.859614812073586
19063,-4.818737010536618
19064,-4.882999897704574
19065,-4.884581648391822
19066,-4.880204065694008
19067,-4.938649962635463
19068,-4.947272254336091
19069,-4.978634944978845
19070,-4.931244944567214
19071,-4.9424993271214355
19072,-4.98377891724647
19073,-4.943141944335527
19074,-4.98008507165458
19075,-5.000061474993449
19076,-4.992362697794095
19077,-5.042468227797742
19078,-5.07433335030495
19079,-5.050681090029803
19080,-5.093813674201404
19081,-5.096110427409336
19082,-5.083930157054143
19083,-5.100259593673292
19084,-5.089384438044885
19085,-5.100952025181888
19086,-5.112958452296167
19087,-5.077643398502811
19088,-5.113468445673264
19089,-5.124491593034154
19090,-5.048206067718578
19091,-5.129560447874327
19092,-5.110010601667452
19093,-5.103440143563886
19094,-5.207874966355644
19095,-5.175878479122324
19096,-5.150192715934003
19097,-5.161446631564868
19098,-5.108359919091167
19099,-5.171174206671138
19100,-5.16387279543044
19101,-5.09860861124698
19102,-5.165252261019946
19103,-5.142995162953606
19104,-5.140132455735366
19105,-5.124584366901457
19106,-5.194634511725886
19107,-5.149063605301095
19108,-5.177964612022438
19109,-5.14385832089473
19110,-5.1309205043795805
19111,-5.181448197436262
19112,-5.164374486685108
19113,-5.143800556556662
19114,-5.141577964898926
19115,-5.161265826762394
19116,-5.124993711109691
19117,-5.131319032742014
19118,-5.13949943866641
19119,-5.107515777105113
19120,-5.047974088117065
19121,-5.132206863387936
19122,-5.097132741177867
19123,-5.1956263341304645
19124,-5.165052063534907
19125,-5.0963500880305554
19126,-5.116811032225568
19127,-5.087259364605806
19128,-5.155116870491873
19129,-5.095744334102198
19130,-5.11178084372945
19131,-5.056793564059852
19132,-5.143303571336808
19133,-5.1288663579737275
19134,-5.115943698825984
19135,-5.115565291963674
19136,-5.126339653146601
19137,-5.121805236581376
19138,-5.043663034263428
19139,-5.07324430587136
19140,-5.04297750349916
19141,-5.089546488543404
19142,-5.037094982868261
19143,-5.067957228181299
19144,-5.063726276368764
19145,-5.042262577853937
19146,-5.0836177739249795
19147,-5.073086551023824
19148,-5.019860917758264
19149,-5.017797375588158
19150,-5.045556884234786
19151,-5.048037816004678
19152,-5.042599476385114
19153,-5.049770828084886
19154,-4.9831481328655185
19155,-5.056156272029654
19156,-4.98742113065405
19157,-5.0367128722310825
19158,-5.021636585141717
19159,-5.016792762422216
19160,-5.015434937174822
19161,-5.029441692892788
19162,-4.999196698294668
19163,-5.023506674953654
19164,-5.004801615886106
19165,-5.030005326737563
19166,-5.0086762680049315
19167,-4.964572832194406
19168,-4.989445415483384
19169,-5.023343961360303
19170,-4.944321860627935
19171,-4.994548531090035
19172,-4.980632327138429
19173,-4.952128436579563
19174,-4.906745622227061
19175,-4.940814329373569
19176,-4.943057496643855
19177,-4.937076663748896
19178,-4.910309841584548
19179,-4.991282411349363
19180,-4.923822743119724
19181,-4.945712762485283
19182,-4.913132506942133
19183,-4.9670051418140995
19184,-4.9303412084604314
19185,-4.878213589432125
19186,-4.827762794842903
19187,-4.923883553064578
19188,-4.8419957738307104
19189,-4.8866731818257145
19190,-4.898511970088221
19191,-4.822265443084106
19192,-4.8481315928076985
19193,-4.876580847984254
19194,-4.825879894287546
19195,-4.818488369330905
19196,-4.8463618813307
19197,-4.814844316309855
19198,-4.884626669100593
19199,-4.8667703392971475
19200,-4.90790512516741
19201,-4.781402199654612
19202,-4.82537572066027
19203,-4.759172594775656
19204,-4.786449754026027
19205,-4.806953196243867
19206,-4.788947998436392
19207,-4.787085046247269
19208,-4.828812372550271
19209,-4.796180347692282
19210,-4.774361543825684
19211,-4.835034802455944
19212,-4.732277353469069
19213,-4.747145722550759
19214,-4.792440631339064
19215,-4.7232992165257155
19216,-4.7157649598910325
19217,-4.741196626902469
19218,-4.724943667131644
19219,-4.74078567936569
19220,-4.757675898721849
19221,-4.709352516159124
19222,-4.6616542184596055
19223,-4.725315703212006
19224,-4.7131254057012155
19225,-4.748917110050697
19226,-4.729692687309094
19227,-4.7125190260151575
19228,-4.685267076419392
19229,-4.690297880934415
19230,-4.680864313945933
19231,-4.656084054770969
19232,-4.710738621160567
19233,-4.659354641071468
19234,-4.703022895883879
19235,-4.643157048086936
19236,-4.66019665862915
19237,-4.632503021749748
19238,-4.60080133514565
19239,-4.624423191785754
19240,-4.613171478788851
19241,-4.60378293206831
19242,-4.646391450821554
19243,-4.6351578437178365
19244,-4.6045032237362244
19245,-4.670157115843016
19246,-4.570181362364958
19247,-4.61968057814075
19248,-4.566158439976902
19249,-4.627518089851786
19250,-4.596825335472084
19251,-4.58955465507875
19252,-4.591235188182466
19253,-4.533562625823066
19254,-4.541570832048559
19255,-4.583685842746131
19256,-4.57294226328186
19257,-4.575615720352379
19258,-4.564849652070652
19259,-4.5839676485193275
19260,-4.5916364898733715
19261,-4.5724061016683395
19262,-4.536633452097121
19263,-4.538012771745951
19264,-4.538119641760923
19265,-4.531156471790168
19266,-4.46236501971046
19267,-4.501010079339316
19268,-4.491700380260003
19269,-4.5380814445971405
19270,-4.525976726003481
19271,-4.48007923028066
19272,-4.449664183282524
19273,-4.451950131133932
19274,-4.49110593519521
19275,-4.509992047543177
19276,-4.504378253835513
19277,-4.461494097388528
19278,-4.473346308912427
19279,-4.465524642771467
19280,-4.479837737598045
19281,-4.448956029032059
19282,-4.472369292531401
19283,-4.485671872362641
19284,-4.434427305029298
19285,-4.4441049624409406
19286,-4.408666344256939
19287,-4.4338838595913685
19288,-4.376740384843765
19289,-4.396316947618618
19290,-4.3822538332306324
19291,-4.412753462068951
19292,-4.414194679527553
19293,-4.399916819020433
19294,-4.4051777983625735
19295,-4.378894771274827
19296,-4.34834649417687
19297,-4.383235724006906
19298,-4.389114241161151
19299,-4.342525443180609
19300,-4.305473658819758
19301,-4.3194727959150185
19302,-4.352067201502976
19303,-4.3481557069894645
19304,-4.342578988988698
19305,-4.403981713950913
19306,-4.383759649632683
19307,-4.371011573930489
19308,-4.290777360432987
19309,-4.330823175069192
19310,-4.351231123552961
19311,-4.312191425278525
19312,-4.340073762187519
19313,-4.335351892521237
19314,-4.333066347893461
19315,-4.3165652279567075
19316,-4.327408871713052
19317,-4.2758536429456235
19318,-4.286934809720577
19319,-4.2491380244902714
19320,-4.248416638202377
19321,-4.225521932843798
19322,-4.236225138773863
19323,-4.306050600132223
19324,-4.260605769774935
19325,-4.298252046804722
19326,-4.219105482717503
19327,-4.262796233624942
19328,-4.290960767376095
19329,-4.205534287814161
19330,-4.28204858574642
19331,-4.252491440659348
19332,-4.216470164680665
19333,-4.222581314105916
19334,-4.244591543707637
19335,-4.205193954877136
19336,-4.214268984305162
19337,-4.191433412330216
19338,-4.201489334465874
19339,-4.155533226413572
19340,-4.175788635810965
19341,-4.1906592154667015
19342,-4.184702758155444
19343,-4.207236349749191
19344,-4.1550771699209035
19345,-4.19421206669996
19346,-4.159154542883268
19347,-4.159240778817176
19348,-4.142992894175429
19349,-4.107639915023833
19350,-4.18482635656458
19351,-4.142762764800097
19352,-4.15107842237765
19353,-4.118569387322543
19354,-4.096684536591929
19355,-4.193117911335529
19356,-4.141189558406382
19357,-4.119456825632619
19358,-4.097063577835042
19359,-4.078051069634902
19360,-4.1060674582706636
19361,-4.126260496150346
19362,-4.1647493319422395
19363,-4.094550209531352
19364,-4.149401677996508
19365,-4.049161905399008
19366,-4.080901553791089
19367,-4.067924020638234
19368,-4.050075195580332
19369,-4.006481488827109
19370,-4.082627179732393
19371,-4.077827353086298
19372,-4.022492123340293
19373,-4.028805305021676
19374,-4.053056886847041
19375,-4.020117434371925
19376,-4.0016632927242455
19377,-4.023770013957498
19378,-4.04032626505318
19379,-3.999079505702536
19380,-4.029193173965401
19381,-4.017469420184854
19382,-4.019533360548349
19383,-4.027013876397657
19384,-3.9852807426437455
19385,-3.986835579154773
19386,-3.9883536845157916
19387,-4.001346206613739
19388,-3.997929646664441
19389,-3.998509876432836
19390,-3.9968023773146686
19391,-3.906093720702434
19392,-4.002370952294014
19393,-3.9771717964928266
19394,-4.013440962078194
19395,-3.9375771075718378
19396,-3.950252468125978
19397,-3.9682507095784927
19398,-3.9781738123121073
19399,-3.952970304807601
19400,-3.9560400474495343
19401,-3.9581587431991747
19402,-3.947386826912196
19403,-3.9021970847024927
19404,-3.901846934719897
19405,-3.949754529560583
19406,-3.910083150643877
19407,-3.9094882425994117
19408,-3.9229905716423934
19409,-3.8950215298265496
19410,-3.9253323846228243
19411,-3.89817519553704
19412,-3.928254632179636
19413,-3.9220321714450628
19414,-3.883419798098102
19415,-3.913648495257354
19416,-3.8649398247445594
19417,-3.8613251765980663
19418,-3.8674081725628633
19419,-3.8721378753000426
19420,-3.8695458140993537
19421,-3.8131166729023573
19422,-3.8484380900860793
19423,-3.851192655576151
19424,-3.861881484421938
19425,-3.8737179642628266
19426,-3.8539247600411155
19427,-3.8008890731135523
19428,-3.757568667133056
19429,-3.812461731677318
19430,-3.797706576205659
19431,-3.848079776231758
19432,-3.8379432048375213
19433,-3.800624431672792
19434,-3.8067943941219275
19435,-3.809074351225103
19436,-3.768968082042062
19437,-3.789441730360584
19438,-3.813133368533728
19439,-3.764823969575366
19440,-3.771632959973474
19441,-3.7848222556838453
19442,-3.7413223744057986
19443,-3.792444511613044
19444,-3.7246737563775354
19445,-3.7978802580204993
19446,-3.7704596962215815
19447,-3.746091835463422
19448,-3.7477018933775565
19449,-3.7374905164853147
19450,-3.738367308881031
19451,-3.7265862782793535
19452,-3.793042857930767
19453,-3.819816428864295
19454,-3.805435705194814
19455,-3.7796861606242063
19456,-3.7532853077947177
19457,-3.7151352680416734
19458,-3.7059474156764978
19459,-3.7218664920644318
19460,-3.694898832361864
19461,-3.718257995662503
19462,-3.686019252613042
19463,-3.763206932740259
19464,-3.683821643810654
19465,-3.679654667624778
19466,-3.6419937528327493
19467,-3.653418691935583
19468,-3.678259089193248
19469,-3.7015744538630386
19470,-3.6316587674824015
19471,-3.7192821828382074
19472,-3.6723874921068385
19473,-3.6628662386082667
19474,-3.658921149916021
19475,-3.651393140184592
19476,-3.627506865994085
19477,-3.678851916076981
19478,-3.626854086410608
19479,-3.564135024545642
19480,-3.543892247177706
19481,-3.6158721021513425
19482,-3.5974922384114882
19483,-3.592337026021032
19484,-3.604496008886805
19485,-3.6349553556347254
19486,-3.6478999421484786
19487,-3.562208235953202
19488,-3.6147187664899736
19489,-3.6354947360219594
19490,-3.544935324116303
19491,-3.5466367447374014
19492,-3.570282812733218
19493,-3.6483585652759825
19494,-3.6323121466578954
19495,-3.5462889736957797
19496,-3.590536344506831
19497,-3.6079111917704707
19498,-3.5826406961574646
19499,-3.5531486875428184
19500,-3.506371974151999
19501,-3.4952727040383946
19502,-3.5244812906818477
19503,-3.557252068203063
19504,-3.54340641682797
19505,-3.5618434994233477
19506,-3.494940984576757
19507,-3.5575755590601013
19508,-3.568082413768058
19509,-3.473927931473526
19510,-3.50226123528531
19511,-3.5746075493222484
19512,-3.52066742119255
19513,-3.5262662978825574
19514,-3.5129869981438637
19515,-3.50239208432409
19516,-3.523225190195718
19517,-3.477237512016319
19518,-3.507547822218757
19519,-3.5343170994168367
19520,-3.4967781541028904
19521,-3.4524123631163497
19522,-3.512998712944827
19523,-3.4526857770452613
19524,-3.4459686644427148
19525,-3.4729564924309386
19526,-3.511195144591068
19527,-3.482543610435815
19528,-3.4936911944927775
19529,-3.433671924986225
19530,-3.466551355678381
19531,-3.4575827485932993
19532,-3.4589544134071035
19533,-3.4415333545019067
19534,-3.4090770249153457
19535,-3.4760054647710232
19536,-3.4840976464251936
19537,-3.415441581993829
19538,-3.4486352949973944
19539,-3.405728883904125
19540,-3.4259805193655692
19541,-3.4022623313931475
19542,-3.4831486146569914
19543,-3.4274393580622045
19544,-3.3748007449298507
19545,-3.395149791569662
19546,-3.3852725984609866
19547,-3.4493075853470763
19548,-3.3752422194550427
19549,-3.4063702674412313
19550,-3.371956027288451
19551,-3.3680686137212454
19552,-3.391678162227054
19553,-3.404398646503292
19554,-3.362430328155805
19555,-3.3575774056927963
19556,-3.360720847889594
19557,-3.332856077047169
19558,-3.3825594228963913
19559,-3.447756112441265
19560,-3.325959553261283
19561,-3.3586581626354914
19562,-3.271557889889735
19563,-3.2884997663554403
19564,-3.40599386029515
19565,-3.326048689592035
19566,-3.26614991118923
19567,-3.2958919736027776
19568,-3.326945481130134
19569,-3.2969862987328007
19570,-3.2932744955868762
19571,-3.2935493597903114
19572,-3.275703378744318
19573,-3.284834603179882
19574,-3.2659695087893272
19575,-3.3050046566915823
19576,-3.3269089557132916
19577,-3.2465516982829716
19578,-3.26228989166581
19579,-3.2205092681063414
19580,-3.2541091428165254
19581,-3.292752335032479
19582,-3.277263762727355
19583,-3.247439074772083
19584,-3.277414755979631
19585,-3.23650589076887
19586,-3.2191603928520642
19587,-3.2554560930530747
19588,-3.2737585653545023
19589,-3.2569651140404323
19590,-3.2362292284489538
19591,-3.2993616293685064
19592,-3.21705469284149
19593,-3.262540843701049
19594,-3.2310731686364096
19595,-3.2872626298490384
19596,-3.217890806373619
19597,-3.201815734783109
19598,-3.2267074303469294
19599,-3.2580691319115975
19600,-3.281110111664018
19601,-3.2266014435897943
19602,-3.1828228597006207
19603,-3.171251692275304
19604,-3.1715075963902737
19605,-3.2448185196944532
19606,-3.1939308278370713
19607,-3.2159658236297735
19608,-3.1528999830307853
19609,-3.14593574649847
19610,-3.186800305215823
19611,-3.1739171908621926
19612,-3.2236738380146615
19613,-3.158713343929871
19614,-3.207854968524087
19615,-3.219748946346622
19616,-3.1604412086464846
19617,-3.1670296471608643
19618,-3.177874672791091
19619,-3.195955289796637
19620,-3.1275282992033397
19621,-3.133965174076834
19622,-3.1626573417429458
19623,-3.111944090280318
19624,-3.1279399348481585
19625,-3.1692295092677707
19626,-3.1095620070681913
19627,-3.165167783849743
19628,-3.13666561743469
19629,-3.1002291714971304
19630,-3.1124694753859705
19631,-3.1614207828729572
19632,-3.1358920683987543
19633,-3.1159932295944333
19634,-3.107722973967901
19635,-3.112311500893302
19636,-3.1588193432235383
19637,-3.0898350852250696
19638,-3.0702300578371533
19639,-3.108310595515824
19640,-3.0425331823791497
19641,-3.0739387932564393
19642,-3.05559608460425
19643,-3.0933673354043942
19644,-3.047769794983067
19645,-3.042947169128044
19646,-3.068515614604265
19647,-3.0776921757528175
19648,-3.056599769506736
19649,-3.0760269541027307
19650,-2.9896255403371432
19651,-3.061527330525613
19652,-3.076638875223967
19653,-3.055026573910403
19654,-3.0565240213307674
19655,-3.0109448535802854
19656,-3.095170455976436
19657,-3.0299291501283916
19658,-3.0191893714524136
19659,-3.049434263172023
19660,-3.0331001082374525
19661,-3.020752430798332
19662,-3.046089253394897
19663,-2.9701011090443203
19664,-3.035688889659345
19665,-2.98209854283646
19666,-2.991343861864429
19667,-3.0520646970462924
19668,-3.021541377214509
19669,-3.037525877350443
19670,-2.998352570408032
19671,-2.95830820929122
19672,-3.014928819115714
19673,-2.8835619237721724
19674,-2.9281217699256907
19675,-2.953598732555548
19676,-3.007730928872268
19677,-3.0354439565728226
19678,-2.9822274872336094
19679,-3.0168843193050345
19680,-2.98855793120627
19681,-2.9962930357300275
19682,-2.987576646860431
19683,-2.955765883461929
19684,-2.9304798841259254
19685,-2.972541195124594
19686,-2.931655564731624
19687,-2.9779746136184846
19688,-2.915352199303061
19689,-2.9273795114154786
19690,-2.9593516604248764
19691,-2.931462473501951
19692,-2.907641005691741
19693,-2.905284173767986
19694,-2.937104850672755
19695,-2.9096349564984796
19696,-2.9255280334139853
19697,-2.924851037086284
19698,-2.961734367226362
19699,-2.9589699106349547
19700,-2.9117324669851907
19701,-2.920786278424741
19702,-2.8814512599012363
19703,-2.9251509066538897
19704,-2.921687072935991
19705,-2.899883257151626
19706,-2.9080493078760608
19707,-2.8672894187438613
19708,-2.9043779656737168
19709,-2.8763769038390303
19710,-2.887063027454084
19711,-2.893520856162696
19712,-2.9019268437698837
19713,-2.921916548013272
19714,-2.855950714998934
19715,-2.874403357563209
19716,-2.846289664314372
19717,-2.873435965256275
19718,-2.8837269096961675
19719,-2.848591220945535
19720,-2.8786214128421848
19721,-2.8528684077448223
19722,-2.8810468986936466
19723,-2.8629843009085354
19724,-2.840741829312995
19725,-2.8361381126849166
19726,-2.8210316682342804
19727,-2.8793974379136187
19728,-2.792761995685214
19729,-2.792044995675599
19730,-2.7913669401030345
19731,-2.876773120011774
19732,-2.853088342480969
19733,-2.773298009099649
19734,-2.8852955745399465
19735,-2.7634006504597055
19736,-2.760413846898806
19737,-2.808838326569843
19738,-2.7609201933765246
19739,-2.7823161669390433
19740,-2.7565342873152994
19741,-2.801363330120833
19742,-2.820456660750956
19743,-2.7816612819522772
19744,-2.7904642141732174
19745,-2.762496654857761
19746,-2.768936988218387
19747,-2.770239904629555
19748,-2.7377995651524416
19749,-2.7500375935919394
19750,-2.7583993423220927
19751,-2.793547431243481
19752,-2.7451151906877134
19753,-2.735909092081341
19754,-2.77127371887105
19755,-2.762404557644024
19756,-2.76717563364912
19757,-2.7492538442992145
19758,-2.742406288836949
19759,-2.7360856442018284
19760,-2.7689998727795593
19761,-2.7600486673302123
19762,-2.6972243770235926
19763,-2.7138843405181725
19764,-2.7424392750246187
19765,-2.7253749231349635
19766,-2.7282065012393035
19767,-2.7277923169090723
19768,-2.703583022445002
19769,-2.730457125317192
19770,-2.7199527444388476
19771,-2.6840303299300645
19772,-2.6912138321751167
19773,-2.688651192693875
19774,-2.696686708856043
19775,-2.7315471417453048
19776,-2.6781350540703355
19777,-2.6479175258662657
19778,-2.754539040823549
19779,-2.6803496734952224
19780,-2.6525291340061443
19781,-2.6981945373223097
19782,-2.661988491527943
19783,-2.716432909421573
19784,-2.6711016087678328
19785,-2.628678776449466
19786,-2.668185437290463
19787,-2.6887488511974884
19788,-2.680335570611343
19789,-2.6901256478009454
19790,-2.6115404968003744
19791,-2.693969727287076
19792,-2.603288601840067
19793,-2.6218265895018584
19794,-2.6649048277896488
19795,-2.659156360437928
19796,-2.649586502689402
19797,-2.6236795310689147
19798,-2.645473991741737
19799,-2.629408953442864
19800,-2.6408879563787866
19801,-2.6424459452593725
19802,-2.669429914022754
19803,-2.5864554905369914
19804,-2.6433565928463625
19805,-2.5961191511821413
19806,-2.659779030368369
19807,-2.626651722356674
19808,-2.620734730019134
19809,-2.5755812127396105
19810,-2.6044188346955863
19811,-2.613795530167042
19812,-2.6662586267614783
19813,-2.5783122201369753
19814,-2.550230697813438
19815,-2.6009014130876373
19816,-2.573900747656462
19817,-2.6059032450738604
19818,-2.6209863179593405
19819,-2.5648657246276905
19820,-2.6082341323299456
19821,-2.5774054314739705
19822,-2.5755258935588814
19823,-2.591643850373449
19824,-2.599204003812473
19825,-2.5817343484311563
19826,-2.553127844514709
19827,-2.5440035144992508
19828,-2.5437177278058445
19829,-2.571359554550619
19830,-2.504010907968971
19831,-2.5740547928764235
19832,-2.542253831160358
19833,-2.501253865759016
19834,-2.521771617374703
19835,-2.574778758087948
19836,-2.546200588279239
19837,-2.543668122993038
19838,-2.5473963252377523
19839,-2.5314668008502075
19840,-2.570104233233086
19841,-2.5042688675955054
19842,-2.5082959459960104
19843,-2.5093637133683107
19844,-2.5512752256831477
19845,-2.5280244932811553
19846,-2.484479996268079
19847,-2.5435894958493166
19848,-2.4766626292340774
19849,-2.5769712226690973
19850,-2.459759587840387
19851,-2.478219117088749
19852,-2.527027660747276
19853,-2.4624610880840985
19854,-2.4637861347936685
19855,-2.4458204022254604
19856,-2.4790185052296825
19857,-2.4647727054857724
19858,-2.470695002337065
19859,-2.479680188601296
19860,-2.4143303562626555
19861,-2.4427771805597454
19862,-2.4560510518072354
19863,-2.443036711226334
19864,-2.4477020930118614
19865,-2.496138722882615
19866,-2.5007767752939376
19867,-2.470366773586807
19868,-2.4479019605623593
19869,-2.4311685850620095
19870,-2.40733040767419
19871,-2.4477493910113366
19872,-2.4162693882030735
19873,-2.49830135506522
19874,-2.421369263309539
19875,-2.410526155906696
19876,-2.3946105285059223
19877,-2.4255214434625527
19878,-2.4247793151087778
19879,-2.437146399335608
19880,-2.4482823160432305
19881,-2.4330525187304204
19882,-2.4384717946380667
19883,-2.4020323849217693
19884,-2.369147017649637
19885,-2.4518688891052514
19886,-2.383124067904128
19887,-2.416646219171573
19888,-2.4240567643846096
19889,-2.470360993676022
19890,-2.3853586171093775
19891,-2.381246203796605
19892,-2.3938868151498736
19893,-2.3824600722810723
19894,-2.3485152818579347
19895,-2.3712401570733856
19896,-2.387268657483391
19897,-2.3811758371833815
19898,-2.343096897775464
19899,-2.393890322638704
19900,-2.462493521949926
19901,-2.383105936009098
19902,-2.4442362560029993
19903,-2.306355695966053
19904,-2.3782224310303217
19905,-2.417559638108547
19906,-2.390858416132205
19907,-2.3016374884037463
19908,-2.3841436580516646
19909,-2.3282493516686684
19910,-2.37541058194025
19911,-2.3618078511748837
19912,-2.354727400180616
19913,-2.3857487864689295
19914,-2.326968896583474
19915,-2.3461965867498575
19916,-2.363819203046642
19917,-2.3159679900128034
19918,-2.2958055203711045
19919,-2.3982150293129516
19920,-2.362357053295322
19921,-2.271362415281179
19922,-2.3231582899544274
19923,-2.362457143797194
19924,-2.3206759118777405
19925,-2.349570960231109
19926,-2.3055508466827135
19927,-2.3209148029502877
19928,-2.307864598881576
19929,-2.299371041990048
19930,-2.3360010018652417
19931,-2.3072252896830836
19932,-2.3046948227775492
19933,-2.3777858152999642
19934,-2.302218113901702
19935,-2.3069115645552496
19936,-2.268246635623402
19937,-2.295132962177144
19938,-2.2983240357264196
19939,-2.3025847680857354
19940,-2.2573968590413225
19941,-2.288488623964908
19942,-2.26929507423422
19943,-2.2886210003167475
19944,-2.307729968659006
19945,-2.278777865212252
19946,-2.2218046237147364
19947,-2.25752723087203
19948,-2.214747553580071
19949,-2.2090447176635135
19950,-2.185311009532457
19951,-2.2236515547915396
19952,-2.196841654668398
19953,-2.242649264654109
19954,-2.300642437120915
19955,-2.219071911742725
19956,-2.2467295331334998
19957,-2.2023994958344577
19958,-2.2306302340792254
19959,-2.270663987734273
19960,-2.240720578565752
19961,-2.2504777880142655
19962,-2.2023247848793157
19963,-2.200900495644705
19964,-2.234590546408216
19965,-2.1863943912846726
19966,-2.2052127314685706
19967,-2.236079000493731
19968,-2.2545808034230057
19969,-2.1861597682914926
19970,-2.208583969783624
19971,-2.195321261448732
19972,-2.202693325687166
19973,-2.2207745072577603
19974,-2.2562108091068587
19975,-2.1781796237588464
19976,-2.191094486217045
19977,-2.203602614005696
19978,-2.1550824403912894
19979,-2.1175855853875545
19980,-2.1366018833692992
19981,-2.1711970547423967
19982,-2.2078243280860113
19983,-2.184006626004045
19984,-2.169359399536357
19985,-2.170628948359368
19986,-2.185130839358138
19987,-2.1874483497261563
19988,-2.141116285181688
19989,-2.1163977164863077
19990,-2.1345565577662047
19991,-2.1562869723924076
19992,-2.1382130180137047
19993,-2.1530309686067994
19994,-2.1407600092122077
19995,-2.191645641888265
19996,-2.106807479310262
19997,-2.152938381001494
19998,-2.164903123225746
19999,-2.133336379408011
20000,-2.152619711746781
20001,-2.125442914356026
20002,-2.0836030306001923
20003,-2.1692346427049483
20004,-2.121770582306909
20005,-2.1444149287669467
20006,-2.081414412515666
20007,-2.132338774751531
20008,-2.1079526966115987
20009,-2.1364393955278573
20010,-2.064210722686803
20011,-2.0934636844266397
20012,-2.1196800185701155
20013,-2.137925505901258
20014,-2.101440589215712
20015,-2.132579194607917
20016,-2.1195805139704498
20017,-2.107318387024732
20018,-2.153781793215689
20019,-2.095686426441111
20020,-2.0943714751998317
20021,-2.103273263813841
20022,-2.0881544064993935
20023,-2.0888272085467436
20024,-2.100172900543387
20025,-2.1391957032167226
20026,-2.050504509523395
20027,-2.0837791964580776
20028,-2.1002823593056585
20029,-2.0724429506060553
20030,-2.1302885917306753
20031,-2.116900680532914
20032,-2.052791765175815
20033,-2.1189672752825657
20034,-2.0995634819399474
20035,-2.070835388148296
20036,-2.0949380590864117
20037,-2.0150709183162627
20038,-2.055096934737119
20039,-2.0801041852576745
20040,-2.050010014607301
20041,-2.0321134937721244
20042,-2.0785715149290684
20043,-2.1078101286560345
20044,-2.0578340187644355
20045,-2.015686612692301
20046,-2.124726886999183
20047,-2.089755048903079
20048,-2.0522064538358484
20049,-2.078932582118456
20050,-2.0395346215516197
20051,-1.9913928252087372
20052,-2.0631195315647353
20053,-1.9639552616034945
20054,-2.076932446310827
20055,-1.9841607092368614
20056,-2.0327100606358375
20057,-1.9898099770509003
20058,-2.005995895230612
20059,-2.0134975089834697
20060,-2.081711692249863
20061,-2.0201092997263244
20062,-2.0440753385733994
20063,-2.0580875825030436
20064,-2.0340859574860173
20065,-2.0549168011899286
20066,-1.9971390831424718
20067,-2.0060965590975957
20068,-2.0444645277183238
20069,-1.9553707345558016
20070,-2.0567045689591774
20071,-2.0233947730876025
20072,-1.9956131160656383
20073,-2.001639309863469
20074,-1.9559175381308187
20075,-1.9532004122809632
20076,-2.025602241089528
20077,-2.0162792444146906
20078,-1.9855362250573811
20079,-1.9916480963178749
20080,-1.9872172533994148
20081,-1.9475782768742689
20082,-1.9576989720541589
20083,-1.9718511105143925
20084,-2.009221114705938
20085,-2.0152338985056906
20086,-1.9802611235466805
20087,-1.927794441359916
20088,-1.9856145015692357
20089,-1.9269953368957724
20090,-1.9578480660780497
20091,-1.9907853423107555
20092,-1.9932659928279604
20093,-1.9703582334411207
20094,-1.9909718059949366
20095,-2.002305035767594
20096,-1.92340319143298
20097,-1.9127893038768062
20098,-1.9279317382941945
20099,-1.9056202964507365
20100,-1.9560612535309674
20101,-1.92656519275061
20102,-1.9813273396451558
20103,-1.9900133192190743
20104,-1.9320684611616792
20105,-1.9655565872271543
20106,-1.9142857838706866
20107,-1.9441545687532489
20108,-1.9417647291052766
20109,-1.9093553931386469
20110,-1.9203161971714486
20111,-1.9636164737304453
20112,-1.9246947047918195
20113,-1.9223356467798494
20114,-1.9200203841172854
20115,-1.9008218244715407
20116,-1.9082517710833005
20117,-1.8791345422074714
20118,-1.8634771923727544
20119,-1.9323341645628
20120,-1.9141368879702392
20121,-1.8758578391517533
20122,-1.8737945251674624
20123,-1.928311696421789
20124,-1.8496124033248635
20125,-1.9336060979178713
20126,-1.8736379134748027
20127,-1.9326426222456452
20128,-1.949028511366142
20129,-1.8553818627619036
20130,-1.8939864942963995
20131,-1.895633347156654
20132,-1.897346880677097
20133,-1.8601927701405456
20134,-1.9021607602920807
20135,-1.8874456679473672
20136,-1.8976812401855108
20137,-1.869218681546056
20138,-1.8885708792540565
20139,-1.811215203144094
20140,-1.843038013261332
20141,-1.8684009724617066
20142,-1.8813177778451995
20143,-1.8226282148633055
20144,-1.8218050631887637
20145,-1.8444742652480373
20146,-1.8544874270175262
20147,-1.8723194648376653
20148,-1.856038010440479
20149,-1.7992127705699703
20150,-1.9058769703646383
20151,-1.8651173564952332
20152,-1.8506040032887914
20153,-1.8309442929200077
20154,-1.833431884014891
20155,-1.7880855407374303
20156,-1.8320666417738132
20157,-1.8769382280512248
20158,-1.7921941899321145
20159,-1.8062430888934757
20160,-1.820699040904966
20161,-1.8280994814757177
20162,-1.8142466392759757
20163,-1.7731112721382611
20164,-1.7987915653311664
20165,-1.8134217212085066
20166,-1.8937962401140616
20167,-1.8069860283691048
20168,-1.8130593516076203
20169,-1.8151231675550228
20170,-1.7874507716933403
20171,-1.7788233652224934
20172,-1.8089218916521657
20173,-1.798353746409479
20174,-1.8924723635713394
20175,-1.8196122408015425
20176,-1.7849299513102308
20177,-1.76993687902009
20178,-1.7815611530858495
20179,-1.7347656921845909
20180,-1.7698871574449422
20181,-1.7913347912190096
20182,-1.8406000646339453
20183,-1.7927160771543802
20184,-1.8265514692420588
20185,-1.7331433788652928
20186,-1.7721203182579575
20187,-1.770061678944322
20188,-1.7572881256869142
20189,-1.744435022359805
20190,-1.7476027394016993
20191,-1.7365644833776819
20192,-1.7199830218760013
20193,-1.7175003839514742
20194,-1.7467969602179567
20195,-1.7619663604184967
20196,-1.742260923968258
20197,-1.7333776333889626
20198,-1.7760012749815641
20199,-1.7859592247895018
20200,-1.7291502062767872
20201,-1.7314031795357443
20202,-1.7380668383261622
20203,-1.748036692371555
20204,-1.7749407679878284
20205,-1.736621910223645
20206,-1.7760821726110918
20207,-1.723483957879837
20208,-1.7771774652777486
20209,-1.714164254811388
20210,-1.7528904101105112
20211,-1.7427013115225225
20212,-1.7088656132861137
20213,-1.7028024489042464
20214,-1.7310451336807926
20215,-1.71142310698613
20216,-1.7526585997952533
20217,-1.6745018430271672
20218,-1.693507783467782
20219,-1.7075357045703357
20220,-1.711742931450997
20221,-1.762777050839686
20222,-1.7255687621871152
20223,-1.730375908512778
20224,-1.7146110160868393
20225,-1.738104175269065
20226,-1.6714505844153842
20227,-1.7052354433543666
20228,-1.6729907148769776
20229,-1.6812715872036166
20230,-1.6610321396482652
20231,-1.723001859993952
20232,-1.687507601530535
20233,-1.6869995735154852
20234,-1.7185009554824826
20235,-1.6290974763343806
20236,-1.6695327146869388
20237,-1.6576676880895267
20238,-1.6946220078941023
20239,-1.7062426133516169
20240,-1.718670482530552
20241,-1.6391437320189377
20242,-1.6384171874584863
20243,-1.6710121131429636
20244,-1.6816952632071862
20245,-1.7328564950400775
20246,-1.6620741364965448
20247,-1.6403420348037383
20248,-1.6434843128909655
20249,-1.6564102534201341
20250,-1.6266546582222203
20251,-1.6568482468391883
20252,-1.6639251367648333
20253,-1.6719441417275405
20254,-1.6280554942600685
20255,-1.7162814950482432
20256,-1.7128883206318337
20257,-1.6163624947082635
20258,-1.6817588629794156
20259,-1.6717288248391609
20260,-1.6452568692012706
20261,-1.6416950116946625
20262,-1.650485035952809
20263,-1.6295997825415427
20264,-1.6448605415105002
20265,-1.6327233819366924
20266,-1.6426145412679267
20267,-1.6012300994339213
20268,-1.5934572089341088
20269,-1.6637211705568382
20270,-1.6629107162985401
20271,-1.611875938576476
20272,-1.648211732403871
20273,-1.643791074667535
20274,-1.6445671790952654
20275,-1.6001340227366523
20276,-1.6288200658295666
20277,-1.6638061061001281
20278,-1.621529047541013
20279,-1.6101073765801988
20280,-1.6664454054513658
20281,-1.5982157913257389
20282,-1.5915322443320272
20283,-1.5933689780225726
20284,-1.5933135688087208
20285,-1.5666098671756312
20286,-1.6117955714793122
20287,-1.6080398486601
20288,-1.6554084851583266
20289,-1.6023463829192421
20290,-1.5777860805984816
20291,-1.556859705863519
20292,-1.5940425428992464
20293,-1.5774585262658598
20294,-1.5929965689310686
20295,-1.5855012814418123
20296,-1.6219995396395401
20297,-1.5913603442491653
20298,-1.5718967933471646
20299,-1.5896569707153283
20300,-1.603309843308441
20301,-1.5614666956978898
20302,-1.6025169802946655
20303,-1.5228203551247474
20304,-1.5577597217438583
20305,-1.592530565399621
20306,-1.5803126351961339
20307,-1.5373711950212565
20308,-1.593142274149469
20309,-1.599283214453934
20310,-1.562035797308459
20311,-1.5603240602666395
20312,-1.5803637481520818
20313,-1.5208865971427816
20314,-1.5528241013467967
20315,-1.546102370685839
20316,-1.5709346844405785
20317,-1.5783657869391818
20318,-1.5811896560563996
20319,-1.543887898049536
20320,-1.6017443002324032
20321,-1.5593420637500102
20322,-1.5570366132848141
20323,-1.5271891454274047
20324,-1.5618390388030805
20325,-1.467669741422509
20326,-1.510424250570742
20327,-1.5695464078698436
20328,-1.5461840693792734
20329,-1.5499069977109943
20330,-1.4997311261118456
20331,-1.5031460238000622
20332,-1.5493628355332119
20333,-1.5418917541454027
20334,-1.5830118303921417
20335,-1.4581702694695944
20336,-1.5318657238680533
20337,-1.5193477158608768
20338,-1.5257450952419378
20339,-1.511382372889216
20340,-1.5160675028360278
20341,-1.5718224775270926
20342,-1.5081629289802325
20343,-1.4473008761204564
20344,-1.5183927832969863
20345,-1.5464465332964763
20346,-1.5201664650056896
20347,-1.511172634639002
20348,-1.4481746847372836
20349,-1.5316804059757545
20350,-1.5033766228269114
20351,-1.468031797316055
20352,-1.4987487522998422
20353,-1.4746750419735928
20354,-1.4876966192757282
20355,-1.4898183419465063
20356,-1.4605363755707308
20357,-1.4789598500911645
20358,-1.4498165687640288
20359,-1.4963976879952374
20360,-1.502135040042617
20361,-1.4709257184880002
20362,-1.5025228574994105
20363,-1.447585675757709
20364,-1.472061386249556
20365,-1.459161105722373
20366,-1.5104502732104501
20367,-1.4961406588680377
20368,-1.4664222519475747
20369,-1.4700631020454156
20370,-1.4825141348281357
20371,-1.445438227750748
20372,-1.4859365145052226
20373,-1.427690427785516
20374,-1.4790547673925187
20375,-1.4323183147479421
20376,-1.4662014353333936
20377,-1.44116688569352
20378,-1.47060544226609
20379,-1.429393830554524
20380,-1.463978101615192
20381,-1.4322097185013776
20382,-1.4598451068724987
20383,-1.5206119363210386
20384,-1.5011944393898313
20385,-1.4318260730018668
20386,-1.4465864879171548
20387,-1.4534691384914014
20388,-1.4516643987344826
20389,-1.440516665484548
20390,-1.4329818772496659
20391,-1.4045115707767832
20392,-1.4284228609584824
20393,-1.4539597418451407
20394,-1.3896531991872987
20395,-1.413964600754264
20396,-1.4582995735141664
20397,-1.4188337528487183
20398,-1.4623185654351205
20399,-1.4044885272858614
20400,-1.3927045996971579
20401,-1.416424173748372
20402,-1.4465206372749029
20403,-1.381517094563621
20404,-1.4025012405675272
20405,-1.4265773483249746
20406,-1.3887840121898691
20407,-1.4733579498640328
20408,-1.3875846280528006
20409,-1.4114479480333408
20410,-1.4546249570488725
20411,-1.3927863800745137
20412,-1.3916130728204965
20413,-1.3895130651920014
20414,-1.3990796152261682
20415,-1.4270218294387405
20416,-1.3997452394640677
20417,-1.4097287886452523
20418,-1.4190444036966985
20419,-1.3840737698236012
20420,-1.3934400766185984
20421,-1.3597280904812592
20422,-1.4722140906107266
20423,-1.395932476796452
20424,-1.3718652901188186
20425,-1.4061872094009609
20426,-1.392105664504325
20427,-1.4118239638900218
20428,-1.415535603403681
20429,-1.3915971346768032
20430,-1.397767788524651
20431,-1.3880034741948064
20432,-1.4195055306241893
20433,-1.3642993017060403
20434,-1.3650181592557797
20435,-1.405550320810283
20436,-1.4280769294431739
20437,-1.3943524065409976
20438,-1.422029352061851
20439,-1.43038622546616
20440,-1.4149579271178396
20441,-1.3369929889781165
20442,-1.3404132501675683
20443,-1.3607741001990434
20444,-1.3773110674122142
20445,-1.3739601008895823
20446,-1.3632400634641282
20447,-1.3452397018773543
20448,-1.3473849177299977
20449,-1.4017048207907863
20450,-1.3468529599416224
20451,-1.3759090045778528
20452,-1.333613784967174
20453,-1.331842613951968
20454,-1.3529870642339947
20455,-1.2982676620262668
20456,-1.3365999635631798
20457,-1.3244601901785915
20458,-1.309953833649354
20459,-1.3304032198929625
20460,-1.2974172356762967
20461,-1.352570947995278
20462,-1.4062953195927717
20463,-1.3312297067452739
20464,-1.3511361727909053
20465,-1.3391291339598137
20466,-1.3045403823247999
20467,-1.329647118099203
20468,-1.3084472731255503
20469,-1.3083993017846853
20470,-1.3280806840113153
20471,-1.3701887992562947
20472,-1.3591050419942587
20473,-1.3219651640108483
20474,-1.3647521746692297
20475,-1.268964501239289
20476,-1.3290563215078546
20477,-1.3478525647279036
20478,-1.3537273578921718
20479,-1.2983337008161215
20480,-1.2694659300662172
20481,-1.3544730102904383
20482,-1.3102102535228293
20483,-1.280628346227225
20484,-1.3264901057142577
20485,-1.330148610769025
20486,-1.2555704937269658
20487,-1.3047287677439192
20488,-1.2535308206123221
20489,-1.332303255330402
20490,-1.321275903425344
20491,-1.322157128236787
20492,-1.3254814920944753
20493,-1.2648310621922374
20494,-1.2893649096307878
20495,-1.2494079859916387
20496,-1.2551773837340845
20497,-1.3286815179660734
20498,-1.2981123157593235
20499,-1.261112324064286
20500,-1.28252076443511
20501,-1.2355764865643712
20502,-1.3069677566076583
20503,-1.3141191246702806
20504,-1.2958968083272864
20505,-1.3313933335100552
20506,-1.25024612860506
20507,-1.272204272982428
20508,-1.3148581554520886
20509,-1.2812060242414536
20510,-1.3007846036164585
20511,-1.299798226381089
20512,-1.2880430246340824
20513,-1.2144442456012916
20514,-1.2771574789321667
20515,-1.2677675555282826
20516,-1.2841131479941248
20517,-1.2786999160118413
20518,-1.245670642837624
20519,-1.270745188632215
20520,-1.252437282121618
20521,-1.2501272116106898
20522,-1.2827683309202562
20523,-1.265192758006512
20524,-1.2707987346037395
20525,-1.3284372730486407
20526,-1.2033802359567412
20527,-1.2706859653870421
20528,-1.303313732709599
20529,-1.2128550153521647
20530,-1.2155240505304155
20531,-1.280254899044115
20532,-1.2563948858754532
20533,-1.253727920230516
20534,-1.2129928473513183
20535,-1.2177242599031752
20536,-1.2171307508565585
20537,-1.221422267970003
20538,-1.2323897817329112
20539,-1.3056306286190666
20540,-1.223987362147094
20541,-1.2753040091209784
20542,-1.2324012586908237
20543,-1.2443427126096211
20544,-1.2333335472190912
20545,-1.235448282097959
20546,-1.2381022852473738
20547,-1.2211160886662977
20548,-1.2767245523541322
20549,-1.2512058938265296
20550,-1.2682212705472509
20551,-1.250747708578375
20552,-1.2242049119277325
20553,-1.308665177960306
20554,-1.2661442392624962
20555,-1.2117517516805352
20556,-1.2378603171226172
20557,-1.2484405976014055
20558,-1.1511296932404083
20559,-1.2261674536730005
20560,-1.2238802240400897
20561,-1.2262788673046694
20562,-1.227483756207838
20563,-1.2296584414076142
20564,-1.1552142641923913
20565,-1.2281783404385869
20566,-1.2352646516381085
20567,-1.2610851816647801
20568,-1.2455750063586941
20569,-1.2177167582615676
20570,-1.2483961985975172
20571,-1.1547811415173581
20572,-1.233224801120477
20573,-1.2101651832640716
20574,-1.145536805569751
20575,-1.1796214619366048
20576,-1.1572717191539321
20577,-1.126483256273177
20578,-1.1941695430761947
20579,-1.2660563070775832
20580,-1.2095908250448275
20581,-1.1381186589459509
20582,-1.2060559843025678
20583,-1.1712625832865304
20584,-1.1833712968506334
20585,-1.205496233911876
20586,-1.1849269623305931
20587,-1.187723965290084
20588,-1.2168375079586302
20589,-1.176405537256263
20590,-1.1948520318913012
20591,-1.1250533605704187
20592,-1.17746522064743
20593,-1.1861564622687797
20594,-1.1708069300610062
20595,-1.1898019836124076
20596,-1.1506204012988273
20597,-1.1909835826868929
20598,-1.2078318657965204
20599,-1.1439052023664087
20600,-1.1513158107955583
20601,-1.1337024188359284
20602,-1.1553102091421832
20603,-1.2263596655619289
20604,-1.1303624636818528
20605,-1.1651000154448732
20606,-1.1966431222475358
20607,-1.1474679123210176
20608,-1.1667125909137892
20609,-1.1357887773851845
20610,-1.1058759694843963
20611,-1.1565898352848487
20612,-1.1403796776391815
20613,-1.1282677394957719
20614,-1.1969617732608908
20615,-1.163401192855874
20616,-1.192100066298689
20617,-1.107628091954251
20618,-1.1515701121421003
20619,-1.1440734236485235
20620,-1.1387468911565817
20621,-1.0885520913057847
20622,-1.1396983347364418
20623,-1.133418305202485
20624,-1.0956902501507155
20625,-1.171290600343372
20626,-1.128113379668181
20627,-1.106837949245798
20628,-1.1147870325100089
20629,-1.1775756708226177
20630,-1.0841960934007642
20631,-1.1258500454535274
20632,-1.204388642637277
20633,-1.1280661347071659
20634,-1.0768070112863288
20635,-1.1276325485050651
20636,-1.0874619829164567
20637,-1.1335421411077726
20638,-1.1400598812328193
20639,-1.1225860041839402
20640,-1.1315432642553662
20641,-1.0424687916440258
20642,-1.1256131170535162
20643,-1.1399414271917367
20644,-1.1306097106086368
20645,-1.0984712925590974
20646,-1.0936417845007407
20647,-1.1714142422683
20648,-1.1076796160622147
20649,-1.1528222421017402
20650,-1.0637901018397444
20651,-1.158618121479745
20652,-1.0758180970848576
20653,-1.0934857295100933
20654,-1.1377820385842385
20655,-1.096161315725724
20656,-1.083734078188861
20657,-1.0669463291421037
20658,-1.1849179357348905
20659,-1.100312206190454
20660,-1.100692954722733
20661,-1.1157975749075668
20662,-1.107366558713058
20663,-1.1169482942506397
20664,-1.1056298482221434
20665,-1.1136393337346842
20666,-1.0967394045919412
20667,-1.0990468200704226
20668,-1.110323234123461
20669,-1.102121168324304
20670,-1.1238681099050045
20671,-1.111590072227385
20672,-1.0413314234039177
20673,-1.0870904315865415
20674,-1.0587518495380992
20675,-1.0821775755746255
20676,-1.0366485418871854
20677,-1.1099963919652023
20678,-1.0988803017373228
20679,-1.0932086189991923
20680,-1.0803132631909942
20681,-1.0992392041431027
20682,-1.050870231882795
20683,-1.0432575663680297
20684,-1.0260285094176274
20685,-1.1170941213106547
20686,-1.1108742640299334
20687,-1.074650520111359
20688,-1.0673370546840706
20689,-1.0663111156926035
20690,-1.090749830888922
20691,-1.1114209840740024
20692,-1.0535054177355108
20693,-1.07837477805253
20694,-1.0684548254680226
20695,-1.0414733323574736
20696,-1.0323914273466919
20697,-1.040498693159385
20698,-1.01117391293641
20699,-1.1269836736540495
20700,-1.1025884177304641
20701,-1.0395868707930882
20702,-1.0343288540791233
20703,-1.0886125329148606
20704,-1.0620400579995972
20705,-1.0953556855715259
20706,-1.0655676291770801
20707,-1.06238958755519
20708,-1.0111529167138398
20709,-1.0652198772711263
20710,-0.9934563985652289
20711,-0.9667212612770959
20712,-1.0094836022252422
20713,-1.0676367869902992
20714,-1.0540862862460845
20715,-0.9964372752847513
20716,-1.0067725619736736
20717,-1.0105003541430826
20718,-1.0628984806575135
20719,-1.051729279849419
20720,-1.0345554298729638
20721,-1.0158254131932503
20722,-1.0817828847287292
20723,-1.0123994284188929
20724,-1.0238367389246756
20725,-1.0454332008583493
20726,-1.0425591096759756
20727,-0.9832282303050249
20728,-1.0063707148691765
20729,-1.016352875308164
20730,-0.9846265319361511
20731,-1.0528873201987905
20732,-0.9940811141418182
20733,-0.9846930050961691
20734,-1.083889962283839
20735,-0.9799325615009098
20736,-0.9655383286431329
20737,-0.9746739277084342
20738,-1.06648315446084
20739,-0.994274656655391
20740,-1.0435213505458267
20741,-1.0658766135790108
20742,-1.0056935663866036
20743,-0.9859982496477483
20744,-0.9933429736920623
20745,-0.9617850482314738
20746,-0.9742116144373568
20747,-1.065577084125859
20748,-0.9769173838658467
20749,-1.030142258590027
20750,-1.036932693820528
20751,-1.0231377067847371
20752,-0.9525231414002839
20753,-0.9988462860241257
20754,-1.0111435739356118
20755,-1.0206283516448726
20756,-1.0257338250451409
20757,-0.9849941353345455
20758,-0.9911488249319427
20759,-0.9862641035766675
20760,-0.9903184103268967
20761,-1.0185083039785514
20762,-0.9680053779314632
20763,-0.9935313992965463
20764,-0.9631344889747926
20765,-0.9243774853018688
20766,-0.9603138882278123
20767,-1.0214899093110845
20768,-0.9875480001341805
20769,-0.9494085545291979
20770,-1.027806901145664
20771,-0.9964327220512204
20772,-0.9809207796475906
20773,-0.9741155863500869
20774,-1.019006987828742
20775,-1.0323239961109945
20776,-0.9838067202005697
20777,-0.9806542464999262
20778,-1.0205488270275802
20779,-0.9037686283999459
20780,-0.9610849454992771
20781,-0.9872774329706693
20782,-0.9309066411671828
20783,-0.949880447970641
20784,-1.0292250479020808
20785,-0.9832890122069642
20786,-0.9742114558743764
20787,-0.9987885168069608
20788,-0.9812269377500608
20789,-0.9781619760670422
20790,-1.0065527513891983
20791,-0.9811034060235408
20792,-0.9511359668157393
20793,-0.9732611829311338
20794,-0.9665875926771205
20795,-0.9562352885527449
20796,-0.9779575249910227
20797,-0.9738183682671775
20798,-0.9612940701297279
20799,-0.9439547167737353
20800,-0.9850567461307786
20801,-0.9722949831271498
20802,-0.9268612578938978
20803,-0.9157710431158104
20804,-0.9441070428448304
20805,-0.9715487421453113
20806,-0.9505246917633998
20807,-0.9350717634092525
20808,-0.9390747343728703
20809,-0.9345008600883783
20810,-0.9965712376014682
20811,-0.9123892151066707
20812,-0.9994455723949714
20813,-0.9240687088141376
20814,-0.9381669442458976
20815,-0.9184785286136544
20816,-0.9969829527843203
20817,-0.8867807701313549
20818,-0.9447915254512514
20819,-0.9056757491462717
20820,-0.9134674255993923
20821,-0.9472759787793347
20822,-0.9300277390069669
20823,-0.8669509163243264
20824,-0.974774177873237
20825,-0.9496217872915479
20826,-0.9543292187852646
20827,-0.8972371539021832
20828,-0.9543856821792798
20829,-0.9377162892667265
20830,-0.9937156645434041
20831,-0.9034791813291833
20832,-0.9312029536474424
20833,-0.9432112236436379
20834,-0.906808158601461
20835,-0.9237516642787066
20836,-0.9013563937177894
20837,-0.9130907695381514
20838,-0.9182508353123701
20839,-0.954984369546355
20840,-0.9279461076595938
20841,-0.908888309447122
20842,-0.8971916263005162
20843,-0.8606951756450659
20844,-0.9260118749546573
20845,-0.903033734178896
20846,-0.8970567712103792
20847,-0.9324918303479615
20848,-0.875999002967654
20849,-0.8876175252471816
20850,-0.9184677416673901
20851,-0.8650753264894211
20852,-0.9417089493640771
20853,-0.9357665050353704
20854,-0.9455879021673542
20855,-0.8988751575108505
20856,-0.9160633422911896
20857,-0.9464628252719642
20858,-0.8549638492430551
20859,-0.9150657226969149
20860,-0.8801957527898766
20861,-0.8346276576428254
20862,-0.836347653506229
20863,-0.9366145875939327
20864,-0.9080057743258526
20865,-0.8489219291923364
20866,-0.9166262182610944
20867,-0.8409343614833763
20868,-0.9059613841012745
20869,-0.8720161695286485
20870,-0.8052801073253462
20871,-0.8443741314400058
20872,-0.8955321121824105
20873,-0.8599052030406955
20874,-0.9065147280552748
20875,-0.8475739170080672
20876,-0.878448494043379
20877,-0.9098488663375114
20878,-0.8768234300496831
20879,-0.872803793553046
20880,-0.9397202513623534
20881,-0.8477336443963656
20882,-0.8498084003374233
20883,-0.8491801935492617
20884,-0.9112827512856403
20885,-0.8113768668419958
20886,-0.8381138357237502
20887,-0.9022155734190913
20888,-0.893412323313737
20889,-0.8579744985395066
20890,-0.9220151598831422
20891,-0.8648975223431734
20892,-0.8878552089659999
20893,-0.8785502311672947
20894,-0.8533672217780637
20895,-0.8622657398333342
20896,-0.8911078459433134
20897,-0.8106238985455129
20898,-0.868115284099515
20899,-0.7968266577649584
20900,-0.8797323754644772
20901,-0.9172447386739944
20902,-0.9081897555271877
20903,-0.8027012530897105
20904,-0.842666936556096
20905,-0.8857096034995069
20906,-0.847284561441511
20907,-0.8455012646780908
20908,-0.9082660956488738
20909,-0.8766334818709097
20910,-0.800427275392527
20911,-0.8530678137556593
20912,-0.8382147218946782
20913,-0.8573179456899787
20914,-0.898305275261058
20915,-0.8618052783506788
20916,-0.836537017011805
20917,-0.8417037288453226
20918,-0.7727439100682034
20919,-0.848831395657211
20920,-0.8442211755539453
20921,-0.8351871293302934
20922,-0.8762543344327332
20923,-0.8553281644324268
20924,-0.8238292336332
20925,-0.8723614873879822
20926,-0.8641623768359131
20927,-0.8517084996336224
20928,-0.8288834952418251
20929,-0.8470447394215271
20930,-0.8236022179430008
20931,-0.8304380780546302
20932,-0.7808635614821479
20933,-0.856910484191316
20934,-0.8238145015549654
20935,-0.8465501186474403
20936,-0.8937903591345815
20937,-0.811571410184694
20938,-0.7994184010159153
20939,-0.8491931044262174
20940,-0.8655156705039058
20941,-0.8517359002896564
20942,-0.8477906865490724
20943,-0.8192900724493466
20944,-0.8592821524941904
20945,-0.7911579658497421
20946,-0.8407089335031638
20947,-0.8672489425674965
20948,-0.8384099131139103
20949,-0.8075382659641863
20950,-0.8362573015648318
20951,-0.8100753097317436
20952,-0.8152195114181686
20953,-0.8093875959331897
20954,-0.8339158759429696
20955,-0.811780368154658
20956,-0.8137054359857677
20957,-0.8145960859344068
20958,-0.831948629407085
20959,-0.8582760533873924
20960,-0.8553370943715997
20961,-0.8583374397956279
20962,-0.8084882098210816
20963,-0.8171532959494392
20964,-0.8252139782302577
20965,-0.7785738693201566
20966,-0.7672293779215722
20967,-0.78696451875541
20968,-0.8212254309049603
20969,-0.7790949938020547
20970,-0.8044505067851367
20971,-0.7799743632954654
20972,-0.7707832833516189
20973,-0.7885817174748463
20974,-0.783453769377534
20975,-0.7922049887734675
20976,-0.8722249795980546
20977,-0.7878729328077513
20978,-0.7608074725003862
20979,-0.7922615836482362
20980,-0.8121655046608659
20981,-0.747042888531112
20982,-0.8618785127183082
20983,-0.7990859422700975
20984,-0.7882745821089504
20985,-0.8050827975724494
20986,-0.8370416539894069
20987,-0.8283372794053662
20988,-0.7787722347267849
20989,-0.8040102527448577
20990,-0.72277659318292
20991,-0.7648296957037596
20992,-0.7806987074040391
20993,-0.773939377149386
20994,-0.8689701686648633
20995,-0.8074531509471184
20996,-0.7910468944031872
20997,-0.8118350504812496
20998,-0.7845332575515587
20999,-0.737789237346297
21000,-0.7833767617343474
21001,-0.7369257698013114
21002,-0.737420166786466
21003,-0.8293926137397896
21004,-0.7651220957892708
21005,-0.8468378841988111
21006,-0.8243049726896255
21007,-0.7906083946229211
21008,-0.7665982194299877
21009,-0.7432604942381081
21010,-0.7504214147574275
21011,-0.771513239978971
21012,-0.8545426231873001
21013,-0.7930700793937241
21014,-0.7728924456836936
21015,-0.7419188426189144
21016,-0.7820184511690806
21017,-0.777210224841331
21018,-0.745378272412335
21019,-0.8092229265295994
21020,-0.7862444650435081
21021,-0.7835347370307577
21022,-0.7277082387837912
21023,-0.7785385858986111
21024,-0.7000994680399931
21025,-0.7312469996602883
21026,-0.7213321414108084
21027,-0.7439412437974543
21028,-0.6982774118575618
21029,-0.7377649808372339
21030,-0.7987445348199926
21031,-0.7313914075434557
21032,-0.7144529134645414
21033,-0.7533143566451714
21034,-0.813596543263987
21035,-0.7518901869763105
21036,-0.7953189724176194
21037,-0.7663909363216027
21038,-0.7192248665619099
21039,-0.7759505249492749
21040,-0.8097002794541164
21041,-0.7331343669477569
21042,-0.7572482845793204
21043,-0.7255132261937711
21044,-0.7528094882897931
21045,-0.7376893816997746
21046,-0.6962780863214671
21047,-0.7101689512378786
21048,-0.753511900573894
21049,-0.7942234917909986
21050,-0.7397595804802911
21051,-0.6864601061959109
21052,-0.7500451142123945
21053,-0.7151210650179075
21054,-0.7442352454635024
21055,-0.6971688108628362
21056,-0.7168239106157966
21057,-0.7166797263205931
21058,-0.7428555538859487
21059,-0.7682132564615756
21060,-0.7702073603557105
21061,-0.7383636434195406
21062,-0.7810149265152442
21063,-0.7537545355023697
21064,-0.7107787868425597
21065,-0.710849126312902
21066,-0.7382341674805065
21067,-0.7074317948652715
21068,-0.7030157589352574
21069,-0.7464300330064124
21070,-0.7338542706471581
21071,-0.7222467926345818
21072,-0.7427342709905405
21073,-0.675317646068288
21074,-0.7226477644156372
21075,-0.6836125806822625
21076,-0.6624891197392574
21077,-0.7373370388809971
21078,-0.7559367844167738
21079,-0.7425943960342665
21080,-0.7488177512182024
21081,-0.6405667004543879
21082,-0.6745410974946036
21083,-0.7794380508352757
21084,-0.7024119083517735
21085,-0.7219219304434787
21086,-0.7529899809661564
21087,-0.7201302243136715
21088,-0.7382390058492407
21089,-0.720589111432016
21090,-0.6622945041480967
21091,-0.7124823386275548
21092,-0.6505010884336495
21093,-0.6852600777481951
21094,-0.6663994845446861
21095,-0.7245133044982089
21096,-0.7341613811085271
21097,-0.6455619593341757
21098,-0.7092864793318441
21099,-0.6883774269410959
21100,-0.7169958720305923
21101,-0.7246737484069169
21102,-0.7257187773467302
21103,-0.7275118303614475
21104,-0.7145713162819909
21105,-0.7365157257317473
21106,-0.7050214189655355
21107,-0.6787774562305557
21108,-0.6739412067474131
21109,-0.6849511634335809
21110,-0.7527576796894728
21111,-0.7763847612197278
21112,-0.6910688650148654
21113,-0.7089747244488508
21114,-0.6556005906563969
21115,-0.6934256802124421
21116,-0.7331634657880334
21117,-0.6354809521629035
21118,-0.6492273696331248
21119,-0.7536267297395761
21120,-0.7235819188875374
21121,-0.6701764128851861
21122,-0.6103230043431231
21123,-0.6961370526196112
21124,-0.7158605459477297
21125,-0.6960551416014362
21126,-0.6716574513470016
21127,-0.6989404090209523
21128,-0.6878250946567457
21129,-0.6897549568357162
21130,-0.7016185395647854
21131,-0.6982080681383671
21132,-0.6603934676566194
21133,-0.6893950401965264
21134,-0.6998583940928133
21135,-0.7214052781113593
21136,-0.6780186409808544
21137,-0.7148732801598533
21138,-0.6550273157992303
21139,-0.7051637295442983
21140,-0.6665121889889966
21141,-0.647396242226752
21142,-0.6531164032909431
21143,-0.7163691872755433
21144,-0.7202767017691768
21145,-0.6651326046190567
21146,-0.7233685731001614
21147,-0.7212189005679644
21148,-0.6775475406609005
21149,-0.6752041751478978
21150,-0.6599571006810458
21151,-0.6782215885782007
21152,-0.6966711801457477
21153,-0.6425584622320172
21154,-0.6438131865111036
21155,-0.6677887579172567
21156,-0.6255967770222787
21157,-0.6488822210919087
21158,-0.6344213227018365
21159,-0.6913900601227653
21160,-0.6685855857986258
21161,-0.7141466292234866
21162,-0.7122082239745302
21163,-0.61980358567542
21164,-0.6922975197790577
21165,-0.665410704502972
21166,-0.5833981704309742
21167,-0.6485152930454015
21168,-0.6651854440618309
21169,-0.6573142058612863
21170,-0.6446643249845426
21171,-0.6526674741609239
21172,-0.6218303576313888
21173,-0.6863350627358551
21174,-0.7117261526004093
21175,-0.6420680371808377
21176,-0.6341851771225772
21177,-0.6596560055083668
21178,-0.6741159672996211
21179,-0.6406463193604915
21180,-0.6324176964632132
21181,-0.6601331883074015
21182,-0.6232564865488522
21183,-0.7030148352213726
21184,-0.6993317911923465
21185,-0.6047244868880031
21186,-0.6952268649855412
21187,-0.6803150932976908
21188,-0.6353207357331426
21189,-0.6651264983007125
21190,-0.671394215454087
21191,-0.6458389240705013
21192,-0.6198249402167613
21193,-0.6697341325077139
21194,-0.6189993829024845
21195,-0.6665385880395561
21196,-0.6412061893816998
21197,-0.6715188844085225
21198,-0.7133181118531908
21199,-0.6819851543529923
21200,-0.6713859577279143
21201,-0.6459727442191299
21202,-0.6368275815866405
21203,-0.6069639606843386
21204,-0.6390686371997343
21205,-0.6410606796924372
21206,-0.65406089589076
21207,-0.6042803011704103
21208,-0.6492381722479963
21209,-0.6355476814316827
21210,-0.7053975142656301
21211,-0.6328727655212892
21212,-0.6522092508559358
21213,-0.5933477782610521
21214,-0.5968622832184899
21215,-0.6655989208713194
21216,-0.6076071596168121
21217,-0.6177114731447826
21218,-0.6219294469191268
21219,-0.6089819009118795
21220,-0.645016277405601
21221,-0.6500296125990275
21222,-0.6199392603552205
21223,-0.625503826842468
21224,-0.6621001789583585
21225,-0.5936797670943433
21226,-0.6605775149913613
21227,-0.5625425467325119
21228,-0.5670512335617096
21229,-0.6800775047983674
21230,-0.5620807507109042
21231,-0.5987239609177398
21232,-0.6528303466286636
21233,-0.6297510163863537
21234,-0.5765032732657801
21235,-0.5694777281322142
21236,-0.5823212359905089
21237,-0.6571642907600375
21238,-0.5891421664146237
21239,-0.59536796682615
21240,-0.5526840017081176
21241,-0.6449139802013191
21242,-0.6214489877790946
21243,-0.6054314856406071
21244,-0.6628022440772656
21245,-0.6087760094115877
21246,-0.6351441831796355
21247,-0.6193561510076449
21248,-0.5989785187141907
21249,-0.6540640202454273
21250,-0.5782051866653249
21251,-0.643252024457416
21252,-0.6255017204531854
21253,-0.5526847989500785
21254,-0.6322388819208905
21255,-0.6230201404152508
21256,-0.5726689332876389
21257,-0.5922668309881096
21258,-0.6368891686009542
21259,-0.5918288810771549
21260,-0.5942095124344887
21261,-0.6604461063379021
21262,-0.6232302589952785
21263,-0.6612043781479012
21264,-0.5859227413400889
21265,-0.6066577542644226
21266,-0.6285270468141866
21267,-0.5996271994465924
21268,-0.6216536924484943
21269,-0.5856115069402641
21270,-0.5467300509259964
21271,-0.56561436924516
21272,-0.5524553088555675
21273,-0.5609811837417149
21274,-0.6009387325747578
21275,-0.5348881714614963
21276,-0.5958425138276502
21277,-0.6208236815412562
21278,-0.5678179878695481
21279,-0.5696753954827869
21280,-0.5705739573240503
21281,-0.6469516725415612
21282,-0.559374549434581
21283,-0.5882685840713064
21284,-0.5309552193492914
21285,-0.5633253481617079
21286,-0.6232363624025613
21287,-0.5826106909619857
21288,-0.571106927602476
21289,-0.5697932374963316
21290,-0.5685162644996126
21291,-0.6096290428483682
21292,-0.6115048343483536
21293,-0.5975603979027186
21294,-0.574727912930422
21295,-0.5463142394257282
21296,-0.6025813415664047
21297,-0.611082689356995
21298,-0.5752511443339311
21299,-0.5448803933265947
21300,-0.6219798387124678
21301,-0.5155283560078749
21302,-0.5546832994451325
21303,-0.5757085970358139
21304,-0.597197915020398
21305,-0.6034488990751693
21306,-0.531842551243582
21307,-0.524228684462837
21308,-0.6045044462046272
21309,-0.5888370689240463
21310,-0.5455406729826912
21311,-0.579673022663046
21312,-0.5766932654458882
21313,-0.6260620961667877
21314,-0.5807728819180595
21315,-0.5671493423758014
21316,-0.5639695944414469
21317,-0.6368355351584395
21318,-0.5271070177818066
21319,-0.518860433764748
21320,-0.546145837505302
21321,-0.5839678164801877
21322,-0.5801040491233801
21323,-0.5714435017647093
21324,-0.570472462776468
21325,-0.5291115198476797
21326,-0.579646771490936
21327,-0.5375710718607399
21328,-0.5841692382077088
21329,-0.6154606192197581
21330,-0.5618752957042186
21331,-0.5249775321376517
21332,-0.5522194533982102
21333,-0.5467478687773559
21334,-0.5996466884721345
21335,-0.547367788038992
21336,-0.5777094684340471
21337,-0.5506386929056576
21338,-0.5823333558046353
21339,-0.5249425859441514
21340,-0.5487008999220693
21341,-0.5415082067358941
21342,-0.5528884493628698
21343,-0.5389886439547046
21344,-0.5528218477369323
21345,-0.5484471670989062
21346,-0.525255427767553
21347,-0.5999824574417343
21348,-0.5493333526113037
21349,-0.5320118276599988
21350,-0.5498168861976231
21351,-0.5505795279422573
21352,-0.5535219283778886
21353,-0.5474943799694173
21354,-0.5255036058189945
21355,-0.5359489002505672
21356,-0.49860771393156145
21357,-0.5457376374209504
21358,-0.5597810507196614
21359,-0.5599324085421018
21360,-0.5554778962926649
21361,-0.5291717213179965
21362,-0.4940271254950347
21363,-0.5251351021818561
21364,-0.5571107257672545
21365,-0.5559918906821858
21366,-0.5037342438365315
21367,-0.5392414960679635
21368,-0.517255211868373
21369,-0.5597308718240827
21370,-0.5895038328398371
21371,-0.5269859687646131
21372,-0.5481995824145074
21373,-0.4827213365425308
21374,-0.47165141168048297
21375,-0.5544140349812322
21376,-0.5514843360825431
21377,-0.5327947639233336
21378,-0.6201190140531593
21379,-0.5266769274339383
21380,-0.5098788525084924
21381,-0.541243509716306
21382,-0.5181240135205104
21383,-0.4629388144583866
21384,-0.5026028734862055
21385,-0.5640401443486935
21386,-0.5285237908083277
21387,-0.587436207835508
21388,-0.5409828246422302
21389,-0.54044973304216
21390,-0.5123991497973025
21391,-0.4618206496339683
21392,-0.5088418475611917
21393,-0.5325405016862029
21394,-0.5579143322719761
21395,-0.5157446306012791
21396,-0.5591227560596731
21397,-0.553295466633959
21398,-0.4987168401840658
21399,-0.4805531044880726
21400,-0.5472272051054189
21401,-0.5089984237427957
21402,-0.5314628529900222
21403,-0.5517117347859861
21404,-0.4998103504459353
21405,-0.5102169503910958
21406,-0.5510456672486951
21407,-0.5100537418153414
21408,-0.5216321774657182
21409,-0.4636906282292723
21410,-0.49260333416787416
21411,-0.5632079364169185
21412,-0.46554969834613535
21413,-0.5782775094558894
21414,-0.44188958191546535
21415,-0.5373424465124059
21416,-0.5198355109970165
21417,-0.5067617739903716
21418,-0.4626918289164509
21419,-0.4477450544959191
21420,-0.488358351547225
21421,-0.4936051162693477
21422,-0.5354208099346266
21423,-0.5067887802576855
21424,-0.5168059896453978
21425,-0.4655176338803269
21426,-0.48046161747234184
21427,-0.47294973705780013
21428,-0.47100992579901946
21429,-0.4814682929585616
21430,-0.5106182545252773
21431,-0.5486871793938137
21432,-0.48044026185707855
21433,-0.5191780111698304
21434,-0.4623788332479352
21435,-0.5131481432613274
21436,-0.5196395501596528
21437,-0.5045594159339689
21438,-0.5292149336174413
21439,-0.5565673235907727
21440,-0.4389566655885728
21441,-0.5521731331363064
21442,-0.5019792202554672
21443,-0.5220028463495245
21444,-0.5317426233669001
21445,-0.508528142060972
21446,-0.4711241750395599
21447,-0.5520883694653986
21448,-0.506113243704996
21449,-0.5130523853172669
21450,-0.4550622947792834
21451,-0.4767233227347565
21452,-0.5276000888751806
21453,-0.4842403924466249
21454,-0.4701168138998334
21455,-0.5229251985412732
21456,-0.4895809724113779
21457,-0.4989478421554823
21458,-0.4861307311987435
21459,-0.48088642843546137
21460,-0.5239136485934739
21461,-0.4822229814937506
21462,-0.4725911114549419
21463,-0.47253732076765015
21464,-0.48486011898200887
21465,-0.46645958549353567
21466,-0.5020324520213502
21467,-0.4373919631126467
21468,-0.4823626123427322
21469,-0.5149794782671283
21470,-0.4447439659572848
21471,-0.49728069369607275
21472,-0.4719066040788496
21473,-0.48158823932235395
21474,-0.440377250098165
21475,-0.5132599361419128
21476,-0.45927877631657105
21477,-0.4447570791295749
21478,-0.47943074670637464
21479,-0.423003124400146
21480,-0.47736028446191714
21481,-0.47476208233208783
21482,-0.49143804595993346
21483,-0.45803201742865957
21484,-0.4734938820016112
21485,-0.45960640864355323
21486,-0.4543785863904429
21487,-0.4796706054672611
21488,-0.45542554097043475
21489,-0.44505427894014415
21490,-0.4647782985821513
21491,-0.5354497590046382
21492,-0.4192793232778805
21493,-0.48792379688437515
21494,-0.46504211522936584
21495,-0.4201123329819234
21496,-0.4419909730970986
21497,-0.5415762597215829
21498,-0.4614061184514986
21499,-0.4991127415885384
21500,-0.4615358027854468
21501,-0.4657968778117449
21502,-0.47254612818655295
21503,-0.4863085505098365
21504,-0.4536113913459622
21505,-0.3932438464259579
21506,-0.3875875645048295
21507,-0.4737864055371401
21508,-0.5065161621593858
21509,-0.46473541763507964
21510,-0.435693659093927
21511,-0.4997964683234598
21512,-0.4848419457191177
21513,-0.5137056932081261
21514,-0.4317294065023022
21515,-0.449363667789754
21516,-0.468570700478889
21517,-0.41708031188231287
21518,-0.48639174075568975
21519,-0.45378824942589585
21520,-0.5143213614998638
21521,-0.4763532088998674
21522,-0.48860609532648863
21523,-0.447731298254195
21524,-0.46229348886971533
21525,-0.42854435194317886
21526,-0.45039820104106404
21527,-0.46152175636234455
21528,-0.48544665970622897
21529,-0.4276786972441268
21530,-0.47184918161556105
21531,-0.41953802310414934
21532,-0.42139470534061063
21533,-0.48963650536979864
21534,-0.4371842427524498
21535,-0.48459811441524825
21536,-0.43991788513378854
21537,-0.47272390776119105
21538,-0.458828184656167
21539,-0.4408107179789176
21540,-0.40033720468104256
21541,-0.46121178366801807
21542,-0.4292851252733793
21543,-0.4137098786370871
21544,-0.4370138692137683
21545,-0.4402248673748566
21546,-0.48005408197042765
21547,-0.5190601393158796
21548,-0.3925010150539429
21549,-0.46573212184038143
21550,-0.42391948742031316
21551,-0.4007505513237044
21552,-0.4872065638329116
21553,-0.39940704947612293
21554,-0.4628921192029516
21555,-0.39648674955330626
21556,-0.45521177770474486
21557,-0.4682009325268121
21558,-0.46378208394977555
21559,-0.46206409637667895
21560,-0.38901573067735257
21561,-0.39157154308867714
21562,-0.41630312976819117
21563,-0.400024986166719
21564,-0.48533781975901247
21565,-0.4238701381408476
21566,-0.4789719534290353
21567,-0.398868615682861
21568,-0.3762236079387775
21569,-0.4312005800689548
21570,-0.4309930144668684
21571,-0.40604083865625334
21572,-0.4603721860154085
21573,-0.3970248969676254
21574,-0.45232013350306405
21575,-0.48429135432601395
21576,-0.3941085399770417
21577,-0.4163764231154915
21578,-0.44386119098403315
21579,-0.45789387511717405
21580,-0.43072051555825425
21581,-0.37133856484792394
21582,-0.44301930235556247
21583,-0.45514527879183775
21584,-0.41002927969642705
21585,-0.39478803481807806
21586,-0.4275769477531638
21587,-0.4094563537489166
21588,-0.4500190307472391
21589,-0.4310023027353082
21590,-0.3659907877528273
21591,-0.48334029663316624
21592,-0.4158735373435138
21593,-0.4049529928178315
21594,-0.37057135113192624
21595,-0.4071996488565077
21596,-0.48076532470709676
21597,-0.43208903034932017
21598,-0.4220019426505146
21599,-0.35879658886163274
21600,-0.40827671168290275
21601,-0.4399461641139363
21602,-0.3856700936796132
21603,-0.39624419582864345
21604,-0.45441688558607773
21605,-0.454306888169384
21606,-0.4157747809776847
21607,-0.4017891059035382
21608,-0.41453032162353054
21609,-0.44442364530174167
21610,-0.4350112122438703
21611,-0.44390078529770044
21612,-0.38469040807692817
21613,-0.4238838923655568
21614,-0.3907391158806561
21615,-0.4526621116571774
21616,-0.433595152717625
21617,-0.4616356226062142
21618,-0.3976812130807693
21619,-0.40271224465248273
21620,-0.43744807481076214
21621,-0.36121325304186014
21622,-0.3671669866056927
21623,-0.4105151574833868
21624,-0.39737353863958835
21625,-0.4292172806210903
21626,-0.46522999407946836
21627,-0.5133690462153477
21628,-0.4060691238727389
21629,-0.4043344313585056
21630,-0.48555670782626514
21631,-0.45280390406035953
21632,-0.4078342427948861
21633,-0.44625731841967015
21634,-0.4134545194379818
21635,-0.3680198144170797
21636,-0.4270712699944508
21637,-0.4790520822588818
21638,-0.36830439908056056
21639,-0.4106457881436092
21640,-0.4321983620746383
21641,-0.41446918317633014
21642,-0.4484079545514007
21643,-0.47767208640130404
21644,-0.4173207782564206
21645,-0.35049878344802876
21646,-0.3901653829673443
21647,-0.3927216524072174
21648,-0.42113049722552487
21649,-0.3945288403426894
21650,-0.44355867320220904
21651,-0.422143498202171
21652,-0.379835862206854
21653,-0.4081993213240457
21654,-0.3883680101316421
21655,-0.4239886864040934
21656,-0.4083896252299915
21657,-0.35930096214223245
21658,-0.4301352565369764
21659,-0.3424683667718089
21660,-0.34511659835432956
21661,-0.40721470237134305
21662,-0.40641587339492213
21663,-0.4108159595580801
21664,-0.3882727183845458
21665,-0.3438118070243195
21666,-0.39760486792491784
21667,-0.4280722263270242
21668,-0.34240213164849576
21669,-0.3692941050186603
21670,-0.34984233413457994
21671,-0.3714197617409912
21672,-0.39663500699817855
21673,-0.37784867663253663
21674,-0.3813095258119774
21675,-0.3453903361375154
21676,-0.35193021734046775
21677,-0.3376450790810917
21678,-0.3855581829872523
21679,-0.44060334293209635
21680,-0.41412059221311215
21681,-0.37815073511916103
21682,-0.3876454466108682
21683,-0.4105883749113034
21684,-0.3996864751901394
21685,-0.39613694906406943
21686,-0.35423000431972956
21687,-0.3756823366002127
21688,-0.4148956896665772
21689,-0.38303348754912486
21690,-0.3731166656640474
21691,-0.3964208726462847
21692,-0.3947491715232002
21693,-0.37831260012846346
21694,-0.36821718979376306
21695,-0.3932225228616948
21696,-0.38296160858215766
21697,-0.33056183879268825
21698,-0.36587142081549673
21699,-0.4152081597650674
21700,-0.3343792719479855
21701,-0.40708755587186246
21702,-0.36174915068835706
21703,-0.3763930101734623
21704,-0.30937227979220805
21705,-0.4053525342081416
21706,-0.38090769353945964
21707,-0.4406049446345511
21708,-0.3710143134327612
21709,-0.37287973682805764
21710,-0.3918252355620631
21711,-0.3656692542669784
21712,-0.374393419930586
21713,-0.3373749191688852
21714,-0.38625379908182755
21715,-0.41488659800895294
21716,-0.3519711541801397
21717,-0.3592771445464034
21718,-0.3750414207598725
21719,-0.3590503359227006
21720,-0.3552284694778439
21721,-0.4015041900961834
21722,-0.32858390154767014
21723,-0.38177241839777804
21724,-0.39755656758110336
21725,-0.4387034511695703
21726,-0.3159274816353457
21727,-0.41670214357493457
21728,-0.3661460818319257
21729,-0.3575217659977169
21730,-0.3808638793398324
21731,-0.38427732230315886
21732,-0.40209516727060746
21733,-0.39826362428925766
21734,-0.3703856523335695
21735,-0.37248735964596663
21736,-0.36561829770061044
21737,-0.4471580106004899
21738,-0.39443582754787354
21739,-0.35555979023706025
21740,-0.3785011489645959
21741,-0.3500065400439099
21742,-0.41269893090419063
21743,-0.333840449708544
21744,-0.33817469565632674
21745,-0.40295897691698124
21746,-0.3870942726576425
21747,-0.34104608878126225
21748,-0.38670484258874427
21749,-0.3557243962457531
21750,-0.37312024252381776
21751,-0.31709074088011546
21752,-0.3339514152179744
21753,-0.3207759790924929
21754,-0.39122765427979483
21755,-0.40884139193436786
21756,-0.26634340243137167
21757,-0.31676546026294283
21758,-0.3635987996668085
21759,-0.39419883670293954
21760,-0.3751773593826361
21761,-0.349904869894624
21762,-0.3296036388060356
21763,-0.3473915450141939
21764,-0.40882493005812254
21765,-0.38204450109250915
21766,-0.3262031402765924
21767,-0.3894816393734253
21768,-0.421765861846707
21769,-0.3539700086909201
21770,-0.3091398885828497
21771,-0.37498598897591356
21772,-0.34719235364343914
21773,-0.410115123732256
21774,-0.37573002535392064
21775,-0.3625443118078068
21776,-0.37093527169502183
21777,-0.3500994441945691
21778,-0.34655192450380595
21779,-0.39931509334256726
21780,-0.33466730890074126
21781,-0.3692399882456382
21782,-0.301362685355286
21783,-0.3333858954800489
21784,-0.40088345275182335
21785,-0.34881692704500206
21786,-0.29374103520277905
21787,-0.35556723069248874
21788,-0.35436069463547604
21789,-0.3593993971186562
21790,-0.3442708470454772
21791,-0.34226716375123173
21792,-0.35298463579607076
21793,-0.3156102012532417
21794,-0.331313654664733
21795,-0.2999511044681913
21796,-0.39187147469816785
21797,-0.34693031556603415
21798,-0.3994143637475563
21799,-0.3015700095342805
21800,-0.40364012328079424
21801,-0.2962077479824038
21802,-0.3150020796795438
21803,-0.3526844797145934
21804,-0.33296147786785035
21805,-0.2901127494362536
21806,-0.333947971330207
21807,-0.36613803113918447
21808,-0.37447764576407505
21809,-0.35029098210976073
21810,-0.31221267583663415
21811,-0.3709181228591444
21812,-0.31266049975922483
21813,-0.2987841768628861
21814,-0.36801285047598203
21815,-0.32005656739938965
21816,-0.31429159067881074
21817,-0.32935625808742036
21818,-0.28975577413919223
21819,-0.332854293684983
21820,-0.38924425428114434
21821,-0.3189367492829142
21822,-0.3953614762581389
21823,-0.27360989794647406
21824,-0.32009850873048556
21825,-0.3212493353725681
21826,-0.3462678222608646
21827,-0.38439863940321106
21828,-0.39900657960113056
21829,-0.35813824586110343
21830,-0.32449612604949674
21831,-0.3733407766998166
21832,-0.37764202903604577
21833,-0.3593915910913493
21834,-0.311792997662005
21835,-0.32112882288434497
21836,-0.3119441892836703
21837,-0.33107841101604535
21838,-0.3272048535475062
21839,-0.37223809163565164
21840,-0.3573907642830259
21841,-0.3084451371124791
21842,-0.3904432946604833
21843,-0.35305656607708163
21844,-0.3283136720756754
21845,-0.36067575499291626
21846,-0.3214684935654012
21847,-0.3613129304216623
21848,-0.3014898607100962
21849,-0.38146062404759723
21850,-0.3344823252726235
21851,-0.28626737406435976
21852,-0.32058180466954844
21853,-0.35069930024142787
21854,-0.32281857546524967
21855,-0.30916185492233744
21856,-0.32091109487216474
21857,-0.34288794888396196
21858,-0.38621352341440623
21859,-0.33207349209513753
21860,-0.38106025107150865
21861,-0.29619472868104824
21862,-0.31835740156942677
21863,-0.2909061570723436
21864,-0.3405452466917066
21865,-0.2915721593702659
21866,-0.29493665728669005
21867,-0.29978131659127827
21868,-0.2900501915814822
21869,-0.3459164117137716
21870,-0.2924419216669352
21871,-0.3363244608490126
21872,-0.3164203044327208
21873,-0.33819539032594287
21874,-0.2978628517565094
21875,-0.2569485187340256
21876,-0.3041558262942356
21877,-0.3561135512737988
21878,-0.324600592658492
21879,-0.2917534876837847
21880,-0.2911493834404307
21881,-0.2941193137312673
21882,-0.34150440950931
21883,-0.36960729302656214
21884,-0.3622618042067381
21885,-0.3351359236776021
21886,-0.33785547709697433
21887,-0.33811964269670014
21888,-0.2995198383234112
21889,-0.3491229645867098
21890,-0.22761351869033497
21891,-0.291623345055674
21892,-0.3844851559014827
21893,-0.30137500915665505
21894,-0.32486559034899376
21895,-0.3219218829090889
21896,-0.35705099553813746
21897,-0.3419712786677557
21898,-0.3314237122287466
21899,-0.36297635830779157
21900,-0.3128065694530022
21901,-0.330759176677093
21902,-0.2966427287827904
21903,-0.328695999340715
21904,-0.3439400474184703
21905,-0.3031659751252473
21906,-0.310194279059062
21907,-0.3107855019181584
21908,-0.30088175407555606
21909,-0.33232613796646043
21910,-0.3532384300027861
21911,-0.32345544262200243
21912,-0.30620715628347117
21913,-0.35448775037755975
21914,-0.3236609390314788
21915,-0.28675388405102764
21916,-0.29207120719449386
21917,-0.30039484756018625
21918,-0.32234294775840006
21919,-0.2755146296695172
21920,-0.3363108470656619
21921,-0.32328497555778757
21922,-0.3364579642505875
21923,-0.2900956836259696
21924,-0.34169400875685857
21925,-0.34028328257875384
21926,-0.26883819062143166
21927,-0.31115577962841867
21928,-0.3066793779872331
21929,-0.2903898776484877
21930,-0.3322232513006948
21931,-0.317303915009695
21932,-0.29182601668892166
21933,-0.31586916877374116
21934,-0.3487300121970092
21935,-0.2917229297291925
21936,-0.32506759372551236
21937,-0.2729605996883258
21938,-0.28105512336210703
21939,-0.31600472561382037
21940,-0.2715569329859105
21941,-0.27459817981524315
21942,-0.23539241109683612
21943,-0.27813033556987965
21944,-0.29837747025928646
21945,-0.29014257581790437
21946,-0.3177581013877529
21947,-0.24254874278077815
21948,-0.3077909217183137
21949,-0.28442348969207487
21950,-0.3264217627694852
21951,-0.28866991403615716
21952,-0.3157994465218275
21953,-0.3074121802665879
21954,-0.2550933071997388
21955,-0.29173692502114384
21956,-0.34631913095623285
21957,-0.3390131768259164
21958,-0.29838754162319403
21959,-0.29803285840425336
21960,-0.2712822307757627
21961,-0.28053538071278955
21962,-0.30087401282145537
21963,-0.2821613484590134
21964,-0.2972567470264843
21965,-0.2545842588326712
21966,-0.2751174008635042
21967,-0.2851936343050351
21968,-0.3104181725321248
21969,-0.2738287283889262
21970,-0.32885798650712933
21971,-0.24406099953372765
21972,-0.31559561006108977
21973,-0.2754405731025694
21974,-0.2752454976307968
21975,-0.2536439520092044
21976,-0.30438640501171627
21977,-0.3018864947804669
21978,-0.2907564187598904
21979,-0.2792042602353985
21980,-0.3284336225320546
21981,-0.2658612558825704
21982,-0.23275809501516445
21983,-0.295832336847227
21984,-0.240717297066411
21985,-0.2473573232733343
21986,-0.3271006457587041
21987,-0.26307063728145424
21988,-0.31976820230737113
21989,-0.2475882112883177
21990,-0.27407523846039544
21991,-0.35219543216029725
21992,-0.3061148536555294
21993,-0.2374029295469129
21994,-0.29983687204970594
21995,-0.26073448424213563
21996,-0.23853635829117958
21997,-0.2517756701269812
21998,-0.32629049788121506
21999,-0.2991213138419521
22000,-0.3183733070753817
22001,-0.306353527147808
22002,-0.27153063787502574
22003,-0.303061067898449
22004,-0.2898152346970104
22005,-0.23575549530680762
22006,-0.2791627273652001
22007,-0.267976961780667
22008,-0.2158951618248361
22009,-0.29300895807391536
22010,-0.2764012693390495
22011,-0.2536567996813217
22012,-0.32291519384316614
22013,-0.29014138037503595
22014,-0.28168969500045915
22015,-0.28968548585774384
22016,-0.293510761190986
22017,-0.28331872312296974
22018,-0.28167678259902046
22019,-0.2731742165395919
22020,-0.27750845835404786
22021,-0.3153278756019909
22022,-0.25574833122943696
22023,-0.2517410177193933
22024,-0.30801736105222205
22025,-0.275122957253794
22026,-0.24491407897765846
22027,-0.3051910724715831
22028,-0.2213413792594958
22029,-0.2710975125041175
22030,-0.29368138531006516
22031,-0.3091822527999189
22032,-0.2604658936577797
22033,-0.27867997876181394
22034,-0.2672451613254213
22035,-0.30768354107055423
22036,-0.22421788006233898
22037,-0.23990503106309152
22038,-0.27435821288866674
22039,-0.24432323179605087
22040,-0.25109351442851424
22041,-0.20601392273699415
22042,-0.22158300113638146
22043,-0.26707711936204737
22044,-0.3002470747996867
22045,-0.26270793826522704
22046,-0.2765141853619326
22047,-0.2531333660756709
22048,-0.2742666098706928
22049,-0.28234685538574633
22050,-0.31171688855104973
22051,-0.2678652004000785
22052,-0.26470458147447523
22053,-0.24474587500124287
22054,-0.21259438200673753
22055,-0.2406983623755195
22056,-0.24075146574837228
22057,-0.2608861164849928
22058,-0.3185112709573447
22059,-0.23034088868719438
22060,-0.23595091408197877
22061,-0.2632052053076509
22062,-0.22554095498586926
22063,-0.2489378258939756
22064,-0.2159466078531482
22065,-0.3177580225416087
22066,-0.2559045129406212
22067,-0.2958095068391746
22068,-0.2340914125414883
22069,-0.27034236571682096
22070,-0.2406498286990463
22071,-0.2524596175414787
22072,-0.26905485286518505
22073,-0.26085157199103753
22074,-0.29970383654312904
22075,-0.2692849311772512
22076,-0.23080266631932805
22077,-0.29072863949732963
22078,-0.2729831743617679
22079,-0.2627764452951719
22080,-0.2712001970611726
22081,-0.30742537785403
22082,-0.2550131295702398
22083,-0.23832952007387248
22084,-0.2426051265723526
22085,-0.2540455628010297
22086,-0.20921625767636878
22087,-0.2229219531726095
22088,-0.27633151047674354
22089,-0.2720478739768672
22090,-0.22987891251822384
22091,-0.26386365857543803
22092,-0.2938060851373165
22093,-0.233223668343236
22094,-0.26630294689991024
22095,-0.22351629904770923
22096,-0.2468389869270179
22097,-0.30168357825215447
22098,-0.2639839087201516
22099,-0.23894918132393259
22100,-0.24698904405662298
22101,-0.28830322331042935
22102,-0.21480239659052042
22103,-0.2525053676890545
22104,-0.22630903621012022
22105,-0.27275637696473204
22106,-0.275256438040892
22107,-0.24510220746276218
22108,-0.25823795872148025
22109,-0.2491549196793514
22110,-0.23785401988804317
22111,-0.23716978118625495
22112,-0.2504819223633322
22113,-0.26361670502902623
22114,-0.197762230581622
22115,-0.2947563828409953
22116,-0.23271552722472177
22117,-0.27741852530993594
22118,-0.2223327351166568
22119,-0.2240943605406854
22120,-0.3083324668451997
22121,-0.2743669533388195
22122,-0.2215278156952446
22123,-0.2479315323870537
22124,-0.22988168739441156
22125,-0.25141104392037045
22126,-0.286747089579123
22127,-0.2473555703444757
22128,-0.22343057308072906
22129,-0.19636111753359697
22130,-0.24585848420838793
22131,-0.19358044471980795
22132,-0.2589698009411622
22133,-0.2175130413382288
22134,-0.2319191951267921
22135,-0.3108322146434471
22136,-0.2572981367289373
22137,-0.23600920762482078
22138,-0.23364919953164878
22139,-0.20049315042808188
22140,-0.26196907362595667
22141,-0.3215599332023309
22142,-0.2655853032818125
22143,-0.2998676283375612
22144,-0.23123084723104542
22145,-0.2194685597290551
22146,-0.22290103604389458
22147,-0.20677495556927017
22148,-0.229585382115143
22149,-0.2715653316142252
22150,-0.2760915757339606
22151,-0.28496493909447307
22152,-0.25651374809190125
22153,-0.33178583196933414
22154,-0.22759064210830615
22155,-0.24869496176356087
22156,-0.2490463213544596
22157,-0.3006602752656149
22158,-0.2358780318237876
22159,-0.2087512095518937
22160,-0.2269137685524345
22161,-0.21952076939830867
22162,-0.23926733486350846
22163,-0.20872700894429247
22164,-0.24435520855840923
22165,-0.23079244066895338
22166,-0.23026175134704918
22167,-0.2666419901747973
22168,-0.2695254566519685
22169,-0.23783661129827455
22170,-0.2062963935524343
22171,-0.1988180377579405
22172,-0.26701849230409536
22173,-0.23207387174274416
22174,-0.198189064834975
22175,-0.1822506069280357
22176,-0.24117303444561053
22177,-0.2540983520231523
22178,-0.23290683926002959
22179,-0.24808181267357782
22180,-0.21489636260938338
22181,-0.23922300446790015
22182,-0.21384377333074125
22183,-0.17764684394765953
22184,-0.21568231165429472
22185,-0.23214191008041068
22186,-0.29937993726747436
22187,-0.19349989018654046
22188,-0.20140296375859312
22189,-0.23212681330890103
22190,-0.23178163258709397
22191,-0.26484159739534463
22192,-0.23101003676474374
22193,-0.28275258543500287
22194,-0.23984313598700902
22195,-0.19329463628430507
22196,-0.24476990319712638
22197,-0.28983439652356013
22198,-0.23176076719694685
22199,-0.19338587046245903
22200,-0.20360645841491257
22201,-0.21611799201153997
22202,-0.2554161626744187
22203,-0.2494098677389793
22204,-0.1968549299637441
22205,-0.262647111056891
22206,-0.2409661467398267
22207,-0.2695816979740992
22208,-0.2420220686115524
22209,-0.26932292216864223
22210,-0.24939398549231204
22211,-0.23978153598318713
22212,-0.18439332443717743
22213,-0.2087557383139675
22214,-0.2624270909938076
22215,-0.22926751657749114
22216,-0.2409471994176655
22217,-0.18833095321024662
22218,-0.22461649280151802
22219,-0.19730954134229856
22220,-0.24867390009159082
22221,-0.2361663431981075
22222,-0.26438644544057827
22223,-0.22245731270495267
22224,-0.2230502862270972
22225,-0.24076656109762365
22226,-0.31202969624409344
22227,-0.27605487118716765
22228,-0.24384776005632647
22229,-0.21861212057202128
22230,-0.23336445781032122
22231,-0.23418309819236194
22232,-0.24376656049316853
22233,-0.21780399920223903
22234,-0.2435923827172435
22235,-0.18084267814730395
22236,-0.20595309837796816
22237,-0.22488733211473444
22238,-0.1956331424564911
22239,-0.22926449913022223
22240,-0.22825910985843323
22241,-0.27640252063071663
22242,-0.22628057107901045
22243,-0.22488145224580924
22244,-0.2335141170599463
22245,-0.24843706844911972
22246,-0.20462938984582552
22247,-0.21298850690943558
22248,-0.16418795876779646
22249,-0.21489393037962434
22250,-0.2575253453291341
22251,-0.217077105471439
22252,-0.1885186486734479
22253,-0.21881344097991764
22254,-0.19819624571707148
22255,-0.19780887151198367
22256,-0.21889371082042627
22257,-0.23133372429886895
22258,-0.20450950483315164
22259,-0.18187221666549763
22260,-0.18254821244289876
22261,-0.17884331204206055
22262,-0.1823620457570258
22263,-0.22789227090347258
22264,-0.2654877108429109
22265,-0.2421206184191241
22266,-0.17709515132895853
22267,-0.21025360847341915
22268,-0.13320437646607125
22269,-0.1897407036830822
22270,-0.16736545370088307
22271,-0.22275251401555876
22272,-0.2275735432360366
22273,-0.2098717862200872
22274,-0.23065208460245992
22275,-0.23711904771638298
22276,-0.27361666629938025
22277,-0.200494756536695
22278,-0.23716431942707222
22279,-0.1881674629807818
22280,-0.2231451844311867
22281,-0.2402362549617415
22282,-0.2003597479576103
22283,-0.1275264951928563
22284,-0.29140588080154983
22285,-0.23995900417866253
22286,-0.22678424106099093
22287,-0.1616405347462416
22288,-0.183978331546289
22289,-0.17008907765921388
22290,-0.2538648922105908
22291,-0.18560203657953386
22292,-0.24376773712413868
22293,-0.22763165348856115
22294,-0.23176512195616142
22295,-0.16002570572355146
22296,-0.1934251104131514
22297,-0.2307018921261656
22298,-0.17735031706994706
22299,-0.1642711407678577
22300,-0.20796543087326408
22301,-0.21172659073517924
22302,-0.18838842165045877
22303,-0.18203145752603686
22304,-0.17812469005468756
22305,-0.2070470596954567
22306,-0.20452208566136834
22307,-0.19560328396769305
22308,-0.24632339701197298
22309,-0.2050610305997705
22310,-0.18673658116553196
22311,-0.22942819340952023
22312,-0.19581366285625867
22313,-0.17271967146211015
22314,-0.2005541413959932
22315,-0.17773522955166937
22316,-0.18443235710870975
22317,-0.17253285663541965
22318,-0.21241892706839488
22319,-0.20893226591101652
22320,-0.20765609989724346
22321,-0.1978490803734189
22322,-0.18125210248970566
22323,-0.2235963236659492
22324,-0.18386922578795115
22325,-0.21564572872688803
22326,-0.1925832299807427
22327,-0.2386613088467164
22328,-0.2066733614755785
22329,-0.21042503589952577
22330,-0.1768146341983898
22331,-0.28241293681867347
22332,-0.13627507068768901
22333,-0.23018302905923124
22334,-0.15762738310118654
22335,-0.2743292934328416
22336,-0.18974710408337717
22337,-0.2003001769935854
22338,-0.1902186861177316
22339,-0.18121751376760492
22340,-0.1302784762222387
22341,-0.20372438379843388
22342,-0.20773377220572775
22343,-0.16584363155551451
22344,-0.262999482999875
22345,-0.19499549968152827
22346,-0.1815785539335725
22347,-0.2000867803708737
22348,-0.20546223595485158
22349,-0.1910720309687661
22350,-0.19210348044994785
22351,-0.17971031198940918
22352,-0.19048954681756608
22353,-0.17569167379540843
22354,-0.16735114623454653
22355,-0.15574899566792566
22356,-0.15809474585534017
22357,-0.27452946942751516
22358,-0.17693662371804847
22359,-0.17208264799074943
22360,-0.19561419529964802
22361,-0.2193066094961481
22362,-0.19803428846406346
22363,-0.19592987398725425
22364,-0.18699000737725724
22365,-0.17271893708277977
22366,-0.19328773431856816
22367,-0.23265299883660848
22368,-0.16411747789838071
22369,-0.17036454744046065
22370,-0.1782326084697609
22371,-0.21660514951235046
22372,-0.16520857952914964
22373,-0.24653674697118225
22374,-0.14558580669744653
22375,-0.1713561781417259
22376,-0.18385053357564
22377,-0.1413950973987395
22378,-0.18260245079229065
22379,-0.20603526901223823
22380,-0.15684195575129295
22381,-0.20861946621938765
22382,-0.19178815525753135
22383,-0.1623628790449757
22384,-0.21251146478010136
22385,-0.16559333499901802
22386,-0.17695844478878436
22387,-0.2023677721730845
22388,-0.19583821884297423
22389,-0.24174995954135603
22390,-0.13611602320168883
22391,-0.16643691669988794
22392,-0.1720106020989939
22393,-0.12994901077536233
22394,-0.13953127540790206
22395,-0.15842890837105428
22396,-0.1602822826332263
22397,-0.1633391660107284
22398,-0.18347590311216017
22399,-0.2295603354214706
22400,-0.18967498900747573
22401,-0.22172315536018417
22402,-0.15299019636171737
22403,-0.15909463885430764
22404,-0.1788559805775358
22405,-0.18983238036141886
22406,-0.1615927343137978
22407,-0.1514400609201833
22408,-0.13997729872133063
22409,-0.23326661708815638
22410,-0.13411951282272572
22411,-0.16042267264924626
22412,-0.19660842603518852
22413,-0.1665122666191806
22414,-0.12146453876971712
22415,-0.1820872730062776
22416,-0.22675882806339326
22417,-0.18400375348818912
22418,-0.19381739665579062
22419,-0.14645214717770172
22420,-0.16806339314809957
22421,-0.16760757160593584
22422,-0.14512419575978916
22423,-0.22325908030351274
22424,-0.13856928852277414
22425,-0.25590090998413156
22426,-0.20563437338322782
22427,-0.17021884760676265
22428,-0.18684659986170907
22429,-0.17146122607804928
22430,-0.2078263692144773
22431,-0.18764216691060107
22432,-0.15016819654245517
22433,-0.20538493180127612
22434,-0.2166326610281874
22435,-0.2014618971459081
22436,-0.09984095766817375
22437,-0.16577439448086034
22438,-0.1699020523248273
22439,-0.18484990065071027
22440,-0.20836901524198187
22441,-0.17630251256844287
22442,-0.23303955346188887
22443,-0.17911537322970283
22444,-0.1980153071504619
22445,-0.20487024843783377
22446,-0.12374302774271165
22447,-0.19270700778876096
22448,-0.171741087708905
22449,-0.20387475460737575
22450,-0.20078346126442057
22451,-0.15372590657208757
22452,-0.1280221571615847
22453,-0.1830145888529716
22454,-0.18607251415751644
22455,-0.18403354835519367
22456,-0.14672908962768
22457,-0.1722123037287252
22458,-0.1703905141019429
22459,-0.1967551887289602
22460,-0.21549096027229486
22461,-0.14972003513025295
22462,-0.16261114652251138
22463,-0.16586141250262507
22464,-0.21669731003697001
22465,-0.18849076876892187
22466,-0.18690589083341513
22467,-0.23063362034652343
22468,-0.14362443306428785
22469,-0.1391664197671843
22470,-0.16760710014656405
22471,-0.23534586820781858
22472,-0.16695588732697136
22473,-0.12701104995049156
22474,-0.207978509773015
22475,-0.20148346178159732
22476,-0.14144140992779236
22477,-0.13285223877674512
22478,-0.2525364407561031
22479,-0.20894109335917233
22480,-0.16517211279656777
22481,-0.15553111294537733
22482,-0.19435567749612437
22483,-0.20828263142069967
22484,-0.18378789628390207
22485,-0.15866737883572538
22486,-0.19341232894127938
22487,-0.2247916833444251
22488,-0.13662849974734112
22489,-0.15859430391388143
22490,-0.16066692799793555
22491,-0.12164217591156438
22492,-0.16362610805382322
22493,-0.10385787936689973
22494,-0.18122904168289555
22495,-0.1698456013362716
22496,-0.11845455361878297
22497,-0.24780131756394272
22498,-0.20233662301077254
22499,-0.2040144297054177
22500,-0.19476220677862852
22501,-0.20966369915036653
22502,-0.14037408151279293
22503,-0.20909203730156817
22504,-0.17031261624622018
22505,-0.22326414639700523
22506,-0.17286279749457714
22507,-0.12550618200232505
22508,-0.1896588012044049
22509,-0.15587263612857108
22510,-0.1637414705515704
22511,-0.22873068672292401
22512,-0.12710400823161555
22513,-0.1779584431896799
22514,-0.20367566808680082
22515,-0.1452804420003039
22516,-0.1793199857021321
22517,-0.1512920415150456
22518,-0.13455144279477987
22519,-0.1673284564534053
22520,-0.18614305052705563
22521,-0.1491667751853235
22522,-0.15557382006793719
22523,-0.12410818125749207
22524,-0.1323660138912777
22525,-0.17811843015068277
22526,-0.24012993465666072
22527,-0.16320499895653398
22528,-0.1495006279673728
22529,-0.1459051150226096
22530,-0.1968372633489279
22531,-0.15856733859590852
22532,-0.14012445785418076
22533,-0.14496058151149924
22534,-0.13980606310288737
22535,-0.16954359524615542
22536,-0.125250041737859
22537,-0.17446814025430188
22538,-0.1800861982455598
22539,-0.19236712858369404
22540,-0.18229716338131538
22541,-0.20037772747740124
22542,-0.21486642906590625
22543,-0.1552013203823696
22544,-0.1985613023898318
22545,-0.22202623029394572
22546,-0.12396678181309795
22547,-0.19243369188509113
22548,-0.12551486672175288
22549,-0.12781351305723662
22550,-0.19321763145272694
22551,-0.13645550813360074
22552,-0.16393210433142355
22553,-0.14700920385706262
22554,-0.18844507487561113
22555,-0.18595974428778114
22556,-0.11701558451654293
22557,-0.17494270350315663
22558,-0.15898329100305997
22559,-0.09698435787593218
22560,-0.11919727189302527
22561,-0.16447983436740887
22562,-0.11416283567904509
22563,-0.14025406639739219
22564,-0.16995726505117104
22565,-0.08789620288851004
22566,-0.20061814281190876
22567,-0.12838927644760106
22568,-0.17890014100426901
22569,-0.14870497652610767
22570,-0.15378854507179213
22571,-0.18981028695591412
22572,-0.09407717022880853
22573,-0.16080528066351923
22574,-0.12831370239377402
22575,-0.11854258703739454
22576,-0.16578065887902318
22577,-0.15175601720971377
22578,-0.17961248880724512
22579,-0.20199454306203884
22580,-0.10645388474681226
22581,-0.14356212658407266
22582,-0.2163904695571556
22583,-0.15629056675574773
22584,-0.13503640389045385
22585,-0.10887009963168798
22586,-0.12328319534336729
22587,-0.16986936894589252
22588,-0.17211938042683309
22589,-0.17913548905154275
22590,-0.13149000495278584
22591,-0.14354279256430974
22592,-0.15936232338144762
22593,-0.14279712576769887
22594,-0.18516892365092055
22595,-0.14090565112141412
22596,-0.18459569864105588
22597,-0.18851213645710105
22598,-0.1657022797879435
22599,-0.17285183074754756
22600,-0.14337388464277173
22601,-0.17421168584272384
22602,-0.1529566728020682
22603,-0.11254052523059552
22604,-0.1398211686221781
22605,-0.11228004644122219
22606,-0.17531921308036724
22607,-0.16771161028545828
22608,-0.17479536320779102
22609,-0.14929687778458978
22610,-0.0970255430126296
22611,-0.13003832215815242
22612,-0.13234280952498412
22613,-0.1649320047657561
22614,-0.11840921540016161
22615,-0.11806455654694864
22616,-0.14170101291391538
22617,-0.10314736063890564
22618,-0.16697608910996034
22619,-0.1918754147318739
22620,-0.17533157240143982
22621,-0.11238002676681283
22622,-0.21619136706471365
22623,-0.1726084935325857
22624,-0.15483173497490635
22625,-0.1361512466324272
22626,-0.18600037534722763
22627,-0.13478798769770703
22628,-0.16193653384917264
22629,-0.13345559958726505
22630,-0.16083404419127315
22631,-0.16918022140986952
22632,-0.1221656591248231
22633,-0.11162583841870993
22634,-0.19796334328275578
22635,-0.10837525990053451
22636,-0.186005129222365
22637,-0.10061108378290734
22638,-0.09375776928640081
22639,-0.18431859067168263
22640,-0.174983901135515
22641,-0.16219413091445586
22642,-0.12702396194404367
22643,-0.14274015038601334
22644,-0.16180535366526863
22645,-0.15253714917463143
22646,-0.16802113167182675
22647,-0.12447861209088544
22648,-0.14320329712376287
22649,-0.13863499906225216
22650,-0.150625845116908
22651,-0.15722081671731816
22652,-0.14108439193764064
22653,-0.10479475012185524
22654,-0.13139962498474866
22655,-0.12874357683766802
22656,-0.16614046890535444
22657,-0.1507534784407614
22658,-0.19376127626288828
22659,-0.13134116895727566
22660,-0.1589047113685897
22661,-0.15548583229672316
22662,-0.17972001213296535
22663,-0.10671785435276424
22664,-0.13906819567699336
22665,-0.09837631335226306
22666,-0.1778389757094062
22667,-0.19992229928884944
22668,-0.16437832596099433
22669,-0.09242418180541334
22670,-0.09112721643482807
22671,-0.16058662329258716
22672,-0.1312819916506088
22673,-0.08836477086024433
22674,-0.1451062542301619
22675,-0.13126095828471213
22676,-0.16748048600180554
22677,-0.13486620370351995
22678,-0.12817169600883954
22679,-0.1279565793049715
22680,-0.15259627901276102
22681,-0.1706436098605193
22682,-0.15378845134710717
22683,-0.1472493179517549
22684,-0.13408719566929664
22685,-0.16759584939278094
22686,-0.13193226272463318
22687,-0.11457589724073203
22688,-0.12263129746212777
22689,-0.1588952725036446
22690,-0.1849664404149613
22691,-0.09854225555438431
22692,-0.18480075796422207
22693,-0.18046872823478202
22694,-0.07237765420735418
22695,-0.14559477417672395
22696,-0.17441398620422116
22697,-0.13691636493343978
22698,-0.15875786629613647
22699,-0.11591575820032074
22700,-0.10644914452352888
22701,-0.13846706793792843
22702,-0.15241181827185998
22703,-0.13793238373103187
22704,-0.1450370244215604
22705,-0.12184258123193203
22706,-0.16479436372457046
22707,-0.11659146984728327
22708,-0.1426558403218883
22709,-0.19016328898753304
22710,-0.13395967964899244
22711,-0.1185114861664898
22712,-0.1249686573995928
22713,-0.1609393414769364
22714,-0.12487123912314577
22715,-0.1886920863358829
22716,-0.13572121995264255
22717,-0.12525797510021464
22718,-0.13218262550466053
22719,-0.1254014861605191
22720,-0.14239833547712313
22721,-0.1264848041499068
22722,-0.11902212513377465
22723,-0.14979332647722013
22724,-0.13526481783574157
22725,-0.1511062059342041
22726,-0.11958062109601661
22727,-0.15148931319915526
22728,-0.1316795160266867
22729,-0.14602774441524904
22730,-0.14694981389653466
22731,-0.09061612822858565
22732,-0.12925194053983563
22733,-0.18203417931052412
22734,-0.1328240983202249
22735,-0.133959537043636
22736,-0.15768971615403568
22737,-0.1617866825212623
22738,-0.12208552296889105
22739,-0.13454389939649009
22740,-0.1478427231583315
22741,-0.11082654267045246
22742,-0.15318866419680732
22743,-0.17103702562084785
22744,-0.09404193849804032
22745,-0.08824159978962556
22746,-0.13751438775388855
22747,-0.12810177835284756
22748,-0.17939383660100047
22749,-0.14850110274429743
22750,-0.16192864768549103
22751,-0.1510961288982214
22752,-0.153308781563125
22753,-0.11209669240941605
22754,-0.09142534269462967
22755,-0.11843663305473495
22756,-0.18528876309685283
22757,-0.1243851190932973
22758,-0.16155298912653826
22759,-0.14253464244844719
22760,-0.0743566876684815
22761,-0.12421759288551598
22762,-0.16328300449284444
22763,-0.08690597662606642
22764,-0.10623012640835491
22765,-0.14582202512062495
22766,-0.1161989515956211
22767,-0.15526841713742065
22768,-0.1620373262605585
22769,-0.13563589436815607
22770,-0.1367451587627252
22771,-0.11189008059471346
22772,-0.08647596176021857
22773,-0.1276123192770796
22774,-0.16034014112869538
22775,-0.15924389994662708
22776,-0.19342959015656375
22777,-0.1315253008668439
22778,-0.10118390302017932
22779,-0.15000555601602367
22780,-0.17275163029619695
22781,-0.12620680893741457
22782,-0.12323966465419763
22783,-0.11192837237397621
22784,-0.16012221870052953
22785,-0.1071707803727589
22786,-0.17487738299620884
22787,-0.12354678697555035
22788,-0.13773929098169013
22789,-0.11688101145213492
22790,-0.09720765040275656
22791,-0.07197145281856754
22792,-0.08936048192463214
22793,-0.09478320308171478
22794,-0.1593276036986921
22795,-0.06997759870793334
22796,-0.1530202792748451
22797,-0.16507870674039454
22798,-0.11274470817841116
22799,-0.09797950011989026
22800,-0.06357094545078823
22801,-0.11335545283465774
22802,-0.14834166215466538
22803,-0.06048487652112616
22804,-0.12503873010526226
22805,-0.17243387981108926
22806,-0.11385170252539638
22807,-0.08333747280970287
22808,-0.09194423997590337
22809,-0.10141391549570178
22810,-0.08224215608128621
22811,-0.15628954970959047
22812,-0.14058646517283532
22813,-0.09037909584741587
22814,-0.14483268515797418
22815,-0.08225034437451201
22816,-0.16919455510267412
22817,-0.11078366333812296
22818,-0.159477165538441
22819,-0.16855919237956404
22820,-0.08324064590599732
22821,-0.13459856441077053
22822,-0.1271271043318648
22823,-0.11427299664256282
22824,-0.11637132161815023
22825,-0.11108981812611286
22826,-0.12417437724455628
22827,-0.16049439477866762
22828,-0.13347442697350662
22829,-0.15989662592386533
22830,-0.10947971976088354
22831,-0.1388453867131279
22832,-0.13315348278440117
22833,-0.08674741207317288
22834,-0.13588197323023665
22835,-0.10133359452174416
22836,-0.04722755225643316
22837,-0.08404441650579123
22838,-0.10596535260434213
22839,-0.0787180363496631
22840,-0.12018475133783166
22841,-0.12979042194440682
22842,-0.07964956989607223
22843,-0.12188332643118753
22844,-0.12169496996731223
22845,-0.11214268471466635
22846,-0.10915213228525077
22847,-0.14555224940316946
22848,-0.051237279104268035
22849,-0.09720061915765793
22850,-0.06031322623934985
22851,-0.11285211660313196
22852,-0.14382476360015226
22853,-0.10383430068438228
22854,-0.0678860005677498
22855,-0.13698779861179156
22856,-0.11110570974595534
22857,-0.05548817580112414
22858,-0.14075646874196618
22859,-0.1647464434766745
22860,-0.08697345852413069
22861,-0.1262981617895474
22862,-0.09088565196293102
22863,-0.12878030353006864
22864,-0.14000193811434392
22865,-0.15142730851807182
22866,-0.1310156546362399
22867,-0.10935824423078021
22868,-0.11070019962591908
22869,-0.12313754532438012
22870,-0.08946968189238433
22871,-0.12422860462099872
22872,-0.11968832869748484
22873,-0.08817535167103598
22874,-0.13006902789611294
22875,-0.13661354963718592
22876,-0.09859322762314199
22877,-0.1311141557268073
22878,-0.11715097918832769
22879,-0.10086748365513364
22880,-0.08338597993623904
22881,-0.11812832735806804
22882,-0.06803061535256266
22883,-0.11881804292216165
22884,-0.10935919750944058
22885,-0.11569344799069406
22886,-0.08145628461379067
22887,-0.09977179371441547
22888,-0.11187387565434975
22889,-0.10929920247846349
22890,-0.12378026632424553
22891,-0.13770818991748868
22892,-0.14262924485174625
22893,-0.09637292188879228
22894,-0.12286854222079178
22895,-0.14676678048055913
22896,-0.10337894063244057
22897,-0.11341129536605166
22898,-0.11630599849111284
22899,-0.09619591525467219
22900,-0.1407493832789756
22901,-0.10115593407348585
22902,-0.1522514140838553
22903,-0.10009431425286623
22904,-0.12604137859623712
22905,-0.12605907107864672
22906,-0.12648283285865164
22907,-0.1468457098704199
22908,-0.13249660653164463
22909,-0.11982921526952771
22910,-0.15938747709096618
22911,-0.11150495033229757
22912,-0.10879892198303484
22913,-0.12001188885742087
22914,-0.06020521831264336
22915,-0.12463279319362422
22916,-0.10830878410924386
22917,-0.09620792511955392
22918,-0.10509584462551193
22919,-0.11329147571067413
22920,-0.15095595318998728
22921,-0.10461747470341062
22922,-0.11165443994972139
22923,-0.17081705900700445
22924,-0.12309150845829152
22925,-0.09342976666830574
22926,-0.12383223727926088
22927,-0.09176690245234087
22928,-0.06383201042557834
22929,-0.11003750429896776
22930,-0.08178899256644137
22931,-0.09886404332196384
22932,-0.13439293120643658
22933,-0.1474450788359455
22934,-0.11478877451925666
22935,-0.14823739137741415
22936,-0.1497627900476933
22937,-0.116279068897107
22938,-0.12386718889726564
22939,-0.05310138062024349
22940,-0.12001026227744438
22941,-0.07968359192622024
22942,-0.13545302071778975
22943,-0.11202558278903485
22944,-0.1017185406306798
22945,-0.15112416147612234
22946,-0.0995849225441652
22947,-0.13519436532422685
22948,-0.10250974009899066
22949,-0.10727524523453547
22950,-0.11717885298334335
22951,-0.14993671170361855
22952,-0.13239447063708842
22953,-0.12302630245726075
22954,-0.08764154581063194
22955,-0.07331991331685803
22956,-0.10107958711216704
22957,-0.06457589814719338
22958,-0.18836717330125852
22959,-0.11784229034479765
22960,-0.13389057929371254
22961,-0.13456203714969436
22962,-0.1126180591182978
22963,-0.16510918092370147
22964,-0.11139000251588552
22965,-0.09859850341383468
22966,-0.13409867716424628
22967,-0.07298449097002085
22968,-0.1274450194800073
22969,-0.12122769437956946
22970,-0.11053362744040471
22971,-0.061508252312603734
22972,-0.0579085152569371
22973,-0.09175620276143039
22974,-0.11365108337037857
22975,-0.09711289649831605
22976,-0.09813884614031523
22977,-0.08061045028005596
22978,-0.08207219514162663
22979,-0.10056463197559469
22980,-0.11246938287684506
22981,-0.08078592382001695
22982,-0.08483611382421573
22983,-0.08770212023339405
22984,-0.0684113206970074
22985,-0.046647011245049
22986,-0.1456392290523517
22987,-0.08585536984143449
22988,-0.08458088625853938
22989,-0.134150005417132
22990,-0.06432669193989747
22991,-0.1197570356472498
22992,-0.13721931955486158
22993,-0.0974410166655586
22994,-0.07475305580054725
22995,-0.11544945118013271
22996,-0.12139463714583933
22997,-0.10438953943584026
22998,-0.07369832205010134
22999,-0.10851000338872292
23000,-0.12996457477385864
23001,-0.12197897707251298
23002,-0.08297368177786485
23003,-0.12700800701731874
23004,-0.12131793967616505
23005,-0.09732073732325038
23006,-0.09335832218355741
23007,-0.07088178084523458
23008,-0.17950532247889497
23009,-0.08869383148502266
23010,-0.047701705309433955
23011,-0.09976801930056885
23012,-0.15445658987080144
23013,-0.1016464095102797
23014,-0.08537111927348748
23015,-0.02575311935913073
23016,-0.1068047497295091
23017,-0.1103150668071751
23018,-0.09582483412852472
23019,-0.06369389000192424
23020,-0.14587268653905022
23021,-0.09779213381512059
23022,-0.08864496435463126
23023,-0.05901865151553362
23024,-0.1497089637443872
23025,-0.04659467303058544
23026,-0.12624738588633128
23027,-0.11933966352643594
23028,-0.12170195635059372
23029,-0.06475566536877889
23030,-0.026420931295815187
23031,-0.15205501726851356
23032,-0.10808168795883054
23033,-0.07762271413871799
23034,-0.07308506720515674
23035,-0.12080455832717182
23036,-0.0890947732407541
23037,-0.12756958514473918
23038,-0.13167923647408308
23039,-0.12385221684848875
23040,-0.06514036645864424
23041,-0.096386773227457
23042,-0.07877236414942244
23043,-0.10154338564719256
23044,-0.05856647174322259
23045,-0.13803379220795586
23046,-0.09709330760030306
23047,-0.08246971362741422
23048,-0.11156401205360786
23049,-0.07273125190282825
23050,-0.1060574267338564
23051,-0.07552868323340012
23052,-0.09499501792281737
23053,-0.08781917286211967
23054,-0.07582519180716568
23055,-0.05319720485428572
23056,-0.07229860595371478
23057,-0.029105352868147097
23058,-0.03258412707992997
23059,-0.031295901921005884
23060,-0.08052213452618619
23061,-0.1268132935431041
23062,-0.07981148010709377
23063,-0.10075836303512994
23064,-0.09145748873781205
23065,-0.07000057267507864
23066,-0.13207674895854354
23067,-0.12858942098206283
23068,-0.1431187441037199
23069,-0.08405710482153922
23070,-0.09569655861218278
23071,-0.1106572746975617
23072,-0.1080582634665507
23073,-0.11568355584267764
23074,-0.06702088709579469
23075,-0.11627871447345565
23076,-0.08368775531632619
23077,-0.05642426771559631
23078,-0.07059986858434361
23079,-0.10743862043241116
23080,-0.1128701591467523
23081,-0.14026958090891126
23082,-0.031284430648960554
23083,-0.12704265473176685
23084,-0.08066416819247739
23085,-0.09558353241488579
23086,-0.09710777537618086
23087,-0.11206342383001076
23088,-0.12901585825775125
23089,-0.12556892682573673
23090,-0.09109581449018442
23091,-0.08640463408265792
23092,-0.06960258045179454
23093,-0.10308827043319943
23094,-0.11042532680747599
23095,-0.0036912135117781603
23096,-0.11905414835313519
23097,-0.04883712265570163
23098,-0.06839683828124558
23099,-0.12389321854682439
23100,-0.08711812674889093
23101,-0.14414183248417853
23102,-0.11702559479480776
23103,-0.05702689414627307
23104,-0.0936369494480062
23105,-0.07581319413781512
23106,-0.07725037239954946
23107,-0.04613981639097976
23108,-0.09516487795067663
23109,-0.10011549380416876
23110,-0.05262280049824957
23111,-0.0973227700017397
23112,-0.09176595855636252
23113,-0.07580686094671493
23114,-0.06863833007582726
23115,-0.07023323896562847
23116,-0.10217194294716085
23117,-0.08516397895890677
23118,-0.10674176242359379
23119,-0.09480466406330465
23120,-0.0900341621403366
23121,-0.039442700099018825
23122,-0.06799742574640161
23123,-0.10445904754735147
23124,-0.09000183208543862
23125,-0.14785746298543462
23126,-0.09457085325890836
23127,-0.06451312735682854
23128,-0.08408980633521752
23129,-0.08143052880280834
23130,-0.0858172317183584
23131,-0.10703267109646487
23132,-0.1224063830069355
23133,-0.07752318773333751
23134,-0.08753763510636851
23135,-0.088656652741484
23136,-0.06545963976355766
23137,-0.07334320799083058
23138,-0.09919157911535897
23139,-0.07401624635347262
23140,-0.10256619557335095
23141,-0.07627312960108472
23142,-0.03572808933025148
23143,-0.04017457794074974
23144,-0.1119801387775446
23145,-0.06037043016157255
23146,-0.10382651085594466
23147,-0.04785217129107542
23148,-0.13894642205676588
23149,-0.14589995328698604
23150,-0.07078976008364145
23151,-0.07607000733457268
23152,-0.09043327319389025
23153,-0.07607900514668951
23154,-0.10896539888728299
23155,-0.04111635487703437
23156,-0.08013212700071383
23157,-0.10521552403963441
23158,-0.0982144689217425
23159,-0.03920704135640435
23160,-0.06996275882043129
23161,-0.0688852981828174
23162,-0.11154305785641752
23163,-0.06681844478226426
23164,-0.07868984903267377
23165,-0.10841749312128966
23166,-0.09379110492881293
23167,-0.1093458618532056
23168,-0.1510965936781402
23169,-0.05898969224545799
23170,-0.11225470452469757
23171,-0.06605942990211558
23172,-0.10256228111406145
23173,-0.08707671596142526
23174,-0.07889857632979007
23175,-0.07448688673152681
23176,-0.0673053588804226
23177,-0.09867742800945865
23178,-0.07432792230993897
23179,-0.05941798288882234
23180,-0.032442778233310814
23181,-0.10680619794877015
23182,-0.10569896198157558
23183,-0.07450558174040325
23184,-0.0937224543872171
23185,-0.106484005252137
23186,-0.11116555462958823
23187,-0.023501275010872215
23188,-0.11807074258332557
23189,-0.07087482705592577
23190,-0.08563926992160556
23191,-0.08908126490850853
23192,0.0011602994138428246
23193,-0.07569914750954013
23194,-0.07616793991458756
23195,-0.12813769055871302
23196,-0.0567731635368488
23197,-0.06912432004040951
23198,-0.08325649677874807
23199,-0.09115829974792981
23200,-0.07143237012442986
23201,-0.11201254793470518
23202,-0.0548519247651757
23203,-0.10449342633743894
23204,-0.07478312504289503
23205,-0.05179519331478671
23206,-0.12178645089699441
23207,-0.08801365603845408
23208,-0.05580755415534437
23209,-0.0822902886214535
23210,-0.016780854293030736
23211,-0.14313505109475752
23212,-0.0755732359859871
23213,-0.06183273726722083
23214,-0.06742605898401494
23215,-0.06726646930515928
23216,-0.05600861539815995
23217,-0.07823782090230044
23218,-0.09638323142719582
23219,-0.13659321848024847
23220,-0.10509165826840519
23221,-0.0660942988901466
23222,-0.04593034189479721
23223,-0.1304989244342615
23224,-0.09983416362492671
23225,-0.08772745279960062
23226,-0.03453674537710496
23227,-0.06689364928143336
23228,-0.08097298004000464
23229,-0.0447029108867003
23230,-0.1272917662726157
23231,-0.10503459359239922
23232,-0.08598954845523231
23233,-0.12316801544835176
23234,-0.09384733671457014
23235,-0.06817502564282409
23236,-0.0547811896676251
23237,-0.07683160390693669
23238,-0.023211281865278682
23239,-0.0770837507904912
23240,-0.045805017399158675
23241,-0.06310193762580689
23242,-0.06490238491467952
23243,-0.08857171282934631
23244,-0.10473117598279269
23245,-0.0660711379783563
23246,-0.06793997224332518
23247,-0.06743192952275134
23248,-0.06271269344760663
23249,-0.15166694577121786
23250,-0.038811717902545596
23251,-0.12100997393670426
23252,-0.06033473126754853
23253,-0.09854711129562843
23254,-0.11152514344850062
23255,-0.05269359532485328
23256,-0.07770454565819444
23257,-0.10260256129631508
23258,-0.1091254179119996
23259,-0.08531260486587594
23260,-0.07051650655595337
23261,-0.08869238035615516
23262,-0.038860190077367324
23263,-0.09134482640360622
23264,-0.06492666958801219
23265,-0.05840454937817788
23266,-0.09713095845625208
23267,-0.020042289387339644
23268,-0.05218961093921104
23269,-0.0395240113054447
23270,-0.07738881784403898
23271,-0.037533861826044713
23272,-0.09612989793234486
23273,-0.08460755264277807
23274,-0.047537311917241705
23275,-0.08918553092706692
23276,-0.12996352007463352
23277,-0.07526862760982511
23278,-0.030325377101566513
23279,-0.08877082165876984
23280,-0.08528123164054568
23281,-0.0273845092246746
23282,-0.0914521055620645
23283,-0.11502139422382546
23284,-0.11061869115395107
23285,-0.08749123748671074
23286,-0.04134252689200153
23287,-0.07766564616241009
23288,-0.09425057091999531
23289,-0.12223972857575138
23290,-0.10815185297091053
23291,-0.09525940367168471
23292,-0.06818842746181562
23293,-0.06961961435110536
23294,-0.11199837119166303
23295,-0.09543737795836182
23296,-0.13019313603877272
23297,-0.11769056434508895
23298,-0.06040556938913864
23299,-0.08841565862947484
23300,-0.10559114976472479
23301,-0.05336258932421098
23302,-0.057609706884097764
23303,-0.0878377497381147
23304,-0.12326034652193744
23305,-0.10361738945162821
23306,-0.027208342417690927
23307,-0.08399790015127198
23308,-0.0844503413447239
23309,-0.045041171738998485
23310,-0.07689273553493023
23311,-0.11659782207193939
23312,-0.023290567832492517
23313,-0.060797930231684595
23314,-0.01504214113021294
23315,-0.06802809385238034
23316,-0.17529765757836424
23317,-0.036072374950734405
23318,-0.10908615387335978
23319,-0.03351410316933368
23320,-0.11527782366445927
23321,-0.06844533647416862
23322,-0.13439569082909622
23323,-0.01742296939720376
23324,-0.10356850979041736
23325,-0.11664008469126105
23326,-0.0538223282390048
23327,-0.06973204870858286
23328,-0.08020270771203442
23329,-0.09316261040808893
23330,-0.06253450193856873
23331,-0.10464341395918156
23332,-0.12097347347677831
23333,-0.0569937077278212
23334,-0.10266788163450218
23335,-0.04470552307380212
23336,-0.04480997626413272
23337,-0.045502656555427776
23338,-0.036336839273084946
23339,-0.04781020023525371
23340,-0.09532207854677477
23341,-0.08288953061626445
23342,-0.12268564813522082
23343,-0.08114628827577161
23344,-0.06236030467697487
23345,-0.08086218666469397
23346,-0.04254242868449399
23347,-0.0999260800722721
23348,-0.04880614852197136
23349,-0.06369812999141024
23350,-0.018334864496606186
23351,-0.1362557921477113
23352,-0.03588581690093782
23353,-0.0767902569991305
23354,-0.03667076767696648
23355,-0.08331550431426747
23356,-0.1027951421046461
23357,-0.08742274623813978
23358,-0.09756681546390614
23359,-0.05769142518207309
23360,-0.051918061073493366
23361,-0.07057892227600877
23362,-0.0757638676163457
23363,-0.10610741876016638
23364,-0.04273837885178344
23365,-0.11483061096557208
23366,-0.04860297962699206
23367,-0.04939437144005341
23368,-0.11111133443738158
23369,0.03914539940290569
23370,-0.0819026196660736
23371,-0.001919013989085075
23372,-0.12937210561473314
23373,-0.07248615425479368
23374,-0.08928826106807303
23375,-0.07790044779748928
23376,-0.03659496439927854
23377,-0.10280070445111393
23378,-0.06819268148310383
23379,-0.04317454181607837
23380,-0.06583246125997501
23381,-0.07843921738196342
23382,-0.10108983724094034
23383,-0.0457832912738653
23384,-0.04423076369192121
23385,-0.06697113494108393
23386,-0.08682370926086524
23387,-0.050494340769509025
23388,-0.06458132381561392
23389,-0.10068905763448857
23390,-0.10225124521227308
23391,-0.11713727882026148
23392,0.010106309655471907
23393,-0.10686426062537041
23394,-0.024910208645402318
23395,-0.0635477135151432
23396,-0.029482418768754293
23397,-0.0868295511729956
23398,-0.10639973024918513
23399,-0.1084011609866166
23400,-0.02042014086227182
23401,-0.06020081502335355
23402,-0.06145522119841153
23403,-0.01898825305130053
23404,-0.06529964738744942
23405,-0.05806194682594637
23406,-0.05703087193039874
23407,-0.04144020327818712
23408,-0.08523749723677689
23409,-0.10856178257091664
23410,-0.04179766832529923
23411,-0.04197765492367462
23412,-0.0924646630643334
23413,-0.02638179164932282
23414,-0.08925742457119568
23415,-0.04282629184603998
23416,-0.11048271769249221
23417,-0.07530097481332201
23418,-0.05154264354815466
23419,-0.08410462579139832
23420,-0.09078317233840325
23421,-0.11882354039272794
23422,-0.0349725326425059
23423,-0.10814155643251314
23424,-0.061066199214692723
23425,-0.08702896540568439
23426,-0.04956914463146746
23427,-0.09788951769101586
23428,-0.02057182805465633
23429,-0.07893612871453017
23430,-0.06905218547390518
23431,-0.07274930907559858
23432,-0.02131428225659364
23433,-0.05147690493343243
23434,-0.11211318931002978
23435,-0.06903843745188741
23436,-0.05680238554526121
23437,-0.05100063066474097
23438,-0.05452312608988644
23439,-0.12307679219001363
23440,-0.07519837179801162
23441,-0.05440460104203301
23442,-0.08286419633178248
23443,-0.06604825490543027
23444,-0.0792305428774113
23445,-0.06608439687938258
23446,-0.09072590347706122
23447,-0.08481627112243809
23448,0.008301611169249282
23449,-0.05100558793320861
23450,-0.06169072826309068
23451,-0.023377302427487034
23452,-0.025092203161543737
23453,-0.07580076159171222
23454,-0.06567307833770367
23455,-0.08977234551024611
23456,-0.07016679316101698
23457,-0.05217758961959877
23458,-0.09211783456464376
23459,-0.07261201859532539
23460,-0.05796116846542191
23461,-0.10644884258937382
23462,-0.07156893182481974
23463,-0.09343982177075602
23464,-0.06284136947491428
23465,-0.07750551691247631
23466,-0.033933710711563356
23467,-0.05433245056283435
23468,-0.10733694220675416
23469,-0.08734006392438673
23470,-0.0799946564035337
23471,-0.016949425266855347
23472,-0.063063798106718
23473,-0.08765313537941129
23474,-0.04173213229828001
23475,-0.03129655624068617
23476,-0.0482688214827668
23477,-0.08426879403380194
23478,-0.060152060413670154
23479,-0.05915763921541341
23480,-0.025764831467528636
23481,-0.05064029177490195
23482,-0.05625459063762865
23483,-0.06672704706826012
23484,-0.0897016025162416
23485,-0.055405143978407984
23486,0.01469799215748778
23487,-0.07555068563282062
23488,-0.05856001776759626
23489,-0.007878836909951593
23490,-0.054763211432536915
23491,-0.06892644827064395
23492,-0.12060980926397039
23493,-0.07376990814478447
23494,-0.11521206454040997
23495,-0.03550141230354929
23496,-0.03588892438274172
23497,-0.04174383719004241
23498,-0.06424357680923407
23499,-0.08060871706786056
23500,-0.0853647430936253
23501,-0.040588339850995234
23502,-0.02235395630605372
23503,-0.05082896633697851
23504,-0.03688766250668077
23505,-0.03395390593902127
23506,-0.03499582727210869
23507,-0.08705416658274935
23508,-0.05157912380823314
23509,-0.09492889403987925
23510,-0.05132191023881483
23511,-0.05956249321481758
23512,-0.01453581865149367
23513,-0.067085675966702
23514,-0.03959319839066097
23515,-0.05459577567288959
23516,-0.09328732507061871
23517,-0.0167233375164116
23518,-0.06456841133230347
23519,-0.06056129213491387
23520,-0.07708491753141773
23521,-0.057047296389830866
23522,-0.10648495515740812
23523,-0.07919286063264948
23524,-0.023769907177262253
23525,-0.06645828382953282
23526,-0.03919583306531843
23527,-0.03125139210242599
23528,-0.04554553425033189
23529,-0.02175868851793695
23530,-0.06631100020779611
23531,-0.08745966546389136
23532,-0.06227768011811641
23533,-0.027776180265511617
23534,-0.051613446073202965
23535,-0.08465443158301092
23536,-0.07079207397729922
23537,-0.08084407076219988
23538,-0.07800573432034735
23539,-0.03317666687416189
23540,-0.06128881075932376
23541,-0.049738658855159656
23542,-0.05008951003225659
23543,-0.048006108865702314
23544,-0.06234796439303724
23545,-0.043704240345966545
23546,-0.0455517388218703
23547,-0.06246682549355583
23548,-0.06279422233604921
23549,-0.015890593915928293
23550,-0.10806335485176119
23551,-0.038595513765892174
23552,-0.0426260893880613
23553,-0.05582218077855687
23554,-0.07348640444162555
23555,-0.11065919431117623
23556,-0.015816280410511738
23557,-0.04652245203123823
23558,-0.03781832026650636
23559,-0.05775983289662397
23560,-0.07787505564607865
23561,-0.06909376168612559
23562,-0.04357216435799048
23563,-0.055278112935068534
23564,-0.08196263205764809
23565,-0.07161672379597643
23566,-0.017733651138217135
23567,-0.037210155737537054
23568,-0.0183122103745902
23569,-0.037915529634984776
23570,-0.07206440944732541
23571,-0.026750196598780945
23572,-0.06143308104179127
23573,-0.03810086369605428
23574,-0.011230367518827118
23575,-0.04046175463767858
23576,-0.044884751961431685
23577,-0.014651980910431718
23578,-0.031452581815211454
23579,-0.058667137981948406
23580,-0.06971226555658816
23581,-0.042535558341613156
23582,-0.018716114607550426
23583,-0.10189433630028309
23584,-0.06374177832261449
23585,-0.05394083490706101
23586,-0.041279386295004106
23587,-0.049216858694368086
23588,-0.05841154726456888
23589,-0.06790158490988145
23590,-0.07698741249816549
23591,-0.02073689699980818
23592,0.019943241395126717
23593,-0.04965116470216958
23594,-0.0643978279696689
23595,-0.0589552781583572
23596,-0.07886507679088525
23597,-0.037337092679081335
23598,-0.10496310622900243
23599,-0.06821716125963423
23600,-0.043771860161475634
23601,-0.049632441933400565
23602,-0.049687286930331157
23603,-0.07014496300522832
23604,-0.05198220502891392
23605,0.007434359560587182
23606,-0.0522110114306172
23607,-0.027671401866316215
23608,-0.03306925912327628
23609,-0.04784887753110991
23610,-0.05222918277957629
23611,-0.08335879577599127
23612,-0.03454754010569576
23613,-0.0410882226853875
23614,-0.027099363858610056
23615,-0.04776941761440499
23616,-0.08996587057984116
23617,-0.06987918724713518
23618,-0.008841150118460261
23619,-0.055356467375054286
23620,-0.042306019469102396
23621,-0.1101513350427848
23622,-0.07570425539079265
23623,-0.031547952968374204
23624,-0.07010446798455594
23625,-0.016513872202813792
23626,-0.0675443588723285
23627,-0.07842192543279586
23628,-0.07760933522608147
23629,-0.07668018770632656
23630,-0.07159315396302904
23631,-0.05690545395920946
23632,-0.07047533970035082
23633,-0.016130424797222924
23634,-0.07726796423134114
23635,-0.007027793359735246
23636,-0.01999274465937218
23637,-0.03871848392628849
23638,-0.08554371046891561
23639,-0.00643109410663599
23640,-0.05113055885996606
23641,-0.08861885499604012
23642,-0.01943261993648033
23643,0.035712634893244784
23644,-0.05411833528542705
23645,-0.07481504984321989
23646,-0.03170568696513382
23647,-0.0477444135724158
23648,-0.04300797885104445
23649,-0.027744597918039605
23650,-0.06811548814659507
23651,-0.08217544638748368
23652,-0.11558412857437911
23653,-0.028397246959642176
23654,-0.06958471915491526
23655,-0.054154910962108824
23656,-0.03229465760530693
23657,-0.04491659526917646
23658,-0.10866142314221167
23659,-0.05944562816558508
23660,-0.05603272496469432
23661,-0.022345211227277888
23662,-0.047765281495767066
23663,-0.036325967883336224
23664,-0.04448593384676277
23665,-0.08987759209888907
23666,-0.04222181412413941
23667,0.026781818725924174
23668,-0.07307346789150646
23669,-0.07775692797455845
23670,-0.041519418959499906
23671,-0.06126931704526095
23672,0.01660339848360634
23673,-0.04398217355355625
23674,-0.09878160895588517
23675,-0.060302363409971874
23676,-0.04037867872229459
23677,-0.05540155134995881
23678,-0.069213991915008
23679,-0.06978910775042717
23680,-0.03673669110098007
23681,-0.01755757977175318
23682,-0.04382995464205356
23683,-0.07497297830119126
23684,0.02050595596012516
23685,-0.07983538441118945
23686,-0.10132126186645708
23687,-0.0918032730972161
23688,-0.10425203202289104
23689,-0.046854738073552935
23690,-0.07336250527611074
23691,-0.042199837525872017
23692,-0.05514296141541218
23693,-0.10243510035613836
23694,-0.04242966609048078
23695,-0.024048055187058142
23696,-0.04766529555271871
23697,-0.0707309796845585
23698,-0.06386213599529182
23699,-0.016250386664907086
23700,-0.04836550264760738
23701,0.004131218355908371
23702,-0.006667485862404517
23703,-0.06699139485632383
23704,-0.0432457891363163
23705,-0.0022119831516264968
23706,-0.010681716978883052
23707,-0.03651133437055673
23708,-0.09550857603389476
23709,-0.03883486722754746
23710,-0.03936338519385541
23711,-0.031073567661089346
23712,-0.09117135404117802
23713,-0.04616318584733179
23714,-0.06845006470729254
23715,-0.03942612668012767
23716,-0.06540017958210362
23717,-0.026894829104361737
23718,-0.05401855925216631
23719,-0.07678880853175624
23720,-0.06712152673384734
23721,-0.07757459100011244
23722,-0.1219864855608549
23723,-0.00010084920336951575
23724,-0.03683836759268557
23725,-0.019330889921768173
23726,0.012606421161435476
23727,-0.04000534597655184
23728,-0.03250640247522308
23729,-0.0322606115515764
23730,-0.06593054945623347
23731,-0.08033791985253501
23732,-0.05815496209779003
23733,-0.13247357778917526
23734,-0.0281457030853875
23735,-0.017405902244466552
23736,-0.04866434892196534
23737,-0.041448110240303856
23738,-0.08634183560195054
23739,-0.04234062989244916
23740,-0.0280050084853807
23741,-0.0205321640881702
23742,-0.10193699611254232
23743,-0.06320456408330867
23744,-0.10017304898657114
23745,-0.028921747208149877
23746,-0.09648560868233942
23747,-0.09885585180473482
23748,-0.042149929087595316
23749,-0.02569036261080097
23750,-0.06498321353488119
23751,-0.02846442432759508
23752,-0.07284254342933548
23753,-0.10044685985993104
23754,-0.13365452766563676
23755,-0.07323057196850412
23756,-0.08604589151567747
23757,-0.08931877261108942
23758,-0.04848607352469351
23759,-0.08614038810657043
23760,0.0002947816437738962
23761,-0.09844338381658357
23762,-0.04741880478309418
23763,-0.10668748533376914
23764,-0.06556134450933275
23765,-0.06538886247849175
23766,-0.07730758598080555
23767,-0.04233713817166401
23768,-0.07052076524483931
23769,-0.07652393033021838
23770,-0.07828522438478007
23771,-0.021929535265579118
23772,-0.03402314722226497
23773,-0.02928421183990839
23774,-0.03287780576079184
23775,-0.08549667228292429
23776,-0.029950488913497223
23777,0.005856786387689182
23778,-0.0191785817676176
23779,-0.00695541978439098
23780,-0.07775539605694436
23781,-0.033450806283039536
23782,-0.042802131747238986
23783,-0.0773013603719673
23784,-0.11100373321835508
23785,-0.10145071828179335
23786,-0.004945762236169382
23787,-0.059584241980247435
23788,-0.03766580392879702
23789,-0.03871743349014804
23790,-0.02896335524579632
23791,-0.013461941088576623
23792,-0.062029783155361576
23793,-0.04602796090286857
23794,0.019192415616158844
23795,-0.04982953901749571
23796,-0.028521790166593817
23797,-0.043468803413272986
23798,-0.06200759637041941
23799,-0.0036406515795512837
23800,-0.07274736000787091
23801,-0.0651918996389692
23802,-0.04872195918282132
23803,0.0021760272363102115
23804,-0.036829472788483086
23805,-0.04183385786512452
23806,-0.07252925023749356
23807,-0.03672085948772807
23808,-0.1133991834093241
23809,-0.07076745831330025
23810,-0.09440992505609849
23811,0.016413966677706983
23812,-0.10316496758130647
23813,-0.035394081467860466
23814,-0.08016675067673423
23815,-0.060967659442036415
23816,-0.01293363611911856
23817,-0.016088864271072593
23818,-0.04341101295629811
23819,-0.0205006224162833
23820,-0.06327704889868487
23821,-0.07945591779107858
23822,-0.023852227539246935
23823,-0.06141712294439109
23824,-0.02773547303253824
23825,-0.04122310535194002
23826,-0.06935285195987556
23827,-0.029476687319306416
23828,-0.06762815016169074
23829,-0.04773763909933803
23830,-0.08359777323914822
23831,-0.07831989605083961
23832,-0.019318127075239378
23833,-0.0023879501228251596
23834,-0.06375611408908931
23835,-0.09633719405336601
23836,-0.045569165687011165
23837,-0.054645926373395035
23838,-0.06640546538753839
23839,-0.0732381037082211
23840,-0.03252715540914988
23841,-0.06531218488395338
23842,-0.06282762764428085
23843,-0.08697742305448818
23844,-0.017232778128645272
23845,-0.0734966265514041
23846,-0.10604028302824509
23847,-0.05106366638822031
23848,-0.027943930892398286
23849,-0.05882954747373313
23850,-0.022338222422167455
23851,-0.08987399624255711
23852,-0.01906529437113115
23853,-0.053632548288136905
23854,-0.04168995343624122
23855,-0.017927027571119688
23856,-0.043051522858048065
23857,-0.0375141016597563
23858,-0.07274160268651234
23859,-0.03781136280121129
23860,-0.08051801943696302
23861,-0.06331577394307508
23862,-0.03366201826372651
23863,-0.009123936986386638
23864,-0.030809411373967276
23865,-0.07599471404460875
23866,-0.07191111559251936
23867,-0.09315191929291232
23868,-0.07212860504877289
23869,-0.03170359844852338
23870,-0.11608770825718732
23871,-0.012186238205342745
23872,-0.08816806887392631
23873,-0.0789458580954899
23874,-0.03869914069044396
23875,-0.034322878037185846
23876,-0.001037468186007466
23877,0.007856096620818778
23878,-0.05291599467558668
23879,-0.0045459780668962585
23880,0.008164409744067444
23881,-0.12558973589452851
23882,-0.08563865323286356
23883,-0.0939772226869452
23884,-0.09937928027995165
23885,-0.036349294641081685
23886,0.01265689846658339
23887,-0.053353238950205537
23888,-0.041848574559617234
23889,-0.015155403959712935
23890,-0.02574474706902556
23891,-0.02822870437611854
23892,-0.013211899777290335
23893,-0.02421173145050879
23894,-0.02497462765153767
23895,-0.0018000682729468337
23896,-0.05047267851330932
23897,-0.0071750391557422535
23898,-0.10693508046032085
23899,-0.04386099946914876
23900,-0.024729219984422394
23901,-0.07035669667604075
23902,-0.06241555225103626
23903,-0.07750260237225762
23904,-0.06022525878205935
23905,-0.02738761891203216
23906,-0.011882536831601176
23907,-0.03845814228268282
23908,-0.045492001068275015
23909,-0.009928034085342246
23910,-0.021279491929867844
23911,0.023415756656195524
23912,-0.07172317751004693
23913,-0.04431094983598956
23914,-0.08700912872399627
23915,-0.03359457430986242
23916,-0.015145104931183807
23917,-0.04156127130998704
23918,-0.024531032622879662
23919,-0.04401937899692987
23920,-0.07993528151766044
23921,-0.07052863166409577
23922,-0.04054801568859113
23923,-0.002218284390317009
23924,-0.060737400620808485
23925,-0.002956025873296131
23926,-0.014413164960861428
23927,-0.05501735350613669
23928,-0.021115316789996806
23929,-0.043432404738052294
23930,-0.04058068441257692
23931,-0.05766645037292474
23932,-0.030854544614589273
23933,-0.08522035309285003
23934,-0.032560181873605404
23935,-0.03217433644170471
23936,-0.005819887703928814
23937,-0.09181192666219391
23938,-0.05697298479414472
23939,-0.04047893784055816
23940,-0.07168992028342625
23941,-0.04500927070377754
23942,-0.03813114242330448
23943,-0.08807106213955518
23944,-0.14221175134454678
23945,-0.012887079639799456
23946,-0.04627172872596192
23947,-0.046532861395615126
23948,-0.06846209680301049
23949,-0.03804873194104791
23950,-0.04726374010217484
23951,-0.04184957357067776
23952,-0.060737950665820745
23953,-0.03562950226284576
23954,-0.053454061228976814
23955,-0.04337338178209403
23956,-0.024186971519117938
23957,-0.05291361800575556
23958,-0.029836278968151064
23959,-0.058730631514157076
23960,0.007200079227732192
23961,-0.009684204557313714
23962,-0.0590090006489704
23963,-0.02206688914720969
23964,-0.0716498362819338
23965,-0.059118339965280965
23966,-0.004489950048193331
23967,-0.061527389007588154
23968,-0.07372941759573638
23969,-0.06694611105789701
23970,-0.07597201007563126
23971,-0.1364517524683984
23972,-0.0708326143617347
23973,-0.017607104302785122
23974,-0.10967002362411464
23975,-0.05874334908101375
23976,-0.055501852147144426
23977,-0.011353377556298713
23978,0.02260735088894851
23979,-0.09617809965419494
23980,-0.0012650737211954421
23981,-0.03504236346190537
23982,-0.07118050099862737
23983,-0.026409559591347512
23984,-0.035601526816982754
23985,-0.03942965870377861
23986,-0.06013882630730206
23987,0.02129295312539848
23988,-0.03954266566047989
23989,-0.08763223932115077
23990,-0.05171872389677728
23991,0.011641712219117292
23992,-0.0312347932378107
23993,-0.023118470343781172
23994,-0.07937169573400375
23995,-0.07156074850680214
23996,-0.05378252545447278
23997,-0.07139035828613224
23998,-0.04052607330462932
23999,-0.04543398071237269
24000,-0.04002589022762625
24001,-0.0469197277731244
24002,-0.03363725082987115
24003,-0.006454739918101478
24004,0.04015845567387869
24005,-0.024170436703152914
24006,-0.006121913320113336
24007,0.0003918725547155098
24008,0.07792195447157914
24009,0.028436856160911825
24010,-0.012437534554539198
24011,0.006408508246937293
24012,0.02481778261606497
24013,-0.03707734531043116
24014,-0.019318754236625258
24015,0.018417975806199728
24016,0.009863257189619305
24017,-0.0012180665073064864
24018,-0.0069158120621689015
24019,0.08246380963316066
24020,-0.014690504632824494
24021,-0.007142547573358259
24022,0.025732640263863543
24023,0.04397115984173953
24024,-0.05250079702592079
24025,-0.013326716217592632
24026,0.000880730771634626
24027,-0.0012470781481637063
24028,0.006550028430413277
24029,0.002539903036617687
24030,0.013035058015037727
24031,-0.01720447448072466
24032,-0.002072637956859629
24033,-0.02241078023905537
24034,-0.022374429592886717
24035,-0.0356150833380226
24036,-0.007393049001406072
24037,0.021910045053502965
24038,0.000874517880053994
24039,-0.0013763598662898334
24040,-0.003918337224352055
24041,0.037161502947409664
24042,-0.013970635768950105
24043,0.05962708700565876
24044,0.020851844160810668
24045,0.042824853286028614
24046,0.02230443954740735
24047,-0.04811180396680683
24048,0.03592449283266239
24049,-0.029493495632005807
24050,-0.01010179835080405
24051,0.02168180795381925
24052,0.03185434171762332
24053,-0.04707232762398523
24054,-0.012347076038213953
24055,0.02009469319760805
24056,-0.020306416178471776
24057,0.034019095495875284
24058,-0.010237988606783661
24059,0.051085020693893306
24060,0.06062368443994353
24061,0.0008135604058498941
24062,-0.00792021475387666
24063,-0.005365849651014426
24064,-0.03003956736348814
24065,-0.003310073905760623
24066,-0.040053576335846
24067,-0.04035745699129684
24068,0.010996578711549573
24069,0.013763899720050932
24070,-0.06463088134249476
24071,0.06971439664350651
24072,-0.01762191480946385
24073,0.02914274960448778
24074,0.0583269150492503
24075,-0.021161051490934127
24076,0.034637790043781334
24077,-0.047695347896483845
24078,-0.021184963662912906
24079,0.05738607415472017
24080,0.04828181267035389
24081,-0.045391877986686716
24082,0.020872070455400585
24083,-0.01276921035645167
24084,-0.00032003233697469363
24085,0.010071131878853869
24086,0.004826483069257775
24087,0.019330974090501794
24088,-0.0006876280831908835
24089,-0.03899349224799492
24090,-0.033470946258632825
24091,-0.014825197459646595
24092,0.015690664431685396
24093,0.0029270397251450323
24094,-0.022137839983057288
24095,-0.025886174240919945
24096,0.02791218014564629
24097,0.005909819903678547
24098,-0.015800686228934744
24099,0.0011381783198910118
24100,-0.03128802998569945
24101,0.005800424819583263
24102,0.031135175715053566
24103,0.010932794395664197
24104,-0.004410674523801528
24105,0.030021299484815054
24106,0.025204766248108457
24107,0.029900868356116793
24108,0.0007306591489950098
24109,-0.01336730909946644
24110,0.06260532322558092
24111,-0.027003139516521436
24112,0.021677118270301044
24113,-0.020027585040173594
24114,-0.028634532779149176
24115,0.0105641117468358
24116,0.029224266754260545
24117,0.015562409964968195
24118,-0.04370252595881352
24119,-0.02510606956543728
24120,0.029308476716918764
24121,0.049101111219993165
24122,-0.02536495667977826
24123,0.003798774426567537
24124,0.0011098883213067024
24125,-0.005432673038258232
24126,-0.021185601046675374
24127,0.04944517712164451
24128,0.014938364930026598
24129,0.04366686238107949
24130,0.0395114409130161
24131,-0.019276791098051752
24132,-0.020174941743842094
24133,-0.006385157017096582
24134,0.048224431098751866
24135,-0.008193542267089484
24136,-0.054772417698081756
24137,0.014964331080665536
24138,0.020405533847346263
24139,0.048647295084088556
24140,0.03453021114560536
24141,-0.030961156050712743
24142,0.00030401819163856404
24143,0.07104747801424285
24144,-0.04031780307251514
24145,-0.011642499434433145
24146,0.01917613672216772
24147,-0.0004453920262857062
24148,0.040496821115252074
24149,-0.046925068955346615
24150,0.012544826640776182
24151,-0.004782038377267478
24152,0.006593128664780945
24153,-0.02570390045887318
24154,-0.01370258872553969
24155,-0.013430533856935586
24156,-0.0017297515631610014
24157,0.007194047888303011
24158,0.00992321505429561
24159,0.023168405523065642
24160,-0.020526021850819108
24161,0.03738049360596219
24162,-0.013261803173171084
24163,0.010404261911443205
24164,0.02473234509354982
24165,-4.978738735081389e-05
24166,-0.014114468070721142
24167,-0.04133797244311704
24168,0.020037785443399563
24169,-0.0002012844262814829
24170,-0.05764773555558969
24171,0.0393593928475287
24172,-0.01739663825718172
24173,0.03227034542724298
24174,0.03693517259519781
24175,-0.013379120335302624
24176,-0.020378972455659526
24177,0.002962734152133633
24178,0.07370636587910752
24179,-0.029264653086215585
24180,-0.0013635732560247985
24181,0.023713592498667842
24182,-0.0366557926573728
24183,-0.0033800132412467416
24184,0.012077297317964834
24185,-0.025593352656523075
24186,0.021954515375137956
24187,0.02897647787815106
24188,-0.02646163950904724
24189,-0.016405364755952265
24190,-0.022501624260371163
24191,-0.010881540707448087
24192,-0.015157678681614314
24193,-0.028681276464627873
24194,0.0054705967114621595
24195,-0.04004296661810826
24196,-0.012169040303374307
24197,-0.020177502792312983
24198,0.0032361709244870334
24199,0.04258114424775354
24200,0.004848896870776129
24201,-0.011256360160485106
24202,-0.007563858698070418
24203,0.03596477973190691
24204,0.043090569050055684
24205,-0.02518936261158638
24206,0.027037509070244437
24207,0.0183730420306905
24208,-0.04158564317944049
24209,-0.05139029970251656
24210,0.1246868898594377
24211,-0.03787484528950642
24212,-0.018726777462863407
24213,0.03878612158992997
24214,-0.03234714037507512
24215,0.0009638574110686087
24216,-0.016021248672452547
24217,0.04019865344772369
24218,-0.004644684727910995
24219,-0.01368621232896016
24220,0.0029483449323618
24221,-0.036294238503554434
24222,0.026598390422806418
24223,0.03284000280327103
24224,-0.037031164385746634
24225,0.03145406292605249
24226,0.0006496850400006343
24227,-0.0017668147257886625
24228,0.0276511049742124
24229,-0.022354076280547735
24230,0.01352497206314482
24231,0.019728954581628235
24232,-0.0005423299769338023
24233,0.050965039003676896
24234,-0.014908808914968187
24235,-0.012696194582235235
24236,0.040371663217553914
24237,-0.016966255757785723
24238,0.009376177985019267
24239,-0.005954766694125563
24240,-0.05874882155643139
24241,-0.0017499004320071971
24242,0.0012597170489728228
24243,0.038396624445136134
24244,0.003821034526494088
24245,-0.013054240010833242
24246,0.02087595682819604
24247,0.007453652069368261
24248,0.03757683156145444
24249,-0.0025995441678472366
24250,-0.04051920355956294
24251,-0.008344474301496815
24252,-0.03991013917705453
24253,-0.010331963744234918
24254,0.026026846343430356
24255,-0.04900020311217584
24256,-0.012864772995662258
24257,0.017462935343695696
24258,-0.019016007220586603
24259,0.009276371528826783
24260,-0.03801040318664686
24261,0.02303442127045474
24262,-0.0126093169167074
24263,-0.03859722075090091
24264,0.06735155686776545
24265,-0.06174828855311812
24266,-0.039018239753123796
24267,0.001163530546676594
24268,0.0033872712455519692
24269,0.07573121319007614
24270,0.0009942904595742139
24271,-0.007111996890938094
24272,0.060403735434548425
24273,0.03969795225721685
24274,-0.02683465111969824
24275,-0.05966860460499544
24276,-0.04882598399123886
24277,0.027224861876164796
24278,0.02383447149541317
24279,-0.028698877558633252
24280,0.04257064137058604
24281,0.060991692439680056
24282,-0.01162528473919463
24283,-0.012593304723777194
24284,-0.01165107045248123
24285,0.09510456963705392
24286,-0.004213814035730777
24287,0.007977132675999862
24288,-0.022585907299312633
24289,-0.02201632765858727
24290,-0.04242358945629687
24291,0.006266440180914735
24292,0.03427853763678955
24293,0.01754713143966865
24294,0.03550201253001305
24295,0.04832032048356881
24296,0.019309474434784393
24297,-0.019444708117301108
24298,0.020272073315170804
24299,0.036767434322504934
24300,0.05699351973587172
24301,0.028048955412763407
24302,0.05266068965226522
24303,-0.04644397917372846
24304,-0.057911702608944154
24305,-0.032705278772675074
24306,-0.034410465325335045
24307,0.018948332731659245
24308,-0.0325865553464117
24309,-0.030042330527441798
24310,-0.003111162375252583
24311,0.08122155250908404
24312,-0.011704827157202535
24313,-0.036586916892820946
24314,-0.028219394101294683
24315,0.006105505065581999
24316,0.0022952790087690275
24317,0.026640297847161907
24318,-0.01514083965940993
24319,0.029530343617089578
24320,0.03359745748227348
24321,0.03572560011835677
24322,-0.059542682025662784
24323,0.04648535402494395
24324,0.07242927718264523
24325,0.022169093258666825
24326,0.03446048532424726
24327,0.0021877334564184125
24328,0.0164001862132987
24329,-0.06246170446058822
24330,0.03948528442451926
24331,0.050977946709543524
24332,-0.008964453543998123
24333,0.049018395285296806
24334,-0.0013813349507060604
24335,-0.019848247835793136
24336,0.043939278245760376
24337,-0.037858480253357425
24338,-0.06580331897320717
24339,-0.029492764707985696
24340,-0.03682409954676195
24341,0.02335985756186974
24342,0.03780126989049344
24343,4.3271036204914175e-05
24344,-0.015613856852753636
24345,0.014481749632736317
24346,0.029694249006883756
24347,-0.0036168885293107163
24348,-0.04247978242113825
24349,-0.03268745916172384
24350,0.004174612806219002
24351,0.0030657747645680645
24352,0.028946353880109462
24353,0.048954993897776
24354,0.052449719255822626
24355,-0.048232877449278184
24356,0.031976985753548834
24357,0.029350542886010616
24358,0.04168066231735997
24359,0.04544681353916701
24360,-0.024637959158791356
24361,-0.01143287313326559
24362,0.009082559866872559
24363,-0.02624500942302136
24364,-0.02792797247986952
24365,-0.01658709616304958
24366,0.010059082835127485
24367,-0.006338192837274148
24368,0.0815431375852065
24369,0.03742758547014918
24370,-0.03166996692152223
24371,-0.019207635147506785
24372,0.06773391645544527
24373,-0.016953220844372178
24374,0.00464948485041651
24375,-0.024420598872673532
24376,0.07039866914286215
24377,0.01645234488476975
24378,-0.012724892370202844
24379,-0.0002058876342668481
24380,-0.026359719129365418
24381,0.011397439222984617
24382,0.0206035025808273
24383,0.02842985288171354
24384,-0.006456579723151904
24385,0.061743823163538485
24386,0.04326794767770281
24387,-0.04870284525851528
24388,-0.02099437628732151
24389,0.07836397290282
24390,0.018420357588102267
24391,-0.0048661599716808565
24392,-0.044615450908276684
24393,0.006996190969950036
24394,0.01518738340684862
24395,0.058403931985583975
24396,-0.025575217885319176
24397,-0.0016671569526605019
24398,0.004696668683201029
24399,-0.00467226763520961
24400,-0.010522453073697771
24401,-0.018315226316006
24402,0.0214945465218703
24403,0.05353422668501104
24404,0.036714969192446816
24405,0.0011933454664029585
24406,0.02502910818720089
24407,0.033008249592313625
24408,0.006353835388843369
24409,0.004670392859128334
24410,0.015469599020196689
24411,-0.013295793452334215
24412,-0.027681663632344682
24413,0.06415524189024449
24414,0.014626748715351641
24415,0.007819887402610626
24416,0.02811864375317851
24417,0.003717481932534578
24418,-0.021552057598308652
24419,-0.05655881179840585
24420,-0.03704853377850624
24421,-0.0351408484814738
24422,-0.012484292580887377
24423,0.0669540831106101
24424,-0.08030007701537731
24425,-0.024755991044442167
24426,0.0281424569162498
24427,-0.020372518946224234
24428,-0.022955307261631336
24429,0.03880046200021959
24430,-0.005094743221284168
24431,0.0018564490633828077
24432,-0.018162767604599107
24433,0.03414716290515667
24434,-0.04506364284893542
24435,0.02653918081079713
24436,0.03372387220940023
24437,0.024351994278220702
24438,-0.024222339941321606
24439,-0.005354346170156109
24440,0.01067343121173914
24441,-0.019233242191259103
24442,0.0008638886459350634
24443,-0.027443206729380335
24444,-0.002422877449084345
24445,0.04615681882981523
24446,0.0031635537735867853
24447,0.0017840549692166962
24448,0.00309738160697722
24449,0.049886226631217494
24450,-0.023712893177189515
24451,-0.007502452160822235
24452,0.026405976604772192
24453,0.02296616296965434
24454,0.009564387066107696
24455,-0.007982962723515358
24456,0.034705738026487125
24457,-0.003310061636080924
24458,-0.029518352047310955
24459,0.013188227076779961
24460,-0.020617176779209146
24461,0.025442434713485895
24462,-0.03453144153305536
24463,-0.02229091809971251
24464,0.003121070356171896
24465,0.01409023297241339
24466,0.01989995436717308
24467,0.04036495560362033
24468,-0.055884743304061506
24469,-0.005244263763813021
24470,0.008559162817915682
24471,0.02089666474947851
24472,-0.024012707294806215
24473,-0.05407567247091027
24474,0.02330553698934871
24475,-0.012990310180626663
24476,-0.03281582971318297
24477,0.004476073810993809
24478,0.03320886919912125
24479,-0.011191780889702688
24480,-0.03058359510127568
24481,-0.06457124100878932
24482,-0.028861378633000385
24483,0.012850285237169877
24484,-0.04140896394266574
24485,-0.005309516174104434
24486,0.002464035377356996
24487,-0.037923720714705275
24488,-0.044380154767987096
24489,0.011806334918537897
24490,-0.02951335626232011
24491,0.03109485328629009
24492,-0.016520864424335056
24493,-0.04949109107528123
24494,-0.07780102475495623
24495,0.0007739568946225893
24496,-0.0010156193957222002
24497,-0.016681068742062637
24498,0.04146145503956492
24499,-0.026838476450540716
24500,-0.029298563065370303
24501,0.038726192853152576
24502,0.022339973231812242
24503,0.006330701083686118
24504,0.09257190428029716
24505,0.05343794410043972
24506,0.06106763627258949
24507,0.02115428403447838
24508,0.0036976105062921797
24509,-0.020389879309441864
24510,-0.01478200927742693
24511,-0.015879647541951085
24512,-0.009980206363077615
24513,0.022193267997379345
24514,0.0203805648295617
24515,-0.06396308075318921
24516,0.00493777556806291
24517,-0.04168870959921768
24518,-0.07339332626072569
24519,0.024457798706765937
24520,0.0024502439520132984
24521,-0.013630095429944374
24522,0.004700894506608191
24523,0.016427705620312007
24524,0.08620091669954191
24525,0.047056704986612394
24526,-0.032078630672420096
24527,-0.004062415762127336
24528,0.08463241556351919
24529,-0.014915469537544107
24530,0.009163387729763219
24531,0.004548795242053371
24532,-0.02181654307897658
24533,0.0033495611392539175
24534,-0.029260573895688362
24535,0.038496042468570434
24536,-0.027561295102186585
24537,0.0221576383437399
24538,-0.06537216343139754
24539,0.01491793393306408
24540,0.003099398320614884
24541,0.007292977771477566
24542,0.003923667312522524
24543,0.027175813874890396
24544,-0.036119746962297826
24545,-0.0008404284577714829
24546,0.014119297277845657
24547,-0.020886447233713537
24548,0.0376677287901194
24549,-0.004939903678465845
24550,0.03971379209585583
24551,-0.01661805110400053
24552,0.011676745960357907
24553,0.014772091601648458
24554,-0.06821322117473445
24555,-0.02590522286535185
24556,-0.012035203770660887
24557,-0.0222606157739651
24558,0.04089853813601423
24559,-0.02691006070809775
24560,-0.028009546127901675
24561,0.00804107376026204
24562,0.02403245510112144
24563,-0.023264733741875324
24564,-0.08900488754388977
24565,0.02665310041815003
24566,-0.012057541005350012
24567,-0.033842941072174455
24568,-0.03763498467341255
24569,-0.017382043730884263
24570,0.005801877282396333
24571,-0.054500573656051154
24572,0.0762665289267276
24573,-0.015752571371356335
24574,-0.031800265911935355
24575,-0.013846234573265672
24576,-0.00960754498654708
24577,-0.020304914733518094
24578,0.03795575083582593
24579,0.03604462616303188
24580,-0.01498667100674966
24581,0.013499580210159512
24582,-0.011462007658236559
24583,-0.006535352458009982
24584,-0.015585190677264889
24585,-0.031110459360014317
24586,-0.04178843590157264
24587,-0.0002809957794983986
24588,-0.03691417824969457
24589,0.019735220547443713
24590,0.030426936711241064
24591,0.018764640312093604
24592,0.00226688641801364
24593,-0.015698513277739554
24594,-0.02769371754835838
24595,0.011631178938908464
24596,0.00956298631771425
24597,0.02816247725285731
24598,-0.006258555327758722
24599,0.01615338326922985
24600,-0.02219000999383884
24601,0.03814039393134874
24602,-0.008062505122732641
24603,0.01789396838413855
24604,-0.005083055811083325
24605,0.05026623641985489
24606,0.00296054468473582
24607,0.03105975836203416
24608,-0.008389296872563007
24609,-0.03240317166540131
24610,-0.0005794198081235148
24611,-0.001628086494395736
24612,0.025685394381069294
24613,0.00240936440912447
24614,-0.02103387920665362
24615,0.022945549998091563
24616,0.035341932796897575
24617,0.0530083876040543
24618,-0.07418898265107994
24619,0.0455549476615996
24620,-0.03139655216867727
24621,0.003910494031173027
24622,0.021865914574238036
24623,0.0009885048961624254
24624,0.01193520128728521
24625,0.054361093770047025
24626,0.06089386019228963
24627,-0.005641656956494321
24628,0.029360597503942026
24629,-0.026545278757474415
24630,0.029804433942319783
24631,-0.05595909866485375
24632,0.027186803681236604
24633,-0.03824919392369548
24634,-0.05719936335573972
24635,-0.0023971307291538405
24636,-0.0363506713072774
24637,-0.07127115910569899
24638,0.04420907884626842
24639,0.012974947888117412
24640,-0.044176729507892164
24641,0.009490904917962147
24642,0.0019646953576376667
24643,0.04342443003446102
24644,-0.04369317535897543
24645,0.04989624731381605
24646,0.015188096002824055
24647,-0.014514712061840754
24648,0.061392220402591687
24649,-0.034549191807515554
24650,-0.02417865865358863
24651,0.004761388154636425
24652,-0.006062820433722585
24653,-0.02792853438643251
24654,-0.013815250918019956
24655,0.01923450844703377
24656,0.046677175108888094
24657,0.050437517198763444
24658,-0.028181879435027573
24659,-0.03143669239655287
24660,0.02879428058722565
24661,0.025641032812529663
24662,0.015435139901401383
24663,0.03733644611245732
24664,-0.012159885604307669
24665,0.00723222669415398
24666,0.023682326891596578
24667,-0.0481008732875963
24668,0.0007366593183068382
24669,0.011224571779848822
24670,-0.040288424332439905
24671,-0.01200356626831043
24672,0.01502844859122516
24673,-0.03272686527706195
24674,-0.005887934119278441
24675,0.0018065511616836365
24676,0.046723035800151885
24677,-0.019352142549198627
24678,-0.01822187349814721
24679,-0.00468583617953894
24680,0.020507370805354454
24681,0.06684124447605769
24682,0.03127250146503545
24683,0.03161346487933101
24684,0.036050761239998085
24685,-0.0015086499015142675
24686,0.05301171160726729
24687,-0.03574508704836525
24688,0.030061843201856966
24689,0.000829377971173791
24690,-0.01385197776634373
24691,0.046588475459502336
24692,-0.015298475721002304
24693,-0.022594966040666273
24694,0.031728128141037724
24695,-0.048257672892258296
24696,-0.03488651497418801
24697,0.03212819734368683
24698,-0.013889489668279341
24699,0.03453706465511697
24700,0.02084576070166656
24701,0.02182994353545282
24702,-0.0016026868390223712
24703,0.028353975842331885
24704,0.011905804529507742
24705,0.019739809238646214
24706,-0.025248895015113144
24707,0.008379729115233171
24708,-0.013325099053473373
24709,0.013411004452888878
24710,0.016607900241612985
24711,0.03534531952797255
24712,-0.05244288577136681
24713,0.02317813367014623
24714,0.02999949777961851
24715,-0.028473297996320184
24716,0.036132134839953936
24717,0.012618699681495708
24718,0.03885997079900112
24719,0.023278753572575944
24720,-0.017073282144113737
24721,-0.00521954456151046
24722,-0.010912469944112883
24723,0.04375535972224823
24724,-0.011075100335633038
24725,0.037121574038115474
24726,0.02956785803245029
24727,-0.03939824698998365
24728,-0.01718177325021708
24729,0.03643136598103365
24730,0.029871736756354607
24731,0.04168814825061612
24732,-0.035859498601914154
24733,0.007892227009738217
24734,0.01774356304681049
24735,0.044984143942924486
24736,-0.017428071849581395
24737,-0.01890851979150799
24738,-0.03005100447289064
24739,0.028524924592162642
24740,0.046097279252209744
24741,0.016652609521416187
24742,0.024315154848315826
24743,0.07347043037201703
24744,0.023667148596188792
24745,0.06733149754540405
24746,0.0010139600494230793
24747,-0.0087353682536584
24748,-0.023949175143694684
24749,0.011849471912521743
24750,-0.015374818773056392
24751,-0.009011543579859968
24752,0.06846228731356287
24753,-0.029032845155065073
24754,0.01027428727663989
24755,-0.01881556671218885
24756,-0.012397140649408674
24757,0.02148318180619283
24758,-0.04435230595761348
24759,0.025706405178496372
24760,0.0030043862262016797
24761,0.038420948669672356
24762,0.033821800176818476
24763,0.037671305804114465
24764,-0.012333641552606312
24765,0.026095140473628296
24766,-0.008334142182690145
24767,-0.01972548060441409
24768,0.0065948980369422905
24769,0.042384218633008196
24770,0.02432218878039812
24771,-0.03478390218973938
24772,0.030729395806705903
24773,0.022330689725245965
24774,-0.009243232099878403
24775,0.02942174392393853
24776,-0.010609400694809578
24777,0.029856625786107906
24778,-0.03312971190603501
24779,0.01468102880891266
24780,-0.0280468813819824
24781,-0.06317352536057336
24782,-0.04046393192581546
24783,-0.0747701724998363
24784,0.00926522488197532
24785,-0.021803959268107832
24786,-0.009415665886184485
24787,-0.019911484147060562
24788,-0.006479128046777389
24789,-0.01261528875032749
24790,0.013390426739740589
24791,0.025237153770973516
24792,-0.0001328248824359361
24793,0.046603550150913484
24794,-0.005753608374433698
24795,0.02757083912792148
24796,0.019540804521180358
24797,-0.010715363564289787
24798,-0.005944826697858873
24799,-0.06005793151765128
24800,0.05854400763519657
24801,0.023364318220617592
24802,0.04290413947149683
24803,-0.02031386700906197
24804,0.011771501769696742
24805,-0.04616228924451376
24806,0.03053363558292888
24807,0.010897535982823192
24808,0.011458800944928505
24809,-0.0345389378096089
24810,0.030984441629083877
24811,0.04447291137209624
24812,0.034710954754327505
24813,0.03229002457647249
24814,0.09254506217071971
24815,0.0005203407973326368
24816,0.016554609120602238
24817,0.004196902270919777
24818,-0.013996695958105602
24819,-0.005805928788158815
24820,0.014870734463722692
24821,-0.003539918172189826
24822,0.0047830255388499835
24823,-0.01061123877958037
24824,0.007565123229945591
24825,-0.013457309444015313
24826,-0.004026249813327833
24827,-0.0033767822338937785
24828,0.005323128759515549
24829,0.022766345166950953
24830,0.03455306130947027
24831,-0.016671562488301657
24832,0.07072243223348548
24833,0.054147037978377215
24834,0.01796050305309366
24835,-0.02275285687309448
24836,-0.0036078269958269467
24837,-0.07056403552918988
24838,-0.054822851669117025
24839,0.009194657433707768
24840,-0.02000231265315982
24841,0.0358124765796881
24842,0.0014696621223216977
24843,0.0017043179147748061
24844,0.011433869257904648
24845,0.014073006846452882
24846,0.004751211450430487
24847,-0.001579018830123112
24848,0.08901843065610654
24849,0.037859646206889135
24850,-0.002064059793109011
24851,0.005643953933941846
24852,-0.00945621845887201
24853,0.04521118741778989
24854,-0.06308223918240695
24855,0.009185864724693142
24856,0.006301130955517049
24857,-0.0012633576376132054
24858,0.004657349703229632
24859,0.035667374983270536
24860,-0.016587197087096554
24861,-0.038092360834335266
24862,0.006776577025792326
24863,-0.016935904823271772
24864,0.010923958732663573
24865,-0.03454310204350455
24866,-0.0029807719417231466
24867,0.021536574328873407
24868,0.0683890465971453
24869,0.001963606922863673
24870,0.020657641906029367
24871,0.026762821841869656
24872,0.0065674648805234105
24873,-0.001413131371069127
24874,0.03115132830700867
24875,-0.009928427189448493
24876,0.004075380466615809
24877,0.056011732969313124
24878,-0.0312447706999427
24879,0.019621437662848518
24880,-0.020376272770500727
24881,0.055897552315560005
24882,0.05462404238404551
24883,-0.01554773516090658
24884,0.004994010294890153
24885,0.045426682328004904
24886,0.013056757311581353
24887,-0.02153406195236858
24888,0.011695194858044551
24889,-0.016595381341564536
24890,-0.03141250758471886
24891,0.017530639911690498
24892,0.027549461136172876
24893,0.04281278563185375
24894,0.04625332057146898
24895,-0.019405951820762685
24896,0.00618950347502307
24897,0.0292383419766893
24898,0.037241003548102114
24899,-0.029143050525832225
24900,0.01229662684237727
24901,-0.021408876656369227
24902,0.0026430638268173825
24903,0.009475160573903608
24904,-0.023710696174068735
24905,0.005544047462499215
24906,0.00216871309387615
24907,-0.01454747693117715
24908,0.024160894624761186
24909,-0.0040232061545037575
24910,-0.0003657513403051908
24911,0.022194536215760733
24912,0.016522828112784053
24913,-0.05555234587191205
24914,-0.016026589665092194
24915,0.00030556876400412276
24916,-0.05544611106879724
24917,-0.0003819363145956358
24918,-0.05303019005960884
24919,-0.018394102808417252
24920,-0.027663284981858043
24921,-0.02125848849480106
24922,-0.018857551220099706
24923,-0.0565516385262153
24924,0.030075382201194024
24925,0.021056760185266282
24926,0.021630934733596018
24927,0.013030284724191512
24928,-0.05436519074317813
24929,-0.003519746153308488
24930,-0.009111011518937189
24931,-0.0692144661824397
24932,-0.018758275244898943
24933,-0.020489081460329305
24934,-0.007166180702932225
24935,-0.010540289427889458
24936,0.04781092625792721
24937,0.024568791590641594
24938,-0.0016139146491177488
24939,-0.016752809343896512
24940,-0.050765613023653365
24941,0.036255815830980545
24942,-0.02561011967241461
24943,-0.03345950987580418
24944,-0.013121828945561492
24945,-0.02217855971265102
24946,0.00807456700573433
24947,0.06453174428478767
24948,-0.0011709478408362588
24949,-0.017882912176308788
24950,0.05171260175085645
24951,-0.05614696751886813
24952,-0.02987374546095401
24953,0.016039530694458543
24954,-0.010878804552747109
24955,0.029516242742469074
24956,-0.0026292388166503852
24957,-0.007813701533303736
24958,0.023102334148287072
24959,0.02166908015942406
24960,-0.03187551145895924
24961,0.00475269265468449
24962,-0.02206333693038418
24963,0.03896141579201823
24964,0.03971437012510969
24965,0.036264341504611435
24966,0.01659630128650223
24967,-0.02972826960078405
24968,-0.021175251500099735
24969,0.02328864381057064
24970,-0.012673174740193003
24971,-0.01092858052764053
24972,-0.03938445734349736
24973,0.0231568059366033
24974,0.0428878434750006
24975,0.0067417610388219975
24976,-0.009595451197775433
24977,0.005601935007228588
24978,0.01777223194603283
24979,-0.008583237490915753
24980,0.004700995275215791
24981,-0.0397548029033085
24982,-0.030462579850533834
24983,-0.042889656798693734
24984,-0.004819665293317782
24985,-0.05532722094993476
24986,0.005735550300031234
24987,0.00875634017279521
24988,0.026698206505120035
24989,-0.03165220649278406
24990,-0.007103677208385921
24991,0.03397577768957323
24992,-0.006658013747037254
24993,0.05501403389141654
24994,-0.033505699563470215
24995,-0.05133588910955395
24996,-0.03171688208565264
24997,0.031476551608986034
24998,0.024170377948741082
24999,-0.05971364463738472
25000,-0.02743279637799679
25001,0.03532471667206825
25002,0.05224692849470503
25003,0.008249926045699314
25004,-0.0386119730233529
25005,-0.013993238254697596
25006,-0.012497330017772087
25007,-0.003172912353108138
25008,-0.02624530436642371
25009,-0.010222848717251551
25010,-0.0647449020734045
25011,0.018041483640728703
25012,-0.024317088502013112
25013,0.01941485375213021
25014,0.0002242965879567507
25015,0.05538854896878839
25016,-0.035410879889010954
25017,0.011858576294517966
25018,-0.02592901104246359
25019,0.027527146051001285
25020,0.017877196836125733
25021,-0.02568391030313592
25022,-0.047707992640753656
25023,-0.03670627656849767
25024,-0.005989769032448049
25025,-0.008027346472987997
25026,-0.040852865684966745
25027,0.03247231450121507
25028,0.052897255227985183
25029,0.02917711992507216
25030,0.008345046329231918
25031,0.012248248100502051
25032,-0.03194916017170978
25033,-0.04602283738729042
25034,-0.01730296962983841
25035,-0.0014756820916557837
25036,-0.03714870683740775
25037,0.035120171992895584
25038,-0.008281198434225102
25039,0.001326784295343097
25040,-0.03900294674296861
25041,-0.03986949379941201
25042,0.02073712156677565
25043,0.051305470906536976
25044,5.085706421095477e-05
25045,-0.028036049028668946
25046,0.03922902759297094
25047,0.019019010222781775
25048,-0.03284379703641103
25049,-0.008275889642228446
25050,0.036279144506450686
25051,0.05505297965138825
25052,-0.030726672575365332
25053,-0.0060196136390750065
25054,0.012729069952447042
25055,-0.0004323321466362816
25056,0.009479355682592469
25057,0.012557263329922281
25058,0.021950121004500615
25059,-0.01946886569895512
25060,-0.00032983757130272836
25061,0.0033682987744007003
25062,0.010360728187452978
25063,0.019186747431664836
25064,-0.0010572522142706965
25065,0.03825405162350339
25066,-0.028287468404412774
25067,0.025248022835759613
25068,-0.019172601485520368
25069,0.024352151018038268
25070,-0.08403313189207005
25071,0.02606402153041857
25072,0.02129249758969183
25073,0.014017289890585727
25074,0.030909031022301317
25075,0.008157374955243192
25076,-0.004113691504889462
25077,-0.017288463763314353
25078,-0.02500119843519522
25079,0.015386032239606526
25080,0.03510836182739781
25081,0.0013452497117295414
25082,0.014440661312093261
25083,0.018291495059983155
25084,-0.037860640173469205
25085,0.007111632527528092
25086,0.00016025754267141304
25087,-0.05578370650534863
25088,0.055794816729786874
25089,-0.017433404914730746
25090,0.012190160730126576
25091,-0.04570171926623846
25092,0.003213792029148655
25093,0.031001540441990414
25094,0.019555834032083223
25095,0.037564056691907016
25096,-0.019299019974502164
25097,-0.028647031379443605
25098,-0.008340849923582824
25099,-0.015099121035877964
25100,-0.010248273150104705
25101,-0.007600361724808961
25102,0.015915955785524665
25103,0.012157392387716993
25104,0.0252133695528063
25105,-0.011180262221589089
25106,0.00928143549686068
25107,-0.03696595351862496
25108,-0.044707859015423845
25109,-0.03694196053663879
25110,-0.004181420398319053
25111,-0.011777407105877633
25112,-0.022800116798227008
25113,0.029694687816717216
25114,-0.028109721452920722
25115,-0.05403373399542708
25116,0.009126529391898886
25117,-0.0026315167553170237
25118,-0.006679027508952705
25119,0.05064521436691581
25120,0.006057365193393943
25121,0.06283066559922121
25122,0.0354013257396713
25123,0.017425914941677216
25124,-0.059477574515514935
25125,-0.029281512997445
25126,0.03318940776145469
25127,-0.02409356836031702
25128,-0.002568007672995339
25129,0.03151605750968984
25130,-0.001579893635198533
25131,-0.02921124695489304
25132,-0.019077721283180082
25133,-0.03216622223392648
25134,0.026176539656071456
25135,0.013555679788670831
25136,0.007076569265355331
25137,-0.007808804626372295
25138,-0.0501115230147832
25139,-0.02402657203106888
25140,0.0020808893067279506
25141,-0.0036073424805153744
25142,0.03721774553001366
25143,0.012138499272520127
25144,-0.036143750233318506
25145,0.005933947955077395
25146,0.01930516517766684
25147,-0.04986610197166888
25148,-0.023073926254837965
25149,0.018407058696039844
25150,0.03607757986022855
25151,0.0002509159352375586
25152,-0.027128133756614988
25153,-0.06787238803609733
25154,-0.007366385534743729
25155,0.02044892608008521
25156,-0.009843388044299363
25157,-0.03663259840233041
25158,0.03944401140528467
25159,0.08711357785552967
25160,0.003978319565663278
25161,0.03461358267489477
25162,0.038282057617474025
25163,-0.007160595459774951
25164,-0.005658328584536387
25165,0.05152000101076278
25166,0.004661517623163441
25167,0.07352456851041098
25168,-0.005551685578039974
25169,0.002686096781695754
25170,0.009251059193315711
25171,0.08664630151264442
25172,-0.00418200661991455
25173,0.02173250051376966
25174,0.05070074054964043
25175,-0.004719629845962004
25176,-0.03853990201394784
25177,0.021665745510997515
25178,0.03413057409954978
25179,0.007524038916689569
25180,0.0207567087097796
25181,-0.027375978696152145
25182,0.0094315263977621
25183,-0.032314108478435286
25184,-0.007214215247914067
25185,-0.05497956119135592
25186,0.018958851121460077
25187,0.002893813795032899
25188,-0.007562384148680774
25189,-0.030760607600096
25190,-0.02472401625572078
25191,0.0361058354477775
25192,0.028538616059444518
25193,-0.018271147143572888
25194,-0.0076943944408708635
25195,-0.023978345752940167
25196,-0.02364014038683666
25197,0.012220280646815317
25198,0.0002565661246461988
25199,0.01833915616562269
25200,0.059180046621785644
25201,-0.010551993877126327
25202,0.006869605310881663
25203,0.007699388040067319
25204,0.01952186711972185
25205,-0.016787223288647575
25206,-0.016131242857565183
25207,0.0025643705733903533
25208,-0.02810998517081422
25209,-0.03492688059824132
25210,-0.027070272285287435
25211,0.00588936561230455
25212,0.012550827786077676
25213,0.03625418757356959
25214,0.01895389479708103
25215,0.006510109244058621
25216,-0.004530562657532999
25217,0.05409917604266899
25218,0.02351254822090957
25219,0.010627106990844805
25220,-0.019347684410419553
25221,0.02929372214637249
25222,0.0400437252611459
25223,0.005459293324565067
25224,0.045789228499862986
25225,0.004310848264343605
25226,0.008510551211253395
25227,-0.024856280675811124
25228,0.03054059862093902
25229,0.056405447296561884
25230,0.03145907907190688
25231,0.07873628716999086
25232,-0.03260945930696228
25233,-0.025012297609025347
25234,0.016391183649973246
25235,0.03582782250794882
25236,-0.00241680417045112
25237,-0.023491514642869946
25238,0.03258324949625804
25239,-0.011200947915268728
25240,0.04313251361044816
25241,0.025324416935749047
25242,-0.008123597513430824
25243,-0.03336353862762195
25244,0.029498646947694652
25245,0.0035835015214333195
25246,0.02969169627304012
25247,-0.0477425368003018
25248,0.03342542501738166
25249,-0.016135447438836735
25250,-0.01888644948647666
25251,0.019430594273742698
25252,0.02004779518524693
25253,-0.01590395627787446
25254,-0.006294237519903013
25255,-0.04400200756394974
25256,-0.05029637760687609
25257,0.048821720866289636
25258,-0.012294699125878222
25259,0.004564251840477009
25260,-0.030123727568115117
25261,-0.056673779518383774
25262,0.03483301140664567
25263,0.01900911137274887
25264,0.050515999753266407
25265,-0.01996754411295612
25266,0.011169956694274194
25267,0.0499900124033845
25268,0.009066378834348821
25269,0.001746584459134187
25270,-0.014484931014995848
25271,0.01706317575602139
25272,0.0056112623678548825
25273,0.006574644527101693
25274,-0.008868545227485376
25275,0.02423042359410334
25276,0.035331311925840776
25277,-0.0341617679998486
25278,0.016672980118358906
25279,0.03848189601663096
25280,-0.03563186081588858
25281,-0.049900397184555634
25282,-0.001708500370547419
25283,-0.0008031979762861941
25284,-0.006316377502496152
25285,0.04949197384368956
25286,0.0471235342779397
25287,-0.029716949102150565
25288,0.0021037621000031194
25289,0.01870075558225932
25290,0.00023630787591000506
25291,-0.015799479091123798
25292,0.046775403455850635
25293,0.018900545939282917
25294,0.01571653704995451
25295,-0.013851349388769361
25296,0.006342054740142003
25297,-0.03703352312013829
25298,-0.021234064745247354
25299,-0.032816928423614375
25300,0.06027272334312628
25301,0.05944066110594859
25302,0.024372084556021308
25303,0.008731265479462517
25304,0.02874547214458066
25305,-0.059221679139610545
25306,0.017135456552673768
25307,-0.015149119895280474
25308,-0.010030656098920291
25309,0.007254915173047719
25310,0.05416461903392935
25311,0.022595349462989793
25312,-0.0229960154716172
25313,-0.015360039661705403
25314,0.021723280753822485
25315,0.01851793086350716
25316,-0.008985733416009578
25317,-0.03331773086757214
25318,0.010045728267243557
25319,0.019115025274569063
25320,-0.006257327770716033
25321,-0.0016313091844171105
25322,-0.02119995123630108
25323,0.011344109932175519
25324,0.040437548371737256
25325,-0.010674726654486457
25326,-0.014649251236258043
25327,0.015848384531503706
25328,-0.014488676923922498
25329,-0.027198335273739334
25330,0.017604306264032473
25331,-0.029615351706642562
25332,0.006888979444968102
25333,-0.017473525835203504
25334,0.051593384824154584
25335,-0.08056091411226046
25336,0.0360968996933067
25337,-0.022735129272464183
25338,0.0352314994957423
25339,-0.044054499242988925
25340,-0.021498728619624548
25341,-0.004439902808033546
25342,-0.024818076728157036
25343,-0.01770915333095259
25344,0.015716553519744294
25345,-0.02019386965041706
25346,0.015967735426132914
25347,-0.018810967628697776
25348,-0.0376214639079247
25349,0.004187177218152609
25350,0.010812473924241948
25351,-0.005411552276235005
25352,-0.06493397844039933
25353,-0.010630143623414436
25354,0.05058594360210419
25355,-0.04090106491083839
25356,0.019258343953613595
25357,0.0066966075084946095
25358,0.05697683611119086
25359,0.001641002803292311
25360,-0.0073045593036887655
25361,0.0116609624459626
25362,-0.05244249239940364
25363,0.05185900343124976
25364,0.009590207811865962
25365,-0.06436178564219398
25366,-0.008580350932225709
25367,0.07572770839029376
25368,0.06848037805426468
25369,0.018706845015707303
25370,0.012637897413389727
25371,0.007926203772669754
25372,0.019192229323230902
25373,-0.014367042499265946
25374,-0.013069410566780838
25375,-0.02741509905771601
25376,-0.00039928191308211884
25377,0.00901357435752795
25378,0.016684135702746468
25379,0.047991735110328004
25380,0.042120354834204156
25381,-0.021942534914241946
25382,0.07696763746335823
25383,-0.01526336692730204
25384,-0.02475863041862771
25385,-0.01709790701264963
25386,-0.00879624466971665
25387,-0.044886002030663806
25388,0.03392299770656742
25389,-0.055791380242659325
25390,-0.005572941588301041
25391,0.005988619440828219
25392,-0.006480992129435025
25393,-0.000691151575089845
25394,0.015476437377964869
25395,-0.033735025554410665
25396,0.005711131492219037
25397,-0.004275472281519591
25398,0.03349190892154729
25399,0.0022779162712971346
25400,-0.03513657435096717
25401,0.04661532475462875
25402,-0.07179949904379068
25403,0.026217815587181944
25404,0.022019013799561855
25405,0.001009501156553729
25406,0.027841757201078583
25407,-0.03375122473462857
25408,-0.02979663690744476
25409,0.012021801445585215
25410,0.02304648775067439
25411,-0.036261379836028035
25412,-0.002694384482484319
25413,0.02753915555135926
25414,-0.027328791541476487
25415,-0.01352240518776035
25416,0.02271334947672187
25417,0.002272893623444767
25418,-0.03378156946454608
25419,-0.0359765720861159
25420,-0.013991944603014263
25421,-0.021349382481203244
25422,-0.043308176007191584
25423,-0.041641572140482794
25424,0.05878185871428519
25425,-0.028653212589647134
25426,0.017894768845702607
25427,-0.0182313854705291
25428,-0.011749641685574056
25429,-0.010764723471962036
25430,-0.042322039329737014
25431,-0.01567529639793829
25432,0.00025631720513595655
25433,-0.07535328737233851
25434,-0.02672550145584607
25435,-0.014759609908826217
25436,0.011777391739667506
25437,0.03831912631235986
25438,0.01704870619372367
25439,0.026504752445728006
25440,-0.004406592066146313
25441,0.015261121292899811
25442,-0.038432553227348315
25443,-0.046874424942123426
25444,-0.03672002712610529
25445,-0.0446465205693547
25446,-0.010891736603500879
25447,-0.010771034633072116
25448,0.007632860333859497
25449,0.00749299574505695
25450,0.05193598897433846
25451,0.0030334473845427135
25452,0.020729074079004945
25453,-0.014037075986988973
25454,-0.03724435519656787
25455,-0.0233152707240318
25456,0.035443364088293614
25457,-0.02927937809784969
25458,-0.04590725957696533
25459,-0.03352458907660122
25460,0.03425943345271478
25461,0.016841161521015793
25462,-0.0013268426499365607
25463,-0.01302813262826512
25464,-0.013672837718108717
25465,0.007803198639316302
25466,0.02344123213522565
25467,-0.018540710336962384
25468,0.006235254311592116
25469,-0.017234776024063966
25470,-0.012897019818359579
25471,0.0019488062282188546
25472,0.00642430962457117
25473,-0.05274783490562482
25474,0.025083031513958912
25475,-0.030504757721742642
25476,0.018373860333272474
25477,0.054437805408810096
25478,-0.018641229610489612
25479,-0.04463176050191361
25480,0.02746169080433874
25481,-0.012432194962758584
25482,0.004655456164478789
25483,-0.049568974693163424
25484,0.04859364853154807
25485,-0.039079979659395594
25486,-0.04657931322728169
25487,0.020407056244463248
25488,0.030624047907387437
25489,-0.013154042362909964
25490,0.03083947175852619
25491,0.028200503500724394
25492,0.0015150691062505775
25493,-0.013713445144374014
25494,-0.03929766226243384
25495,0.0025636636111026753
25496,-0.04937433259268443
25497,-0.015846520130552856
25498,0.03248603830682116
25499,-0.0032964282325074912
25500,-0.02406090452948531
25501,0.027526107653954586
25502,-0.026083514854474913
25503,0.05796623243117175
25504,0.007548630533609167
25505,-0.007987313470934839
25506,-0.01245245128400968
25507,-0.05881096160490097
25508,-0.05962451380009434
25509,0.0015671263638124006
25510,0.04318203056469106
25511,-0.015360045861975022
25512,0.01826143554432093
25513,0.01876202566392108
25514,-0.05711264427278389
25515,-0.060610916225459416
25516,0.03557566767290784
25517,-0.014073845863085339
25518,-0.03364394897823096
25519,0.0023557884766644546
25520,-0.017045149837656096
25521,-0.05564161067535293
25522,-0.008924197323816881
25523,-0.04779162809263329
25524,-0.021326155845708343
25525,0.023907610857675704
25526,-0.08246674435645573
25527,0.021202434947029548
25528,0.015217566457054264
25529,0.01664106447206227
25530,-0.018905865361756712
25531,0.029684938379077583
25532,-0.011374732943245982
25533,0.0437669501585675
25534,0.003661081926873833
25535,-0.026646014928735955
25536,0.014617337582885429
25537,-0.04402096964547565
25538,0.011836651177107093
25539,0.011681533239517133
25540,0.037326875132040756
25541,0.038765256946801066
25542,-0.023161837826135973
25543,-0.058081078441445104
25544,-0.012100178740106722
25545,-0.018030118766654134
25546,0.07567666549757644
25547,-0.00903578830641487
25548,0.015212496791344982
25549,0.051341374788785046
25550,0.04100578852691777
25551,-0.009588049026505013
25552,0.026788682231804042
25553,-0.0051189825395148445
25554,0.0160387223188425
25555,-0.04273260338546509
25556,-0.0064618006732997104
25557,-0.05009948324983304
25558,-0.025347120810253393
25559,0.02403814040193848
25560,-0.022605369806517516
25561,0.039650543068296684
25562,0.004231572597036418
25563,0.041286870759449645
25564,-0.014579308996020482
25565,-0.0004760410240758643
25566,0.049765325928703655
25567,0.012136732725273684
25568,0.01943785826225431
25569,0.04651056211807849
25570,-0.0322715027393715
25571,0.048741833531564145
25572,0.02393252406263382
25573,0.06641945688524784
25574,-0.0059486256888482214
25575,0.0015758193927433556
25576,0.05662307957043339
25577,-0.002787045970742156
25578,0.014579418297799115
25579,-0.029820940018171465
25580,-0.00822366113891529
25581,-0.007120934831973331
25582,-0.03974259219747833
25583,-0.012818770833880413
25584,-0.0639432872443363
25585,0.0039263054608673666
25586,0.020646715384122424
25587,-0.03249095998262487
25588,-0.013899011189207467
25589,-0.03930521813426465
25590,-0.007718841698019584
25591,0.017321333776928547
25592,0.033969186460304585
25593,-0.014442828695839769
25594,0.016466932108485866
25595,-0.012506846601711703
25596,-0.019458082164083776
25597,-0.02502841306437026
25598,0.017225705491290665
25599,-0.012230108443091619
25600,-0.031112477733744075
25601,0.06201738259738874
25602,-0.014885595249773741
25603,-0.03045444207644232
25604,-0.05479313100794046
25605,0.01440475027157668
25606,0.013337985350302757
25607,0.021937982030831086
25608,-0.0035574087543094757
25609,-0.015524218178556069
25610,-0.025912488313109695
25611,-0.036084195113143064
25612,-0.021815612795927346
25613,-0.010656525890128398
25614,0.004822189217540855
25615,-0.05477011292557622
25616,-0.025026673509493714
25617,0.04938337710442116
25618,0.027888074734501663
25619,0.027119402588610182
25620,-0.02292919402506011
25621,-0.006399033991642487
25622,0.06450666561699929
25623,-0.050335725084027505
25624,-0.007221359760545982
25625,0.022545548062631617
25626,-0.03145923195086454
25627,-0.010834515650835522
25628,-0.004445213852562628
25629,0.03523761179296967
25630,0.03026714405018734
25631,0.040547679240774945
25632,-0.03644979610861951
25633,-0.011498328876492095
25634,0.0288289592218324
25635,-0.005091308627805823
25636,0.019480900501782476
25637,-0.015395238133611554
25638,-0.017632013283719588
25639,-0.027370755083405623
25640,0.07950869370947233
25641,0.004910434348207467
25642,0.07584417156359632
25643,0.015083101077966494
25644,-0.013157223474289412
25645,0.011222828681802594
25646,-0.02532066595433909
25647,-0.04009949567239873
25648,-0.028434848809309292
25649,-0.06900470988602142
25650,-0.007274606376576304
25651,0.04672159638959918
25652,0.042892536003847216
25653,-0.014247136519071946
25654,-0.010613443582788672
25655,0.030019227949907606
25656,-0.000783776443697458
25657,-0.02793244376068347
25658,0.01393324653407971
25659,-0.08480612647333166
25660,0.0054741813996911515
25661,0.005320780355255869
25662,0.03250210501716566
25663,0.039703091247660124
25664,0.011512901349919481
25665,0.04824643873603043
25666,0.015242167677420121
25667,-0.01606148200355221
25668,0.0135071702360474
25669,-0.02060576228718188
25670,0.001529027929168725
25671,0.016845036604409877
25672,0.005333151158812222
25673,0.01050096169003206
25674,0.03226063099281474
25675,-0.05123737576347632
25676,-0.03223548544963374
25677,-0.0009114560557524829
25678,0.0017092018473773437
25679,-0.021785986272362605
25680,-0.025190361821348328
25681,-0.023612371767363517
25682,0.02648670606012897
25683,-0.018720661042133973
25684,-0.026370110236350098
25685,0.0009835381095765162
25686,-0.007765166000731424
25687,0.02245616676566024
25688,-0.010862117832136572
25689,0.03006667169401678
25690,0.052047064444802095
25691,0.04138475197887287
25692,-0.028318654974059783
25693,-0.023857793419027447
25694,0.01395397549329665
25695,-0.01667406192225585
25696,-0.005662706755372668
25697,-0.005557393302919051
25698,0.014248534028614764
25699,0.001353008191959756
25700,-0.004725210709306493
25701,0.013464142308382145
25702,-0.047265094900975906
25703,-0.028956186201839196
25704,0.017492075413884776
25705,0.014443403363213357
25706,0.020828602496280674
25707,-0.03418418187775601
25708,0.017288554912151647
25709,0.0024270723390785445
25710,0.024348243906321076
25711,0.014606114637232433
25712,-0.04492006646693263
25713,0.002003773467280228
25714,0.017074609764545473
25715,0.059107453925830514
25716,0.02639653699152506
25717,-0.030514803891757484
25718,-0.011288955485718259
25719,0.01667925682835581
25720,0.09855104210261047
25721,0.011237061845733053
25722,0.000501641784507228
25723,0.040655697746364426
25724,0.05215611699864056
25725,0.017803721529536604
25726,0.03068254420505432
25727,0.006195020810566559
25728,-0.030957103801517866
25729,0.0571722357142421
25730,0.039090286096125616
25731,0.027266648665527384
25732,-0.03384045807935496
25733,-0.02010368377407078
25734,-0.05239450449815061
25735,-0.0044462829931484794
25736,-0.018337356468148058
25737,-0.007422873323313098
25738,0.06438059611004444
25739,0.0046654932931426835
25740,-0.017865637649933794
25741,0.02868321153129234
25742,-0.0032923489922695353
25743,0.0213897477947077
25744,0.020394389820080995
25745,0.009021474979215677
25746,0.025426942055019275
25747,0.0223756449048986
25748,-0.02958901649053572
25749,-0.0033381409387537447
25750,0.0243144708226597
25751,0.01601574493153141
25752,-0.011593094579423565
25753,0.016361842637016823
25754,-0.013219806195430549
25755,0.00924221880491266
25756,-0.0017013292535029555
25757,0.0040288916893392295
25758,0.009167218561259882
25759,0.011833938086491282
25760,0.0012193071129557608
25761,-0.004766271451846687
25762,-0.03230492341196914
25763,0.04481290108255822
25764,0.06343253530787961
25765,-0.017724971818206484
25766,0.0677149333395483
25767,0.047834872371011146
25768,0.00498461588041795
25769,-0.006933759444416531
25770,-0.021573130545366487
25771,-0.0023185644577303735
25772,0.023070709913986173
25773,0.025919492328886087
25774,0.056440132590925014
25775,0.000631839639508172
25776,0.007387870187930114
25777,0.03710354223934546
25778,-0.03670537567402799
25779,0.026417395534494365
25780,-0.002177116346647431
25781,0.026757760103128383
25782,0.035156826090788865
25783,0.011734719473427982
25784,0.028316305758393463
25785,-0.012475989830430478
25786,-0.03056376700867191
25787,0.02350549831689674
25788,-0.011257241971312984
25789,0.0226262141577907
25790,-0.030722453211461994
25791,0.05052168287567061
25792,0.03512826736966778
25793,-0.01085375901780093
25794,-0.058346034239408456
25795,0.03246375503416434
25796,0.01917882391240762
25797,0.012194782171171783
25798,-0.0053770404152961564
25799,-0.016825604428978264
25800,-0.019860004779121795
25801,-0.038375830660443574
25802,-0.02903677741724799
25803,-0.033552521499961845
25804,0.009693998570244665
25805,0.013997454059587416
25806,0.003237149183299806
25807,-0.06951172119346188
25808,-0.006874248801207894
25809,0.004145579790256028
25810,-0.020993105532902973
25811,-0.029729136753246108
25812,-0.06796789664278237
25813,0.0501664023804118
25814,-0.029958088782928327
25815,-0.012248186760842899
25816,-0.0016132416034472228
25817,-0.02712317330628891
25818,0.054213588309508565
25819,0.0014216961146552136
25820,-0.009417323352459891
25821,-0.049294339166820016
25822,0.0034375898003149025
25823,-0.01970370161401694
25824,-0.023361179815377185
25825,0.039573278848168025
25826,0.023307707871350322
25827,0.0073409670982754515
25828,0.0019577933092251045
25829,0.003039615406943267
25830,0.03572128453893845
25831,-0.0038732559095463045
25832,-0.016282664659966466
25833,-0.025182894710551764
25834,0.018390313414195676
25835,-0.025552859930601125
25836,-0.015041791630976242
25837,-0.01241988283281943
25838,0.04261006756811022
25839,-0.019776287659396413
25840,-0.008027835227149074
25841,0.017220618472650908
25842,0.026508821837670397
25843,0.05362727001521735
25844,-0.03115801031624708
25845,0.03251512450020381
25846,-0.008166387306534701
25847,0.02278799767773484
25848,-0.004264676643609898
25849,0.0035707750377724293
25850,0.047878889625831186
25851,0.00839118638578872
25852,-0.01739109673045204
25853,0.013081194505824588
25854,-0.028005899707123038
25855,0.014357831880254654
25856,-0.0004812819477932851
25857,-0.042450542775326484
25858,-0.0006661195194681438
25859,-0.018556959270014693
25860,-0.004808351668730456
25861,0.025091211596461327
25862,-0.004396382773269193
25863,-0.0021384997204372336
25864,0.027976565970486044
25865,-0.02441846511685282
25866,-0.016205341694841432
25867,-0.009117196228382128
25868,0.024519342590005228
25869,-0.005545776374456184
25870,0.003791558034816603
25871,0.024105255063475477
25872,0.004942828351002278
25873,-0.02385792588516901
25874,0.024490367990607387
25875,0.007913759595270317
25876,0.026464787884197493
25877,-0.024358247770200875
25878,0.051415741023506066
25879,-0.02836269201309255
25880,-0.004562812840840653
25881,0.02750628490171239
25882,0.08773134142979712
25883,0.0016285224700872993
25884,-0.022087815955630932
25885,0.05791382749477034
25886,-0.008002543569446394
25887,-0.025750222591473405
25888,-0.015478226011365942
25889,0.04795078367812756
25890,-0.0027297459502110414
25891,-0.012415978573712365
25892,-0.0009555082871797011
25893,-0.04982245907051909
25894,0.0049757438118599355
25895,0.004433867611231833
25896,-0.018711902121353725
25897,-0.0025472748626224695
25898,0.02370423030852117
25899,0.056786620132016505
25900,-0.02242565388732526
25901,0.008641432532797238
25902,0.005219334483416328
25903,-0.035247426183755697
25904,0.010071533233773721
25905,-0.001798529056744735
25906,0.0022828152881547445
25907,-0.0019473281932342252
25908,0.001885079570169394
25909,-0.04280411501050075
25910,0.017762383452942208
25911,0.02522657198726344
25912,0.0016270630091077092
25913,0.016875003536358915
25914,0.01985682858178535
25915,0.04384333622647256
25916,-0.013047161506004297
25917,0.0464425469181228
25918,-0.012581710399942825
25919,0.009301572935383242
25920,0.01510856048002455
25921,0.026813471755548227
25922,-0.005379032423995368
25923,-0.0154326125653605
25924,0.002880728243296087
25925,0.00812850380979515
25926,-0.0001916955726626755
25927,-0.047964776817954594
25928,0.036925027079339985
25929,0.03249536019464322
25930,-0.012067031262502383
25931,0.041146965784962936
25932,0.03765084591807915
25933,-0.019905829814348224
25934,-0.028108748476624923
25935,-0.005770451260077594
25936,0.014444690166559955
25937,-0.03160717563898963
25938,0.0028332819993804118
25939,-0.03394085868872413
25940,0.03208068710809388
25941,0.02980826843313606
25942,-0.023173067480838465
25943,-0.05186765983297857
25944,0.022156922478124143
25945,-0.0037249160872475694
25946,0.027761007257814264
25947,0.007573220379736597
25948,0.035114501161381845
25949,0.013090267693568185
25950,0.018663835283077346
25951,0.04306556896353691
25952,0.0008942434934259074
25953,0.006544782454481337
25954,0.024747724584510595
25955,-0.014681346951919865
25956,-0.035423190966641455
25957,-0.010859600130863964
25958,0.01524728698470827
25959,0.016537863895550155
25960,0.0084756465909155
25961,0.042650163174354
25962,-0.05300290171038392
25963,0.039284651973223006
25964,-0.021588045488023407
25965,0.05780739863664615
25966,0.05694966314221504
25967,-0.018284699466519446
25968,0.019658933130986447
25969,-0.00343120150953503
25970,-0.00494028950690159
25971,0.02183215772350137
25972,-0.05101228182986818
25973,0.03062460277445911
25974,0.02376578419522886
25975,0.008729491432357388
25976,0.02377993895350357
25977,0.013808008491975403
25978,-0.04953047280356772
25979,0.0262474264728747
25980,-0.013299237202659138
25981,0.018675844604145935
25982,-0.043438665503708444
25983,-0.00918325382135801
25984,0.02035157862260482
25985,-0.023761563487466386
25986,-0.00035968027907127523
25987,0.022672146519019647
25988,0.003013808684728927
25989,0.013572227441738232
25990,0.0860501496210704
25991,-0.004228262492431958
25992,-0.023268015663721334
25993,0.03151704343539598
25994,0.04002123041096129
25995,-0.0008801833331525542
25996,0.016061955804238567
25997,0.0019394836700420246
25998,0.03390483716780477
25999,0.01167936645890426
26000,0.01826592628706787
26001,-0.0009828660180116328
26002,-0.041762559953921856
26003,0.00859108539563648
26004,-0.07163585216574828
26005,-0.024747905105827177
26006,0.03196280021956535
26007,0.0003943383570658909
26008,0.013215875761303892
26009,0.024122724539234495
26010,0.008647003476257454
26011,-0.010881646720709178
26012,-0.01134979906880511
26013,0.01252233685064165
26014,0.02240161796824209
26015,-0.012583821369936053
26016,-0.007377961428051471
26017,0.008148142918219924
26018,-0.04471360703930743
26019,-0.021776683511766533
26020,0.018878820851603285
26021,-0.013561149481573803
26022,-0.03000181696173668
26023,-0.0031591802162738393
26024,-0.029851531455083773
26025,-0.006057743607929948
26026,-0.016616614329446368
26027,-0.015645082536396595
26028,-0.02772017853909771
26029,-0.021868295379683534
26030,0.019760273677551236
26031,-0.03145840693275554
26032,-0.0189708469896721
26033,0.0297662928702349
26034,0.0015728134136401566
26035,0.00646164142438821
26036,0.036663360813364396
26037,-4.9892717547824275e-05
26038,0.034892418702419915
26039,0.002927752594377271
26040,-0.011238329309882906
26041,-0.00640292945817064
26042,-0.04619003156243888
26043,-0.008956629384461848
26044,0.021931368587164584
26045,-0.039572472996875815
26046,-0.0464891267105539
26047,-0.050776558514897305
26048,0.03761687431369019
26049,-0.013213510057280178
26050,0.007559268300258389
26051,-0.0011244585657035199
26052,0.06665753869703628
26053,0.015050455576642289
26054,-0.03818138626561645
26055,0.018383469071227503
26056,-0.007759747759808389
26057,0.0407993514338221
26058,0.007631702272488548
26059,0.008026781011354695
26060,-0.04882671868665178
26061,-0.04051802048095319
26062,0.036906775132056376
26063,0.011860811913775606
26064,0.034835209660237995
26065,-0.020626213397489934
26066,0.006152913193563941
26067,0.08216856326028729
26068,0.02079027316692815
26069,-0.028589720127777347
26070,0.018527365322701703
26071,0.04603526833476109
26072,-0.019826493084053952
26073,0.014416644959288008
26074,0.017659504007348177
26075,0.05556948877820108
26076,0.020171525713024056
26077,-0.035498664546043654
26078,0.03369707798566579
26079,0.04360608647113123
26080,0.008890915566192249
26081,0.01899788230658794
26082,0.00229250147234565
26083,-0.03588952916482699
26084,0.023536140416464783
26085,-0.048164941112770865
26086,-0.0064085855614046654
26087,-0.007144326829606637
26088,0.02184711030601887
26089,-0.04915842893974891
26090,-0.020856052643938784
26091,0.0023174817939409305
26092,-0.051746668718903446
26093,0.06977749554621722
26094,-0.04623446016612641
26095,0.01488633953014139
26096,0.006767615498162242
26097,0.012508894563224904
26098,-0.018814083653163324
26099,-0.0073487188470837805
26100,-0.006634143760104669
26101,-0.016732528643794584
26102,0.046132958267149
26103,0.005782749756347063
26104,-0.03297726068900235
26105,0.009140953374871823
26106,0.021223339118828392
26107,-0.04323328260141352
26108,0.0729461999142128
26109,-0.01071412069669357
26110,-0.10599581834734514
26111,-0.02060789221177558
26112,0.03953945058686299
26113,0.015544547966041048
26114,-0.01930347563948039
26115,0.0861420387652172
26116,0.005862581169724414
26117,0.02672909533539618
26118,0.002745498972118336
26119,-0.031437979709870036
26120,-0.04353529027216834
26121,-0.009289865663536203
26122,-0.004251829872226792
26123,-0.01444992036798683
26124,-0.04699233095195226
26125,0.015706896758120016
26126,-0.013557795901791283
26127,-0.017995023703023014
26128,0.008891868549204244
26129,0.04740892062958931
26130,0.027640805766823127
26131,0.015341874051727667
26132,0.00659879957355708
26133,-0.0028867612925547815
26134,-0.03581956218457433
26135,0.0004219379641653974
26136,-0.006843536939065486
26137,0.02158214386969631
26138,-0.00597898736105504
26139,0.013087442520738094
26140,0.012061399016761346
26141,0.0033482172537221836
26142,-0.05625172364428684
26143,0.005277762255748549
26144,-0.00031630379249191366
26145,0.03691298058495027
26146,-0.0606808119920359
26147,0.040390662930898
26148,0.02887886109616037
26149,-0.03239244712191831
26150,-0.03590988645145884
26151,0.022565723639580287
26152,0.0054859774029962505
26153,0.04703528532189168
26154,0.023618450491223297
26155,-0.027670974797251096
26156,0.021193805411244764
26157,-0.023369827633965258
26158,0.004325658299476202
26159,0.006944635447435723
26160,0.04081929027821618
26161,0.0018804012770122682
26162,-0.02999052025953977
26163,-0.04995808544287738
26164,-0.04656737414150594
26165,-0.04053735464635557
26166,0.05086568418101403
26167,-0.015137260923052303
26168,-0.023134122902587602
26169,-0.03721415069736644
26170,0.011901600129590061
26171,-0.02996728777846467
26172,0.0475996956548514
26173,0.004360605895925911
26174,0.009391732123963315
26175,0.03345375344403303
26176,-0.02051035813858973
26177,0.0008811688819386763
26178,-0.01733818179164751
26179,-0.00586527865982132
26180,-0.009247071402269342
26181,-0.02930054103442008
26182,0.06777052355581704
26183,0.06247143387620206
26184,-0.011114294234294404
26185,-0.021485224887369307
26186,0.020596697397455538
26187,0.016108987662798804
26188,0.03271905234436839
26189,0.033912906554009116
26190,0.018992759583721833
26191,-0.007583771683433887
26192,0.03238176901614694
26193,0.0326793491174658
26194,-0.05657785431049358
26195,-0.028599487453527805
26196,-0.003768239471748049
26197,0.01003699411163292
26198,0.013140324659348373
26199,0.017186221877821987
26200,-0.0016403195973211725
26201,0.040908314242384246
26202,0.0060935810331079875
26203,0.006511204498780364
26204,0.01701843020322183
26205,0.010657800500311211
26206,0.030376882183771103
26207,0.033274929920092795
26208,0.04604520570367371
26209,0.005549959462742373
26210,0.026285486541644375
26211,-0.00237150272524325
26212,-0.013971038504799534
26213,-0.010628814407035347
26214,0.044573600449671825
26215,0.0020986879805899544
26216,0.03147996177974403
26217,0.016666784722433825
26218,0.04312659734992317
26219,0.053413192872530164
26220,-0.02500143459597839
26221,-0.0037055924357347037
26222,0.03958264351700827
26223,0.025164142457619876
26224,0.04583883374177836
26225,0.038375002230796276
26226,-0.02277797317839015
26227,-0.007380241345280534
26228,0.00044866189130883007
26229,0.050932324716886655
26230,-0.0034016634832068453
26231,0.03620482592831332
26232,0.04309963067265426
26233,-0.05794878122369395
26234,0.0001521288948237859
26235,-0.0021932398586523493
26236,-0.039235796416931985
26237,0.025038243686085572
26238,0.017480878126662446
26239,0.023126318089804535
26240,0.04345978965556141
26241,0.049078560251621155
26242,-0.05835578805848058
26243,0.010526922508784791
26244,-0.0069704768399549595
26245,0.0028562876916135623
26246,0.01689261244343752
26247,-0.02741964711388002
26248,-0.06613785354195319
26249,-0.04055531210530825
26250,-0.01535300268705681
26251,-0.06805832153297177
26252,-0.035431823597497615
26253,-0.025557797544734827
26254,0.07153443097615142
26255,0.07892817771356156
26256,-0.0026708740236478616
26257,-0.04863415019148645
26258,0.07314212668526156
26259,-0.0002973633700522804
26260,-0.04995048140343789
26261,0.0010012661910733084
26262,-0.008793452091258444
26263,0.011370065495000142
26264,-0.00905504458528382
26265,-0.035401659838157025
26266,0.013976739597856282
26267,-0.01514573458376638
26268,0.0046574945909062275
26269,-0.019159598147411992
26270,-0.019267499931012285
26271,-0.0184636351957146
26272,-0.0317873772813609
26273,-0.01972014887715656
26274,0.020863593555905887
26275,0.014149095294624905
26276,-0.006974875786261373
26277,-0.03288223423884043
26278,-0.030002384826265823
26279,0.018388014406375646
26280,-0.0008740470617648736
26281,0.051248387442727604
26282,-0.020700985304200628
26283,-0.015498551968064427
26284,-0.03202556393973936
26285,0.016959017853231905
26286,0.051996984159853654
26287,0.02119121781438458
26288,0.03595568157397149
26289,0.012134274308915893
26290,0.019007668492730903
26291,0.01797512150424191
26292,0.015523926873325601
26293,-0.02561832006497945
26294,-0.008918823054877411
26295,0.012625991607540438
26296,-0.04184450032915813
26297,-0.03901692382493224
26298,-0.02760181653900561
26299,-0.04003911145493389
26300,0.01073448593863523
26301,-0.026474072515128733
26302,0.01988000307742859
26303,-0.009484784129655859
26304,0.015666551022254036
26305,-0.005958805927294359
26306,0.0175452042514762
26307,-0.033963072529473295
26308,0.014038229000161698
26309,0.05846032500198883
26310,-0.03150609056924379
26311,0.03258464551337833
26312,0.025969832666011276
26313,-0.0024706246174370154
26314,-0.044732374757580184
26315,0.00406695865689636
26316,0.0074072924634241335
26317,-0.01759182767624569
26318,0.021933924216352988
26319,0.005949188654633028
26320,-0.04854566010781303
26321,0.06203964648976165
26322,0.01576825910528717
26323,-0.01450258527130287
26324,0.09365310124689567
26325,-0.00563538882836066
26326,-0.01548121985307342
26327,0.05257344867554004
26328,0.026200045935368697
26329,0.02210276616283999
26330,-0.010015434511189952
26331,0.060988507665089536
26332,0.009402138208532218
26333,0.055836118974662334
26334,-0.039482344019297455
26335,-0.003407845817643228
26336,-0.009027438312130633
26337,-0.014926512747502972
26338,-0.017638344067795866
26339,-0.03402701329675833
26340,-0.017064453371548872
26341,-0.0009022316675959201
26342,-0.037259741451598355
26343,-0.018270732778188588
26344,0.024056701391734374
26345,0.030262097828528244
26346,0.001586451891410363
26347,0.05178428589325276
26348,-0.05303158929207167
26349,0.05552614111671103
26350,-0.04934683103746007
26351,0.0020887345628742434
26352,-0.01744537567070477
26353,0.03736787087879405
26354,0.015765030369913936
26355,-0.013564985633064791
26356,-0.01014936197572159
26357,-0.0897366620529402
26358,-0.0037233414193182947
26359,0.0419890146968815
26360,0.026438907930416707
26361,-0.0030717686661026
26362,0.02658848588237294
26363,0.002874965975851001
26364,0.013471622025200311
26365,-0.004130773808463275
26366,-0.017384757460267575
26367,-0.012085605244785235
26368,0.0437056237433326
26369,-0.006064907073497737
26370,-0.014141292259673132
26371,0.03530345472478141
26372,0.03340417977783355
26373,0.055874379614966156
26374,-0.0015944333766766666
26375,0.01269374078950986
26376,-0.06264608381300078
26377,-0.05246114544208238
26378,0.011250709571471272
26379,0.004841622285114542
26380,-0.049789555883441715
26381,0.05311015402134345
26382,-0.04250579302549014
26383,-0.027176709088215335
26384,0.003929129704780292
26385,0.00370051595285169
26386,-0.004952304205938056
26387,-0.0008829843874765345
26388,-0.02408879231240716
26389,-0.03856559435982807
26390,0.023786847496187754
26391,-0.019335653517846906
26392,0.01730381234069881
26393,-0.060008745557140655
26394,0.04114399718698737
26395,-0.023168969658323983
26396,0.03892452127480204
26397,0.010319628542545624
26398,0.014253848983615081
26399,0.0156863484881008
26400,-0.044799323233921995
26401,-0.0021561731011675
26402,0.0033888849941406387
26403,0.006097484215097126
26404,-0.00016728779917749687
26405,0.002612826805144408
26406,0.0008432621053828816
26407,0.043959450598988335
26408,-0.007626700201088819
26409,-0.026462015232513073
26410,-0.02683388612512672
26411,-0.01781824403895457
26412,-0.03121859058882495
26413,0.022044304696986025
26414,-0.03416855521060431
26415,-0.015883059295126775
26416,0.08475655235630698
26417,0.013249060196442475
26418,0.03369520783381336
26419,-0.03584171170470585
26420,0.02066532373827591
26421,0.0032538860772229755
26422,0.00023843978648330363
26423,0.011045615848928641
26424,0.021352950025347376
26425,-0.02135212888195067
26426,0.015220388798905242
26427,0.020088668522103295
26428,0.012950518824852078
26429,0.05593941803601332
26430,0.006277283458153156
26431,-0.03186742868155678
26432,0.02135633863465962
26433,0.06100783282343153
26434,-0.04102663436121702
26435,-0.004466013452907801
26436,-0.02797197449896343
26437,0.007467053701162546
26438,0.04209123676678489
26439,-0.022365299603577624
26440,0.07669720681888409
26441,0.04758819229060864
26442,-0.008322090095452995
26443,-0.015226520831273673
26444,-0.03653221667419079
26445,0.01657771948647257
26446,-0.013345588110872091
26447,0.08167609983179647
26448,0.02954455957514461
26449,-0.05063331010090315
26450,-0.00997677881971742
26451,-0.015260850947676471
26452,-0.019581329830469965
26453,-0.009833476579763087
26454,0.04370927292600428
26455,-0.01371983392714935
26456,-0.014096375368970827
26457,-0.03176270498416117
26458,-0.03760877608203772
26459,-0.021213043117387947
26460,0.05800333149715654
26461,0.02626832139343355
26462,-0.05695956616487694
26463,0.03721782691508637
26464,-0.013919394545391026
26465,-0.03662174304245062
26466,-0.02847889376747883
26467,0.019036730181044802
26468,-0.026152324973926153
26469,-0.045040942492093956
26470,-0.03415156214618948
26471,-0.05703780122548769
26472,-0.03484087811815805
26473,-0.030325093470590828
26474,-0.003108892620858782
26475,0.047176845117433995
26476,-0.002838029455457064
26477,-0.0016557535965621524
26478,0.017843938858024162
26479,-0.026344526785261387
26480,-0.023299608283887708
26481,-0.028230844071054754
26482,0.004282025401152549
26483,-0.0035263658059073153
26484,0.015190392469406143
26485,0.0029924475147014183
26486,-0.032851002583027734
26487,0.05585178288357392
26488,0.005332132164231345
26489,0.01413925678776335
26490,-0.008377293333632156
26491,0.03807431860105402
26492,0.03956621020924947
26493,0.04448992049180692
26494,0.038815347288583164
26495,-0.004866010422107966
26496,-0.0016466543112127496
26497,-0.010451066284417889
26498,-0.004601897263764303
26499,-0.02827677331137652
26500,-0.02704430703835839
26501,0.03432203377243293
26502,0.0046191141697712575
26503,0.0008402933580808977
26504,-0.010298322408750213
26505,0.01728702762172121
26506,0.033797302070579814
26507,-0.013798442075375237
26508,-0.024158405590268415
26509,-0.025885182066876938
26510,0.003125628619800776
26511,0.025808281326509953
26512,0.009354957884590731
26513,-0.0006675248522959673
26514,0.007274938251048753
26515,-0.011879913616412696
26516,0.005270540017635529
26517,-0.047999989809516225
26518,0.05610342328393636
26519,-0.007040522788092329
26520,-0.01804730540146383
26521,-0.02320658156147376
26522,0.01938107074091646
26523,-0.0369862622142056
26524,-0.03892649405056371
26525,-0.0031298182920697516
26526,-0.010539419228654102
26527,-0.044554065354872836
26528,0.01938337141127016
26529,-0.01770343405727297
26530,-0.019096674315673953
26531,-0.025696223715294623
26532,0.04794203295750546
26533,0.013292038107176267
26534,-0.012244428191683296
26535,0.0020479521827423937
26536,0.010400712230270769
26537,0.010316207651584471
26538,0.06199390081370964
26539,-0.04026144753396008
26540,0.022812405968367155
26541,0.012974787040634669
26542,0.05797435364740451
26543,0.039927291378264396
26544,0.0036173524304126637
26545,-0.015207832995658714
26546,0.027394484640835805
26547,0.010093229941933056
26548,-0.0420857053490493
26549,-0.004491920762853658
26550,-0.07448463267608278
26551,-0.011507731762261381
26552,-0.026056159731450985
26553,0.007577610571969755
26554,-0.006229306335830973
26555,0.019633629192340813
26556,-0.020529489694956247
26557,0.011146513733744258
26558,0.04043550339937261
26559,0.009268089739312643
26560,0.008990640787921552
26561,-0.061947910875923065
26562,0.039682961914713606
26563,-0.010593774582910501
26564,0.01299006150045254
26565,0.01818342966268177
26566,0.043691974991720846
26567,0.002272079631341909
26568,-0.07714165405733037
26569,0.0037151928114511077
26570,-0.013136756324996004
26571,-0.01351221562063329
26572,0.02178707404804177
26573,-0.044850767790306695
26574,0.05979683541678517
26575,-0.010505004599600012
26576,-0.017319858732732785
26577,0.008574790873444859
26578,0.027463265244802325
26579,-0.031142551278317766
26580,0.031246877550225944
26581,0.06282295587607699
26582,0.005222024591114525
26583,0.0025893222428188104
26584,0.0066504809483804925
26585,0.0063771993540811395
26586,0.04634742692768132
26587,0.0658365266077093
26588,-0.0008577905993706629
26589,0.00499132252516298
26590,-0.03363217488724465
26591,0.01865698930219667
26592,0.006338404496387232
26593,0.051226034902293965
26594,-0.02656481419266103
26595,0.009357666400638542
26596,0.012338162295511936
26597,-0.003467711547426572
26598,-0.02644117768982513
26599,0.01736604440317204
26600,0.010538226026594868
26601,-0.012625254063922843
26602,0.04950780626217597
26603,-0.02217601262217632
26604,0.022575284471322878
26605,-0.0034356931734592037
26606,-0.02522972996123625
26607,0.048509392164600346
26608,-0.009330392153758279
26609,0.029968673612831523
26610,0.02738983954853334
26611,-0.0012079886948733111
26612,0.058100170034925666
26613,0.03309986221626785
26614,0.010840572492795025
26615,-0.026551298033025746
26616,0.03069725217021414
26617,0.010224094235405686
26618,0.04121741369517123
26619,-0.023467673191760255
26620,0.004872631306125086
26621,-0.008043995567024495
26622,0.027236693687712324
26623,-0.03615875519669564
26624,-0.0022433381917548413
26625,-0.013981590586110046
26626,0.005550807809191886
26627,-0.0018446817909586746
26628,-0.017086775338192743
26629,0.017557855160914425
26630,-0.021403430418003567
26631,0.06380030455439223
26632,0.014021490487827054
26633,0.0249399584590303
26634,0.018668959853716652
26635,0.048069356765120946
26636,0.004730441075260171
26637,0.0011347092644333114
26638,-0.0351633848403952
26639,-0.020511915364140355
26640,0.028762796087099786
26641,0.004050744525402817
26642,-0.04954588465812485
26643,0.009833947460578526
26644,0.01747456258656667
26645,0.04134313824895275
26646,0.019432596480047894
26647,-0.006068364978494783
26648,-0.04351793236911269
26649,-0.04144138736370483
26650,0.014059384894606806
26651,-0.00873330686389413
26652,-0.015232020849327755
26653,0.04153013861520238
26654,0.02287349972952957
26655,0.027894858502036733
26656,0.06980198170723505
26657,0.033400985623673086
26658,-0.01310867895861177
26659,-0.006727949297314235
26660,-0.060275904722707496
26661,-0.010695414307722528
26662,0.07269566291948937
26663,-0.015934167835502232
26664,-0.04251379224063199
26665,-0.010231353493383112
26666,-0.04052363837151512
26667,0.039775305231288305
26668,-0.035605719726202564
26669,0.054613030797958206
26670,-0.0036265124111523957
26671,-0.011417909977676428
26672,0.032283200351824665
26673,0.016497342405682677
26674,0.023858410005540624
26675,-0.026740721520196683
26676,-0.03531453256511457
26677,0.032910748676794124
26678,-0.017070388610292742
26679,0.00785080785917201
26680,0.023517587224150927
26681,0.035546364537756815
26682,0.03181476502435726
26683,-0.015202795193842218
26684,0.014758069691172772
26685,0.01467093018226879
26686,-0.01654630503497397
26687,0.0330566605685602
26688,0.019461121336843322
26689,0.022011418432046733
26690,0.004877195285342804
26691,0.019664477137653836
26692,-0.04982006344578098
26693,0.030251109837160187
26694,-0.008602584955070115
26695,0.016757285107440754
26696,0.0065190366307127405
26697,-0.05499799620886661
26698,-0.018060182175089104
26699,-0.030233404373254318
26700,-0.009731710820751782
26701,0.0016335411125362191
26702,-0.01790528303450691
26703,-0.024970501399264114
26704,0.03869782471543481
26705,0.024865916143828742
26706,0.0075042390860364985
26707,-0.028181025310519477
26708,0.012940136588980819
26709,-0.020267351461909514
26710,-0.0368628188100352
26711,0.0019759050071307353
26712,-5.464465259908801e-05
26713,-0.10398497030966111
26714,-0.03483068684267838
26715,-0.014245670134667132
26716,-0.06520515520476208
26717,-0.013695953000570886
26718,0.004904809541390947
26719,-0.014332023542871568
26720,-0.00808940931642885
26721,-0.039498860035747235
26722,0.0006762091089317155
26723,0.006426865636184523
26724,0.06417463564954495
26725,-0.02956747338504573
26726,0.038511271825739934
26727,0.024402060553546854
26728,-0.03998770194268024
26729,0.016684044523407642
26730,0.023354295297790196
26731,0.04384856353374581
26732,0.046765829078902435
26733,-0.04230997229459215
26734,-0.014541853674052882
26735,0.046311696626962606
26736,0.04990604370081583
26737,0.01768976627146049
26738,0.031111321224964975
26739,0.014428533255294284
26740,0.01964987372005991
26741,0.04326868410281
26742,0.051086458533522006
26743,0.0032261373494236398
26744,-0.06540113830002406
26745,-0.001403072530298611
26746,0.035660780524779175
26747,0.0057619503212722675
26748,-0.07557741729574861
26749,-0.0032175576217251993
26750,-0.02051000871825412
26751,0.013038464857149042
26752,0.021928108636125036
26753,0.04481785876541736
26754,-0.03193670279755223
26755,0.01893894497769581
26756,0.030666097067684264
26757,0.03412359474546157
26758,-0.03560461088323945
26759,0.06537034896280612
26760,0.008194882628485107
26761,-0.031720299201975694
26762,-0.018830017147039708
26763,0.048086770165698005
26764,-0.03376689366401381
26765,-0.012003969736132882
26766,-0.008784011838701635
26767,0.007512853859490107
26768,0.028948120377311003
26769,-0.0377859028144152
26770,-0.02321530553533335
26771,-0.01696562594046484
26772,0.037944376416158346
26773,0.005173159462379678
26774,-0.012563937339710072
26775,0.0041406203910067125
26776,0.027068153590112172
26777,0.015875844256206965
26778,0.054137280659606234
26779,0.014319523303949503
26780,0.05209020390965485
26781,0.02062221427580934
26782,0.01286011910436372
26783,-0.0074612581753832315
26784,0.046676371407191414
26785,0.02406679567705728
26786,0.04847895021185798
26787,0.026076920262999116
26788,0.0011642567798059065
26789,0.030684306539549795
26790,0.04630468423598243
26791,0.053558194436532376
26792,0.0027052735082944953
26793,0.014006840537623187
26794,0.03062482996033854
26795,0.01346900874188954
26796,-0.03193089404763499
26797,0.01322886927285653
26798,-0.012434459867158297
26799,0.039818476724599976
26800,-0.014239960239759956
26801,-0.030081614559154098
26802,6.838289643512033e-05
26803,0.018019883698634723
26804,-0.05272589483850263
26805,-0.020933778705810147
26806,-0.029662231289981005
26807,0.02511191593765344
26808,-0.06286095549756714
26809,0.005560364423958518
26810,-0.043116442804939675
26811,-0.014390356992378858
26812,0.02740550699676469
26813,-0.02513420069381028
26814,-0.03338540886680161
26815,-0.04946516043309229
26816,0.014393222071477457
26817,-0.012460546723502657
26818,0.027669710408523663
26819,0.020215961919012378
26820,0.0015641090471557814
26821,-0.021581032184965404
26822,-0.0056571910163959755
26823,0.05894789619183991
26824,0.028947177176767876
26825,0.019818999331551436
26826,-0.01797889562935194
26827,0.029922799361416355
26828,-0.005573554056673587
26829,-0.02654941639771339
26830,0.027173846044644706
26831,0.0441793634680026
26832,0.0016167240381674943
26833,-0.02153546003561615
26834,0.005059979006212459
26835,-0.02716832037844058
26836,-0.055909841067837265
26837,0.01932826905259839
26838,0.01316406648264747
26839,0.044876118086851935
26840,-0.05068027846648715
26841,-0.007387587193890175
26842,0.018764230581854946
26843,-0.01049416697156461
26844,-0.015064718743275186
26845,0.03192761024253863
26846,0.033646358362458835
26847,-0.027389813444513432
26848,0.016019106413431242
26849,0.009806561454180195
26850,-0.0012990613743714648
26851,0.04412824559437261
26852,0.009618026130254642
26853,-0.0002927682474271014
26854,-0.005354351988412057
26855,0.008343890185434402
26856,0.060198737815502994
26857,0.03067251110508597
26858,-0.022300921308641225
26859,-0.012342293043255296
26860,-0.034223796799150344
26861,0.02522028703199177
26862,0.024716838368551375
26863,-0.0074843054990697665
26864,0.009634858132097966
26865,-0.05309662134161035
26866,-0.024067560955115197
26867,-0.036157219726476286
26868,-0.0196650394581536
26869,-0.025549994140894487
26870,0.02601143185119917
26871,0.052661325371197644
26872,-0.0013470413459198555
26873,-0.0470231518303795
26874,-0.023811648325136957
26875,-0.007659627945184568
26876,0.007973619388860766
26877,-0.0037271802535768506
26878,0.0075790139555618995
26879,-0.042315019438107414
26880,0.004934343250353203
26881,0.0018001415303839287
26882,0.024550319493650795
26883,0.03718044198858795
26884,0.021924180363662372
26885,0.037339715738604014
26886,-0.008620800136644496
26887,0.0159534194300153
26888,-0.007490444554305244
26889,-0.04285781351246713
26890,-0.05136033147980257
26891,-0.07718877086182828
26892,0.00729113926793065
26893,0.02633418584332604
26894,-0.03368849912558879
26895,-0.009413781551237429
26896,-0.026372553168031426
26897,-0.020224867579086602
26898,-0.01431040684027967
26899,-0.013668114121580786
26900,-0.01505056259521494
26901,-0.011340820449753028
26902,-0.03065126547747914
26903,-0.01638604417665815
26904,0.010784822266896844
26905,-0.03771389666993388
26906,-0.021052894801592135
26907,0.014625658033360113
26908,-0.014548327752663162
26909,-0.005277679289614613
26910,-0.023273602126698646
26911,-0.024264299827259958
26912,-0.06253685013542078
26913,0.03219965238043855
26914,-0.015811161203525177
26915,-0.011558181612359306
26916,-0.028778232302933738
26917,-0.0035878814100975256
26918,-0.009799773604932416
26919,-0.008445051664024759
26920,0.0017742570518517625
26921,-0.0706062915161621
26922,-0.0420900781966441
26923,0.0388468154148056
26924,-0.055286428541975303
26925,-0.007559396318824405
26926,0.04110352401023433
26927,0.03013842676104962
26928,0.019147986006705132
26929,-0.008042513523470393
26930,0.029907130610323792
26931,-0.014504740716384287
26932,0.04637865034426407
26933,-0.023063979679775116
26934,0.009828479485360609
26935,0.04981075171941538
26936,0.0401682565473271
26937,0.0010552780928106708
26938,0.0062127375016405376
26939,0.02605174663121036
26940,0.012433340251102279
26941,-0.0027244809307860867
26942,0.043253842695733964
26943,0.015695968417487622
26944,-0.043062189428762374
26945,-0.019704448992823257
26946,0.0171109086198553
26947,-0.025315529765391687
26948,0.019891472996922992
26949,-0.0428396133910547
26950,0.0063819521917859315
26951,0.02264086212985845
26952,0.05584802611416208
26953,0.0312647669834217
26954,-0.05299038866648903
26955,-0.012149927901467402
26956,0.05642726706833701
26957,0.016997067843327135
26958,-0.009243095727685283
26959,-0.04461780551991189
26960,-0.04890575634371324
26961,-0.03421356410003644
26962,0.02956876398326096
26963,0.052684948235563085
26964,0.01258518074093357
26965,-0.03110880804619103
26966,-0.012532526205528673
26967,0.0032247352454896384
26968,0.03809244305517704
26969,0.04648816055816726
26970,-0.014147830486782148
26971,-0.016775087245549086
26972,0.02772874685313545
26973,-0.0029582849009490934
26974,-0.021551505889042165
26975,-0.03483435540306013
26976,-0.041016594284426285
26977,0.031126834596608477
26978,0.005781569963121357
26979,-0.0019431691556646494
26980,0.02980283993328752
26981,0.032305995572734295
26982,0.03675768426160125
26983,-0.0323954137016238
26984,0.015425184269162773
26985,-0.006463252603108226
26986,-0.03735041123789759
26987,-0.045433271291873197
26988,-0.010529667335235436
26989,-0.032786059856489504
26990,-0.06395046759367395
26991,0.011683646323474526
26992,0.016484765414140908
26993,-0.03462086691916705
26994,-0.06604643844118148
26995,-0.032040450381776435
26996,0.014918929967332049
26997,0.052973921150734786
26998,0.025310868560558947
26999,0.051311256116245034
27000,-0.015643050481543967
27001,0.03021060880681353
27002,-0.010047804245024564
27003,-0.059476958703483254
27004,0.011434963915718455
27005,0.04369002389180025
27006,0.007006824722736781
27007,0.032111183678997714
27008,0.01094462803180882
27009,-0.022191022392750857
27010,-0.008390796579690166
27011,-0.024303031476913088
27012,-0.02659293425842507
27013,-0.02702743951230497
27014,-0.03518587786702094
27015,-0.02350407461824793
27016,0.021005277426633003
27017,-0.04472719346332447
27018,0.015913127825075587
27019,-0.02346678088664076
27020,-0.03423717497206156
27021,0.04380683155908828
27022,0.025026065727392622
27023,0.01109251308793118
27024,0.0035468819466463446
27025,-0.0008395883906783833
27026,0.026888994900574115
27027,0.009310645997194993
27028,0.009803198117530542
27029,0.03504595987235167
27030,0.0375196366079184
27031,0.029133893222501255
27032,0.002130079534148759
27033,-0.06459071098751965
27034,0.0024599388982393935
27035,-0.013852013590205088
27036,-0.0028749179030025415
27037,0.012521367441950837
27038,-0.004326836251767786
27039,-0.012617513007606681
27040,-0.0028114756590239924
27041,-0.01105228117763535
27042,0.010302187542396991
27043,-0.035716265705270665
27044,-0.014550312802946745
27045,-0.0374226021640666
27046,0.027138559310036614
27047,0.015323131112536402
27048,-0.04430255614239567
27049,0.05317505429092158
27050,0.06574711136813158
27051,0.007005032107835853
27052,-0.007726909701660895
27053,0.010442797918666934
27054,0.0045446128344306495
27055,0.054300949221357905
27056,0.013849608473313567
27057,0.02186147095879197
27058,-0.026706975389771615
27059,-0.04556612835030315
27060,-0.0245250370579153
27061,0.015286474504683161
27062,-0.024772786342052423
27063,0.02849005757269371
27064,0.022867318435937235
27065,0.0037777969775088134
27066,-0.007761993510639384
27067,0.043867997603296655
27068,0.008839888495193814
27069,0.007038813928624706
27070,0.006652602707392069
27071,-0.044039597017193476
27072,-0.023097641622243145
27073,-0.0047250993204961
27074,-0.004573157317285726
27075,-0.02670309832982278
27076,0.10147517447938421
27077,-0.010670446453546121
27078,0.034680693798494235
27079,-0.026246521181989595
27080,0.004081560773574165
27081,0.012907686585223455
27082,-0.03876795481021433
27083,0.004258600567173864
27084,0.006847033042505141
27085,0.019526463745705415
27086,0.026829008418628543
27087,-0.032991029881103355
27088,-0.010383450150695719
27089,-0.015907148725526583
27090,-0.015870365335488294
27091,0.009019330051969414
27092,-0.0044898094221022065
27093,-0.040873996222109445
27094,-0.02595154526283712
27095,0.028947654941498858
27096,0.0024676321623593993
27097,-0.032732644651490804
27098,0.021597422203041648
27099,0.024473867814839047
27100,0.02394064116302002
27101,0.018463513909453007
27102,-0.011246802888740273
27103,-0.05357053892078125
27104,0.0007313907645390393
27105,-0.0276732288307686
27106,0.07957832181726467
27107,-0.011722168653667327
27108,-0.015454301590171533
27109,0.019474497421127716
27110,0.023437058126995904
27111,-0.01678505494309212
27112,0.037724224806354144
27113,-0.033803500610783806
27114,-0.02104522686150356
27115,-0.00019655840675880817
27116,-0.015394605849495504
27117,-0.009523952844315977
27118,-0.010474834970181937
27119,-0.012497823750161704
27120,-0.012176722159475897
27121,-0.014187370844809918
27122,-0.04604683909587215
27123,0.04798386061956604
27124,0.015060558893549432
27125,-0.00828016383361547
27126,0.017351870481087314
27127,-0.011065344167616672
27128,-0.035525169549605086
27129,-0.05621761815238582
27130,-0.00724514242259027
27131,0.039874700787810746
27132,-0.0014454767005745058
27133,0.05809550134083453
27134,0.009264649959195494
27135,-0.029776106115602493
27136,-0.04137459692786832
27137,0.018752696580189108
27138,0.007490539790983758
27139,-0.04157153225802241
27140,0.05839495817266354
27141,-0.0015782672431578527
27142,-0.002060577780989803
27143,-0.0034425851429150107
27144,0.01855055782628872
27145,-0.03369968216120822
27146,0.0671653299806335
27147,0.0032592306557720336
27148,0.05349542860761342
27149,0.0034087197711396367
27150,0.0025602610398220964
27151,-0.045582179741119964
27152,0.017367216892631928
27153,-0.0028854991704504746
27154,-0.04906725438629566
27155,-0.005854504689270956
27156,0.017386660810993878
27157,-0.006625159976420967
27158,0.007715070599638924
27159,0.006656005851401461
27160,0.013824635755841117
27161,0.012082703486017502
27162,-0.02466236783048823
27163,0.024134337636379417
27164,-0.0210716856861982
27165,-0.026725502885137187
27166,-0.0028409185825975726
27167,0.02212917546628528
27168,-0.01719276037775668
27169,-0.0011943672760129382
27170,-0.027910738535470412
27171,-0.028839667544726985
27172,-0.05643050647805119
27173,-0.011165040478053225
27174,-0.011743299700957315
27175,-0.0027661218352034154
27176,-0.00791455161235311
27177,-0.016932681813156752
27178,0.023256449895103472
27179,0.004880838112195124
27180,-0.007415141708427149
27181,0.034209874898356585
27182,-0.032595173887720895
27183,0.022801495785620313
27184,0.014075543216963506
27185,-0.054025959765256225
27186,0.003715920031443564
27187,-0.0021073802661018817
27188,-0.02936340984291964
27189,-0.017234855905900463
27190,0.04753378461654658
27191,-0.018157993519174034
27192,-0.05402541061561359
27193,-0.04470619120514147
27194,-0.0021444059275635406
27195,-0.021085472796675213
27196,-0.030314414454375844
27197,0.03344018783637693
27198,-0.028095472827221243
27199,0.010887476840722115
27200,0.007652543408134819
27201,-0.034798220398785766
27202,-0.004464187675401658
27203,0.011375078663768582
27204,0.0088123132340936
27205,-0.017518318206614522
27206,-0.011772302327188894
27207,-0.025633234420892565
27208,-0.009446194394130702
27209,0.007649683390426068
27210,0.0001392418120980467
27211,-0.036064394961230505
27212,0.006182449696702935
27213,-0.04627118891751519
27214,0.011469481762890149
27215,-0.02404822971219621
27216,0.012691979872545393
27217,-0.04988756891920567
27218,-0.02615686871434333
27219,0.050543081107396665
27220,0.04028804790344123
27221,-0.007326520445226712
27222,-0.011267505758598213
27223,-0.03366250903813011
27224,-0.007242768291106241
27225,-0.008553300985601081
27226,0.01475882316169058
27227,0.0021792628026428514
27228,0.010551177618930247
27229,0.014793182355538746
27230,-0.04798823563618263
27231,0.03191310850330627
27232,0.050985998105068826
27233,0.017220876842163897
27234,-0.0025446274089982786
27235,0.07483764360513934
27236,0.020781424629755435
27237,0.04909957503352018
27238,-0.0007380379453828772
27239,0.00823858882401022
27240,0.015779633473589294
27241,-0.01597842101463952
27242,-0.004287543006359488
27243,-0.029037859408562183
27244,0.005633454753925656
27245,-0.008681941860880003
27246,0.041496111696272805
27247,-0.04821745107881392
27248,0.03000182020720675
27249,-0.03075917411856784
27250,0.0036196789979570493
27251,0.013737771179036528
27252,0.05550912035977366
27253,0.008524522010807422
27254,0.04412815889694053
27255,-0.00272678301934582
27256,-0.015668964877614135
27257,-0.04813920861154228
27258,0.0010324417315618524
27259,-0.038006377920451584
27260,0.03666836384475818
27261,0.02020168224690621
27262,-0.010543960064725376
27263,0.03364710029211687
27264,-0.03372868924305008
27265,-0.03223888886432885
27266,-0.017950042530600365
27267,-0.04007564479920611
27268,0.05063991471999175
27269,0.010567397243999096
27270,0.004984727444295245
27271,-0.03621103082532
27272,0.025352366488234145
27273,-0.03765828339001507
27274,-0.009491556904351044
27275,-0.008379595659053963
27276,0.001534804815790436
27277,-0.03548828796497481
27278,-0.03774021191160935
27279,-0.012144178091701725
27280,-0.00032004681879157723
27281,0.04033003897871948
27282,0.015306640644754697
27283,-0.03548226444727814
27284,0.04359480948992517
27285,-0.028483219711473003
27286,0.06367977878902417
27287,-0.01926593658422376
27288,-0.013610268840282587
27289,0.032245309786255574
27290,-0.00454678689741119
27291,0.008182230696374538
27292,0.015066731240077937
27293,-0.024549192503149242
27294,-0.011043678015875346
27295,-0.04050313905675834
27296,-0.002071550088530106
27297,-0.03043886234232834
27298,0.0229392198079388
27299,-0.043063493773982
27300,0.033651524544866016
27301,-0.0360376383187006
27302,0.007959635739098596
27303,-0.03354967689568308
27304,-0.01971544817807114
27305,-0.004593466729294527
27306,-0.0391355004142113
27307,0.011953999727366691
27308,0.02230821750196121
27309,0.0237670121440471
27310,-0.013109576143602133
27311,0.012439024888835854
27312,0.02377011044343972
27313,-0.0028375979542964672
27314,0.0033264220887654367
27315,-0.02753855232995025
27316,-0.018402268072507725
27317,-0.006372024190891712
27318,-0.042019802504931876
27319,-0.005510902617385712
27320,0.02098580870982657
27321,-0.014108083465664518
27322,-0.013178550261175592
27323,0.03259901195858292
27324,0.011488113400640362
27325,-0.03372158698057404
27326,0.05040951456308168
27327,-0.0008961745447953616
27328,0.009576851772930014
27329,0.04802087382320492
27330,0.06678019043569154
27331,-0.015677197409243136
27332,-0.012136846548027628
27333,-0.022493352948650635
27334,0.009822269809743031
27335,0.042138012533676286
27336,-0.01082063751866826
27337,0.054799651360169836
27338,-0.04458176424047694
27339,0.00023238220842020552
27340,0.003985175873539453
27341,0.020373689936643957
27342,-0.003396889135559772
27343,0.020535758437061662
27344,0.041170158844002644
27345,0.05663593273756271
27346,0.055396742975829354
27347,0.02611849318189023
27348,0.04062887216246522
27349,0.022198029366693982
27350,-0.01248753018501302
27351,0.019619629246615186
27352,0.011733604770799386
27353,0.010980079978495705
27354,0.015233471458128875
27355,-0.043188050548013654
27356,-0.04283295310984173
27357,0.03007128862345769
27358,-0.0035172872747527223
27359,0.027706425966277298
27360,-0.0004779489434346227
27361,8.00875438302333e-05
27362,-0.007642446955152491
27363,-0.004614127155586906
27364,0.007988845334147655
27365,0.012435485527933453
27366,0.031969049316965176
27367,-0.002239135700124689
27368,0.024444247521501903
27369,-0.026116446044173645
27370,-0.01881827983360291
27371,-0.027223285402797243
27372,0.021422799063668882
27373,-0.006789330004515971
27374,0.013755431229278213
27375,-0.026509266655950332
27376,-0.04360067363866606
27377,0.022864421698077134
27378,-0.009061563836188457
27379,0.0024328079110352346
27380,-0.03897451534576327
27381,-0.02640312628898353
27382,0.015875457443742365
27383,-0.01826069660358541
27384,0.017011068770005505
27385,0.04308450630012985
27386,0.00010608604369136577
27387,0.022177358188405973
27388,0.005569314471056999
27389,0.025601297429347237
27390,0.035576678313995046
27391,-0.024165199410555588
27392,0.0061717610414053145
27393,-0.008607272045916829
27394,-0.030615841033100215
27395,0.007519527030942759
27396,-0.03870936797387756
27397,-0.02800659243241951
27398,-0.0009314992221122801
27399,0.01324276129101031
27400,-0.004455063573060652
27401,0.06682081621329619
27402,0.005398505235585892
27403,0.0018926456509685459
27404,-0.00940944635167313
27405,-0.02816417971643762
27406,-0.05838633581767578
27407,0.02575452557591014
27408,-0.021641017395414724
27409,-0.03250488470948139
27410,-0.02918014738130188
27411,-0.01327641930234036
27412,0.02150210404947181
27413,0.009862610017846055
27414,-0.026083532010577268
27415,-0.012576334918833962
27416,0.020843173895045353
27417,0.0029913249164026236
27418,-0.02145379990080755
27419,0.07586422279372597
27420,0.03466001361106679
27421,0.00020990802378348112
27422,-0.01544264106354422
27423,0.0058973316532681015
27424,-0.04311773486225535
27425,-0.0002757198529101712
27426,-0.010186502615946929
27427,0.04722796144823939
27428,0.04952387291857784
27429,-0.03227809090651921
27430,-0.01905222314244095
27431,0.046708165153093985
27432,-0.03806607235464819
27433,0.0067566377182869865
27434,-0.037718795594497354
27435,-0.006798917185610506
27436,0.03124502227422414
27437,-0.010153277712059193
27438,-0.03028086590664164
27439,-0.016199894647844937
27440,0.03793990819000813
27441,-0.012588936226860198
27442,0.007921435491106153
27443,-0.0028229232008584763
27444,-0.016528488946136583
27445,-0.0031998245889262055
27446,0.025182512030812752
27447,0.05064782140087376
27448,-0.012986840880747292
27449,0.02674772092574296
27450,-0.011558019002567158
27451,-0.019777718960274256
27452,-0.0023452121736211454
27453,0.0065322245921323185
27454,-0.011978157126057055
27455,-0.040226920473895776
27456,0.07018130774976797
27457,0.0009761270848171258
27458,0.017094540348116683
27459,-0.00025744365795433554
27460,0.028198437227283317
27461,0.008267848640593689
27462,0.04136755686443437
27463,0.0006960506285731187
27464,-0.011168336440072478
27465,0.003568777193977993
27466,0.07301901088174391
27467,0.03934372723913543
27468,0.006989011393573027
27469,0.004498224600219031
27470,-0.014201778015818033
27471,-0.009041012135421135
27472,0.019613666934841744
27473,0.0477406747804035
27474,-0.03875937616420628
27475,0.031494988233370116
27476,0.009163244906308127
27477,-0.016118598681770405
27478,-0.027075707897567962
27479,-0.011350965165952296
27480,0.03192350420464388
27481,0.04489223159460269
27482,-0.0213703583702948
27483,-0.041994521578515916
27484,-0.026319119564658527
27485,-0.028388561558225174
27486,0.0015167400075738141
27487,-0.053004834016190557
27488,0.016784413934470294
27489,0.005349209848554975
27490,0.011372991158460919
27491,0.033656734437704165
27492,-0.032908910426088664
27493,-0.019442197769445863
27494,-0.03985042869066703
27495,-0.02342595095703049
27496,-0.03699444394726146
27497,0.0011948400318340794
27498,0.02630374398698734
27499,0.002441900678335362
27500,-0.016048799320029613
27501,0.09453093500233244
27502,0.02335211685463042
27503,-0.010647457960285333
27504,-0.028988650540147917
27505,-0.005243085609545894
27506,-0.06130642978425078
27507,-0.02220190676391992
27508,-0.004571217607289192
27509,0.047145851719516386
27510,-0.016836531554335336
27511,0.011975930184337851
27512,-0.024755592138956756
27513,0.005670652965917131
27514,-0.023849031294310236
27515,0.061899840624316596
27516,-0.020190330126316117
27517,-0.019926927577640332
27518,0.008519263100027855
27519,-0.05922524149389537
27520,-0.02554495552604579
27521,-0.005978102304342185
27522,-0.013188014315074593
27523,-0.012225105398818473
27524,0.041627966887541654
27525,0.06105450368161129
27526,0.015809411417005436
27527,-0.03614656756420318
27528,-0.00031161158390525373
27529,0.029070865180878872
27530,-0.021779505402639603
27531,0.017604360809735632
27532,-0.00817702205976865
27533,0.01579198078444103
27534,0.02645445428157031
27535,0.0035958526401547414
27536,0.004068328484465023
27537,-0.06365244517710157
27538,0.031353378384430204
27539,0.06079536842254253
27540,-0.020685836640041116
27541,0.03045777312756972
27542,0.022250015936017255
27543,0.012830072483567016
27544,0.005648740190257477
27545,0.022161358980238816
27546,-0.0059885946486394085
27547,0.07914580588834438
27548,0.0025560283741318376
27549,-0.025465700929658854
27550,0.034400975943134175
27551,-0.028135309924624555
27552,-0.04050040240850008
27553,0.018496765011428235
27554,-0.03944596048060023
27555,-0.011730961206362476
27556,-0.013185267829388314
27557,-0.0012094628752687322
27558,-0.013995265409002864
27559,-0.03613347980024578
27560,-0.013354428064413323
27561,-0.005823999872159887
27562,0.003855916668695965
27563,-0.015909188079543755
27564,-0.04343486449333554
27565,-0.024409599086979573
27566,-0.0102333261336151
27567,-0.012874732633063875
27568,-0.03537489391227486
27569,0.011523780935295469
27570,-0.04733810810851422
27571,-0.020226189178786963
27572,-0.022784333174886182
27573,-0.083691035326843
27574,-0.005500353083892225
27575,0.009381344859616956
27576,-0.01801145648273807
27577,0.030355811960651152
27578,0.03305550330634024
27579,-0.016683030455414877
27580,-0.044748223129604935
27581,0.0030185372308188354
27582,0.024465891902838002
27583,-0.015363462705879849
27584,0.00252832844205072
27585,-0.012830009212598628
27586,-0.01666849419417559
27587,0.03404039130116332
27588,-0.00512974633478999
27589,-0.0462507630847383
27590,0.016769095018121082
27591,0.04482208392193222
27592,0.03649335819392645
27593,-0.011037649635434438
27594,0.00148955514857903
27595,0.06258204405204161
27596,0.010636435022622806
27597,-0.033470318117411205
27598,0.0350934593926801
27599,0.05608931171784619
27600,-0.010555807611277567
27601,0.02436834799861145
27602,0.02621544650703282
27603,-0.021109043144626773
27604,-0.027410405257157558
27605,0.010433431324950108
27606,0.021174661120788425
27607,-0.018124116093778377
27608,0.022206806839999364
27609,0.038269191863407624
27610,-0.002453307381895196
27611,0.006829510926398435
27612,0.005014856472659273
27613,0.008460441196045628
27614,-0.006024898463238955
27615,-0.032252558276511384
27616,-0.023399221344815292
27617,0.0014712168826402482
27618,-0.02538904508362521
27619,-0.013614927032083668
27620,-0.004672713405404303
27621,0.03726136661212501
27622,0.023834325472977598
27623,0.021503178327681553
27624,0.06322463951949364
27625,0.011629411638730321
27626,0.003978628283493551
27627,-0.03530580595727198
27628,0.018394870094093293
27629,0.05019811288902578
27630,-0.026759096249839697
27631,-0.01407012311974108
27632,0.01955130278646928
27633,0.023489753505448328
27634,-0.013426973519692355
27635,-0.004279683173614903
27636,0.01744919017675794
27637,-0.019531105627979235
27638,-0.02076341757568433
27639,0.03889556210005064
27640,0.012816037237423116
27641,-0.010274037782407253
27642,0.012006092377640578
27643,0.05066669369209415
27644,-0.03257301415150318
27645,-0.022021520663275607
27646,0.044219839978508584
27647,0.023248524932523697
27648,0.00595001319551638
27649,0.017298751224290462
27650,0.005433743888497929
27651,-0.006157222722097152
27652,0.008391586671099897
27653,-0.039090414826175035
27654,-0.002156291274590149
27655,-0.04444038170699558
27656,-0.06779927819622672
27657,0.003268636215217306
27658,-0.028964650298367377
27659,0.06056688739505231
27660,0.04772312048706411
27661,0.014759864622598276
27662,-0.0035995170205523103
27663,0.00853378467588168
27664,-0.03098979493437235
27665,0.016458047901635898
27666,0.03934336220178991
27667,0.04528629262260562
27668,0.0017403876790374954
27669,-0.029159193218150137
27670,0.0187659559970984
27671,0.0017520274198769745
27672,0.053974690509656045
27673,-0.00913342751143668
27674,-0.0001220946150102813
27675,0.015173517823130598
27676,-0.009816044882468174
27677,-0.010514444556378493
27678,-0.031861917365702576
27679,0.03485741047671993
27680,-0.03277162826744281
27681,-0.003122423524811912
27682,0.0013938781606628336
27683,-0.020687850384648633
27684,0.015734585407774594
27685,-0.07478848414284299
27686,0.0463204101894651
27687,0.044358005452123275
27688,-0.06395392108170886
27689,-0.007278975479588328
27690,0.034017736788294464
27691,0.0036826471724915994
27692,-0.008973104771389758
27693,0.01445684500847147
27694,0.02259212369112723
27695,-0.007801620186742085
27696,0.016843077125498825
27697,-0.028666845568371586
27698,0.03675207565081224
27699,-0.03477723591247665
27700,0.0156722061128877
27701,0.008116473855406665
27702,0.015432802276002276
27703,-0.033977167406442334
27704,0.0035095134339745418
27705,0.01684035704905012
27706,-0.020915431122766483
27707,-0.04701285631753561
27708,0.015575855743353293
27709,-0.04067723091617833
27710,0.04349025639438204
27711,-0.009241108054638526
27712,0.0005816105304396221
27713,0.019459489111755105
27714,-0.031154133361194058
27715,-0.015601501966249591
27716,0.0008855225860541348
27717,0.019199024789991966
27718,0.010603124055169022
27719,0.0031481527031547887
27720,-0.07383701139138359
27721,0.0070083632747639105
27722,-0.06711696642347059
27723,0.023765581375130698
27724,-0.005983922204629823
27725,0.036041361980356346
27726,-0.03773514878930493
27727,-0.004875178629669199
27728,-0.041867184223614254
27729,0.05452262384314638
27730,-0.016433960063221745
27731,0.02126707981777288
27732,0.049456328222530405
27733,0.026170575040317324
27734,-0.024888995112449564
27735,0.03323495294898995
27736,0.01076765224654482
27737,0.014637214479883628
27738,-0.044744523458730694
27739,-0.013345270982886822
27740,-0.01451661228899578
27741,0.012880933188162167
27742,-0.0945881277254633
27743,0.042321933089925615
27744,-0.0420442412159943
27745,-0.011386315149549141
27746,-0.03027561972299453
27747,-0.01686209413344856
27748,0.024787506503529167
27749,0.03690869151111432
27750,0.0053571034725227885
27751,0.01929532830764094
27752,-0.010861356366175273
27753,-0.011334282931698782
27754,-0.0011494924699715142
27755,-0.04583623874837808
27756,0.04530032408841688
27757,0.06734042584466074
27758,-0.04705073142699442
27759,0.034613526111076556
27760,-0.008281903105457724
27761,0.06701300681036428
27762,-0.010616067386976059
27763,0.038976219239469145
27764,-0.04396425896000311
27765,0.00296581495604014
27766,-0.014384365954866
27767,-0.010458329018408423
27768,0.04026174085787854
27769,0.004438593099994068
27770,0.03725821078803989
27771,0.0027475296174676953
27772,-0.03491564891472333
27773,0.02774630722664123
27774,0.02095814639494074
27775,0.03175656313762401
27776,0.0048523461075514265
27777,0.02710479048580553
27778,-0.02007460565385521
27779,0.06386752543997402
27780,0.051647185398458945
27781,-0.015049633905255915
27782,-0.01658123490164201
27783,0.029729049712332926
27784,-0.010237314460093678
27785,-0.006023752024183425
27786,-0.059373937306057924
27787,0.024022815792779022
27788,-0.01821295951319643
27789,-0.032956390713685786
27790,-0.03206430222298313
27791,0.03658171764718805
27792,0.024992565741800296
27793,0.031202204084787126
27794,0.041874429869060814
27795,0.04174865181037824
27796,-0.00957855714360771
27797,0.010731158501124502
27798,0.010377480765169578
27799,0.018808899426801775
27800,-0.02888044605994723
27801,0.0032052521786718954
27802,0.04035435633081363
27803,-0.03342857581774798
27804,-0.05842191132251774
27805,0.014083259857592633
27806,0.026402081256895086
27807,0.0061390774380088884
27808,-0.007548275165513066
27809,0.009447199598739043
27810,0.010024279964438014
27811,-0.007379592288935996
27812,-0.01820550419432326
27813,-0.03654376231878008
27814,0.05717358740865521
27815,-0.04288104566863769
27816,0.043243711252950075
27817,0.0005160400675959816
27818,0.008238613330312086
27819,-0.01704527117472051
27820,0.001780035809929698
27821,-0.03178223375794755
27822,-0.007096050739967432
27823,-0.02055961608574403
27824,0.009557104027714263
27825,0.014804606597395222
27826,0.01131277349559917
27827,0.014353984552836544
27828,0.00160775130733258
27829,0.01831801245840661
27830,-0.03307807237461402
27831,-0.0109128290684605
27832,0.008019611983622162
27833,-0.022793498269119843
27834,-0.010271736382152664
27835,0.010708750400001509
27836,-0.005679068583553723
27837,0.013451980066486286
27838,0.06146137423429772
27839,-0.011972644208668911
27840,0.02436569913198825
27841,0.01076276870595052
27842,-0.01608930123246478
27843,0.030014945863456953
27844,-0.018474642520527246
27845,0.03293443524434841
27846,0.03287752439299102
27847,0.018953724812559494
27848,0.026973611927341164
27849,0.005615215763687744
27850,-0.008874744122179265
27851,-0.008083735140905607
27852,-0.0016340853038206307
27853,0.00837310377772976
27854,-0.010503989105262979
27855,0.01996739089158313
27856,0.009874421971300324
27857,-0.0382250906197415
27858,-0.02063663420122749
27859,-0.007808840932724577
27860,-0.007144496162866127
27861,-0.03232029215772471
27862,-0.012877102334127161
27863,0.006026042222600728
27864,0.03751599255396911
27865,-0.05930890362152265
27866,-0.006354263255801254
27867,0.00014762264325364786
27868,-0.03658167857473528
27869,-0.08851878889630022
27870,0.02050870057685129
27871,-0.05152603665302288
27872,-0.04421151355688098
27873,-0.03416527672249101
27874,0.008140536981864045
27875,0.033343544197112225
27876,-0.02368402347514035
27877,0.0411836128639112
27878,0.039392031379951654
27879,0.025057337185204056
27880,-0.031079910088000772
27881,-0.022865344648360476
27882,0.008014468272607041
27883,0.010585655759439863
27884,0.004592132538030032
27885,-0.055653859279346046
27886,0.04557088673827076
27887,-0.01767680197760113
27888,-0.013735349819013795
27889,0.008254172173512197
27890,-0.010449625255853178
27891,0.05853478957716276
27892,0.006024820164737709
27893,0.03749389403557251
27894,0.06133245906028303
27895,-0.00022923251370270646
27896,0.0035048533476413034
27897,-0.03622404107273526
27898,-0.03729879088611334
27899,0.031792735930556634
27900,0.03746023471968709
27901,0.02021169342433205
27902,0.0007188298514421127
27903,-0.014272628822916248
27904,0.01918207697627586
27905,0.0024832181240307346
27906,0.023569090325143854
27907,-0.004886705968235039
27908,-0.04078542200349953
27909,-0.004154035718794063
27910,-0.02141064525094262
27911,-0.01863531784451109
27912,0.006387215136436274
27913,-0.005853593928052475
27914,0.034817744285192534
27915,-0.022136075696792924
27916,0.017990113157611273
27917,-0.008171643592734215
27918,0.028616803351414855
27919,-0.015942913738157653
27920,0.01058942313626139
27921,0.014239447404343365
27922,-0.030228439814628482
27923,0.04410482168709724
27924,-0.05513904658527953
27925,0.008496961027266513
27926,0.03231002516361105
27927,-0.018851310266187193
27928,-0.025177341087520882
27929,0.026654889455873933
27930,-0.015325677338354233
27931,0.011037369626000895
27932,-0.006536699806007267
27933,0.008720696054241523
27934,-0.017210489720019144
27935,-0.016898324034459435
27936,-0.0005790862521965126
27937,0.03886983222031076
27938,-0.028001248137988113
27939,-0.0007026458028254319
27940,-0.04828224176502606
27941,-0.037015054550502274
27942,-0.04260687189973308
27943,-0.03337195275928271
27944,0.03714408468769088
27945,-0.0031217481864574807
27946,0.012248057048220951
27947,0.006557705301766906
27948,-0.030489700442009594
27949,0.02398176614588706
27950,-0.022884336270844265
27951,-0.06101588786251543
27952,0.026494893142767307
27953,-0.014981863301621854
27954,-0.029105802595508528
27955,-0.003381339808068088
27956,-0.012391127344943463
27957,-0.01557457492397136
27958,-0.07736118851153875
27959,0.04042693244776337
27960,-0.03631555301566665
27961,0.01068095894554972
27962,-0.033855068605743416
27963,-0.014326319529136137
27964,0.07407465129365191
27965,-0.000635576601382919
27966,0.017353982873791578
27967,0.02386467565663225
27968,-0.0330668285569995
27969,0.011455790859060445
27970,-0.03229356983614437
27971,0.03253944545576392
27972,-0.05214408197035889
27973,0.004601501457607751
27974,0.04291141945777724
27975,0.045458602805751765
27976,-0.01798058355313305
27977,0.009513796640065936
27978,-0.056725364482889847
27979,-0.05195333263060574
27980,0.048276533700870275
27981,0.059811057928715446
27982,-0.011976146784497689
27983,-0.010760852305406955
27984,0.016795522159985206
27985,0.03517120223978476
27986,0.054651628864727686
27987,-0.0001390306372668331
27988,0.01621510016780463
27989,0.02247770540266372
27990,-0.007624530222003816
27991,-0.06522687984740293
27992,0.0014339552755875608
27993,-0.03921879357685106
27994,0.0009292620864123591
27995,-0.04548099169695854
27996,-0.05378620484256027
27997,-0.0006032813369194712
27998,-0.03847577857223412
27999,0.01688965646259354
28000,-0.026874550947889805
28001,-0.006398810868787021
28002,0.03797972144140125
28003,0.016536835189713585
28004,0.023848485110655702
28005,0.016525360081755244
28006,0.00040152264941402464
28007,0.05206650847220984
28008,-0.00719002314465817
28009,-0.02114877591744551
28010,-0.0285542111987156
28011,-0.0037703341410356135
28012,0.03903410942400044
28013,0.02188555364585308
28014,0.0182386804278987
28015,-0.004308466830516693
28016,0.006968522248747519
28017,0.007439255584180563
28018,0.00746045308516521
28019,-0.013334751368439679
28020,-0.03243064135016965
28021,-0.010119367762778032
28022,-0.006591038189333884
28023,0.005001062070050746
28024,-0.03168370711903122
28025,0.03857382177966434
28026,-0.00282995320077212
28027,-0.008663754401213114
28028,0.07135133316465694
28029,0.0014447382339343
28030,0.026533347744860693
28031,0.0898357616336607
28032,0.05698021546176802
28033,-0.011537779478055222
28034,-0.02910380431835359
28035,0.03889413351418629
28036,-0.010546334699314763
28037,-0.012847489013177112
28038,-0.014720728164117243
28039,0.021036962439875496
28040,-0.0003306883953977369
28041,0.028617600143815387
28042,0.022684717146065847
28043,0.04775615160388803
28044,-0.027462277526203623
28045,-0.00782915373261998
28046,-0.03309909194516458
28047,0.024011966764482064
28048,0.014076891989293364
28049,0.028151094523357345
28050,-0.012017011843602292
28051,0.013169411694734288
28052,0.0003766430648127929
28053,0.029351474823697384
28054,-0.018520298430042336
28055,0.08717526267552655
28056,-0.005238654840796301
28057,0.00583225471964615
28058,0.014863170035839908
28059,-0.008338012065159278
28060,-0.03373812335654387
28061,0.0030343717046114257
28062,-0.027869215472132634
28063,0.003656567015488985
28064,-0.01960614452462312
28065,0.007884999742273356
28066,0.02890958585820649
28067,-0.03490920809783242
28068,0.032266237899415684
28069,0.06457779795700934
28070,0.011357024357874087
28071,-0.019107333569893744
28072,0.0202205087647488
28073,-0.025514708117072314
28074,-0.004583452641024004
28075,-0.03148168265512138
28076,0.01297766255040664
28077,-0.003113124810364375
28078,0.05466452047781761
28079,-0.0015542604196796548
28080,-0.021415884295951485
28081,-0.029971360562423516
28082,0.002703595088207389
28083,0.029050595256690133
28084,-0.03445328010229749
28085,0.004855945520945119
28086,-0.06687123759000416
28087,-0.007473325851458636
28088,0.033931994342736235
28089,-0.02810516750937093
28090,0.03965439490068415
28091,0.04574567784124062
28092,0.07146848894095807
28093,-0.035102866612961275
28094,0.00215349124137887
28095,-0.006049065404563547
28096,-0.00152499569490819
28097,-0.045274556040384696
28098,-0.011964718007315764
28099,0.00546284908417451
28100,-0.0034632246791986322
28101,-0.042502235503824044
28102,0.06371847947474751
28103,0.02531801149005163
28104,-0.012439177867287047
28105,-0.045479835241872886
28106,0.05892215479038011
28107,0.012434125249054701
28108,-0.004386203130529843
28109,-0.030490450202509577
28110,-0.024204313676581112
28111,0.018522768019822132
28112,0.013141441696212439
28113,0.0596646243539278
28114,0.0061133694290709615
28115,0.027290204574580493
28116,-0.010799449003748948
28117,0.0015082662164545289
28118,0.008036150450319777
28119,0.02009645672884355
28120,-0.02505597528230214
28121,-0.05832453850549503
28122,-0.02274263733770918
28123,-0.03228144703074756
28124,-0.04514017730779609
28125,-0.007662785919135709
28126,0.011066470096126225
28127,0.02784676887736281
28128,0.06259592494124352
28129,-0.03138251260552072
28130,-0.011353007317632328
28131,-0.027614687454437545
28132,-0.0392241717387468
28133,0.03383779112612254
28134,0.014903633928880115
28135,-0.003453969670835771
28136,0.014134487987692583
28137,0.04958659179460148
28138,0.003998232169554348
28139,-0.04343024521481142
28140,0.00856285659203978
28141,0.027850176302592337
28142,0.023026374105681334
28143,-0.0014625974412681513
28144,-0.027377749890901203
28145,-0.048379306699472546
28146,-0.011262002921424647
28147,-0.0038680973380047804
28148,0.010341426282305331
28149,-0.051527830629983236
28150,-0.01438863454689213
28151,-0.0038956834445495444
28152,-0.02247712215937981
28153,0.02326504254313403
28154,0.023834510583436434
28155,0.03932680235582276
28156,0.006213957817351724
28157,-0.0016342577519133407
28158,0.020918439807139973
28159,0.023475762596107178
28160,-0.01888501892410638
28161,0.013946261000347937
28162,-0.005193153716750415
28163,-0.01899337249224371
28164,0.02732076756085565
28165,0.004915001268569444
28166,-0.027873893520627576
28167,-0.041512267516307794
28168,0.006206443489830869
28169,0.0038164113348588906
28170,0.0039883251685124185
28171,0.02887461734580737
28172,0.01954206721582173
28173,-0.03538078857572387
28174,0.048307426801018266
28175,-0.0221958498059836
28176,-0.012176116775145091
28177,0.006844925727562391
28178,0.015062486907066035
28179,-0.001521937599347557
28180,-0.01380585448435847
28181,-0.020035650701805574
28182,-0.014132387272210618
28183,-0.016710032377991346
28184,0.03113973806310395
28185,0.003188216944681337
28186,0.047772812032094984
28187,0.012556165721037406
28188,-0.050911945766550365
28189,0.02461052061778151
28190,-0.03811868988974102
28191,-0.02666738916116511
28192,0.00878895450140829
28193,-0.007686261699138857
28194,-0.004629700346839918
28195,-0.011686659079338467
28196,0.009198138777026391
28197,-0.019091981729343267
28198,-0.006767313817626703
28199,0.08708741424332088
28200,0.012686634806565723
28201,-0.029419550303831424
28202,0.020477856895584137
28203,0.04860086017794533
28204,0.017376658497229667
28205,-0.07357030713831403
28206,-0.009433026478882866
28207,0.02916290199244741
28208,-0.05145114075095902
28209,-0.009255736120632036
28210,-0.011185852209918159
28211,-0.010638801529406312
28212,-0.014818040462250742
28213,-0.012637245446383944
28214,0.016851969059030004
28215,0.0038104388407612334
28216,0.016065064674173776
28217,0.0080706174004229
28218,-0.014287124721217929
28219,0.03356053396280518
28220,-0.0025971808017262394
28221,0.005631872813500227
28222,0.021432203107184314
28223,-0.029842599976428002
28224,0.0597745523698508
28225,-0.030477654424570587
28226,0.0009378549273437544
28227,0.041309985220391574
28228,-0.006938516075870068
28229,0.0031429495284148127
28230,0.03401212715700199
28231,0.016897195218881195
28232,0.012166622354691629
28233,-0.09045223996851927
28234,0.003783649861196797
28235,0.009494556138662444
28236,0.023752894740807644
28237,-0.004276421554957697
28238,-0.04817549879294771
28239,0.0598706194307235
28240,-0.030468323769952003
28241,0.012670481839360046
28242,-0.003499523053438193
28243,-0.0007027644807252794
28244,-0.04497132984670505
28245,-0.012471497352613162
28246,0.009568149365500735
28247,0.02622617731214394
28248,-0.025468117556185266
28249,0.0906964793394681
28250,-0.039200570108748445
28251,0.0025292394421616263
28252,0.03549491464484006
28253,0.002259190733625498
28254,0.024028152600229415
28255,-0.010083514214437357
28256,0.002599418936185851
28257,-0.014930559998739037
28258,0.021528085786300322
28259,0.016855943411020837
28260,-0.03179374350342702
28261,-0.0031661489481297116
28262,-0.030104851123635607
28263,0.04314159851328893
28264,-0.03304577461054797
28265,0.02499261983023518
28266,-0.05407896312594078
28267,0.022463891863248965
28268,0.041561434398811145
28269,-0.011183065454076482
28270,0.001118381041674714
28271,-0.10565213556772929
28272,0.012556362147177149
28273,0.021272370932071856
28274,-0.007885576741299858
28275,-0.024266406601255845
28276,-0.02797502249458621
28277,-0.013073591908876307
28278,0.02478533006904722
28279,0.007733535592115519
28280,-0.035336050577786576
28281,0.02415513092764367
28282,0.020788219677973105
28283,-0.0021923031617913915
28284,-0.038426948327826276
28285,-0.01578971180410451
28286,0.018673330461536606
28287,-0.005249945038957628
28288,-0.02839832659415264
28289,-0.011956940563581939
28290,-0.02213613666486189
28291,0.011555923596761936
28292,-0.009065803326178512
28293,0.023657889555546933
28294,-0.012816182508573566
28295,0.01945104605394198
28296,-0.0055932365444389225
28297,0.022938236032388138
28298,-0.013994461341969026
28299,0.014071893830234437
28300,0.02208638223796826
28301,0.05259602450815971
28302,0.01096160661961247
28303,-0.04763637108328758
28304,-0.006524536787404845
28305,-0.010605334126227139
28306,-0.033675806650448586
28307,-0.018975998569820237
28308,-0.030438392529951147
28309,0.058024202974358
28310,-0.03483216176071514
28311,0.0043482783064396945
28312,0.03302261457835484
28313,-0.024491866821419628
28314,-0.014741573024289936
28315,0.023614887304786558
28316,0.017213821684631897
28317,-0.011064906936498883
28318,-0.030236600147032115
28319,0.006574882846550764
28320,-0.050541048787149025
28321,0.04229183049248453
28322,0.010196274307643086
28323,0.04519633004668458
28324,0.0039013559237328914
28325,-0.02790957518740894
28326,-0.025198137857724418
28327,-0.039005209403067384
28328,0.018818352917267203
28329,-0.008433461135286886
28330,-0.031146986126638798
28331,-0.012443538494064
28332,0.009022299691682811
28333,-0.026899492395667288
28334,0.024834032817108824
28335,0.01219016181576645
28336,-0.02034271018605376
28337,-0.007714013614479135
28338,0.009011372238029346
28339,0.013566113924594947
28340,-0.018916863750898332
28341,-0.0038105740033865096
28342,-0.0029848876213176005
28343,0.00960739392669807
28344,0.013715341569201678
28345,-0.0423412061897081
28346,0.028032636043708755
28347,0.047819224778785786
28348,0.008907220824716481
28349,-0.006688348665009636
28350,-0.03275305387690072
28351,-0.02209624602742466
28352,-0.03187296292982018
28353,0.05025225249597571
28354,0.021978311755648176
28355,-0.029521384107676827
28356,-0.01262307357195247
28357,0.04112686626587265
28358,0.028150601837742324
28359,0.019857596622847622
28360,0.034123697001860624
28361,0.027751408762253994
28362,0.06118543363279886
28363,0.016442083376918826
28364,-0.016247419250274838
28365,0.011647388441533383
28366,-0.013616803143755974
28367,-0.02997994564354902
28368,-0.028820137897597166
28369,-0.0120294581988592
28370,0.02742070284136456
28371,-0.008338719215747997
28372,-0.044989021465820726
28373,-0.006992197354915732
28374,-0.030336943924869002
28375,0.055618315305949434
28376,0.01252562325120726
28377,-0.035296475376247236
28378,0.02581444852161599
28379,0.013383127613794687
28380,-0.017529702608321058
28381,-0.037263183854313445
28382,2.584471896972362e-05
28383,0.017134202062719022
28384,-0.0005489590874935827
28385,0.015788989551654805
28386,-0.03160168193838806
28387,0.00044852461982023784
28388,0.06789614734625773
28389,0.029969606092294734
28390,-0.05081923612406782
28391,-0.02077944391888491
28392,-0.02171322663970476
28393,0.011961687428110934
28394,-0.03340021852012238
28395,0.028003800477687954
28396,0.04029818355987004
28397,0.01200472490263477
28398,-0.023210901403913294
28399,0.013622939215630995
28400,-0.06610285456072688
28401,-0.026355217468901942
28402,-0.014976366899974782
28403,-0.015158745596075088
28404,0.008483938872024992
28405,-0.026470012309274062
28406,0.030486308576477425
28407,-0.020742802644503476
28408,-0.044369701504791456
28409,0.013041089507087293
28410,-0.0007667520475206549
28411,0.06046391828964302
28412,0.023713255716510267
28413,0.01032842526879756
28414,0.021589229719913214
28415,0.02374997313180162
28416,4.2261514403440776e-05
28417,0.0049163743156390525
28418,-0.03836678225047102
28419,0.018618176991949814
28420,0.06304622993374881
28421,-0.03685574104381333
28422,-0.044744180876538815
28423,0.004380426280342803
28424,-0.043589919851382976
28425,-0.0361029416583133
28426,0.019351411059259305
28427,0.0022485419004727256
28428,-0.003525008776301647
28429,-0.06293343908226522
28430,-0.0332809397762113
28431,-0.008835173567736151
28432,0.008803402893880052
28433,0.017661162003280547
28434,-0.011265055279158654
28435,0.0332390024839221
28436,-0.013470938377864056
28437,0.031171638666909463
28438,-0.026159721484837046
28439,-0.0016176846864885581
28440,-0.024289279018759064
28441,-0.012738840508764466
28442,-0.03272858920602926
28443,-0.017917624904724726
28444,0.014125339515053422
28445,-0.016200478210718596
28446,-0.007234999633023226
28447,-0.03209633156925327
28448,0.011207536926184331
28449,0.03788293237441773
28450,-0.09345068370760534
28451,0.055078805370975606
28452,-0.00822325218255068
28453,-0.029010523220238373
28454,-0.0019212601992359374
28455,0.002388602995565281
28456,0.028642792573274563
28457,-0.10799188165928802
28458,-0.016246647740926542
28459,-0.014277697045006315
28460,-0.002679471481015713
28461,-0.04391057063868831
28462,0.0014343977663323123
28463,0.0042467577779295865
28464,-0.020164624315180596
28465,0.04869617814284348
28466,0.00444433345379333
28467,0.008397771518410068
28468,-0.013378463139617509
28469,-0.021385806764620038
28470,-0.029347458954786135
28471,0.08543866728212905
28472,0.024025092795463384
28473,-0.034912713822420234
28474,0.0007244555969468416
28475,0.0005846447804535119
28476,-0.029308743728860807
28477,0.05058898322181516
28478,-0.004419407082957069
28479,-0.0027147986110092033
28480,0.011495922401850872
28481,-0.011422346842760524
28482,0.009858698403080322
28483,-0.016776944038854203
28484,0.004996764200737885
28485,0.02140722777951883
28486,-0.04871252686555246
28487,-0.04269925730574901
28488,-0.015314206724140434
28489,-0.01797922614107696
28490,-0.047653390013137106
28491,0.002162899363336726
28492,0.05937244921906278
28493,0.023520100648861196
28494,-0.0038205279698486925
28495,-0.01081054865558696
28496,0.03572180788242827
28497,-0.021305934534891564
28498,-0.03324234909756837
28499,0.010163658116767147
28500,0.0007060730448735224
28501,0.030537490319313767
28502,0.00460640546762194
28503,0.04191083886625414
28504,-0.018688230475183667
28505,-0.038379999982627554
28506,0.006880304469683041
28507,-0.04765974958584161
28508,-0.0033128645750912337
28509,-0.009173337687781735
28510,0.04348051161976186
28511,-0.0005236782628457521
28512,0.035327973417129115
28513,-0.007163926323907355
28514,-0.006540520377632872
28515,0.005295357298823786
28516,0.001616664449647062
28517,0.00817809398952232
28518,0.03917237790573964
28519,0.028173668936552782
28520,-0.02791843455596873
28521,0.025464444408036923
28522,-0.05727310018089932
28523,0.019535274428609247
28524,-0.06603934623004523
28525,-0.015110734800090968
28526,0.04324972288960613
28527,-0.012172863738158995
28528,0.04837490261213779
28529,0.012494994644133544
28530,0.005906495393661835
28531,0.005412724646745766
28532,0.011912123362747315
28533,0.01921958356684284
28534,-0.03245421395430732
28535,-0.019150018419445927
28536,-0.017594928555582156
28537,-0.024482974255947032
28538,-0.044410632873729525
28539,-0.0037506491816538473
28540,0.06227580544971229
28541,0.008631662128893401
28542,-0.004088435935813205
28543,-0.0006635656564563589
28544,0.008352538299123776
28545,0.052260171539173866
28546,-0.06297368003527617
28547,-0.017926888489786085
28548,0.03725768847078671
28549,0.01854417203666916
28550,0.041201066703482496
28551,0.05767527539363012
28552,0.03294623884984102
28553,0.04870487237751703
28554,-0.005605340894572469
28555,0.0012191741486765031
28556,-0.019386535147628718
28557,0.0016299590244082873
28558,-0.016158325564841234
28559,-0.059820640074280534
28560,-0.049955739568510536
28561,0.04340091444557802
28562,-0.02124780392424298
28563,-0.028064596323555055
28564,0.04950786807156531
28565,0.05788654861486887
28566,-0.035828060127496446
28567,-0.008294229041223226
28568,-0.007544539764604446
28569,-0.026991408097893705
28570,0.03708489489547717
28571,-0.01306574935804883
28572,0.0008116429691687967
28573,0.027702537799213674
28574,-0.027957733475624226
28575,0.005871490480720168
28576,-0.02340713100019705
28577,-0.04824109067584921
28578,0.022745051422132605
28579,0.0392509348247298
28580,-0.03157689822153792
28581,-0.006644691887180094
28582,-0.023124912334337673
28583,-0.0027467274332966946
28584,0.04383686944592549
28585,0.03939025167959451
28586,-0.01981175656475627
28587,0.03579989728941942
28588,0.033685789953638565
28589,0.03453314457408709
28590,0.004187701143858531
28591,0.010345846778403155
28592,-0.024971465297166325
28593,-0.002825852536822239
28594,-0.034400073465090046
28595,0.06929548344347979
28596,-0.0014878576784681846
28597,0.008099622464334657
28598,-0.016471698972278705
28599,0.0010127193835667587
28600,0.01462795258795535
28601,0.052952025983562696
28602,0.05520024461947454
28603,-0.032640900104090445
28604,-0.015780828927674916
28605,-0.020829203429484203
28606,0.0017406572836925409
28607,-0.018250120860099098
28608,-0.007176741214207374
28609,-0.01369955642521614
28610,-0.03454311643678773
28611,0.031909908629160995
28612,-0.022803600438055197
28613,-0.019017683053942448
28614,0.02191055028775172
28615,0.04456459551150352
28616,0.03352436986683258
28617,0.008674045395857208
28618,-0.01894022672019962
28619,-0.0014395283053896372
28620,0.00016386380023496216
28621,-0.05841687280100654
28622,-0.039835806334458795
28623,-0.028387252378982913
28624,-0.03499864431418813
28625,0.004381701003946572
28626,-0.002810067128536429
28627,-0.0341864947281864
28628,0.008872233270337636
28629,-0.015768511059918902
28630,-0.045151384397813375
28631,0.027708090407737293
28632,-0.044025351704163884
28633,-0.03976685763715901
28634,0.030398962159335637
28635,-0.043441749193052895
28636,-0.0010726091320962595
28637,0.00240769446551237
28638,0.016737800436132717
28639,0.07971279817543792
28640,0.02425987312373024
28641,0.0047036048030470725
28642,0.02306814879729147
28643,-0.053254127891575014
28644,0.03569777388516263
28645,0.003536532873552869
28646,0.0014967832248948254
28647,-0.02603988410055143
28648,0.030459553646041658
28649,-0.0011656004691578963
28650,0.0070963715814723535
28651,0.019242370639987676
28652,0.037486821788854006
28653,0.024864475548794066
28654,0.05260605469643153
28655,-0.014127543829542587
28656,0.0205337312796205
28657,0.024143363285790618
28658,-0.03863580149977594
28659,0.011743683094326775
28660,-0.031963943690764766
28661,0.0407422964190869
28662,0.02560230299693005
28663,0.05986674793619799
28664,-0.02265690546592252
28665,-0.008638980822511421
28666,-0.058061712354301694
28667,0.011289733890164797
28668,-0.031636878583915215
28669,0.035735647185711136
28670,-0.011836553715479965
28671,-0.013845356568368078
28672,-0.0003926833443377315
28673,0.08276292088290738
28674,0.025091023452733823
28675,0.05432289153753535
28676,0.052486514769982215
28677,-0.015605419683996003
28678,0.04002871161002676
28679,-0.0203688440875725
28680,0.012744630943631536
28681,-0.038066281137674345
28682,-0.026214199422796996
28683,-0.07051344162232169
28684,0.018318353960899727
28685,0.06032745412907965
28686,0.04825049000580948
28687,-0.050712607626113175
28688,-0.012047156041723524
28689,-0.020415738136440886
28690,0.018618027999907617
28691,0.0261233066626103
28692,0.01101072553165085
28693,0.036524560367832075
28694,-0.059439621401544095
28695,-0.01126421102307397
28696,-0.04491106080930313
28697,-0.01985790651717923
28698,0.0007575162527149039
28699,-0.00487318971610978
28700,0.027666586757950175
28701,0.011827181395122057
28702,-0.013212688539594702
28703,0.0005613192705722639
28704,-0.01417917397137615
28705,0.03161482531736127
28706,-0.009447774118582051
28707,0.05798885485676996
28708,0.039229502020265664
28709,0.017364760162909675
28710,0.005770276722677782
28711,-0.012685804648100882
28712,-0.002368788537456249
28713,0.006659497248415652
28714,-0.0028544196844733772
28715,-0.004263669401874673
28716,-0.04594981801194988
28717,-0.026393583272516688
28718,-0.009766789559337156
28719,0.014851346104922942
28720,0.009557133649000356
28721,0.040612505905290655
28722,-0.01819155844561086
28723,0.011391397182465351
28724,-0.015021019225652176
28725,-0.055783389845575466
28726,-0.015130797898400437
28727,-0.029962012859765314
28728,0.004411807867249087
28729,-0.01070815439863068
28730,-0.01293854277209795
28731,0.014941281005144682
28732,0.019469473225703006
28733,-0.03284914896768946
28734,0.019427078695226727
28735,0.045410170904567206
28736,-0.07100230780767809
28737,-0.02804402887920778
28738,-0.0068765583790825644
28739,0.019484959748109477
28740,0.061120513728109525
28741,0.026648150949148953
28742,0.011794432575600663
28743,0.0040703671444882366
28744,-0.023344270232091752
28745,-0.006106490980036018
28746,-0.02972358914022398
28747,0.022877683835705064
28748,-0.01740035955191261
28749,0.031894816228382195
28750,-0.0059843416378298105
28751,0.005513531450905438
28752,-0.00864657824760007
28753,-0.01087046874400958
28754,0.009927628575703968
28755,0.026102553091843176
28756,0.022385712853254115
28757,-0.026562984490460958
28758,0.02336871232454599
28759,-0.025202049942516874
28760,0.03588741083445664
28761,-0.013428409822978951
28762,-0.025388221165807922
28763,0.03523000599501923
28764,0.027194606333670105
28765,0.019097621002778037
28766,0.023645870972392583
28767,-0.007033950209789023
28768,-0.004751101814339801
28769,-0.02857779563954829
28770,6.63485059830566e-05
28771,0.006004476636097482
28772,-0.051646284823171684
28773,0.057434454831418666
28774,-0.030320646406404687
28775,0.0014532408493159604
28776,-0.029056604490410788
28777,0.0065288539670607035
28778,0.02113884600522319
28779,0.013779924643353226
28780,0.004395392431074526
28781,-0.040423017336362436
28782,0.01835897481779831
28783,-0.027064228782978785
28784,-0.014811199210104126
28785,-0.029499979197136265
28786,-0.04578401154244344
28787,0.017207070160451962
28788,-0.010264477147686666
28789,0.08580999694746312
28790,0.027857501073891358
28791,0.0038351067344269438
28792,0.039189561036044006
28793,-0.042906476090818206
28794,-0.03367469020583806
28795,-0.008526491644775414
28796,-0.02156449117428518
28797,0.02533910295531162
28798,0.04461980436888477
28799,0.00896880892577216
28800,0.04504488791392636
28801,-0.020567360937891997
28802,0.006991551821284446
28803,-0.022093975842657303
28804,0.04108842420568584
28805,0.006136458728239718
28806,-0.00011829868744681245
28807,0.005548253421843978
28808,-0.0015732176765217945
28809,-0.006179879943923377
28810,-0.011512553702040419
28811,-0.04136246070540453
28812,0.03444331679082908
28813,0.010797313217370617
28814,-0.027815701760776933
28815,-0.028357270306236675
28816,-0.010124918646022493
28817,0.04047740253028344
28818,-0.03024144840165691
28819,0.006567908966594838
28820,0.018781067745732672
28821,-0.05605808658321708
28822,-0.028500159492451146
28823,-0.025115439959136742
28824,0.08029818856032227
28825,0.0026623945498495502
28826,0.006468848716680768
28827,0.005298187897145154
28828,0.001246793934255919
28829,-0.023753817207586115
28830,-0.003464476811804231
28831,-0.03404492285615816
28832,-0.010541165873786474
28833,-0.020220112271274536
28834,0.009157148984915679
28835,-0.015869887409574308
28836,-0.053539108976594425
28837,0.039845339736177245
28838,-0.035028172062578244
28839,-0.04415126979744083
28840,-0.01700600439611841
28841,0.017413134016816555
28842,-0.009159080217300272
28843,-0.005609723983737807
28844,0.010372109045039232
28845,-0.03367864511926859
28846,-0.029713917581486
28847,0.02292130435938823
28848,0.004089973367346485
28849,0.031025165725794605
28850,0.04789570120512009
28851,-0.055371147442102066
28852,0.0517366595913111
28853,-0.035394457538697056
28854,-0.04722548191406324
28855,-0.014402274267760203
28856,0.0095748534701658
28857,0.05240015726206072
28858,-0.012693670488487975
28859,0.03714771488897356
28860,0.00030382655184046264
28861,0.011074953630081265
28862,-0.014043051316435018
28863,0.007865083955352053
28864,0.017635092009154266
28865,-0.013670059238066655
28866,-0.00943877226226586
28867,0.009792548224652553
28868,0.03971034466384518
28869,-0.004315618858712783
28870,0.06070308207521072
28871,0.0033012576216607135
28872,-0.03242449847491904
28873,-0.008087945524200044
28874,-0.00018985592313604802
28875,-0.024961691877388347
28876,0.021044080264351797
28877,-0.020607805638269566
28878,-0.008362428423123593
28879,-0.01133280248537278
28880,0.039326325112906034
28881,-0.006711899658671028
28882,0.05509974012390865
28883,0.023802537046350367
28884,-0.024469453056064544
28885,-0.011614719053980229
28886,0.03226103884041623
28887,-0.014118746645156624
28888,-0.0069563934694908845
28889,-0.02996600298466877
28890,0.009884763754708016
28891,0.02964605856192402
28892,0.04101593959811885
28893,-0.0336747038210276
28894,0.05077526715680113
28895,-0.03528281828456968
28896,-0.021143748044953368
28897,-0.0605296856303653
28898,0.04237430952391504
28899,-0.06037705837888929
28900,-0.03286977461044737
28901,-0.021660292338458453
28902,0.0511871890472396
28903,0.04332721142442583
28904,0.041065085534737124
28905,0.030042599589716293
28906,-0.02594509249693567
28907,0.016461993864646095
28908,-0.02212871882131172
28909,0.03656783831051276
28910,0.0033429825104914525
28911,0.004639640055602449
28912,0.019435385567365484
28913,0.025586229545859752
28914,0.016896566186016163
28915,-0.02712491994724121
28916,0.03440280404674333
28917,0.007734683755700289
28918,-0.044939460841647474
28919,-0.02392936205032388
28920,-0.016368280656831304
28921,-0.020271104076838315
28922,-0.037843241581133856
28923,-0.002457453390961792
28924,-0.02895699492116936
28925,7.987798278351668e-05
28926,-0.023685951181891318
28927,-0.040485345266150344
28928,0.01490800312154408
28929,-0.015253838230884598
28930,0.0015158367181786641
28931,-0.008959991445831731
28932,0.042680245188911246
28933,0.019557586253036323
28934,-0.024177161773921464
28935,-0.028207538359226108
28936,-0.03801626358197446
28937,0.0035448478897104345
28938,-0.029515449829119262
28939,-0.008942396201469784
28940,0.006253474982708514
28941,0.014980149172008747
28942,0.03505196984421334
28943,0.049801116226313905
28944,0.04985009191813977
28945,-0.03073854628019335
28946,-0.004481367421539073
28947,0.04415889622570723
28948,0.02175022077417131
28949,-0.023104149143374855
28950,-0.0018120908464576637
28951,0.07383049982935048
28952,0.026178598705492377
28953,-0.028011281061526585
28954,-0.02305566599735188
28955,0.06006576450050625
28956,0.02764749042173506
28957,-0.01725154735739086
28958,0.016615814520543927
28959,0.01096636749502432
28960,-0.02366583872874304
28961,-0.000992816513185848
28962,0.006444564519805255
28963,-0.005251418728795374
28964,0.019129789466274104
28965,0.025730079346287908
28966,-0.03549859934020643
28967,0.0012537988043993535
28968,-0.020319084564028776
28969,0.06916934849599855
28970,0.02779310148474334
28971,0.020325324275275142
28972,0.014946195693523909
28973,0.017065016193731533
28974,-0.0019683839841269186
28975,0.024484859356104564
28976,0.015685062196534195
28977,0.008589458734239795
28978,0.012503564790039993
28979,-0.0361554683298266
28980,-0.005831334706273713
28981,-0.03918239118057402
28982,0.005319790544061758
28983,0.026306090636532786
28984,-0.001120101861014993
28985,-0.043875212142760085
28986,0.03168643039217444
28987,0.02472202332457546
28988,-0.015784024054524875
28989,0.018606101649886932
28990,-0.028567050931862428
28991,0.005084153279069795
28992,-0.00748624600371251
28993,0.003525609690437169
28994,0.01714210371796879
28995,-0.027290232743039444
28996,0.014138607825899607
28997,0.07395711886987541
28998,-0.02850553421580416
28999,0.010690169050023318
29000,0.0015555000197988395
29001,0.014750530909681078
29002,0.09211622897213971
29003,-0.012737363590847303
29004,0.005627999893008687
29005,0.029739718766689835
29006,-0.0007418104810982723
29007,-0.030195377566929818
29008,-0.03025676918157552
29009,0.02890690255298452
29010,-0.04592053508605509
29011,-0.038127062176251315
29012,-0.047739183678209084
29013,0.05828551241435487
29014,-0.031475560324099726
29015,0.03630457883940373
29016,0.009148083562367501
29017,0.002234833692419176
29018,-0.05530510214963648
29019,0.03644257500423359
29020,0.00022241565036878726
29021,-0.030082327472790243
29022,0.022994757832465258
29023,-0.03570500019795288
29024,0.053033200253115406
29025,-0.01979842973892739
29026,-0.008076369374046552
29027,-0.009217572046349896
29028,-0.006516995715652872
29029,0.022280998188277137
29030,0.0111087508919016
29031,0.015399331924029352
29032,-0.005747252958953391
29033,0.01175137232252363
29034,-0.012396053882420516
29035,0.007585507076737269
29036,0.019794452279273324
29037,-0.030476641414725725
29038,7.012418312974582e-05
29039,0.009509387421861902
29040,-0.0011621006568017724
29041,0.06265015161892054
29042,0.020444453783205894
29043,-0.007360211524404021
29044,0.009335367858243682
29045,-0.04553861965062084
29046,0.025095373914710322
29047,-0.02372936191389388
29048,-0.04913659063995703
29049,-0.03132343005712226
29050,0.021000653255069224
29051,-0.07189713009172011
29052,0.05579576901025061
29053,0.022786501438575472
29054,0.00561208204877595
29055,-0.015762827949420015
29056,-0.03967640739648238
29057,-0.014459759100185507
29058,0.004113080651801597
29059,-0.055241760933286164
29060,-0.013554217034090278
29061,0.03645803725749715
29062,-0.06207094028434742
29063,0.04078852592596339
29064,0.037828091865945594
29065,-0.019806364658230442
29066,-0.022973672506141823
29067,-0.023637694122127694
29068,0.05243550138636156
29069,0.016205328681935718
29070,-0.007941779342744303
29071,0.02643248670913729
29072,-0.009887674569181968
29073,0.006512100397875207
29074,-0.031144622853844423
29075,-0.03450829622678566
29076,-0.03157748336614746
29077,-0.005120869071678774
29078,-0.02883848939679427
29079,0.01831073241942597
29080,-0.023316559467198267
29081,0.007112144238094685
29082,-0.013013723701154027
29083,-0.010985190146679749
29084,0.019348422983785456
29085,-0.005113932316118617
29086,0.07036260087288575
29087,-0.02064523839662917
29088,0.06006921907547211
29089,-0.05724483745864028
29090,0.0735446231165991
29091,0.048110312163994605
29092,0.05118548027550305
29093,-0.009007842147896133
29094,0.02150316227270797
29095,0.019974031472636433
29096,0.0010695982996477853
29097,0.03620472581517774
29098,0.011727815814075454
29099,-0.019276169088499013
29100,0.030344648075218573
29101,-0.04340484348681532
29102,0.0706131662171042
29103,-0.0006178138483328353
29104,-0.020400703136970153
29105,-0.007453928463708345
29106,0.0130253850596474
29107,-0.004810326639306605
29108,6.92933049301818e-06
29109,-0.004390811000724509
29110,0.014014778219908097
29111,0.022531000393800574
29112,0.022942305420653692
29113,-0.004399112199132306
29114,0.05163588037921567
29115,0.011609966314518612
29116,-0.04066387077624711
29117,-0.0016022964381837814
29118,-0.045581842220960254
29119,-0.003739613082116572
29120,0.019247996632497235
29121,-0.0495151165769545
29122,0.04664706205551852
29123,0.008703676722620877
29124,-0.018717846601045102
29125,0.0018559664722690994
29126,-0.03641546835011264
29127,-0.011756865607674692
29128,-0.007037030550310025
29129,0.01136067490578567
29130,-0.01137749487372908
29131,-0.062002798293830805
29132,-0.009983391029343057
29133,-0.004007305998155172
29134,-0.005889226088176743
29135,-0.02209490870923668
29136,-0.008890368981506927
29137,-0.00045617931288726864
29138,-0.04393323748306452
29139,-0.04179718259466935
29140,-0.01136733475568566
29141,0.015417499409444925
29142,-0.02200748136948611
29143,0.0031767382060484024
29144,-0.025783935783587432
29145,-0.0337182133820161
29146,0.04817906688930469
29147,0.023395076605526664
29148,-0.025666235499664083
29149,0.002008257307342931
29150,-0.006900912359133199
29151,-0.014003408352288941
29152,0.02461047626498304
29153,-0.02083463370066294
29154,0.010417518660167172
29155,0.018290764908881388
29156,0.012966039827834402
29157,-0.033840119542876426
29158,-0.04136766569425196
29159,0.030759316861038347
29160,0.016201069274260547
29161,-0.015555485176796204
29162,-0.042669058308196034
29163,0.005743453989360589
29164,0.05615679002309262
29165,-0.018856169492814035
29166,-0.028360126812364564
29167,-0.02118609063067029
29168,-0.01423529664102406
29169,-0.0035220920038229594
29170,0.01016412407091571
29171,0.020458410245835203
29172,-0.0011052325583963216
29173,-0.02973469898208444
29174,0.044387094411546174
29175,-0.012605974051147977
29176,-0.007134648156387383
29177,-0.017003868140770935
29178,0.021643761658247888
29179,-0.04501101240998446
29180,0.03616884854380231
29181,0.019078797835934382
29182,0.05375374936368319
29183,0.006108464777562136
29184,0.002400607111395694
29185,0.018152191542824946
29186,-0.028090499327772883
29187,0.11353592978772618
29188,-0.017686286146185295
29189,0.03663164256077846
29190,0.028314084864452523
29191,-0.03873868005719774
29192,0.01673161826455873
29193,0.007986876070619273
29194,-0.034217200829309916
29195,0.04905658492104548
29196,-0.020551237860885974
29197,-0.008392620612464406
29198,-0.03541962502074408
29199,0.019084266869611618
29200,-0.012602275620294917
29201,-0.008134921836331379
29202,-0.009872895684073693
29203,0.028954097477466082
29204,-0.04720022038225563
29205,0.020579777977083838
29206,0.027902552566598227
29207,0.04638165244596233
29208,0.010472163810880782
29209,0.05064954424921322
29210,0.015870462342913675
29211,-0.028538833014420926
29212,-0.006208630381852311
29213,0.015612589390017384
29214,-0.039589995879794546
29215,-0.013510833273336466
29216,-0.027740003490407696
29217,-0.02391001881281552
29218,-0.035753777507891354
29219,0.0035111430559080555
29220,-0.0006939155808018925
29221,-0.01913932200410551
29222,-0.041991064648574425
29223,2.4793398479979e-05
29224,0.014903997560552874
29225,0.01360195370641539
29226,0.02818384662757181
29227,0.021212365395918035
29228,0.07450847309616569
29229,0.0032503453677551497
29230,0.026728338639275068
29231,-0.0271918412470608
29232,-0.05639727661861407
29233,0.07049766754107362
29234,0.024627656522573683
29235,-0.01813448862671149
29236,-0.012444404620343295
29237,-0.0037132072668094374
29238,-0.006675040702201285
29239,0.05319980698355677
29240,0.04990549945885226
29241,0.015219965792123783
29242,-0.008240487066920748
29243,0.015025123051931323
29244,0.03596035859014887
29245,-0.04654355898417829
29246,-0.01356115484781467
29247,0.03062821004124782
29248,0.025677880766253793
29249,0.04006187487847648
29250,-0.02178883380588795
29251,0.014541292603629885
29252,0.0082714076078608
29253,-0.022246210641380496
29254,0.047105204923718995
29255,0.06744600262174398
29256,0.009163769260955763
29257,0.021587352601821517
29258,0.07427830295770668
29259,0.024343177464342353
29260,0.04119271270225562
29261,0.03788856640189112
29262,0.06591759948650545
29263,0.0458541920679465
29264,-0.03688403485384603
29265,0.02095089304755855
29266,-0.030151970353887905
29267,-0.004015924925990957
29268,-0.025938932790176377
29269,0.050544405236665216
29270,0.04556616392192573
29271,0.02229262453449428
29272,0.0071354852675777295
29273,-0.03470855051551358
29274,-0.03192160817390287
29275,-0.02095021160642674
29276,0.015234137108579663
29277,0.01750230058738509
29278,-0.006869758396022579
29279,0.01168128557616665
29280,0.021189303193983152
29281,-0.02166024900416788
29282,-0.022546025398180347
29283,-0.018374201048216295
29284,0.07455111782853284
29285,-0.0021719654759345245
29286,-0.030567381795365892
29287,0.0009602624053219678
29288,-0.013881929973790643
29289,0.03482751919362324
29290,-0.04864757244606121
29291,-0.04337403045330054
29292,0.035390060788829746
29293,0.008345736469017196
29294,0.0033798084303716582
29295,-0.009250750773358801
29296,0.010606038225635028
29297,-0.008150653824765517
29298,0.07508762231461023
29299,0.035580378239199864
29300,-0.032280713866778055
29301,0.025004893485435144
29302,0.03212890043178643
29303,0.05066477074623672
29304,0.04665532088707002
29305,-0.015763458521678753
29306,0.01858067721163083
29307,0.004795931048960097
29308,-0.046291932225055704
29309,0.0075353657048488135
29310,-0.03742463067977173
29311,-0.005958177641260236
29312,-0.07241929894369957
29313,0.003333086098335133
29314,-0.004601898964015781
29315,-0.03772746433706773
29316,0.011166987130642637
29317,0.021524707481869552
29318,0.008100221021282692
29319,0.04972300912172975
29320,-0.05505985066018186
29321,0.03538075903057183
29322,0.018887669293983375
29323,0.00431539040465531
29324,-0.0270427512433421
29325,0.03727122759619825
29326,-0.008450016787098955
29327,-0.00361348824698928
29328,-0.0199771526770866
29329,0.041868421801443644
29330,0.031781417927793175
29331,0.019720304061756032
29332,-0.020046014093395938
29333,0.012831295721082084
29334,0.02241403443049312
29335,-0.03047884361983512
29336,0.07358420333057601
29337,0.021725841696566415
29338,-0.044697184234633903
29339,-0.04268438597031144
29340,-0.004291744492292238
29341,-0.022729087357663637
29342,0.00011895719576320317
29343,-0.009114796144693741
29344,-0.007882084041693205
29345,-0.0413629304297434
29346,-0.01004914633528192
29347,-0.007456519256207429
29348,-0.009269753191232993
29349,-0.01019410685876791
29350,-0.05319494326210718
29351,0.06006526269169218
29352,-0.027657910616020978
29353,0.03074861107262595
29354,-0.014449762879511227
29355,0.015274548689111633
29356,0.04994001594580776
29357,0.010712445928462681
29358,0.0012159465555864391
29359,-0.024891311605059786
29360,0.0035568163551472688
29361,-0.004160076208093909
29362,-0.025536491221055106
29363,0.06166501314497084
29364,0.014779393230676596
29365,-0.01583672598178941
29366,-0.0468502118610227
29367,-0.014961556264252792
29368,-0.010832753833508985
29369,0.038841334426994986
29370,0.061245085237200195
29371,0.026958589292217346
29372,-0.018654483903503483
29373,-0.032880358923882295
29374,0.03531880984365225
29375,-0.007060008208782924
29376,-0.013127070085376119
29377,0.0383939775585809
29378,-0.02454133614715313
29379,-0.0002534969455267017
29380,0.04370059410148024
29381,-0.014288365656452917
29382,-0.051070112533358636
29383,-0.005609636747665136
29384,0.04334624105049621
29385,-0.020986303282106995
29386,-0.008235710341438345
29387,-0.023210810697812136
29388,0.011745081416935262
29389,-0.04896907676444763
29390,0.013232443271136811
29391,0.02518755258004786
29392,0.035942624264167874
29393,-0.01571843058096191
29394,0.05102136662329965
29395,0.004568860622262486
29396,-0.06260144123794452
29397,-0.01726187839528512
29398,-0.018571007684181576
29399,0.04747657489352355
29400,-0.04269153630018151
29401,-0.01092612029979228
29402,-0.010191657061041911
29403,-0.013704652979555353
29404,-0.0052921193070702135
29405,-0.04165564742077017
29406,-0.00958219942086529
29407,-0.04603695630327723
29408,0.002453326983566881
29409,0.05020120694406503
29410,0.0059533850274130174
29411,-0.010359749513408976
29412,-0.01377899110720673
29413,-0.017669736099687812
29414,0.02235384861972539
29415,0.07179541615356949
29416,0.01164592905756438
29417,0.032975439274225374
29418,0.02788349875869557
29419,-0.02167038021415411
29420,-0.03780428306509073
29421,-0.01946032916162785
29422,-0.01858430390878032
29423,0.010303449485204483
29424,-0.015836366781451804
29425,-0.01215648058554647
29426,-0.05559035979887083
29427,0.05825035935717181
29428,0.006959612038671993
29429,-0.019162568012071522
29430,0.01152953490629859
29431,0.021464632400089483
29432,-0.04196660618199119
29433,0.009712513810928344
29434,-0.0372929025331548
29435,-0.0017479946392257295
29436,0.0308509075191134
29437,0.03485387369647859
29438,-0.013139733540712507
29439,-0.03175068409750455
29440,0.0019310438630632425
29441,0.010175027534844118
29442,0.013753410277856244
29443,-0.009630494408518262
29444,0.01725016551764316
29445,6.672238790656588e-05
29446,0.00533810954741652
29447,-0.015189392902966798
29448,0.05427460297876997
29449,-0.013189465033935378
29450,0.007774286236810376
29451,-0.027601323057075154
29452,-0.017667697605319915
29453,-0.012072573331829126
29454,0.05380736448389792
29455,-0.005453964558458476
29456,-0.005296887403215896
29457,-0.01648683735523936
29458,-0.011330955293350662
29459,-0.029981012676589192
29460,0.04688686578353223
29461,0.04022261239642658
29462,0.04138511951270628
29463,-0.01081881836398655
29464,0.0040158569837385385
29465,-0.015301521186915325
29466,0.04452940512653068
29467,-0.013845425624670083
29468,0.02608560851167941
29469,-0.02026112061611854
29470,0.050145586082165815
29471,-0.01301944046650063
29472,0.026667410826459934
29473,0.05091996745310622
29474,0.01708038606251051
29475,0.03051139197324307
29476,0.048256108804886434
29477,0.012080086434836516
29478,-0.006183986914800288
29479,-0.018994324847842494
29480,0.021222354034897334
29481,-0.03776169402030834
29482,0.024006112565358857
29483,-0.040493857216238674
29484,-0.03482097167318958
29485,-0.007895562900008004
29486,-0.04978363938793664
29487,0.007047217733804553
29488,0.00847455527992612
29489,-0.004074411975241872
29490,-0.0104027201040283
29491,-0.023713145785630267
29492,0.0081093749116472
29493,0.04307743620528844
29494,-0.012694722057635475
29495,-0.01851212902661994
29496,-0.0024322597374424205
29497,0.030841992489121436
29498,0.006478889970378678
29499,0.02885061715572847
29500,0.0022428760348995433
29501,-0.013027251220487354
29502,0.01951719277637238
29503,-0.04534868061178215
29504,0.007913242732584095
29505,-0.011101609998343706
29506,0.013309077943691754
29507,0.012728681109378932
29508,0.017377928863678175
29509,-0.012656569645305957
29510,-0.035641064564363625
29511,0.032569843413684116
29512,-0.01632553127026026
29513,0.027284795952231593
29514,-0.03005705190678738
29515,0.0021141462216263006
29516,-0.012850539490937887
29517,0.030984474835189728
29518,0.0013124926769628631
29519,0.005739170296015581
29520,0.03880178071472575
29521,-0.01738952979775959
29522,0.0033689806492973626
29523,0.010740568385297423
29524,-0.005953892879177667
29525,-0.029081206450102794
29526,-0.01315971212144819
29527,0.021422638250505447
29528,0.0138257362161903
29529,0.00915262671339283
29530,0.04769348401095219
29531,-0.03644557870090285
29532,-0.011815325854105739
29533,0.06044342039549281
29534,-0.07034770552235577
29535,-0.0477678988348928
29536,-0.008411355355930959
29537,-0.03199606885870442
29538,-0.027222401006471084
29539,0.011687207092256634
29540,-0.004449080924268862
29541,-0.014615161968865068
29542,0.013648562810088378
29543,0.02908382295779836
29544,-0.0075442764648171665
29545,0.004434930273578049
29546,-0.020784542183143188
29547,-0.09079969794507223
29548,-0.0034632982054229457
29549,-0.04690092266353892
29550,0.014952143894302296
29551,-0.03415228306730232
29552,0.022389598942698402
29553,-0.03272341820380348
29554,0.023031606742787772
29555,-0.015257910624560032
29556,-0.007770029553588716
29557,0.05902844406092436
29558,-0.032776326828646445
29559,0.032129987319778876
29560,0.028867923110441528
29561,0.0025154509755031494
29562,0.045171795547399335
29563,0.00745784079604059
29564,-0.04249636015937712
29565,-0.006608652622747052
29566,0.06282763135478035
29567,-0.0018043972100493817
29568,0.007889029021276668
29569,0.02351261141765114
29570,-0.004049515465477758
29571,0.013362736483112954
29572,0.048260875082444685
29573,0.0671500394898049
29574,0.017705916400033054
29575,-0.01792663927463786
29576,-0.08815171583944992
29577,-0.0006097053708663716
29578,-0.034588798005353354
29579,0.03050677683407996
29580,0.04595435135261375
29581,0.00838858309551045
29582,-0.013992576305245946
29583,-0.005629869932415028
29584,0.08188179049432302
29585,-0.0032324291004945265
29586,0.01706866649926451
29587,0.04796324620635488
29588,0.05130215450341896
29589,-0.013698080223365822
29590,0.029136853640608005
29591,0.00554983140492803
29592,0.0016839249089180683
29593,0.01367102725850697
29594,0.01650917583707301
29595,0.005262195296988337
29596,-0.040401394800075235
29597,-0.04558674517182154
29598,0.0010724160589900239
29599,0.029218065412592174
29600,0.029871135212733185
29601,0.0071348865697627144
29602,0.03224698998044973
29603,-0.03595289459333386
29604,0.003226612488689661
29605,0.07732756497597688
29606,-0.010818875428249386
29607,-0.023896053578459996
29608,0.031044053325318174
29609,0.03604408372259154
29610,-0.017666754422136166
29611,-0.00454181016345368
29612,0.04380354847632222
29613,-0.014412924390994194
29614,0.021962593569154167
29615,-0.014330247075421602
29616,-0.009554660048767642
29617,0.013842593504267559
29618,0.0033940817536163076
29619,0.03069197908238231
29620,-0.059443122778548296
29621,0.025802636230380784
29622,-0.024498605098056507
29623,-0.032269538262072475
29624,-0.04364567053716258
29625,-0.05136805978303766
29626,-0.008601038013309992
29627,-0.01484873481051879
29628,-0.029673707103906894
29629,0.05395924744316083
29630,-0.05919068166044993
29631,0.031458281810015386
29632,-0.03146166498058135
29633,-0.04334257246800503
29634,0.03187909174584222
29635,0.0015350983457025468
29636,0.007720247369353709
29637,-0.027613920674607915
29638,-0.002057959785529261
29639,-0.032116802424156314
29640,-0.040639593562122205
29641,-0.01471703597764223
29642,-0.04490823015370446
29643,0.06122278185984612
29644,-0.007720457400569135
29645,0.012567250862875159
29646,0.030523718604010652
29647,-0.019799913317697575
29648,-0.02627458786629536
29649,0.02163683653467023
29650,-0.009913033608459515
29651,-0.01096188284794696
29652,0.01994092846788685
29653,-0.019484741579590285
29654,-0.02624679457083251
29655,-0.016129111117324284
29656,-0.02485941974801891
29657,0.0021306535990117895
29658,0.032858175249209705
29659,0.008956990847500018
29660,-0.034349847332933225
29661,0.01550454984433023
29662,-0.006254652023748624
29663,-0.0085147982657023
29664,-0.02469035726510418
29665,0.0514628591145103
29666,0.05401209819711819
29667,-0.02162329782724605
29668,0.010898645249183039
29669,-0.059139637045394065
29670,0.011650503079156955
29671,-0.02086345931579747
29672,0.03100419320045765
29673,-0.011423536856189399
29674,0.03109296632532124
29675,0.012070978425680706
29676,0.062076760664263354
29677,-0.0017536861142671391
29678,0.0067079944363463324
29679,0.053437502417213116
29680,-0.022712890683282506
29681,0.00492705895735492
29682,0.06755843903111358
29683,-0.02914826853529079
29684,0.013410171222129327
29685,-0.03711661404012034
29686,0.006508958021636751
29687,-0.015544139903209755
29688,0.03306441812595868
29689,0.01158518330898765
29690,0.00462974412478258
29691,9.730118263393114e-06
29692,-0.010762288637303876
29693,0.003906274980860628
29694,0.01388652036998021
29695,-0.01069674389040307
29696,-0.02240307247655983
29697,-0.008365131077538045
29698,-0.038843815699173605
29699,0.014336301476560596
29700,0.0023490477357821092
29701,0.05417863877847712
29702,-0.04005541424219267
29703,0.03779625427014465
29704,0.015162742980675254
29705,0.022919903347573524
29706,0.0007242745796989137
29707,-0.005999469596032719
29708,-0.004993527335077257
29709,-0.03802391748498421
29710,-0.0514492717137151
29711,-6.288762052118974e-05
29712,-0.015718927574945942
29713,0.015335560493849728
29714,-0.01243165734135735
29715,0.04114252865329737
29716,-0.012804167678071906
29717,-0.027972291651749717
29718,-0.0197937736955475
29719,0.009853964737619006
29720,0.04061916232225986
29721,0.027369219565058816
29722,-0.01899585507474032
29723,-0.016946689990781548
29724,-0.04061806878823559
29725,0.0006964255743980378
29726,-0.027288492677742287
29727,0.03265418093163837
29728,0.023255103914375345
29729,-0.036176395369963275
29730,-0.04504408905095509
29731,-0.0527515248310822
29732,-0.008056766908572148
29733,0.005534957518325145
29734,0.046694489872471975
29735,-0.029812887686428407
29736,0.004919745521339653
29737,-0.04079660825038057
29738,0.010245021303240127
29739,0.035874162724713415
29740,-0.009367245436269923
29741,0.01581671205736002
29742,-0.059882162261747626
29743,-0.001676292768974792
29744,-0.021501393876618695
29745,0.032446528719830836
29746,-0.03361194910046064
29747,0.0035429917808532376
29748,3.30622473949712e-05
29749,0.01411711228149834
29750,-0.004349006908050164
29751,-0.0437872158380591
29752,0.02921116760144816
29753,0.02582798392145585
29754,-0.07884147598087488
29755,0.045367530335076664
29756,0.01753260574869124
29757,-0.050655498709342356
29758,-0.04023841405171315
29759,-0.014688667049300642
29760,-0.008192623260328413
29761,-0.004069948750921962
29762,-0.0210291048712375
29763,0.01529153817630416
29764,0.015277156648818627
29765,0.04721460186977312
29766,-0.021476698886703005
29767,-0.015001997128647502
29768,-0.012675430989725685
29769,0.056277016641579455
29770,0.03922336033703439
29771,-0.008782225888894981
29772,0.007620256475897887
29773,0.001661145428932342
29774,-0.03676613399550651
29775,0.057869738177077176
29776,0.03413442780853796
29777,0.015566922461566199
29778,-0.009196129402028233
29779,-0.008657383499591978
29780,0.011638815111014835
29781,0.009359575974106622
29782,0.0017276319317919516
29783,0.028601254452843422
29784,-0.0129524950425184
29785,-0.007993507529975144
29786,0.0036562668955988807
29787,-0.02717417743295162
29788,-0.036914032235424166
29789,0.04676809425500807
29790,-0.022935901586803684
29791,0.024962339723352545
29792,0.0632488839434319
29793,0.016052477039769458
29794,0.021416972804869153
29795,0.01714187024620549
29796,-0.005547251095848586
29797,0.034253340137472506
29798,0.01807248166053922
29799,-0.010545416176916508
29800,0.04366497396106001
29801,0.04655744888843842
29802,-0.01194208092491981
29803,0.004769497332409987
29804,0.010102667257034348
29805,-0.056586087063640204
29806,0.006516017447462131
29807,-0.022223427139433146
29808,-0.016495914400734783
29809,-0.027076200210756407
29810,0.015064322295417647
29811,0.046010562609958894
29812,-0.03536969682782555
29813,-0.01056560315877964
29814,0.03796180976553455
29815,-0.02334783756850353
29816,-0.043961183282701134
29817,-0.018494104270216416
29818,-0.04555600826705259
29819,-0.0589368206676849
29820,0.014777436816606704
29821,-0.004119888252377635
29822,-0.05663481031307728
29823,-0.0016855640260212013
29824,-0.05765269924103091
29825,-0.00866130895478612
29826,0.0005334932617361759
29827,-0.03689845734327219
29828,-0.036856855111710024
29829,-0.01154381937312433
29830,-0.011087329372553833
29831,-0.0340164945198224
29832,0.044432701797730595
29833,0.026971250005087943
29834,0.012801391641802188
29835,0.02301427596852277
29836,0.012562990961867668
29837,-0.014746215492625109
29838,0.0265046128603976
29839,-0.0055871674191458
29840,-0.03926076577501194
29841,-0.014583639573627294
29842,0.004326199516020489
29843,-0.0926044563295716
29844,-0.03854559823745953
29845,-0.037151441735806756
29846,0.02772089525512913
29847,-0.012095533736287137
29848,-0.007695931835943777
29849,-0.07549926577388232
29850,0.05786899112932136
29851,0.016704127822908497
29852,-0.05067870433448482
29853,0.025656568867466083
29854,-0.011079858330405834
29855,-0.017749822925537815
29856,0.055219471528902
29857,-0.004598862471911672
29858,0.049137611420321824
29859,0.028499187349578077
29860,-0.026833471344964995
29861,0.025241294151937318
29862,-0.03143777888016209
29863,0.008526777227777546
29864,0.03472080282523548
29865,0.0031395425523386886
29866,0.013857416022878384
29867,-0.020254017527053535
29868,-0.044054555929579915
29869,0.047566006516456566
29870,0.02260250231980869
29871,0.022619040915152905
29872,0.015491044415487447
29873,-0.010182405517425549
29874,0.026157919904369237
29875,-0.007700406572521408
29876,0.01312201945595813
29877,-0.042834907372358726
29878,0.0094159673845963
29879,0.04740345705455078
29880,-0.02123859969790792
29881,-0.004295315602818834
29882,0.014050353887638768
29883,-0.005464520486432422
29884,0.07167577328355726
29885,0.005721008842487174
29886,0.008203114406646552
29887,-0.024488476398650705
29888,0.01806667026153047
29889,-0.057725972964858374
29890,0.0005153351318677544
29891,0.01834334511092382
29892,0.03341827982310426
29893,0.0036716087120557883
29894,0.0013571018123042875
29895,-0.04185969828835749
29896,0.021430276180662785
29897,-0.045554575056782565
29898,0.011046030805917316
29899,0.019410893816715107
29900,0.021178699489702274
29901,-0.006843404194506166
29902,0.04526368137598192
29903,0.016973782597665295
29904,0.009485535281268498
29905,-0.050427771012614066
29906,0.013102120204666917
29907,0.019479603831947474
29908,-0.03222439842979981
29909,-0.030228441552880826
29910,-0.015035383697949326
29911,0.009986437505134926
29912,-0.008436556556651795
29913,-0.037554944661535035
29914,0.001976906049310525
29915,-0.010628375303174497
29916,0.038107513467190116
29917,0.07637568695917368
29918,0.021679123705036864
29919,0.0034262486639155968
29920,0.03771801523225649
29921,-0.004127959663960368
29922,-0.004205961737307247
29923,0.01597497670786253
29924,-0.0031723286678776354
29925,0.04039685881524563
29926,0.04807569328794308
29927,-0.005973863240882187
29928,0.016538164444421247
29929,-0.014445817352834421
29930,0.0035426887292656834
29931,-0.008224971083243268
29932,-0.0012932811811371462
29933,-0.06040892637871473
29934,-0.03006266060456259
29935,-0.00886201790130679
29936,0.033430780876345344
29937,-0.050204287775035536
29938,-0.03229394789097947
29939,-0.024463234218622634
29940,-0.005869533501614739
29941,0.01842723317610334
29942,0.015307409697492287
29943,0.06310876637878475
29944,0.027054928904845295
29945,-0.0058387332578548525
29946,-0.02690354880324403
29947,-0.04364449267393326
29948,-0.05328923422886882
29949,-0.035080732467482785
29950,-0.0025789446826706653
29951,0.005278767666087754
29952,0.0003826458218938464
29953,-0.007026922309098141
29954,0.011821253629375857
29955,0.0017911562925737611
29956,-0.032304655875988283
29957,0.004668753048214974
29958,0.04678428308746956
29959,0.020144790189631574
29960,-0.0643116285194435
29961,0.01269164963438659
29962,0.04654846111362391
29963,0.018746857566331113
29964,0.03329038526083813
29965,0.046417403087423426
29966,0.015989760601563954
29967,0.004148931123892284
29968,-0.0018270627145967559
29969,0.03397740597454644
29970,0.0292225472225418
29971,-0.007051586287289663
29972,-0.02647899655094384
29973,0.030535742288047424
29974,-0.010960064121510724
29975,0.03429754645716982
29976,0.037981949162129124
29977,-0.017973201122483316
29978,0.01939747374940542
29979,-0.024409955430659727
29980,0.05748392181001457
29981,-0.03754347420557199
29982,0.07362282331028203
29983,0.007031580525261014
29984,-0.002796112403743713
29985,0.04307927743320739
29986,-0.006549415882515314
29987,-0.021182243719331945
29988,-0.06451799044018991
29989,-0.02098502023865737
29990,0.03273306486559914
29991,0.0218197623901456
29992,-0.0020186001286745634
29993,-0.00513794546668706
29994,0.02997322712507596
29995,0.061755520468005455
29996,-0.01845208370630449
29997,0.009459659762747813
29998,0.037389927133282264
29999,-0.009698410147498213
30000,0.009595988513406786
30001,0.001098061864250601
30002,-0.016918351767287315
30003,-0.016762188103815783
30004,-0.002619452848358054
30005,-0.027681889967808362
30006,0.057886997979188066
30007,0.0257345011876494
30008,0.018761617403811097
30009,-0.027957546916943677
30010,0.023886638622049178
30011,0.00334875544554433
30012,-0.018180930805556675
30013,0.03995003511469251
30014,-0.03675763611035828
30015,0.01816919575672576
30016,0.020765860941854588
30017,-0.0023047732888804456
30018,-0.03489410721985349
30019,0.003591188310280064
30020,-0.01277570630996656
30021,0.014751742603297202
30022,-0.02131046030684045
30023,0.03478234337327374
30024,-0.006117169016644233
30025,0.03303327547482961
30026,0.01832486185689992
30027,-0.03895797838620678
30028,-0.047207977271680135
30029,-0.02441229456541
30030,0.0022943897495976244
30031,0.0019521130983478998
30032,-0.03165728277638602
30033,0.006375626477614878
30034,0.004370654798226371
30035,-0.0041073881198440305
30036,0.004816303793378513
30037,0.017294112490214113
30038,-0.024657283701854285
30039,-0.06938850409992216
30040,0.019573599503726245
30041,0.0069333194145741
30042,-0.03131189513748184
30043,0.03730645948995082
30044,-0.016558083031387602
30045,0.0022034844373436417
30046,0.03111369327647456
30047,0.0007711852098960857
30048,0.005480934654271984
30049,-0.006559554421111014
30050,-0.037036428128551395
30051,0.0022897789974951196
30052,0.05539233484390594
30053,0.0030191507101561973
30054,0.002270040841684708
30055,-0.0017239262631442858
30056,0.0038387591702671877
30057,-0.019966712624134825
30058,0.012440576185844033
30059,-0.02688207246801593
30060,0.003674685033974001
30061,-0.004630580307433529
30062,0.026305716655383126
30063,0.027324413218386353
30064,-0.006800166322223418
30065,-0.002908151030076648
30066,0.04331382210730883
30067,0.021370457656288602
30068,-0.03488549444631563
30069,0.03648926352364891
30070,0.01589816989289143
30071,0.04668032383712351
30072,0.007071375324644146
30073,0.020583053105511888
30074,-0.032544653731376556
30075,-0.025338656562307292
30076,-0.03487513207619394
30077,-0.029235936987018832
30078,-0.06543697740691969
30079,0.06509239639860448
30080,0.024991020897358482
30081,0.021139309763703797
30082,-0.029655917112972115
30083,-0.04791644298324249
30084,0.027799314768722546
30085,0.04139797429370972
30086,0.027428976836668412
30087,-0.04630993840531809
30088,-0.021155017020100256
30089,-0.005767806273181498
30090,-0.014458415223300563
30091,0.015993668069191093
30092,-0.014033110887211113
30093,-0.0001781354118937493
30094,-0.0071265059361023475
30095,0.011712027733868056
30096,0.00690133591381121
30097,-0.001301970398745318
30098,-0.05108823620406059
30099,-0.01324185905639495
30100,0.00585315678731679
30101,-0.010558453660900594
30102,-0.017400583249335147
30103,0.02433430710264001
30104,0.036035594656159756
30105,0.013371869689857391
30106,-0.021213010623608915
30107,0.013193640081408126
30108,0.0017347903157835347
30109,0.04860560093837327
30110,0.03663023884733196
30111,0.010155970587519448
30112,0.017448051005367362
30113,0.007557225589006874
30114,0.035650847856837566
30115,0.033631816213841925
30116,0.02827046664167338
30117,-0.028999599980086287
30118,0.03737595310881832
30119,0.033980854019748145
30120,-0.04389698584914844
30121,-0.01851312372611281
30122,0.024423421097430394
30123,0.02647494984061039
30124,-0.015924346722039708
30125,-0.04387167221696222
30126,-0.02743610853476584
30127,-0.0278253673612554
30128,-0.01927553989730288
30129,-0.07593275597792003
30130,0.017598163438555126
30131,0.013385735338693566
30132,0.04923334371206854
30133,0.013800005329293527
30134,0.007559857848198545
30135,0.020314565458140352
30136,-0.06476441748494788
30137,0.02330655577150415
30138,-0.020991716454788038
30139,0.0023795996510881136
30140,0.016233395598647407
30141,0.03784714092614082
30142,0.0017228671753545398
30143,0.02876435338717592
30144,-0.0033363864311089717
30145,0.001975213651459233
30146,-0.01943468975316611
30147,-0.021478385963173637
30148,0.00440131541779365
30149,0.022386877332415327
30150,0.02045735054662754
30151,-0.026693043666242023
30152,-0.03828248980218544
30153,0.03984731900185613
30154,0.0417837002035698
30155,-0.0033688023772859804
30156,0.004867240960674718
30157,-0.029442414226040884
30158,0.027995802640127517
30159,-0.020287435636769036
30160,-0.025020164296835196
30161,-0.017083458931376503
30162,-0.01944641171091245
30163,0.0792250026711139
30164,-0.0030487524627837606
30165,-0.030722365247768134
30166,-0.01140437419125672
30167,-0.00028997496519323027
30168,0.022214499503681
30169,0.05133477652597546
30170,0.012573388394220337
30171,0.03171055485630406
30172,0.0004202072640079121
30173,0.02576541691382378
30174,-0.011956438979058959
30175,-0.01985237039529649
30176,0.013931727810139877
30177,0.03129731956350498
30178,-0.0046728375912927795
30179,0.05986784702068449
30180,-0.01697554895855923
30181,0.02671169265560833
30182,0.0053019680175489595
30183,0.0051095385561186904
30184,-0.015870038736595985
30185,-0.006189285629571324
30186,-0.009130617180869972
30187,0.008558913476866785
30188,6.93138220310513e-05
30189,0.03608460400768679
30190,-0.01973705515468551
30191,0.0013304291869415635
30192,-0.042498141783055415
30193,0.008927191921942001
30194,0.02950377181091469
30195,-0.04186536962887002
30196,0.01848574268526731
30197,-0.018899897338013442
30198,0.04147281759080551
30199,0.019315053552115935
30200,0.0042604411935202435
30201,0.013481974145008893
30202,0.009491486688133795
30203,-0.00227337101022459
30204,-0.0007029757293741936
30205,-0.028778255363202214
30206,0.010085202950025515
30207,-0.06304360495568562
30208,-0.014313587426665091
30209,-0.03357748326189093
30210,0.024745544578486274
30211,0.007854348672598328
30212,0.036639181243763495
30213,-0.045116381729335804
30214,0.03256530476292213
30215,-0.005608542315182236
30216,-0.03465272563583825
30217,0.02052116478890873
30218,-0.004117385098431967
30219,0.003735603433096768
30220,0.02405672134787013
30221,0.022981104698798462
30222,-0.0018669524356461362
30223,-0.06549735748033096
30224,-0.04183923641417251
30225,-0.00030776584700273227
30226,0.027628687651559836
30227,0.020022686852587897
30228,0.006165504873089577
30229,-0.03938051193060484
30230,-0.025565026300862253
30231,-0.019195538426271846
30232,-0.01377834385076742
30233,-0.015562005430895247
30234,-0.000456001000190617
30235,-0.032488398567377924
30236,-0.009070441904467479
30237,0.012305693863474318
30238,-0.0454415286146986
30239,-0.021671678930954525
30240,0.0465175084120223
30241,0.03866091888490122
30242,-0.06853573306358753
30243,0.025489824196593472
30244,0.01433234590119214
30245,-0.0022648537610171606
30246,-0.023908639080317148
30247,0.003896555294522529
30248,-0.03933816095465331
30249,-0.001978251384654192
30250,0.06243168685754426
30251,0.017302709842781254
30252,0.01778251284791751
30253,0.04697791877891366
30254,0.06458111350682634
30255,-0.007045334368115832
30256,0.0013787019384920466
30257,-0.026043179793964307
30258,0.01866079815224253
30259,-0.008450844845115945
30260,0.02983986619495214
30261,-0.023486367480585045
30262,-0.01414898764050526
30263,0.011125250241278138
30264,0.05051466929796499
30265,-0.022754479322352524
30266,-0.007709626817285827
30267,-0.01091472118520065
30268,0.0026717566893881615
30269,0.007223461718587383
30270,-0.012326486735811699
30271,-0.00689751970200167
30272,-0.04456320497541117
30273,-0.007485762273667046
30274,-0.004688054799077282
30275,0.01025939366307836
30276,-0.004447808390576196
30277,-0.05402387809915528
30278,0.03681000343040728
30279,0.017678510449587202
30280,-0.041192330051803054
30281,0.07160963777230907
30282,-0.014917537933515378
30283,0.018038242874806265
30284,-0.060042900667478805
30285,-0.036232162812964146
30286,0.07155231001852407
30287,0.02537172565141685
30288,0.01910876593118357
30289,0.06413707367209136
30290,-0.026307860637897182
30291,0.020417569262517084
30292,-0.05423553583170496
30293,0.010339091094080276
30294,0.014189140063750534
30295,0.008328355009939423
30296,-0.01916106042635884
30297,0.009277692836106653
30298,0.030307229696570813
30299,-0.01569696252515918
30300,0.02164211647357584
30301,-0.0024750301066052724
30302,0.014110445052686998
30303,0.006565026797178479
30304,-0.0028468904571764433
30305,-0.0020586392463740983
30306,-0.02915269919733624
30307,-0.009184450251435933
30308,0.010196401097930035
30309,0.03277483150534129
30310,0.03765263448132093
30311,-0.01750450285460388
30312,-0.03180711289553573
30313,-0.03744520880898314
30314,-0.06718166832259288
30315,-0.022523746576352227
30316,0.0031011242626620412
30317,0.0157057199197915
30318,-0.029596765862003774
30319,0.047850007266241106
30320,0.0508277090664691
30321,-0.01498630407896458
30322,-0.009884499220978255
30323,0.02101867580619093
30324,-0.012396354987237242
30325,0.03223864153544915
30326,0.03606510604165695
30327,0.030721563459531486
30328,-0.0016016675924351775
30329,0.019392421295694764
30330,0.03434381079428467
30331,0.025553742581698766
30332,-0.031691362062045286
30333,0.017650712735208803
30334,0.014396639643645813
30335,0.015639732716208474
30336,-0.01541556080640829
30337,0.0233621140946606
30338,-0.013619926659421239
30339,0.018314543805236578
30340,0.0020731674286634423
30341,0.021446899449806708
30342,-0.001645953697296187
30343,0.02806204266842583
30344,-0.033760598321061326
30345,0.001607871509987117
30346,-0.008706091781621527
30347,-0.023773309175467303
30348,-0.029332428540894094
30349,0.0434716089148433
30350,-0.03250549105042097
30351,0.008629098805265856
30352,-0.02261987593329833
30353,0.006839947142326775
30354,0.0539980335562399
30355,0.019513759984205886
30356,-0.01510576115610805
30357,0.040209768254763564
30358,-0.02281827189585434
30359,0.006802868927954743
30360,-0.0008395850240175742
30361,0.03147521218362907
30362,-0.018180172315634884
30363,0.03423696692346113
30364,-0.02609923654658689
30365,0.06482792733606763
30366,-0.016443354337079417
30367,0.06159304946899077
30368,-0.009283585914701634
30369,0.026459606059243433
30370,0.010710783320853177
30371,-0.013454318053237612
30372,-0.008875455859608954
30373,0.018300536390750733
30374,-0.007032752563971607
30375,-0.027932190247319653
30376,0.003134717614916324
30377,-0.005230348063452126
30378,0.02716981006187306
30379,0.01614744603381785
30380,-0.024993131697781522
30381,0.0030144092632091884
30382,-0.016217772704043953
30383,0.0177640869588495
30384,-0.02631837660095089
30385,-0.03256504179003819
30386,0.06048355171516083
30387,-0.0406845078949554
30388,-0.04327022459127503
30389,0.0022784678958291406
30390,-0.03838487719071264
30391,0.022653355189811163
30392,-0.016659968096784637
30393,0.002775315135877078
30394,-0.03050484591642959
30395,0.004775723735528647
30396,0.04857623719329021
30397,0.012268247742837423
30398,0.032393958683250755
30399,0.03542111346289856
30400,0.006534362411795193
30401,-0.0064712828889499025
30402,-0.021609061969825146
30403,-0.030559069665265084
30404,-0.030334599707080565
30405,-0.008977064799807937
30406,-0.03957436528717584
30407,0.020867503814800636
30408,-0.00493794898800359
30409,0.004340977880910339
30410,-0.04071918154830416
30411,-0.001803563741884394
30412,-0.05194517298516049
30413,-0.005561822164632321
30414,-0.000566181930976092
30415,-0.04095853271270609
30416,0.033115814650193885
30417,0.012874369867682233
30418,0.01841850184293088
30419,-0.026854468189716308
30420,0.029644227224590203
30421,0.04288209140564381
30422,-0.015116736326245335
30423,-0.01603956519308722
30424,0.0361096137149858
30425,0.00100344905681153
30426,-0.026200926285288344
30427,0.03385897158029111
30428,-0.017027738821859616
30429,0.01794823627054277
30430,-0.00916241721169616
30431,0.002693343748038361
30432,0.020427892350586955
30433,0.04057395674197037
30434,0.0036451751286619765
30435,0.047772440529207226
30436,0.026126967841811958
30437,-0.017628406943572702
30438,0.016343557497261744
30439,-0.024751776639521307
30440,-0.008643647556199832
30441,0.06922369641830975
30442,-0.012287581673255358
30443,0.021049176072424944
30444,0.03448260115761188
30445,-0.0013630157241261958
30446,-0.003799719117245504
30447,0.01732962908656146
30448,-0.03727009196468807
30449,0.03329889174617107
30450,0.035182255830176166
30451,0.03448367568548765
30452,0.024207790058331975
30453,-0.02645871426179998
30454,-0.03760197691304579
30455,-0.017232823888653572
30456,-0.02838701360336898
30457,0.019660513523423094
30458,0.03852612555404066
30459,0.0016823431120810898
30460,-0.04971317951266661
30461,-0.022356431151624025
30462,0.03783439331203064
30463,-0.02415907487042664
30464,0.014931975625071306
30465,-0.00720625450561793
30466,0.04877788980009894
30467,-0.028774634642215524
30468,-0.007445774455835165
30469,0.025662512197882178
30470,0.06417537694749706
30471,0.02265548883214131
30472,0.030461400129021217
30473,0.02184697518806047
30474,0.005711740572201037
30475,0.030849276385370883
30476,0.011551437036093596
30477,0.008438071914611805
30478,-0.07125097048926465
30479,0.04461036941050988
30480,0.07544032134564956
30481,0.050589307507173026
30482,-0.05126978093027011
30483,-0.03618974569775052
30484,0.0278784448322805
30485,-0.034325861755738186
30486,-0.008915541262776492
30487,-0.0028168287029043037
30488,0.014549066098668075
30489,-0.06957516842478363
30490,-0.053323549219422485
30491,0.03585183262094233
30492,-0.030179465594837886
30493,-0.026957080591124928
30494,-0.005896309579635186
30495,-6.449328070773244e-05
30496,0.06541604593669029
30497,-0.019298322363074
30498,-0.03494305507463638
30499,-0.04619337227493027
30500,0.016133845630532422
30501,-0.053235523582460746
30502,0.002180653108472489
30503,0.016214632913805732
30504,-0.08869899360056864
30505,0.012218780979830701
30506,0.05301826980024427
30507,0.016362153756316236
30508,0.03399354729633149
30509,-0.044036960407527796
30510,-0.02844227320392609
30511,0.01996105131121204
30512,0.02163768352158525
30513,-0.028629550565662815
30514,0.00038206152076877733
30515,0.00341670852496678
30516,-0.025463193285409004
30517,-0.04187794621094167
30518,-0.02934161393056452
30519,-0.00625967425575176
30520,0.08472961552237501
30521,0.025865684663915946
30522,-0.024845043267733586
30523,-0.04776757072712904
30524,-0.016365852094814032
30525,-0.018980867783188683
30526,-0.06648107736641672
30527,-0.004756500296370241
30528,0.026676413038570636
30529,0.007820711209642981
30530,0.0201437708500821
30531,0.022679651993048063
30532,-0.011663641933550805
30533,-0.006212244241084036
30534,-0.020553211915934205
30535,0.019279879283749954
30536,0.03797112320270701
30537,-0.009163640386203159
30538,0.024264869714442982
30539,0.004905860327337721
30540,0.019038974160463264
30541,0.034203269867211165
30542,-0.012470757239789595
30543,0.059911797769117356
30544,0.06625062867918685
30545,-0.0005858369800497205
30546,-0.00932421592308062
30547,-0.01087158200948617
30548,0.020907987696003445
30549,0.03065022927959167
30550,-0.04106793072769417
30551,0.03948635843927923
30552,0.001214220883207815
30553,0.0072548998495799615
30554,-0.005694254705278004
30555,-0.037803882156358305
30556,-0.031794763197265034
30557,0.026868099080919722
30558,-0.0017238390365586684
30559,-0.017432328638799382
30560,0.01020667324827455
30561,-0.02079327754740017
30562,0.03178780076311041
30563,-0.0018016116854042774
30564,0.0005895924532020629
30565,0.07085876755995915
30566,-0.019206706709691233
30567,-0.017144749941995416
30568,0.029904509133865064
30569,0.04322642030184109
30570,0.034499511110268444
30571,0.017272445528110084
30572,-0.045286196253112025
30573,0.04087867683208831
30574,0.002981729434379717
30575,-0.02651037118180316
30576,0.0061968412278777365
30577,0.01376035210697518
30578,-0.03638253955871634
30579,0.005871176813929213
30580,-0.04854667033970087
30581,0.001980208838484078
30582,-0.004350559102645825
30583,-0.03156008752229157
30584,-0.018248894115658502
30585,0.0013464651061776381
30586,0.01871697883397376
30587,-0.027453731695067634
30588,0.00204251463988164
30589,-0.003981086167959208
30590,0.02370292784275556
30591,0.002205789561795848
30592,-0.02203353790978179
30593,-0.05340120990708888
30594,-0.006339416027168413
30595,0.005772258813223792
30596,-0.005634928072781755
30597,0.03215590499612873
30598,-0.0033084386617551866
30599,0.002223240233870736
30600,-0.02688835668972721
30601,-0.017384290714903553
30602,0.05139322856162251
30603,0.07309613016934748
30604,0.009329460371850458
30605,-0.0019526526473500425
30606,0.02793259266344618
30607,-0.02787601214929218
30608,-0.017667269046625234
30609,0.00042705347472476047
30610,-0.006963698066115825
30611,0.010199886734852585
30612,-0.06641894999886466
30613,-0.03666923388809939
30614,-0.024770521924223368
30615,-0.0016088560147663371
30616,0.0765204329810141
30617,0.019863311840549448
30618,-0.0065728994955574355
30619,0.0022117862964797473
30620,0.032264627644499444
30621,0.026481072201301907
30622,-0.047581930484703036
30623,0.011043454608877644
30624,0.020230821702259986
30625,0.01677866265516191
30626,-0.019997462181719
30627,-0.0016443345007829005
30628,0.038508762518739394
30629,0.004088685630471431
30630,-0.01083852549662354
30631,-0.0031264001224245736
30632,-0.021128873812089836
30633,0.012982110858265892
30634,0.033828914160749686
30635,-0.0001970376044858643
30636,-0.006562417968207006
30637,0.013830530190833868
30638,-0.05781657632033826
30639,0.018806311805836706
30640,-0.051892098112002114
30641,0.022877989285073376
30642,-0.04303971852174665
30643,-0.017265833070793535
30644,0.04381804980743899
30645,-0.0033659213533127224
30646,-0.05444018159751757
30647,-0.027515355739658326
30648,0.012596973374997775
30649,-0.0016177963442932674
30650,0.05011281171069206
30651,0.006498943559022743
30652,0.029130922248626772
30653,0.01752704935715697
30654,0.009480091994839717
30655,-0.032611994255083834
30656,-0.0027282562692182094
30657,-0.030360287289545904
30658,-0.10353562918556704
30659,0.007263697679756405
30660,0.026656991278436182
30661,-0.025781332855017172
30662,-0.026003233134237094
30663,-0.03579086361421157
30664,-0.013134381221708576
30665,-0.030848326472683957
30666,0.01035410013076384
30667,-0.015814834107556592
30668,-0.04665034081350326
30669,-0.009387462264202992
30670,-0.038656247641627034
30671,0.031972706926118616
30672,0.013506840142756067
30673,-0.0490121046342129
30674,-0.04662544071941223
30675,-0.04540062866593742
30676,-0.03445241549609336
30677,0.020826686073947675
30678,0.009094025100522365
30679,0.045238634706160005
30680,0.081099046365893
30681,0.0037356284697488383
30682,0.014848502856851969
30683,0.018695715690925187
30684,0.05417525597428178
30685,-0.003830880286910001
30686,0.054626671538369004
30687,0.021183257179609435
30688,-0.02012717038981913
30689,0.019429339028012728
30690,0.05060662256526386
30691,0.009403202624227157
30692,-0.05260653076759909
30693,-0.029816069423002182
30694,-0.008831241407941478
30695,0.027686180536316586
30696,-0.007274855426444633
30697,-0.011947887300877725
30698,0.053190942355931005
30699,-0.007266292944040293
30700,0.05514285942622345
30701,0.017268982886878472
30702,-0.00520455087621593
30703,0.02574182710880801
30704,-0.013423532592096698
30705,-0.0242700149198593
30706,0.0056476217112740625
30707,0.005957638227293032
30708,0.004765430316039681
30709,0.02552545553186191
30710,0.01730319316826812
30711,0.014013081108881295
30712,0.0017813681794772906
30713,0.014413701521285202
30714,0.027596764268737816
30715,-0.007218521921116978
30716,-0.055682156862716235
30717,-0.01582123315312851
30718,5.165513028777336e-05
30719,-0.02738461673801433
30720,-0.006205608720792106
30721,-0.016368021223035278
30722,-0.010995619679755597
30723,-0.027844304325205096
30724,0.028619002362208244
30725,0.002634351168400575
30726,-0.021946414767284546
30727,-0.022533219620002976
30728,0.05755819701302826
30729,0.03715762497090635
30730,-0.00782486626895477
30731,0.020137664584211498
30732,0.03634944099650342
30733,0.03823096857277759
30734,0.03735724433092489
30735,0.010772626050032964
30736,0.003914142869270338
30737,0.023084929027886485
30738,0.013639118698373571
30739,-0.012084833903392074
30740,-0.006302249157049086
30741,-0.01522454369061628
30742,0.0065200615107920785
30743,-0.0011830056215723927
30744,-0.01633349425502685
30745,-0.00496884253125922
30746,-0.032929321136713444
30747,-0.009562524138435884
30748,-0.014610985205242961
30749,0.016179247199778524
30750,0.008840048986389489
30751,0.0007386337943387654
30752,-0.01917013201908606
30753,-0.02099480618075921
30754,0.03566531327605878
30755,-0.0005111013073157759
30756,-0.01184509982373734
30757,-0.00952848881502038
30758,0.017657666966391778
30759,0.05116602998532645
30760,0.02914412793158114
30761,0.03191131366068279
30762,-0.04994241948941667
30763,-0.02563785341997013
30764,0.03455128986239234
30765,0.00821762746500114
30766,0.013169363470502928
30767,-0.031125325572357095
30768,0.014454149702165759
30769,0.019069800603061994
30770,-0.014798052890828906
30771,0.004728027788925295
30772,0.040885777535062
30773,-0.004169147501955635
30774,0.014910313243477623
30775,0.016811669376683443
30776,-0.02483246715540776
30777,0.010787412663056658
30778,-0.015719572462518188
30779,0.055130472546892496
30780,0.05692752113385205
30781,-0.02662654730032733
30782,0.019864044500970304
30783,-0.014540134002922516
30784,0.018165240133268607
30785,0.03843527213424832
30786,-0.0372489562095923
30787,0.0038289215554831273
30788,0.01232604078114526
30789,0.018536525142410408
30790,0.027006187921952952
30791,0.023033015507527576
30792,-0.059877935501395065
30793,0.010551584031346444
30794,0.02485687273729018
30795,0.033032633279487
30796,0.013623612110463522
30797,-0.013122108933800227
30798,0.008685682030576255
30799,0.04488033568789302
30800,-0.02112897913656911
30801,-0.016732669482251418
30802,-0.0046308344744306834
30803,0.022788541910861177
30804,0.016000972214102856
30805,-0.0307124544997779
30806,0.012113723561601047
30807,-0.012264948131785797
30808,0.049205754120743884
30809,-0.0026868268196049375
30810,-0.03160666721073801
30811,0.035592441885424354
30812,-0.03579556031505993
30813,-0.06649697097371593
30814,0.058370033312698105
30815,-0.0003224524589156624
30816,0.04692269953399514
30817,0.013123118018093757
30818,0.057664023638613345
30819,0.02743601591061852
30820,-0.00929732790867138
30821,-0.04099228417169766
30822,0.009438478919497926
30823,-0.040998624202399914
30824,0.0027765021814978677
30825,0.01367025078409044
30826,-0.050867829928446254
30827,-0.021622061911331668
30828,-0.014561781452305028
30829,-0.02583929306909486
30830,0.0030931787302544617
30831,0.015901100758461503
30832,0.021865222299515482
30833,-0.018321091360863708
30834,0.017587389951649518
30835,-0.037879638311576765
30836,-0.016268713530554483
30837,0.0003371617123719273
30838,0.03341331561868743
30839,-0.04382903346504471
30840,-0.0012606923554028958
30841,-0.01701611823054806
30842,0.004425499648133392
30843,-0.050205259590011465
30844,-0.03031285717232145
30845,0.02000900141532376
30846,-0.00217906994451104
30847,0.022037936059044583
30848,-0.0053647809353315505
30849,-0.015141117666730946
30850,0.0024719941330622543
30851,0.024140918790426465
30852,0.019632296837964365
30853,0.0006299638166053895
30854,-0.0032651218311259486
30855,0.012481556472066566
30856,0.03156191903076617
30857,0.0005241486466000452
30858,0.013534763244337103
30859,-0.0174662506124179
30860,0.021338970435218384
30861,0.006270641198753241
30862,-0.010052400087020873
30863,-0.026026819652008107
30864,-0.013395905940838499
30865,0.016715879042500076
30866,-0.012735879298563332
30867,-0.013811863917431626
30868,0.07698134005656154
30869,-0.05417986170124821
30870,0.00918556962910059
30871,-0.035596431885981786
30872,-0.033138814559740264
30873,-0.027903837548901064
30874,-0.022115785338368662
30875,-0.028579722993121417
30876,-0.027552206619911816
30877,0.0185803061746741
30878,-0.015569959533052053
30879,-0.019033894568186122
30880,0.01758203230275679
30881,0.0484174117045631
30882,0.008952925721054503
30883,0.040859409929643965
30884,0.010228936858778596
30885,0.023125569392584054
30886,0.01587946123188498
30887,-0.008019816589925326
30888,-0.06172252596255359
30889,0.0301022993379428
30890,-0.009614121142855979
30891,0.0029431911212389975
30892,-0.011721295463780059
30893,0.01957200620291339
30894,-0.0037208113706488745
30895,0.008916390778854947
30896,-0.051058737884318
30897,0.03592978106447301
30898,0.004977589953071512
30899,-0.010096877193596912
30900,0.015445121043703353
30901,-0.011928005272886597
30902,0.047405685401495014
30903,0.04305410074443018
30904,0.01170732828988322
30905,-0.0009975535673469884
30906,0.032867322803372394
30907,0.01941360276808036
30908,-0.0043928319132018
30909,-0.025312358469628173
30910,0.00035262035516855987
30911,-0.0026002568557766713
30912,0.019664354572691597
30913,-0.007572501997174638
30914,0.045441729167732245
30915,-0.024895532321590565
30916,-0.021682076114656806
30917,-0.007696893133754429
30918,-0.003303066755574195
30919,0.07394846573929627
30920,0.037091940746686376
30921,0.026736685654016257
30922,-0.02411473584650835
30923,0.008157613759227349
30924,0.03998523778494215
30925,0.0575862009349491
30926,0.04772644053231689
30927,-0.01581322183197892
30928,-0.04651353491958265
30929,0.016585156738567464
30930,-0.02920529918746643
30931,0.030931539509267744
30932,0.026230595291101833
30933,0.04125855284684127
30934,0.052780533285113194
30935,0.02125360111525941
30936,-0.044310861641705244
30937,0.05659521519727972
30938,0.01587488875845298
30939,0.018275427363343342
30940,-0.06823861832715512
30941,0.0543272128962815
30942,-0.0903386013482655
30943,0.023482289793281003
30944,-0.0029089183511311918
30945,0.020908107014358555
30946,0.07313476440464127
30947,0.004546894840709628
30948,-0.022798149727962427
30949,0.01857080824229846
30950,-0.05956258428927496
30951,0.030785960898672356
30952,0.07326392210285401
30953,-0.025178403684230077
30954,0.041400161607913086
30955,-0.0022107805214557786
30956,0.00024688077379345536
30957,0.004953316051640017
30958,-0.026019011553839923
30959,0.005388184724818081
30960,0.0013309698396919262
30961,-0.00143156331151854
30962,-0.022910478520014887
30963,-0.023283083133818317
30964,0.03724859701676732
30965,-0.012642894035252653
30966,0.0021212373851850733
30967,-0.03898428457510822
30968,-0.01038015583542272
30969,0.06894679635189536
30970,0.029746950186436413
30971,-0.004421795250028324
30972,-0.06692671986507348
30973,0.05559219436935447
30974,0.002257979967291294
30975,0.06001899441819483
30976,0.008420860774934596
30977,0.02188332928936695
30978,-0.006663142336718205
30979,-0.02127566778473819
30980,0.0004807339481678765
30981,0.01909509139480315
30982,-0.009849173365323982
30983,-0.009199416878352172
30984,0.06676548058937175
30985,0.01601972796561326
30986,0.022770865921167144
30987,0.06620166849864437
30988,-0.03907421033898287
30989,-0.02393175748497809
30990,0.03826675384253492
30991,-0.0400441544586837
30992,0.013244221110711107
30993,0.05620774961585341
30994,0.04508246692264374
30995,0.018404474367559265
30996,-0.0060470010599949905
30997,-0.012134213914192967
30998,0.00662534284918577
30999,-0.0296268286850912
31000,0.044704790925660993
31001,0.04387520217884989
31002,-0.0166094207264235
31003,0.0017943680428945952
31004,-0.00036017766910529834
31005,-0.026090094985854077
31006,0.013743975825028905
31007,-0.036828407208132484
31008,-0.021052556814406938
31009,0.04148065926245061
31010,-0.0295129147733148
31011,0.01566486207696263
31012,-0.011393774052938533
31013,0.04327433899995301
31014,-0.034747029969725694
31015,0.026545527503160728
31016,-0.004837887563104811
31017,0.04671286198366135
31018,-0.0042091577642008205
31019,0.07249700223221112
31020,0.024142620788135557
31021,-0.02027176776515326
31022,0.06414644460608467
31023,0.0006112550634130709
31024,-0.04709045606429747
31025,0.04499344839475125
31026,0.05236289981832228
31027,0.01329436297914269
31028,0.010986043755342567
31029,0.023861032184856863
31030,-0.0013505646709293501
31031,-0.014609025014699517
31032,-0.010442367329902719
31033,-0.047177216036813435
31034,0.01718437316912814
31035,0.012890730219247516
31036,-0.03113462324928081
31037,-0.03933127202739726
31038,0.006900590997716963
31039,0.07647049095656658
31040,0.011603526268233742
31041,-0.011791747719604187
31042,-0.024953857321239115
31043,-0.004012411363247243
31044,0.015915541141052036
31045,-0.0061369211323436534
31046,-0.007588649966743754
31047,-0.03727174016781854
31048,-0.017040857677204445
31049,0.02755080472650834
31050,-0.0028441383036097974
31051,0.0026437351941617925
31052,-0.012845879151981612
31053,0.03229876723763279
31054,-0.016886377561151966
31055,-0.011349404625988824
31056,0.055598994485008
31057,-0.03176242404415368
31058,0.04220668396877329
31059,-0.012584212509246864
31060,-0.018125737307576467
31061,0.0016286980928584792
31062,0.013017797831051947
31063,0.031133811697302536
31064,-0.03694506502330534
31065,0.041196844785388854
31066,0.04079433172752873
31067,-0.04780947882901945
31068,-0.02451656725459778
31069,-0.02316480309429791
31070,-0.008613341789917541
31071,-0.04023640232868992
31072,-0.008501658991043146
31073,-0.014095653249032988
31074,-0.015320366387599945
31075,0.05618177722563464
31076,-0.023243390199606518
31077,-0.035954436122404176
31078,-0.035009318958289584
31079,0.007785148363426325
31080,-0.07078788653046171
31081,-0.02402007243159352
31082,0.004541342260158525
31083,0.02354771535136955
31084,-0.021756577785604553
31085,-0.03745822007888514
31086,0.013894190352720546
31087,0.018636236181199858
31088,0.00896135336402029
31089,0.010197774030402236
31090,-0.0011813484763355372
31091,-0.020314728138696128
31092,-0.053930642422915454
31093,0.004388856904326579
31094,-0.042449625370685376
31095,0.037699767689993245
31096,-0.013598313207191534
31097,0.041137308321953205
31098,0.03714177676710745
31099,-0.04030140075616654
31100,0.04168589495325084
31101,-0.004160453963940761
31102,0.025633177610927194
31103,-0.04844118114851033
31104,0.013107524113200321
31105,-0.029827035323839107
31106,0.009573406693702078
31107,0.02294793290922634
31108,0.047062374960132165
31109,0.015237296024993513
31110,0.01141319534718484
31111,0.07705271994944532
31112,0.02444239826230825
31113,0.039604666203128074
31114,-0.031188701681752157
31115,0.0027622094085572044
31116,-0.02109139932641741
31117,-0.025342179293549896
31118,-0.039188378940717514
31119,0.009814586895988188
31120,0.010745205352683803
31121,0.04966227695600351
31122,0.037747924158685844
31123,-0.0406706616591283
31124,-0.018024864967589614
31125,-0.008604444357365596
31126,0.047208422855176554
31127,-0.03783064789250728
31128,0.02826244749304066
31129,-0.010956861253222483
31130,0.045828822403675196
31131,0.035871164603313535
31132,0.012638761599279692
31133,-0.046786243376542566
31134,0.038602105357769936
31135,0.06221740278567189
31136,-0.02080888610445055
31137,-0.01184494231798527
31138,-0.008386050863586037
31139,0.0169717503662753
31140,0.00013520258864375522
31141,0.05821692924099704
31142,-0.056662990799792055
31143,-0.04280993718881344
31144,0.03342740581265613
31145,0.022281648408873256
31146,-0.017747388853728237
31147,-0.003956884869787024
31148,0.01853003107034647
31149,-0.004662491770183417
31150,0.03120273114386395
31151,-0.00934665247324515
31152,-0.014629609835411306
31153,0.008019922477138218
31154,0.01720841350032116
31155,-0.021696653293615704
31156,0.034343782740880235
31157,0.01651950007698986
31158,0.006569130121762589
31159,-0.03656890079043153
31160,0.04271945682910688
31161,-0.004879053139534738
31162,0.006502992211803778
31163,0.042529106164522455
31164,0.021505326653695856
31165,0.016669693045239797
31166,0.010604619442975867
31167,0.004554092422894657
31168,0.02713679650701145
31169,0.0035256389597960193
31170,-0.0042819751423835714
31171,0.03819138397009895
31172,0.023049557534946377
31173,-0.030162733329564515
31174,0.0013488523869079555
31175,0.02427327097065476
31176,-0.008775148614650272
31177,-0.046091683134964784
31178,0.0195639125192176
31179,-0.038014701542145
31180,0.01799643002557377
31181,-0.022104235444422957
31182,0.006580708941535998
31183,-0.03122533256328947
31184,-0.06683247006397754
31185,-0.011487056478167378
31186,0.03361311806709926
31187,-0.014082300179159866
31188,-0.0036802172235743183
31189,-0.04968663547879641
31190,0.03740927443776451
31191,0.01620656286540192
31192,-0.0018100266017725122
31193,0.008009116516331157
31194,0.005933679998468582
31195,0.00788547682558623
31196,-0.019844428216988556
31197,-0.039173363524069964
31198,0.007644447808142722
31199,0.0044779283704218355
31200,0.0043869135572619355
31201,-0.011390087649233053
31202,0.027824195491712705
31203,0.016488670280009936
31204,-0.035618180834738625
31205,-0.0177443419111477
31206,-0.000477133257424312
31207,-0.0408688744524573
31208,-0.03903973969029394
31209,0.021567144592306506
31210,-0.02891286904251029
31211,0.042827662361955454
31212,-0.00835600260006937
31213,-0.007656343236779313
31214,-0.0565335440289548
31215,0.021518822826260664
31216,0.012584587058378472
31217,-0.024284843230139973
31218,0.024469511457259285
31219,0.07597260626050588
31220,0.002773211422324137
31221,-0.0338431256289751
31222,-0.012990337762556174
31223,0.0415776798001875
31224,-0.03366172858379621
31225,-0.02063640209539226
31226,0.0019404258998487272
31227,-0.013781095845226736
31228,0.06167675464417163
31229,0.009918248205451275
31230,-0.00805265709006564
31231,-0.017912764063497427
31232,-0.0017011027415388008
31233,0.0310896912422759
31234,-0.030551773229013427
31235,-0.03493279240000599
31236,-0.014760226018171417
31237,0.017380832003320055
31238,0.04291642140254639
31239,-0.042880134767458514
31240,0.019358178614501613
31241,-0.024196248375136162
31242,0.01599264468362836
31243,0.013063969256231635
31244,-0.03236272418294861
31245,0.023639138248216396
31246,-0.010714200108840695
31247,0.04790414140806724
31248,-0.05745387600358823
31249,-0.010086728611941317
31250,0.0167434416162344
31251,0.016647142951552677
31252,-0.055995132187142964
31253,-0.031517751509329166
31254,-0.014644712654779405
31255,0.01019823602775606
31256,0.03885714903743193
31257,-0.04275436265380349
31258,-0.04110393589276941
31259,-0.028043303529534606
31260,-0.011498412675730397
31261,-0.011921155473198353
31262,0.014617845704371224
31263,0.02375065684657069
31264,0.011190330885892302
31265,-0.03788519953414078
31266,0.03949382287940104
31267,-0.033392091672167064
31268,-0.023938258513305114
31269,-0.0023908384697238706
31270,0.0125443686510379
31271,0.03170079857431299
31272,-0.0379909865816464
31273,0.017342485082581984
31274,0.029007075838084803
31275,-0.002211522458857063
31276,-0.01302538461878961
31277,-0.024727267974094243
31278,0.01009049384563781
31279,0.005354781840312361
31280,0.0040500142490248634
31281,-0.007933207737476269
31282,-0.021118366638089584
31283,-0.022715653989156495
31284,0.0021980771686262507
31285,-0.02703316158514508
31286,-0.0016046637843058142
31287,0.0078124591211927216
31288,-0.04957899667942636
31289,0.007298943658545299
31290,0.03975646019504494
31291,0.0049703051821706
31292,0.03149117028520315
31293,0.030713075288653243
31294,-0.042344491139789546
31295,-0.017524753475450443
31296,0.020441668534411362
31297,-0.002419555762356363
31298,-0.00784819038989608
31299,0.001550766554895581
31300,-0.01844508232262608
31301,0.03639715309622535
31302,0.009716671841125955
31303,-0.020600843698427393
31304,0.01651168150018669
31305,-0.017868758281342413
31306,-0.006721741059160738
31307,0.027040799663233975
31308,-0.03126042316128613
31309,-0.026113931422597315
31310,-0.042047533340667166
31311,-0.00890781377513371
31312,-0.019179514674045956
31313,-0.05276740215162948
31314,-0.0061594957837468696
31315,0.014202715582700141
31316,-0.00966755457196475
31317,0.05168555954547441
31318,-0.02242868718674469
31319,-0.004918291178033597
31320,0.029239182496774645
31321,-0.0035649222379391925
31322,-0.010391564019980756
31323,0.01788149118364151
31324,-0.05088630108336337
31325,0.009177498646878364
31326,-0.008119856548490475
31327,0.007746727520247335
31328,-0.013157352807307534
31329,-0.020725953801537484
31330,0.053996510573114054
31331,-0.008876632071013356
31332,0.045953949582536714
31333,0.01759595284657161
31334,-0.06228783881702995
31335,-0.014497561246742605
31336,0.03041523939409223
31337,0.026091874598112505
31338,0.021380114739979368
31339,0.007892874597537089
31340,-0.03346014768404541
31341,0.00830204245238909
31342,0.004893322082097129
31343,-0.02596871765367944
31344,0.055411352366380076
31345,0.01427197061724799
31346,-0.018518602358627862
31347,-0.010523038839669853
31348,0.0007311456733517891
31349,0.03974753614287242
31350,0.009792231210695912
31351,0.05372658356092015
31352,0.04420697287720885
31353,-0.0302635604427791
31354,-0.031992983543425974
31355,0.06833047449140707
31356,-0.015371933410107466
31357,0.00973783831055922
31358,-0.00632134108964683
31359,0.019408871630713392
31360,-0.01556415416541693
31361,-0.016181577608878745
31362,0.03786534222702013
31363,-0.003847418369689027
31364,0.003524323483264957
31365,-0.014727368827019168
31366,0.01939068730245382
31367,-0.02988631285193399
31368,-0.011252296202587617
31369,-0.022705969114135586
31370,0.02760968908295865
31371,0.018057336288230655
31372,-0.007950958107386158
31373,-0.034910526401056415
31374,-0.01669339202027079
31375,0.009995763855593257
31376,0.01951179805466467
31377,-0.06362865939749893
31378,-0.026048351265897003
31379,-0.008229659519794418
31380,0.05014808374713811
31381,-0.01479929308701811
31382,0.006555255617209845
31383,0.04311965306097738
31384,-0.018478680208701557
31385,-0.0172251603395975
31386,0.010542333358297068
31387,0.05833040656583701
31388,-0.03767773328054942
31389,0.01882339852493661
31390,-0.0013174817551853434
31391,-0.0016954110725830227
31392,0.00845648858770276
31393,0.03314014905027256
31394,-0.0001659651593503546
31395,6.035373535094016e-05
31396,0.02158306095386421
31397,0.034784336505156756
31398,0.021194560556337057
31399,-0.005812308353141367
31400,-0.024505539404312066
31401,0.012821619760450844
31402,-0.041461194156014104
31403,0.009615602090278898
31404,-0.01993649888627311
31405,-0.030002866938158547
31406,-0.029742153415692345
31407,-0.024641944564714698
31408,0.03884951318767935
31409,-0.0018493769059072813
31410,0.0016086350581815045
31411,-0.0016706997567063249
31412,-0.018374923813712037
31413,0.0657812249001483
31414,0.03188813117557081
31415,-0.03457137870702608
31416,-0.012453605445847973
31417,-0.013914107354089498
31418,-0.003733237892078595
31419,0.05921237998919392
31420,-0.0056086901422587165
31421,0.017656889272888613
31422,-0.024867430628672246
31423,-0.007114359237837303
31424,0.03251945538241766
31425,0.013142935377390542
31426,0.013060299670063577
31427,0.0005207646568625022
31428,-0.008660175039370962
31429,-0.057770600303309966
31430,-0.01693393482194036
31431,0.038416198940613516
31432,-0.0060995297230609135
31433,-0.035493819910166015
31434,-0.019050198278375296
31435,0.020717625846102455
31436,0.0499250369254872
31437,0.012995765264971499
31438,-0.00691004605728593
31439,0.01737447242258831
31440,-0.018492714247215995
31441,0.014063346400446363
31442,-0.019709437908791344
31443,-0.025947511292431093
31444,0.0027042541737457727
31445,-0.02123735351342661
31446,-0.0027872442030033606
31447,-0.003918495711889906
31448,0.03761901290900627
31449,0.011955599211103982
31450,0.024636620234706436
31451,-0.0057467591585375665
31452,0.0039481229781702844
31453,0.04843569359552137
31454,0.012542622281175825
31455,0.030375723819495923
31456,-0.0442587600168433
31457,-0.00965095360832499
31458,0.04404132088069804
31459,0.020201796957206457
31460,-0.044477102599104194
31461,-0.04085421174824425
31462,-0.017696741083211155
31463,0.0270023966867112
31464,-0.03948994394307944
31465,-0.01229633555925846
31466,0.03254763527091958
31467,-0.012297828417439547
31468,-0.04748215131568181
31469,0.027537925839351638
31470,-0.04314885425174318
31471,-0.022070471704615156
31472,-0.048279838728809504
31473,-0.03375197798196395
31474,-0.031064670574518415
31475,0.02288307443500176
31476,-0.005106213267184675
31477,-0.04451646938495349
31478,-0.004401800783906813
31479,-0.004678030793815516
31480,0.007091698324784073
31481,-0.010350696629208952
31482,-0.0455192307644581
31483,-0.018123142169371817
31484,0.010463834517010915
31485,-0.02842472848679744
31486,0.037706580423692085
31487,-0.03940558015226836
31488,0.041545032593799956
31489,0.009640645806355598
31490,-0.04070172418198518
31491,-0.02174783827411606
31492,-0.004021201674160417
31493,-0.01071541614036356
31494,0.048286832784356026
31495,-0.02151234565154497
31496,0.02124829111008149
31497,-0.0026869100977793916
31498,0.016425025670959797
31499,-0.0711425589253554
31500,-0.020181802069945937
31501,0.038125143568697416
31502,0.0031543641933282746
31503,-0.0034669542937672392
31504,0.001311927660511098
31505,0.005880324195616339
31506,0.0010405844718591876
31507,0.05668203433956544
31508,0.010073742786839325
31509,-0.0075295341813848065
31510,0.02352286682865965
31511,0.026092219835331994
31512,-0.012330940153742467
31513,0.0008024623268435382
31514,-0.018959025582881747
31515,0.0017784108818939316
31516,-0.03626475908271749
31517,0.0028436421495430073
31518,-0.044226172191369796
31519,-0.010833179019779772
31520,-0.010169667986899285
31521,0.009040032782149949
31522,0.02633319542595597
31523,-0.05242162675679916
31524,-0.01537403266430557
31525,-0.008397021462967435
31526,0.029532684785429388
31527,-0.0395332333054844
31528,-0.047557292345134505
31529,-0.0296072334395003
31530,0.0026802725031541256
31531,-0.035980191054177976
31532,-0.0026094103813257006
31533,0.05217361585088089
31534,-0.05585407326548101
31535,0.029988689367269967
31536,-0.06117489522023245
31537,0.016528652185707485
31538,-0.0342851172924049
31539,0.007699425928626299
31540,-0.004681162158008013
31541,-0.04041808808322461
31542,0.04383143285019838
31543,-0.05111694186667684
31544,0.017224603437395958
31545,0.0058465294678363405
31546,-0.03161758304593147
31547,-0.003325031779721005
31548,0.011839604774257662
31549,0.003126716834105184
31550,-0.04329894289385149
31551,0.0330493603002086
31552,-0.038147426943116305
31553,-0.007930455956506176
31554,-0.001321403811827021
31555,-0.010106271799084481
31556,-0.012284933514355051
31557,0.03282367947694364
31558,0.022052573150345627
31559,-0.007374554065458787
31560,0.016969231073295326
31561,-0.008603137070084662
31562,-0.07212542687430117
31563,0.04035792785595233
31564,0.05550448685752002
31565,0.012252168333425786
31566,0.010397234528459375
31567,-0.011302157344428828
31568,-0.023443361827830765
31569,-0.022218670273212206
31570,-0.012309901569364652
31571,-0.03428827921034439
31572,0.015084731698296409
31573,0.014917981779388809
31574,-0.05525710728900473
31575,-0.028097421449645554
31576,-0.03369212951421928
31577,-0.015073630975690649
31578,0.01119344271861166
31579,0.004567914945697937
31580,-0.018289620927802147
31581,0.0015435542871683379
31582,0.025983904731407218
31583,0.012880724198231545
31584,-0.05835650099382032
31585,0.024281265732453625
31586,0.012527762747596214
31587,0.04130169972866986
31588,0.016653453535584194
31589,0.0003928568846453882
31590,0.05898672100988672
31591,-0.025495521914833078
31592,0.0321303629646836
31593,0.03509771455936062
31594,0.024645491569838522
31595,-0.08066310302817539
31596,0.025729112369523865
31597,0.018552759338890154
31598,-0.058554620980969356
31599,-0.04444695637479037
31600,0.005768261350833855
31601,-0.008240961303240342
31602,0.0031508071863613728
31603,0.005924502129136973
31604,-0.028783574797932848
31605,0.03720836821493824
31606,-0.031961170963188075
31607,-0.010609360487165277
31608,0.002049588369556171
31609,0.0007094560820491377
31610,-0.06578303587986338
31611,0.02766634734256937
31612,0.06804425315281548
31613,-0.008556007917608171
31614,0.0016885418345794195
31615,-0.007220285669546532
31616,-0.00731773654763199
31617,-0.023954388764005474
31618,0.004800178147982754
31619,-0.04969204057849993
31620,2.649169615377624e-05
31621,0.07367307587132524
31622,0.014149694133084324
31623,-0.004631861819377873
31624,-0.006631223359427059
31625,0.02213808295539237
31626,-0.003493027988532449
31627,0.014547112248068424
31628,0.021759161133645094
31629,-0.005613132276445423
31630,-0.006932533611597857
31631,-0.005813668198903636
31632,-0.004117431246308795
31633,-0.030038106528139933
31634,-0.05419406144355966
31635,0.03637209530185308
31636,0.015327115678390091
31637,-0.03665011242267534
31638,-0.0004052255722085011
31639,-0.022283557835540375
31640,-0.07010292262226166
31641,-0.025468265491244032
31642,0.0063994396866756415
31643,-0.0053456415298278595
31644,0.00943382624599373
31645,0.012760566947188414
31646,-0.02939316764543326
31647,-0.017664135361856754
31648,-0.013989541744387917
31649,-0.011995376758146254
31650,0.011032582772326596
31651,-0.017518365384699475
31652,-0.01590197311457582
31653,-0.01158472371870969
31654,0.028668856763111823
31655,-0.02367225205912644
31656,-0.027900909519394206
31657,-0.023775527984259377
31658,-0.027493820915099845
31659,-0.023721100511411634
31660,0.05137998977177708
31661,0.014534261471622598
31662,0.033877155312193374
31663,-0.00510046804646384
31664,-0.020867265806270473
31665,-0.03677090950728347
31666,0.025325939129986187
31667,-0.023291123273106538
31668,-0.009259812095604234
31669,0.053028193300949183
31670,0.009149780323585007
31671,0.006600497439883805
31672,0.028387851976278425
31673,-0.019657174287045304
31674,0.011919426264679449
31675,-0.024193319066810225
31676,-0.00521187997349421
31677,0.019017177008405817
31678,0.024101366776820767
31679,-0.01826336303042699
31680,-0.03449217435687853
31681,0.03294269231390572
31682,0.01832858885222206
31683,0.003846104332836218
31684,-0.034922795397845804
31685,0.0034286491395985673
31686,0.03589789887695639
31687,-0.06138894770101939
31688,0.01431659982606873
31689,0.04298427168832537
31690,0.0008862530658632919
31691,-0.0019788738953091492
31692,0.019322265802922917
31693,-0.03681926844873519
31694,0.04536462231696737
31695,0.014322218686059188
31696,0.03500110984677379
31697,-0.009098374719895977
31698,-0.012693483330111837
31699,0.030686601678503272
31700,-0.0009880154795878981
31701,0.033997174993598646
31702,-0.0011404267258119268
31703,-0.02475305648883614
31704,-0.022031591109833194
31705,-0.007267866863360027
31706,-0.029320564211914518
31707,0.06041680279037784
31708,-0.00903995722837737
31709,0.010460442437088853
31710,-0.0049253517500909534
31711,0.04719119224647012
31712,-0.017279755576332823
31713,0.02930057727093066
31714,-0.022620175804089288
31715,-0.032409722648997046
31716,-0.004072082840832337
31717,-0.0034249984413872803
31718,0.008899806777211318
31719,0.011102269354439333
31720,-0.015568054935183847
31721,-0.012864913218418003
31722,-0.06699815308945434
31723,0.03245290380522644
31724,0.06397233584175144
31725,-0.029868135303299796
31726,0.022062346089892597
31727,0.01956592076300655
31728,-0.021823779571697472
31729,0.06510804894059954
31730,0.01538679688325607
31731,0.007660325240331068
31732,-0.013075735324561391
31733,-0.03523946337934123
31734,0.008919395128754282
31735,-0.005476911527173928
31736,-0.016854567660423384
31737,-0.008373361127223176
31738,0.002914932186529708
31739,0.014375083992161905
31740,-0.00411969724348654
31741,0.005762906068064162
31742,-0.028480811893530376
31743,0.03472344061995672
31744,0.03582046145308974
31745,0.0038689218440963965
31746,-0.0015388915153238722
31747,0.008046831684962468
31748,0.016313280586506183
31749,0.020880966128449516
31750,-0.03873992412372003
31751,0.012654228836011071
31752,0.025616942731396874
31753,-0.016500659913171206
31754,0.039535219499318465
31755,-0.025522144961259027
31756,-0.03066888042775911
31757,0.037108060874698985
31758,0.05853195551990145
31759,-0.01968615018377364
31760,-0.024225242466490174
31761,-0.059256852585882674
31762,0.052167862285224235
31763,0.042932321454002456
31764,-0.00488736282569797
31765,0.023569004147990305
31766,-0.030348558388062857
31767,-0.047108040766210724
31768,-0.020784210061657808
31769,0.004151397681227275
31770,0.016981831776150935
31771,-0.008451859325157914
31772,-0.02930790019963525
31773,-0.03050908303006114
31774,0.013912258043828413
31775,-0.016486134851884417
31776,0.04749355874373947
31777,-0.0038735676796113174
31778,-0.016324788448583035
31779,-0.0020751616395511207
31780,0.021359180562602623
31781,-0.062048520313017455
31782,-0.049748995192841025
31783,-0.01976993554056246
31784,-0.04396335326968859
31785,-0.01720985422747314
31786,-0.02117204158513645
31787,0.0005848505345174811
31788,-0.029203789977539182
31789,-0.050757077477038594
31790,-0.00525823944585853
31791,-0.021146261342051626
31792,-0.0013294157066836053
31793,-0.0006108451444216477
31794,-0.0006355547174267291
31795,-0.0034940394346705786
31796,-0.018280745329324038
31797,-0.03292576139703915
31798,-0.026693326861209503
31799,-0.01795687066412928
31800,-0.020370024216951388
31801,0.009495423339761515
31802,0.025570967092347328
31803,0.008993122645971465
31804,0.061597709001993434
31805,0.04604317811115745
31806,0.0018274457333688461
31807,-0.012700431771815594
31808,0.024571970355141404
31809,-0.014854856064568654
31810,0.007918000322874298
31811,0.0037300881249480557
31812,-0.0008073280954870965
31813,-0.03116958610381314
31814,-0.013119840907116183
31815,-0.027594365718467993
31816,-0.04165668083639228
31817,0.02153636941372248
31818,-0.012014565068555636
31819,-0.013840992342265181
31820,0.031153854106031064
31821,0.03320893703224975
31822,0.004472930360848596
31823,0.021934573717003743
31824,0.01547681146563943
31825,0.031020537218005923
31826,0.02187912092978821
31827,0.004179799796976999
31828,0.023249982801640357
31829,-0.0045842720638361
31830,-0.034534067881870176
31831,-0.007450056765535128
31832,0.022465381195159777
31833,-0.02134547627327431
31834,0.026706817608790748
31835,-0.065783480667843
31836,0.04523311251237528
31837,-0.0571658178299847
31838,-0.02598910148374462
31839,0.08196727953192065
31840,-0.001571234884037643
31841,-0.0010113838516988829
31842,-0.042309490673723214
31843,0.045604138174369625
31844,-0.012634789476806277
31845,0.031165787320970723
31846,0.03014561320477129
31847,-0.023103032918360356
31848,0.022711126152146408
31849,-0.01694680464659822
31850,-0.017159381628322607
31851,0.03403381965985623
31852,-0.017068790399966095
31853,0.020560194371138013
31854,0.04153000621452316
31855,0.003052375466405708
31856,0.003258840639146179
31857,0.009455431773462279
31858,-0.025889839906122245
31859,0.007833838284736598
31860,-0.01579588496290791
31861,-0.021651906485962904
31862,-0.012033476991249384
31863,-0.003906575375889573
31864,0.04187114526412969
31865,-0.021156748497791443
31866,-0.008175801317560518
31867,-0.025803404059429748
31868,0.0892171649419548
31869,0.03570985541662295
31870,0.037839661807061054
31871,-0.04202339101021044
31872,0.008779661976103874
31873,0.025396429727376532
31874,0.015652529207383158
31875,0.01862022493515049
31876,-0.0589453627888264
31877,-0.02964062751014972
31878,-0.05293391063808752
31879,-0.0019618835172274434
31880,0.012344566193156045
31881,0.0027048922851323105
31882,-0.016756623073610928
31883,0.032779933946455383
31884,-0.02468596342998026
31885,-0.05014930362194848
31886,0.0342234342510045
31887,0.052607658251591645
31888,0.01635544797909302
31889,-0.06304962494102037
31890,0.05719215823816074
31891,-0.0306718117648448
31892,-0.016050143003477062
31893,-0.05536765481502633
31894,-0.008100573963350644
31895,-0.030337229349159858
31896,0.003822825872606226
31897,-0.011454162671379864
31898,0.0024207621824837433
31899,-0.04513012269143868
31900,0.02898510235618391
31901,-0.0034915784320632623
31902,0.0020826589179207752
31903,-0.019696008096291864
31904,0.01410280782544221
31905,-0.005901871712225202
31906,-0.00873204489948064
31907,0.060314145316521586
31908,0.024713948262101906
31909,0.07713269013272776
31910,-0.014523456843615959
31911,-0.007744585200464142
31912,0.04569246765341406
31913,0.02889401988294956
31914,0.013334806246276528
31915,-0.030962673536313014
31916,-0.027230679892208277
31917,-0.012834069655482163
31918,-0.009137703249912681
31919,0.004043848621144598
31920,0.02258701215732063
31921,0.08159797924477202
31922,-0.07582115737414406
31923,0.011505657003433683
31924,0.03094791136622586
31925,0.001968573318451376
31926,0.014378000949810697
31927,-0.037241211977472065
31928,0.019561533113167922
31929,0.006792330890378209
31930,0.0007779294734881785
31931,-0.019724014739946907
31932,0.005458104536582098
31933,-0.026353155129040372
31934,0.013984987361883434
31935,-0.009327504007258309
31936,-0.026368936315786604
31937,-0.05148311653272921
31938,0.023793622141795746
31939,0.0009593529543090888
31940,0.011812368624331162
31941,-0.004113414043880566
31942,-0.0044981972303022874
31943,-0.0147108017595584
31944,-0.010323484824494243
31945,-0.0547526428371198
31946,-0.0005321060382321933
31947,0.03192582880444173
31948,0.005625523086975412
31949,0.014634154879944293
31950,-0.033317016960604635
31951,0.020755159573098772
31952,-0.02057471099825067
31953,0.010661292740121538
31954,-0.03535984802231555
31955,-0.030800726352089868
31956,0.015150098584761094
31957,0.019839713163479173
31958,0.004073518955069107
31959,-0.03190191557905573
31960,-0.0536362437007455
31961,-0.043695464975915116
31962,-0.0075444874652400825
31963,-0.06817924089290577
31964,0.001595916988822643
31965,0.004959615528115103
31966,-0.0021012194275388594
31967,0.0025079632446989033
31968,0.00989356963838037
31969,-0.022953470133567636
31970,0.012741260393136621
31971,0.007107854544044915
31972,0.011087178732949045
31973,-0.006995860525813227
31974,0.027363589082948215
31975,-0.004809160636141393
31976,0.015884094241000294
31977,0.021528566623508334
31978,0.01583369394634072
31979,0.041822754260130685
31980,-0.030979320679047163
31981,0.016625611271818917
31982,-0.00921618067716052
31983,0.049977410719439404
31984,-0.017145207767291448
31985,-0.01509302716613228
31986,-0.02492295768885891
31987,-0.020915118193621452
31988,-0.01774226222939749
31989,-0.004508312787404701
31990,-0.02243705310207656
31991,0.021092549421179857
31992,-0.006870621763215202
31993,0.03019571322451994
31994,-0.015470030681216738
31995,-0.04731645404741815
31996,0.003852816315750423
31997,0.013076840818927423
31998,8.543862003003363e-05
31999,-0.023103011952107944
32000,0.016881230171511195
32001,-0.009439982553404336
32002,0.048601762042736134
32003,0.005187665366398676
32004,-0.01680929665603478
32005,-0.057355024269431655
32006,0.010312697787469377
32007,-0.013351522904188165
32008,-0.0035667942884942913
32009,-0.02106996711829125
32010,0.022849951537192888
32011,-0.000737591361298289
32012,0.014674444188587831
32013,-0.024630958998135537
32014,0.015483974905620354
32015,-0.016787114336609784
32016,-0.01893486893459356
32017,-0.026428862374928513
32018,-0.035780492463106044
32019,0.023297413542736203
32020,0.01920535994742253
32021,-0.011799382488167982
32022,-0.05215692792780296
32023,0.013947560360567674
32024,-0.02606483234173513
32025,-0.05043026839892002
32026,0.02287630869713876
32027,-0.00217849040193757
32028,-0.02833820176945942
32029,-0.024675385794437257
32030,0.006399856367022215
32031,-0.04085038195748525
32032,0.004072305203476547
32033,0.034495596254227476
32034,-0.05280358632245764
32035,-0.04545178979837469
32036,-0.025518361330614674
32037,0.0006211280581255617
32038,-0.03909791169224756
32039,-0.034634429675925504
32040,-0.05487522150102493
32041,-0.04457132305277747
32042,0.010743363263157118
32043,-0.03759801372995764
32044,0.028399783014365382
32045,-0.009742482104252654
32046,0.03252519313978629
32047,0.04193300033097918
32048,0.05101552011760802
32049,0.0725066247577657
32050,-0.010680423417136056
32051,0.02452249349005318
32052,0.04591353349371717
32053,-0.01247640527144952
32054,-0.02240431012560431
32055,-0.025104484671264318
32056,-0.025898098358991855
32057,-0.027876963218659366
32058,0.027059408150257973
32059,0.028137980564520996
32060,-0.01957017243919744
32061,-0.020453062188280465
32062,-0.03811081724727961
32063,-0.037543929823705614
32064,-0.03743835330492368
32065,-0.0023892234507289552
32066,0.04701128162557016
32067,-0.0034329253164242218
32068,0.008831267764245965
32069,-0.06810488473386234
32070,0.018178599362037796
32071,-0.01819094646190511
32072,-0.025016015430076907
32073,0.01702032572457662
32074,0.039376211305690405
32075,0.04029231696634182
32076,-0.043009076877691135
32077,0.0196715535049443
32078,0.03799063968646078
32079,0.03463242412455332
32080,0.0801900209237908
32081,0.03013237474662948
32082,0.010181549880292125
32083,0.03659295879382009
32084,-0.011193349328723118
32085,0.045976704652567174
32086,0.06208617041795447
32087,-0.001363111750922912
32088,0.04761346191272043
32089,0.010973697358711175
32090,0.021034944208559957
32091,-0.0004437970064747852
32092,-0.0015360898580443036
32093,-0.004131762188920975
32094,-0.00011996127783027417
32095,-0.027147891061337127
32096,0.021748742495672636
32097,-0.03643828552991918
32098,-0.023063585514498545
32099,0.02956510908334616
32100,0.011560615611518566
32101,-0.042485078040127904
32102,-0.04135322384537215
32103,-0.014383788288326314
32104,-0.011344732882786337
32105,-0.016918779236581936
32106,0.04546552694804326
32107,0.009016388231178939
32108,0.025814071352382274
32109,-0.048942541489977724
32110,0.017733487540375445
32111,-0.008764473557990943
32112,0.0023786480976820032
32113,-0.009119674492302146
32114,0.03635363387097464
32115,0.02033608893807873
32116,-0.010479285801488054
32117,0.041237738063656965
32118,0.006528361182175964
32119,0.031121738118864282
32120,-0.06131130720641962
32121,-0.005496837111074548
32122,-0.022973105362046758
32123,0.001396070758585837
32124,0.0008795635427974768
32125,0.020172756877912614
32126,0.02148889836989646
32127,0.03810040712067508
32128,0.02190900217132156
32129,0.0403052976901533
32130,-0.0010290267197759066
32131,0.01060661546230994
32132,0.0006072086642689889
32133,0.013685101200668738
32134,-0.01568984810536055
32135,-0.0204929787152258
32136,0.015627270265290667
32137,-0.01707793332712981
32138,-0.031991176012321584
32139,0.010758573237020636
32140,0.011100390027793838
32141,-0.0519734992419487
32142,0.016647040370940013
32143,-0.021996227696864202
32144,0.06760862548073225
32145,0.013294379671301584
32146,0.005133925629140962
32147,-0.024972249170018095
32148,-0.02141722754964351
32149,0.005766529178694064
32150,0.010765144102253982
32151,0.0008317214101583785
32152,0.011204415972529
32153,-0.014482499949627097
32154,0.03731017906854926
32155,-0.00421209558582929
32156,-0.045282642660169334
32157,-0.055778329198505304
32158,0.003610772940683575
32159,2.625194565258459e-06
32160,-0.021366064572307702
32161,0.026313464365197593
32162,-0.013131986770004269
32163,0.04801967105921449
32164,0.02912206778233714
32165,0.009422977460465685
32166,-0.013091727582828476
32167,0.018029922474557803
32168,0.02746708754536932
32169,0.01233952487201948
32170,0.012207092738658642
32171,-0.0027492925404900897
32172,0.06517247045562553
32173,-0.008490770243728317
32174,-0.011693223002203315
32175,0.005228490561678263
32176,0.017733584396921055
32177,-0.017328824692959318
32178,0.05182458325289365
32179,-0.006202566631840739
32180,-0.025792316752035443
32181,-0.027817949080517927
32182,-0.006486452694048145
32183,-0.04345204081053539
32184,-0.011203761403966448
32185,0.037253887792232536
32186,-0.021215870766934274
32187,-0.0065905389212744065
32188,-0.0007248662824657785
32189,0.03863404694324808
32190,-0.05945407633033522
32191,0.0698141014424666
32192,-0.07519408025165097
32193,0.03957801777257991
32194,0.031472133858537144
32195,-0.05995463813536454
32196,0.024636705386118965
32197,0.04883839682099296
32198,0.03638463040320233
32199,0.038634799934304465
32200,-0.016698116860435767
32201,0.027234470833367188
32202,-0.020173636972517343
32203,-0.004365643776587655
32204,0.046446048511446264
32205,-0.007676811031181639
32206,-0.018390223151813226
32207,-0.010242768701740944
32208,-0.011588503212633165
32209,0.04200431043863433
32210,0.034431939836893764
32211,-0.021146737529120323
32212,-0.03459597355123259
32213,0.05927529795638422
32214,-0.003955213486677487
32215,-0.01877419097099257
32216,-0.049987079730423586
32217,0.022132222493082592
32218,0.0050040692539610855
32219,-0.0009786010828692381
32220,-0.04227842076506022
32221,-0.017634588094422046
32222,-0.018214573432483297
32223,0.031933063072860486
32224,0.01186020000140402
32225,-0.051203101036626314
32226,0.005558928056558524
32227,-0.0011841298878546653
32228,-0.039650710704574384
32229,0.020713531198922955
32230,0.043212201800086225
32231,0.023932925385803546
32232,-0.03326257387372729
32233,-0.041766731772092024
32234,0.027248917823072573
32235,-0.04766569491342496
32236,-0.011345445575125755
32237,-0.0001965286611626104
32238,0.06964051912477955
32239,0.036228513063338505
32240,0.00945033878004492
32241,0.017573760993240702
32242,-0.01521847912795663
32243,0.00615066517347269
32244,-0.004764915827824541
32245,-0.01160563131066118
32246,-0.03554080200268205
32247,0.02216980954806644
32248,-0.023729230777463393
32249,-0.03957783330925227
32250,0.02383283957737709
32251,-0.005810828908802866
32252,0.006662021971807933
32253,-0.012294170382702517
32254,-0.008943533696032116
32255,-0.03922836076977124
32256,-0.037040182780779855
32257,-0.03765337899938947
32258,-0.08154197414825058
32259,0.04652630828543407
32260,-0.06705398433344102
32261,-0.017882509708449127
32262,0.036160307197962316
32263,-0.037963037263368096
32264,0.03476346632142751
32265,0.022805206457375764
32266,0.02519836518821374
32267,0.00019624887599504188
32268,0.0033588972893144253
32269,-0.006533664357961747
32270,0.03223912996660196
32271,-0.003124436011279149
32272,0.04032414248075085
32273,0.022700932076645326
32274,-0.011078403674279078
32275,-0.018016893861443797
32276,-0.06036981621112792
32277,-0.02331954948966902
32278,0.02179133404775738
32279,0.027046208285465886
32280,-0.0074272620709030165
32281,-0.009450871424779177
32282,0.04888371350259671
32283,0.04095842424598201
32284,-0.023371335189714952
32285,0.01996360948452731
32286,-0.0573675207743979
32287,0.020302467339139967
32288,-0.07232501903980096
32289,0.01550319673252447
32290,-0.059966259385639764
32291,0.014661964689640096
32292,-0.01999391589590113
32293,0.014741333616968536
32294,-0.031188338789713776
32295,-0.02832821835301481
32296,-0.042493404016039925
32297,-0.012780292176106222
32298,0.002009757977430442
32299,0.009747163510666604
32300,0.020029167955923813
32301,-0.007099138857663554
32302,-0.024773776322063915
32303,0.03282103207988255
32304,-0.0005996576322853501
32305,-0.020377690604220906
32306,-0.07851146028409879
32307,0.02088448721841649
32308,0.07332388034066159
32309,0.03926484833106306
32310,0.007841084517297505
32311,0.03912881727048764
32312,-0.010501261121275193
32313,0.01795426549039747
32314,0.0011848108128348018
32315,0.03562426160653601
32316,-0.015506011551503994
32317,0.05759653609467031
32318,0.009293175661855859
32319,0.035883063154926766
32320,-0.020898263238041444
32321,-0.05662169380297704
32322,-0.0007848529647064388
32323,0.012002161401660848
32324,-0.06080004975262323
32325,0.0404413074957431
32326,-0.023812173338329252
32327,-0.03765670793571599
32328,-0.002921175570782134
32329,-0.022965068358999523
32330,-0.03413324851511771
32331,0.031016847550715158
32332,-0.031398398603937734
32333,0.025583047394195063
32334,-0.008470278644732475
32335,0.010178796599258924
32336,-0.01600444755488953
32337,-0.06237284044872908
32338,0.03500299868607132
32339,0.013040672667400291
32340,-0.044550559415067074
32341,0.021550999291944775
32342,-0.008680846516073207
32343,-0.0216786244241673
32344,-0.034802402542794396
32345,0.008443290563054654
32346,0.009806950699529526
32347,-0.041648100954578104
32348,-0.0466400516566667
32349,-0.039736534216869006
32350,-0.04968579488811335
32351,-0.0036898602511681445
32352,0.031008343475703803
32353,0.010022216214880341
32354,-0.05055906769395757
32355,-0.004660820302441835
32356,-0.04837810239040582
32357,0.029896999556335978
32358,-0.006981969450256126
32359,0.020321366942982737
32360,-0.02471469858156009
32361,0.013337236750075861
32362,-0.016195155143336096
32363,0.014585702223243674
32364,-0.004063926007115021
32365,-0.02240159651097653
32366,0.022680975234252106
32367,0.04498434550738984
32368,-0.021063795441237616
32369,0.005506683070484661
32370,0.02815466232714057
32371,0.0042557425230137355
32372,0.02975174089718079
32373,0.03547926773920862
32374,0.002518311117717016
32375,-0.01989423849975035
32376,-0.033284301783857696
32377,0.001513841203567355
32378,-0.020519636478218896
32379,0.005825925130829817
32380,-0.007784923037807873
32381,0.024465816628938063
32382,0.01755702746600722
32383,0.05461717982017759
32384,0.03057004102488342
32385,0.0345251408710286
32386,-0.04438568788642888
32387,-0.006213275025049711
32388,-0.043874733768353456
32389,-0.008926257658859234
32390,0.006129164366255753
32391,-0.002187431111547544
32392,0.020541144747616768
32393,0.037075215214742684
32394,0.01514742410919492
32395,0.029748732456339872
32396,-0.03765909816644215
32397,-0.02598138390578646
32398,-0.002539069114651027
32399,0.02637569391007252
32400,0.03772891331846977
32401,-0.0475203409109341
32402,-0.019949340402273898
32403,-0.015717029917950563
32404,-0.056345653435241574
32405,-0.0067831013156244525
32406,-0.01837563607167964
32407,-0.06171896886321383
32408,-0.005443327092696949
32409,-0.02554296504324885
32410,0.037049552134024576
32411,0.04924209607817237
32412,0.04719754361593322
32413,0.04228937930380981
32414,0.013430451645190388
32415,0.00413205052383877
32416,-0.03507929152619135
32417,0.0358331065502984
32418,-0.03135378342284609
32419,0.02842069192945798
32420,-0.0032058676090921086
32421,0.01560800186727836
32422,-0.05062019163217484
32423,-0.04332890683334373
32424,-0.008705120673171486
32425,0.03618132738523213
32426,-0.041898436775649736
32427,-0.05009456790455379
32428,-0.06521412973567904
32429,0.022940811279574775
32430,-0.017855001022074404
32431,-0.05091112916670038
32432,-0.00023312552604087193
32433,-0.02138151343700703
32434,0.03857594111949272
32435,0.05823431520070922
32436,-0.02704715139664654
32437,-0.0014655176936374833
32438,0.0714417574245561
32439,-0.022179275701129333
32440,-0.021305204926591464
32441,0.008348255087017184
32442,0.036344466629332384
32443,-0.006956432541892184
32444,-0.006423795170277428
32445,0.0313012915444288
32446,0.0740301885106097
32447,-0.024557362655696358
32448,0.010528272213469582
32449,-0.0025251287756822053
32450,-0.04604748773775281
32451,-0.026814965644856317
32452,0.04406479863631854
32453,0.03761514646384872
32454,-0.01452632861381936
32455,-0.024802298720002065
32456,-0.017476222546189395
32457,-0.005122364800682898
32458,-0.07591198596311628
32459,-0.03381243246674365
32460,0.007325489194244985
32461,-0.0416099052027877
32462,-0.0026392437566431478
32463,-0.042946213147666217
32464,-0.047985584526321234
32465,-0.013582386811930632
32466,-0.026442522286031868
32467,-0.005371878271441025
32468,-1.1192641086883162e-06
32469,-0.023554495254609543
32470,-0.03288621252837056
32471,-0.04265037876215446
32472,-0.021591468765642583
32473,-0.050549966454688185
32474,0.01695455403493262
32475,-0.05018877310927777
32476,-0.005379902806895059
32477,0.005236651159205647
32478,0.01655968356470272
32479,0.01789415367162117
32480,-0.04604216527437704
32481,0.0513328372576211
32482,0.018457896661043922
32483,0.03519947940375488
32484,0.023697683121652456
32485,-0.051262792601500254
32486,0.015191454527674812
32487,-0.01048210699828895
32488,-0.022960752182946947
32489,-0.033360633185946606
32490,0.022754011196567794
32491,0.028282394910688957
32492,-0.03362336308036836
32493,0.008681548759394623
32494,-0.004518321209944873
32495,0.02985445437107257
32496,0.0346361825706554
32497,-0.020126689978619907
32498,-0.0077855269766675264
32499,0.01592585643063678
32500,-0.0028282171595463133
32501,-0.029829440778703933
32502,0.015804403401858114
32503,-0.012665036662495641
32504,-0.012401407388918123
32505,-0.04054601151709721
32506,-0.028862256305558314
32507,0.002036290365958855
32508,-0.020264469877957214
32509,0.021772580381182145
32510,-0.015656433008827682
32511,-0.026542431556481418
32512,-0.015417560337285034
32513,0.04182150258087851
32514,-0.07758023598057676
32515,-0.0591184101005869
32516,-0.019938851173850608
32517,0.06226743922635926
32518,0.00730129006552552
32519,0.0014820802131439378
32520,-0.006942468253948005
32521,0.0329689079064576
32522,-0.04566150492580856
32523,-0.03384441431557909
32524,-0.05514547145060527
32525,-0.028880402245645472
32526,-0.05900450209241766
32527,-0.004385543623099232
32528,0.009201788914818751
32529,-0.024244863646371215
32530,0.03516963492518801
32531,0.07240095653364768
32532,-0.016913017695648916
32533,0.037480034584505315
32534,0.024990418840284426
32535,-0.030297664927338975
32536,-0.017906091148994187
32537,-0.010565809461313028
32538,0.010719214711322695
32539,-0.009734841380680447
32540,-0.015223968013540442
32541,-0.023711873064994823
32542,0.03143706266843714
32543,0.04375975744536788
32544,-0.017344622331813542
32545,-0.03672029848198316
32546,-0.01629940800794515
32547,-0.007642086023820816
32548,-0.01311490214703954
32549,0.022510889614162338
32550,0.004595413421133185
32551,-0.0013081101805608136
32552,0.007293240714774046
32553,-0.04088937814267245
32554,-0.06580271223448352
32555,-0.027594013314616306
32556,0.03095106569420988
32557,0.06911044837146353
32558,0.019316674333587556
32559,0.020004976644461308
32560,0.013285982426043546
32561,-0.03958162375445775
32562,-0.0059434065256891945
32563,0.008588673600061868
32564,-0.015582292026839537
32565,0.0221204161735276
32566,-0.02677460431617297
32567,0.035813494771606294
32568,0.044699443364663215
32569,-0.017123414885743534
32570,0.01915699725822361
32571,0.013039315204152264
32572,0.025053501161298265
32573,0.0601093735994226
32574,-0.03674612721548044
32575,0.015094300744171882
32576,0.03255054148508099
32577,0.01317126262988091
32578,-0.028104918021285508
32579,-0.013489380461166276
32580,-0.041641131436711984
32581,-0.016917153473676307
32582,-0.047440203165443055
32583,-0.0006672912150116853
32584,-0.04810844091625226
32585,0.028980079855634482
32586,-0.039482273713612445
32587,0.05887312171793983
32588,0.030477917544953402
32589,-0.09044398392940425
32590,0.027673249356129942
32591,-0.023542088340619438
32592,-0.008059171328038128
32593,0.007666139876481982
32594,0.00263907854335506
32595,0.02037504330245007
32596,0.03409740547285823
32597,-0.011623857643544629
32598,-0.014293441717606187
32599,-0.006167819062521832
32600,0.027702107703655783
32601,0.006510035450406984
32602,-0.007749211697690985
32603,0.021567680594751854
32604,0.0021916663104485173
32605,0.022245306910322716
32606,0.0046634986152625756
32607,-0.012660995939951633
32608,-0.024588659767023006
32609,0.0005451749612242593
32610,-0.023676153167756685
32611,0.00442727019362438
32612,-0.035518263703832216
32613,0.012973443182511153
32614,0.023728394733326347
32615,-0.021961487054019176
32616,0.014809922657194134
32617,-0.008171845567428476
32618,0.0511383127606447
32619,0.07738586379916898
32620,0.02146143880608018
32621,-0.02068492524741177
32622,0.015800272080187153
32623,0.039661379864647274
32624,-0.0026857961754214415
32625,0.0011567537493792392
32626,0.0031479737426086513
32627,0.013672666885826093
32628,-0.006564015088218726
32629,0.0497576042720392
32630,-0.010300056469908343
32631,0.004848170444708202
32632,0.03776063209057674
32633,0.038225503525263334
32634,0.01647684292379144
32635,-0.01672791218879919
32636,0.03536504523927244
32637,0.04689807780709589
32638,0.04014852212876148
32639,-0.019037886376995525
32640,0.002805043155190124
32641,-0.00410596242268323
32642,-0.002446460573998357
32643,0.008320233727129813
32644,-0.02053007419635849
32645,0.0841432079262616
32646,0.048581959367850834
32647,0.0014974467340087003
32648,0.0345918737014852
32649,-0.010103895237270618
32650,0.026938381177061717
32651,0.027961907871317054
32652,-0.00865503810667152
32653,-0.010292561347911075
32654,-0.023700877693667088
32655,0.012383011202319267
32656,0.02647220499195296
32657,-0.019088784843145783
32658,-0.01583610500035053
32659,-0.03869771252192708
32660,-0.02137371535862525
32661,-0.018278583207078425
32662,-0.036319087770340264
32663,-0.02773147892478455
32664,0.009267200779472526
32665,-0.0282333551075358
32666,-0.0011059153636659217
32667,0.022595535320189694
32668,-0.031782201671136094
32669,0.077531693128645
32670,-0.019959078181155446
32671,0.011651415228095055
32672,0.030030458484695075
32673,0.013063280909443078
32674,0.028876655763755782
32675,0.01074644052656564
32676,0.048720908660995675
32677,0.008310068318826266
32678,0.025221645555724464
32679,0.012482087230474606
32680,-0.0057900773184804575
32681,-0.003634188892508813
32682,-0.04265104766828823
32683,-0.021166175534726345
32684,0.03379641648111385
32685,0.010656041560998628
32686,0.006960816477601913
32687,0.02865911135813134
32688,-0.016889576021013136
32689,0.006250575784790966
32690,0.00436347251718074
32691,0.01523225035070798
32692,0.005130145768039155
32693,-0.008263050495912456
32694,-0.008128713477548021
32695,0.013806503382413005
32696,0.011807458856664151
32697,0.06264460995227376
32698,-0.0013235460682211255
32699,0.02786518063198082
32700,0.03492876697799078
32701,0.06405673713259906
32702,-0.007506059320885651
32703,-0.0493165954207413
32704,0.007594482838636975
32705,0.01965683006140823
32706,0.030148129154145088
32707,-0.033090393539688276
32708,-0.0408800581453698
32709,0.0015552075211427063
32710,0.014617537312629412
32711,-0.05124878441801507
32712,0.033623864168311396
32713,-0.001164769187299805
32714,-0.012563174744395018
32715,0.013161291043165728
32716,0.010857171262899555
32717,0.006656423813616105
32718,-0.002472298609563328
32719,0.00431856549841267
32720,0.00563745397410148
32721,0.02566028346611874
32722,-0.011575402433564185
32723,-0.027016934875290683
32724,0.04176068611760998
32725,0.02290671371084862
32726,0.04200929781587098
32727,0.011538730267643627
32728,-0.014739719910037672
32729,-0.03881244875459412
32730,0.012141970822822003
32731,0.011995780219860298
32732,0.025084559789293494
32733,-0.022627654365487165
32734,-0.002081502304047606
32735,-0.0015932287194977265
32736,0.0071434893785299915
32737,0.019514225597516893
32738,-0.029887836906889304
32739,0.016897492509368457
32740,0.003985035666566777
32741,-0.013997756985041566
32742,0.038685828682470814
32743,-0.012969351327033104
32744,-0.03636755988791665
32745,0.016681653507157113
32746,-0.0033152404098889593
32747,0.020217018521251375
32748,0.005920973517187384
32749,-0.022784085917870664
32750,0.013068038702098418
32751,0.01882525128573062
32752,-0.03200560455040449
32753,-0.003078882688637689
32754,-0.0003621665576216757
32755,-0.02698176922387685
32756,0.0013333037789761233
32757,-0.00677984934424432
32758,0.040532919107815896
32759,0.029078882065725814
32760,-0.00848359703480242
32761,0.024886203274465415
32762,0.0405878934033578
32763,0.019939723983334885
32764,0.04477028449656422
32765,0.03308961756630114
32766,-0.027114915153024447
32767,-0.06936392822691405
32768,-0.010983684404505277
32769,0.03368800399232473
32770,0.03509901922694636
32771,-0.00849690917418005
32772,0.012702375247172612
32773,0.06735627610651572
32774,-0.02019754614909221
32775,-0.002345490419057132
32776,-0.01943967348452324
32777,0.04366210120178174
32778,-0.017622349738663022
32779,-0.004682115087792353
32780,0.012838773256585397
32781,0.026798801607152707
32782,0.03832988747004317
32783,-0.012968673549919096
32784,-0.007617361528025814
32785,0.062386641101094806
32786,-0.02608415647461196
32787,-0.03690433602541913
32788,-0.011901285894518398
32789,-0.019687920226773563
32790,0.0324378294742714
32791,-0.00880095278625162
32792,-0.020858290053093635
32793,0.04195426113469945
32794,-0.03079591330294371
32795,-0.04447634305408648
32796,0.0040924102415789655
32797,-0.04941009301830877
32798,0.013919528927675782
32799,-0.04053274686975259
32800,-0.012035365229636774
32801,-0.03572763973976917
32802,-0.003604853532024035
32803,0.04725872761779518
32804,-0.03718190199730442
32805,-0.009780437260597552
32806,0.05139114691845519
32807,0.0010077155793520184
32808,-0.026382818287971562
32809,0.07315144547238159
32810,0.01328734398710672
32811,-0.010372373867800188
32812,0.015775603038114268
32813,-0.016332669484143858
32814,0.019111066395307224
32815,-0.020118100388091743
32816,-0.04760705382496936
32817,0.002368262234820545
32818,-0.03633992320691384
32819,-0.0029695018373329133
32820,-0.0010768262024125773
32821,0.007024499620559318
32822,-0.01876938101527387
32823,-0.04865811826387701
32824,-0.011198057211982113
32825,0.025445566498526192
32826,0.009361897237472298
32827,-0.0019372066948787755
32828,0.01892624327037996
32829,0.009559842762516476
32830,0.023812985754198802
32831,-0.024645299459590233
32832,-0.036516366533873454
32833,-0.022755324439179696
32834,-0.00282446694124021
32835,-0.05249195499060778
32836,0.01740172350424103
32837,0.03676941647087161
32838,-0.027677050807832976
32839,0.014812017513194544
32840,0.01839166577228718
32841,-0.010503462155895545
32842,-0.006338629334562319
32843,0.018797057730833965
32844,0.008233042609272155
32845,-0.023929881937894547
32846,-0.00067564623864723
32847,-0.039147932484820874
32848,-0.024901146257814564
32849,-0.05766712119536547
32850,-0.033400868549448195
32851,-0.06082810562969856
32852,0.00821029709254737
32853,-0.015566763887789955
32854,-0.02164016872357656
32855,-0.09486791457722557
32856,0.0060184686789434335
32857,-0.03471266310164345
32858,0.006348722069507962
32859,-0.022434837737203533
32860,-0.008641111757590619
32861,-0.003659318170174269
32862,-0.022888577140729775
32863,0.04276292878025353
32864,0.03390178519014731
32865,-0.0050328138254987905
32866,-0.019022299359497785
32867,0.02073641395989386
32868,-0.022347254736615897
32869,-0.03952087816536013
32870,0.011499943252375164
32871,0.022251357285798214
32872,-0.023292060667672566
32873,-0.0010329657893671262
32874,0.02249382954881437
32875,0.02867169141239084
32876,0.044450744430006926
32877,-0.036900210467474964
32878,-0.020990427859303412
32879,-0.004174715831898153
32880,0.00015803971328576746
32881,0.0033396643228679594
32882,0.006801160852203886
32883,-0.0557436205475121
32884,0.0057563926814301145
32885,0.0029748351526641672
32886,-0.009789426725478168
32887,0.007642611004163455
32888,0.021111301953433536
32889,0.05832277984769027
32890,0.01043456025321593
32891,-0.01908760093810826
32892,0.02302177267367453
32893,-0.045240831229235466
32894,-0.004761309100698374
32895,-0.010349145435798669
32896,0.007324890955454309
32897,-0.03565889521047054
32898,0.01060112728507613
32899,0.0019366044510798278
32900,0.02525731298369704
32901,0.016099123691865596
32902,0.059620728904865916
32903,-0.0019224240319208386
32904,0.05801257340254537
32905,-0.025561250832653606
32906,0.021534018089182906
32907,0.006226763606914974
32908,0.006504089775557997
32909,0.009128351947498857
32910,0.007886632343516435
32911,-0.008412073185496893
32912,0.028669091444185058
32913,0.05741238162324935
32914,-0.014437427663163412
32915,-0.015462010758105006
32916,-0.03354765063256204
32917,0.02836990463051346
32918,-0.064010020236071
32919,-0.009529724736510023
32920,-0.005157127893891268
32921,-0.02425730189087198
32922,0.02280516774207015
32923,-0.015706744252131557
32924,0.03827583872688587
32925,-0.019778787009417473
32926,-0.02643463108004831
32927,-0.02013735451295905
32928,-0.0002829777914713502
32929,0.029866588446969822
32930,-0.008139175167585139
32931,0.047076083429175485
32932,-0.008899457009143205
32933,0.03179784602164286
32934,-0.014112305739498628
32935,-0.029522440182037632
32936,-0.03856729835067353
32937,-0.025295502019598664
32938,0.03251498000645608
32939,-0.023525912857637075
32940,0.009975479691164139
32941,0.015293994426213866
32942,0.05615000138680152
32943,0.001187124148590616
32944,0.0387357243821854
32945,-0.02743115374766786
32946,0.016168309642333147
32947,-0.020229588832735918
32948,0.017302567962557424
32949,0.012472585623325509
32950,-0.04488627426038252
32951,0.0050508384303621125
32952,0.011931162043981074
32953,-0.014926742562427386
32954,-0.01026995378101892
32955,-0.053730008179794064
32956,0.03034425639230727
32957,-0.0029586120902546633
32958,-0.03017673667528029
32959,-0.026119996079502134
32960,0.03858967516878977
32961,0.028130017133353027
32962,-0.03196956767020681
32963,0.024044013580814247
32964,0.011677894553516149
32965,-0.04055593075385799
32966,-0.05349252742424783
32967,-0.02906674342498643
32968,-0.017594647011296954
32969,-0.010787404955311582
32970,-0.02986969559486274
32971,-0.03908238773849253
32972,0.0038760377434353017
32973,-0.005998525145749419
32974,-0.0008262051819605294
32975,0.02818836285642137
32976,0.02115889599809704
32977,-0.0018136558508213682
32978,-0.02993274484520929
32979,-0.0003949335009436114
32980,-0.04122507131981051
32981,0.020439475473064062
32982,0.006428833116117088
32983,-0.01045125926877761
32984,-0.04030084595837553
32985,0.009330467346198015
32986,0.03190679006269632
32987,-0.01209519298529963
32988,0.018567359828442834
32989,0.0058013130982729425
32990,-0.053847049682573866
32991,0.022864335823124683
32992,-0.02114925841538566
32993,-0.061928641946019644
32994,-0.01275145546124794
32995,0.019380313567595526
32996,0.03300360294374137
32997,0.02916553305484183
32998,-0.0034193614830411957
32999,0.022732781412202113
33000,-0.0275555004148626
33001,-0.008614210956547592
33002,0.020159779683700887
33003,0.05614876453461195
33004,-0.02737640631478999
33005,0.01902769516646272
33006,0.01906613674061651
33007,-0.007282049571309416
33008,0.008818518202173529
33009,-0.009467422556831874
33010,-0.04329150703905067
33011,-0.014942179568245114
33012,-0.021268934499345638
33013,0.02296250255732579
33014,-0.023938253179236195
33015,0.02317536390145455
33016,0.060564199898578884
33017,0.014990960775075909
33018,-0.01880854445984695
33019,-0.030619243254052762
33020,0.03207789620266184
33021,0.00036226417596598245
33022,-0.07693565537891892
33023,-0.006972994303959057
33024,0.04747257548892421
33025,0.014111652003849881
33026,0.004567069953387014
33027,-0.030713687508588897
33028,-0.0060349453876642044
33029,0.009178797254866209
33030,-0.015087119563986204
33031,0.027810448682512243
33032,0.05094575146624529
33033,-0.017934831880688267
33034,0.04082337756109323
33035,0.016682956398538524
33036,-0.01813554621995853
33037,0.00415435410784167
33038,0.012612090198434513
33039,0.025624981435645434
33040,0.07146907826012991
33041,-0.03683784454844987
33042,0.02703677298411952
33043,-0.015891800669824936
33044,0.026035416065819526
33045,-0.07571541327065108
33046,0.04250836098579272
33047,0.05672327398743967
33048,0.06012686265027923
33049,0.036469102100131434
33050,-0.03534949985613273
33051,-0.0016931491141287495
33052,-0.04497055628899931
33053,0.006119567302947861
33054,-0.014331398355375332
33055,-0.02813561396990434
33056,0.05677517861251607
33057,-0.01645248915697342
33058,0.0343961397885562
33059,-0.017733573829125358
33060,0.02305912601095499
33061,-0.00024889618009839006
33062,0.041641491499750174
33063,0.046759906465211915
33064,0.02426819370918376
33065,0.023686017299428645
33066,0.07140614833183008
33067,0.006959252276504233
33068,-0.012441066427314722
33069,0.01802348937660747
33070,-0.05311248837218331
33071,0.049915656931245785
33072,0.007271400466425965
33073,0.011684323329864636
33074,0.006932405755108174
33075,-0.030966731562707357
33076,-0.050225235634836794
33077,-0.003348379695798417
33078,-0.03689546100999496
33079,0.03313765435242844
33080,-0.025278016510568095
33081,-0.013767343663526353
33082,-0.010264823047093061
33083,-0.019608477925534804
33084,0.04130521210427786
33085,0.011047755968620456
33086,0.03750676268487227
33087,-0.034068974934526236
33088,0.012003039568520151
33089,-0.03818536982419812
33090,0.000579041132982284
33091,0.01676299663593403
33092,0.039247822358134614
33093,0.020002148447826083
33094,-0.0048659981886904876
33095,-0.008006668690278667
33096,0.006092737052247481
33097,0.023906275945001672
33098,0.05184673190136522
33099,0.0248196450599041
33100,0.01114883227932929
33101,0.005118439476218712
33102,0.03151140057022482
33103,-0.06190117839571948
33104,-0.006602828397329645
33105,-0.014766538464060576
33106,-0.005481393900857567
33107,-0.05082740632212395
33108,0.03966090245267459
33109,0.00016734358461122664
33110,-0.02063956297823672
33111,-0.02089780341167876
33112,-0.024696174309297415
33113,-0.008505278835012998
33114,-0.006659071078911519
33115,0.027388607264831614
33116,0.02744754515884069
33117,0.007784823192616641
33118,0.004204517947228566
33119,-0.04002330901964813
33120,0.02243087581788411
33121,-0.015464435450462253
33122,0.02396314268122252
33123,-0.03273988461515884
33124,-0.029898156798672165
33125,-0.00868727554444176
33126,-0.02166722008166086
33127,0.00578479077066865
33128,0.012333104143729994
33129,-0.03013867082051205
33130,0.007965494982883457
33131,0.03964485753676552
33132,0.01386394400448063
33133,0.032701536614169566
33134,-0.005109322370309333
33135,-0.021228608852048407
33136,0.013126922244717879
33137,-0.013730612290897972
33138,-0.018614993761367205
33139,-0.0035555897655993535
33140,0.032583083076064605
33141,-0.018980128851602916
33142,-0.05372989030619898
33143,0.01636146481510487
33144,0.0022482195778217866
33145,0.003944556950812587
33146,0.03964166440885527
33147,-0.005988314839620312
33148,0.0027483192372526983
33149,-0.0019182383195410478
33150,0.023512702845781618
33151,-0.0002414496775031909
33152,0.06628542766265721
33153,0.03209149977564907
33154,-0.04579248228591328
33155,-0.017460078098702893
33156,0.01050681564561352
33157,-0.0362718323323721
33158,0.02748648145926329
33159,0.010860606339033282
33160,-0.02147688868358751
33161,-0.026387110033766783
33162,-0.0039809819454487225
33163,-0.007916303596752534
33164,0.03877955848764067
33165,0.06421517499108349
33166,0.03196692196924913
33167,-0.003530524707737688
33168,-0.0093807057942944
33169,0.05898936523652125
33170,-0.006841394408346035
33171,-0.03240185184149596
33172,-0.0077491003714108
33173,-0.012561069715532067
33174,-0.020869104256432496
33175,-0.006024168199256583
33176,0.006174188873391777
33177,-0.001085881467539655
33178,4.337428965445813e-05
33179,0.016452492806920013
33180,0.004272810018048766
33181,0.01392544303176958
33182,-0.009063618409678932
33183,0.06834502510228926
33184,-0.008075465076121365
33185,0.014976230428681602
33186,-0.03912964977789033
33187,0.037230151123216926
33188,0.031197730984166804
33189,-0.016821670077723287
33190,0.000379079625716854
33191,0.041633184458798655
33192,-0.016669882456257994
33193,-0.01694183635882726
33194,0.025199425370522246
33195,-0.015007033228491439
33196,-0.015170101455248957
33197,-0.009768293458075172
33198,-0.02642486753621726
33199,0.003016162007029136
33200,0.05195595562765455
33201,0.03261064503595431
33202,-0.034067494379924255
33203,0.03991025478061268
33204,-0.07015709070175213
33205,0.0335635516364543
33206,-0.04557631693043284
33207,0.06910830068844284
33208,-0.03731314295259148
33209,-0.0030562682309441406
33210,0.004639841835288613
33211,0.028719643298271733
33212,-0.009029668847546886
33213,-0.028846240999128
33214,0.06350474340191173
33215,0.0820562715774451
33216,0.050331781368926964
33217,0.010220298964789671
33218,-0.03330092532082149
33219,-0.03144687222886006
33220,0.014770469976568862
33221,0.01367308857728839
33222,0.012270099406705152
33223,-0.024395449783408685
33224,0.056621611505174814
33225,0.05882675313032556
33226,-0.05350216310770816
33227,0.027409101616528892
33228,0.01739552494306544
33229,-0.008705322367300556
33230,-0.005653741480228112
33231,-0.0450468888534737
33232,0.029960654726130378
33233,0.012305281038218593
33234,-0.01592429613304592
33235,-0.033405740887139906
33236,0.026114013350579716
33237,-0.03225310234632695
33238,0.03973195091969938
33239,0.055670718881034226
33240,0.013543515266922107
33241,0.00987124188776608
33242,-0.018511322769127855
33243,0.002612034712567633
33244,0.012138591690239956
33245,-0.008731831287549823
33246,-0.01969504016666827
33247,-0.05190273076914586
33248,0.05601219293302167
33249,0.02063207772710263
33250,-0.016723396402940984
33251,0.07039175027862488
33252,0.0003502431754157981
33253,0.05246688308990481
33254,0.027821711400407855
33255,0.03597835340793948
33256,0.03469023622428337
33257,-0.03957826417783731
33258,0.0046409697602759455
33259,0.021911245639519912
33260,-0.04193683063908845
33261,0.007624392208610507
33262,0.0005699847803358806
33263,-0.06780305570424829
33264,0.04369331722613916
33265,-0.031514128084002925
33266,0.0383337507727112
33267,-0.0015013524320329234
33268,-0.03762747023799215
33269,-0.0018297900585797118
33270,-0.014354296761159253
33271,-0.00892429298924977
33272,0.012569798834064366
33273,-0.0038822449215968097
33274,-0.01670357099511757
33275,-0.04378877045917955
33276,0.004406966808790454
33277,0.051908860979104604
33278,0.06832886668597143
33279,-0.0030564696006327927
33280,0.03554942172271469
33281,0.019338946569436834
33282,0.0055284080141226105
33283,-0.010876078245144659
33284,-0.01232802359600346
33285,0.048655024622794224
33286,0.01896384370131537
33287,0.061654497929400434
33288,-0.0067327153942887226
33289,-0.0469485228677489
33290,0.0008587768368415565
33291,-0.004653352248939478
33292,0.005052306224415143
33293,0.04228727994210069
33294,-0.034695561955020625
33295,0.00682890496606582
33296,-0.049944543245513964
33297,-0.03667363424753647
33298,-0.021692525924103756
33299,-0.025018350274117303
33300,0.03340341833935328
33301,-0.013713033138567253
33302,-0.005124004449871401
33303,-0.02266491635304276
33304,-0.02073557179310295
33305,-0.004911821274150917
33306,-0.008926360129829967
33307,-0.015175981168493639
33308,-0.0018888351885010585
33309,0.02222341947301746
33310,0.017100035830078818
33311,0.06726765878278479
33312,0.0024797902243351823
33313,0.004555593857050704
33314,-0.019291330517591843
33315,-0.012606885785792072
33316,-0.019920097394086803
33317,0.01658548282628767
33318,0.018561816298802308
33319,0.05160668364554219
33320,0.05881432285454347
33321,0.028930134067523827
33322,-0.040849136986556685
33323,0.010744054259848392
33324,0.0037015771128909593
33325,0.012046998458860876
33326,-0.011288260764171155
33327,-0.02936003460612113
33328,0.04230733954139593
33329,0.007141841514057963
33330,0.05167476037243722
33331,0.0563643962129402
33332,0.05640339085342955
33333,0.0043063639666930335
33334,-0.016961598833203556
33335,-0.0506707589050299
33336,0.06160715076831679
33337,-0.015488120661541229
33338,-0.012480999742591503
33339,-0.011250533587860663
33340,-0.044122409074067497
33341,-0.03277517285061217
33342,0.011641476532745304
33343,0.0030377423011275543
33344,0.026605392968584936
33345,-0.01622254605699903
33346,-0.0006046208249127933
33347,0.010478289403641976
33348,0.010173301490589553
33349,-0.0696189792787332
33350,-0.03414366584832113
33351,0.01667673423636139
33352,-0.02069434034890716
33353,0.03531020957268888
33354,-0.012832194251230923
33355,0.0068703238540759656
33356,0.04774594746773895
33357,0.02254637379191434
33358,0.006209621738762786
33359,-0.026182222621196793
33360,0.019000659934462743
33361,0.0019928043190017355
33362,-0.030618063841143513
33363,-0.01083286930528696
33364,-0.05012889133632434
33365,0.018491006056718665
33366,0.05324285529683413
33367,0.022982141723535045
33368,-0.025776928185552765
33369,0.029650903142316838
33370,0.03960073543049176
33371,-0.01859967544594825
33372,-0.016528082738403352
33373,0.013985782392048176
33374,0.043225484717161436
33375,0.020797791744770804
33376,-0.006938266877827184
33377,-0.046744104547923646
33378,0.04911613877802944
33379,0.03337076171091873
33380,-0.023155317200351338
33381,-0.06472805334681798
33382,0.025540840127114776
33383,-0.05091518988995959
33384,0.0198134587361727
33385,0.03944495544901301
33386,0.028313659370914596
33387,0.03893838675422484
33388,-0.02719283264318343
33389,-0.03321887208516128
33390,-0.002852477784587764
33391,0.0045526239223848885
33392,-0.05091299755439771
33393,0.016586316152022777
33394,0.040191183530816466
33395,0.049810717226429456
33396,-0.038146956136517425
33397,0.03752686416154854
33398,-0.009705197666017623
33399,0.011275348733103888
33400,-0.02154951905389808
33401,0.03181286671167851
33402,0.002057842976120598
33403,-0.031474535490740856
33404,-0.03047475178253314
33405,-0.047354602242693826
33406,0.04454605867832759
33407,0.022741757267101287
33408,-0.014678476236432987
33409,-0.004617239862290192
33410,-0.007034596534005664
33411,0.03382902792501663
33412,0.018598577198781635
33413,-0.01366669502217761
33414,-0.0008815054750546788
33415,-0.010388384477581362
33416,0.030728130584210925
33417,-0.03339849664583847
33418,-0.04219518640870822
33419,0.008530701338088835
33420,0.003454906143212098
33421,-0.039293794928198796
33422,0.008272375682156897
33423,-0.011754059569729967
33424,-0.007772539169452543
33425,0.045658317546433395
33426,0.043656124628136
33427,-0.010809259645173881
33428,-0.008071426159043766
33429,-0.004086411303450634
33430,-0.00737105825219734
33431,0.002453164158438363
33432,-0.015061100797958716
33433,-0.016061905836332418
33434,0.019569481029886076
33435,0.02616677996677582
33436,-0.00257949625980517
33437,-0.021959453128867688
33438,0.016621624433268138
33439,0.02187732922948816
33440,0.010824458790653262
33441,0.006017737450057395
33442,-0.0210128010832056
33443,-0.001928977240662491
33444,0.010904796023293582
33445,-0.0902780918948831
33446,0.024343557652586188
33447,-0.03162279074098375
33448,0.0003917679846520903
33449,-0.06070348464363925
33450,0.028166222292888978
33451,-0.04458882403337988
33452,0.04929120369873567
33453,0.041561697323594424
33454,0.044782839199139904
33455,0.019181761612701548
33456,-0.03240442027553698
33457,0.048764331012032994
33458,-0.0068883471790822616
33459,0.03078924445855309
33460,-0.021885802503032452
33461,-0.041921167676745814
33462,-0.008274667420472252
33463,-0.007210302075200798
33464,-0.048002631529145856
33465,0.06035429873009802
33466,-0.0031347826679534742
33467,0.019025511266364602
33468,0.0005837000497837341
33469,-0.010027415902490861
33470,-0.04213269637149972
33471,-0.012108296935617179
33472,0.029685832766480097
33473,-0.025419154799440558
33474,-0.01571466560616296
33475,0.021638308513509497
33476,-0.017831486357981857
33477,0.024675219174590226
33478,-0.0031965821595592533
33479,0.014491747499139495
33480,0.01046426664677331
33481,-0.022317491228482526
33482,0.04872688129148114
33483,-0.035412008806445364
33484,-0.032189561795739785
33485,0.002661552206148898
33486,0.06228533263993368
33487,0.000375289883209198
33488,-0.017983399402917148
33489,-0.0205370494213381
33490,0.048952495638929165
33491,-0.029748236134878075
33492,0.03260388013647949
33493,-0.002754275426136596
33494,0.01803933158251351
33495,-0.034236847002554374
33496,0.05050150280645356
33497,0.009120539975258166
33498,0.005662778252335479
33499,-0.009520412341397227
33500,-0.030780575845239227
33501,0.03139133175858491
33502,-0.03757750637923205
33503,-0.031019248203036677
33504,0.031297667574783125
33505,-0.00869951446309793
33506,0.019776929875336788
33507,0.002949190705140663
33508,-0.004421255679139317
33509,-0.0067721369866224
33510,-0.050758501726161025
33511,0.03373097488097751
33512,-0.07197097194327923
33513,-0.004992862795037035
33514,0.05452585400918541
33515,0.0063406796473391034
33516,0.041727630104810905
33517,0.058765746404517226
33518,0.05859483411193626
33519,-0.006105394703867591
33520,0.008936977508249892
33521,-0.010071736516282834
33522,0.05246015100053816
33523,0.06879089190350415
33524,0.018427514932776983
33525,-0.017292954501434987
33526,-0.006871087076142507
33527,-0.009930041093410646
33528,-0.01327598317245517
33529,0.007484039041368371
33530,0.04536655814558213
33531,0.0010231104572795441
33532,-0.0029510724389105016
33533,-0.01650239830011265
33534,-0.002106114917121454
33535,-0.000811781029554407
33536,-0.0038712079047525908
33537,-0.002200170474367301
33538,-0.0041018396280801984
33539,-0.018460337686300204
33540,-0.0016905436288723885
33541,0.019653003774444493
33542,0.05158009333528816
33543,-0.005400735287576401
33544,-0.020176406980594436
33545,0.05143333393696803
33546,0.03752738250899459
33547,-0.010560627889380832
33548,-0.007432482825509877
33549,0.030781797442811332
33550,0.011391066052133745
33551,0.0003991851885266417
33552,-0.0339123629068583
33553,-0.011742396856244506
33554,-0.01158846739425012
33555,-0.043471221921305404
33556,-0.01137123342227996
33557,0.02187094819384837
33558,-0.015501374257712391
33559,0.03875063787961644
33560,0.00811916930715746
33561,0.02162006357706168
33562,-0.04053933302315839
33563,-0.03008030373972225
33564,-0.014054475339228857
33565,-0.027536933563122805
33566,-0.03845150124931869
33567,-0.05144065963152042
33568,-0.04925548456409881
33569,0.002977667295590571
33570,-0.0014712905626439198
33571,-0.009634258547411685
33572,-0.019813731233487012
33573,-0.003571727231374398
33574,0.02901541442620007
33575,-0.02154487736827309
33576,0.0013715542825269945
33577,-0.024723322161332134
33578,-0.02035550352333966
33579,0.022381317732317045
33580,-0.011749376716059978
33581,-0.0016641352667277765
33582,0.03255802885770668
33583,-0.05388664132863564
33584,-0.044963993626467746
33585,0.0027406179089912866
33586,-0.015247954496474318
33587,-0.02297880668201453
33588,-0.007481885279858837
33589,0.015029636273933892
33590,-0.0027088816315337613
33591,-0.006730872790863221
33592,0.018419556472983115
33593,0.03520882251444013
33594,-0.003611802663705197
33595,0.02106311244855812
33596,0.02354787442935102
33597,0.04387093329796006
33598,0.010728660766124292
33599,0.02174950222567363
33600,0.033933636130711244
33601,-0.020369279639268437
33602,0.03819165189974054
33603,-0.03188826996417179
33604,0.05082365831459189
33605,-0.0003170437033099424
33606,-0.03788050216798458
33607,0.01772519670734983
33608,0.019840619895919842
33609,-0.039709868465678914
33610,-0.032578788050656796
33611,0.027075507834701456
33612,-0.05383108894404996
33613,0.02199729358755111
33614,0.047228523735850035
33615,-0.016874638554944154
33616,-0.006709102380644148
33617,-0.012603593816917938
33618,0.0477814944295363
33619,-0.020367176268810003
33620,0.01822748865053602
33621,0.0008074181977756165
33622,0.006535453720638439
33623,0.013847642087147
33624,-0.02713646314863997
33625,0.010975100391738147
33626,-0.01832614534784364
33627,0.0263353962001137
33628,-0.025613758364853165
33629,-0.004483955970647386
33630,0.058263118759824074
33631,0.050200303019560605
33632,-0.04562598586791857
33633,-0.03636235638278937
33634,-0.019597224428071262
33635,0.0018450585063459544
33636,-0.038424020661362634
33637,-0.006593006687719521
33638,-0.030428339403303115
33639,-0.028540298543780148
33640,-0.012299673778947615
33641,-0.031059169000457514
33642,0.01779068556969184
33643,0.04576281304970568
33644,0.017125761294724373
33645,0.04511002991972688
33646,-0.00039336152899225127
33647,-0.008355735492165025
33648,0.039137094986470784
33649,0.006221077430681994
33650,-0.03036969854581746
33651,0.01459208460028172
33652,-0.0010417324445815997
33653,-0.06539129453890043
33654,0.038467301972184294
33655,-0.0033508025545921434
33656,0.05304535873789691
33657,0.03153655459942515
33658,-0.015243098558892691
33659,-0.03742716254358076
33660,0.02911846687760396
33661,0.010271122190386863
33662,-0.010153178929537954
33663,-0.029873648272234925
33664,0.0219113251726987
33665,0.06939693383281514
33666,0.007862172208127412
33667,0.028928517533195586
33668,-0.010766120632337301
33669,-0.010186795591215414
33670,-0.0015119530204108248
33671,0.00850586325010608
33672,0.01304926839919054
33673,-0.010834649444096784
33674,0.011016822882178137
33675,0.0553592816229931
33676,0.046826730045694896
33677,-0.015382923320195052
33678,-0.04107046620668152
33679,-0.003067878877958335
33680,0.008172688206913166
33681,0.04870632528999102
33682,0.0003508182778655846
33683,-0.019111997285330338
33684,0.004479231260356885
33685,-0.021745972095924323
33686,-0.04018365176013713
33687,-0.015401393015134802
33688,0.026094198982532804
33689,0.03956860652748937
33690,-0.0343197339106714
33691,0.01993426995148903
33692,-0.02185925623624837
33693,-0.0005760051012783362
33694,0.034361597283502944
33695,0.026306654947519954
33696,-0.01254817508841305
33697,0.033230524365411546
33698,0.03979594413576526
33699,-0.025147084546739792
33700,-0.03587765532335522
33701,0.0489729403892018
33702,-0.06481388918185223
33703,0.04119887346255847
33704,0.007517909349628112
33705,-0.015076897088733051
33706,-0.06733374445734439
33707,0.031562496199096415
33708,0.011235695749484787
33709,-0.011725725318253196
33710,0.02411538399961219
33711,-0.04916085461776595
33712,0.020558178045375988
33713,0.030043678888730427
33714,0.02326645176353748
33715,-0.0007215904403059194
33716,0.04579128327536198
33717,-0.002074329910735041
33718,0.06811335088747816
33719,-0.027384943055092224
33720,0.021255365446751006
33721,-0.04786190607821913
33722,0.040307388601437844
33723,-0.00806521528173143
33724,9.08948227854208e-05
33725,-0.012728416259980247
33726,0.03548225387463038
33727,-0.015691158927186154
33728,-0.007839600452912378
33729,0.028723664150421845
33730,0.001604389747713674
33731,-0.03640342135997111
33732,0.012032875426521823
33733,-0.029896167340012842
33734,0.02941061726853341
33735,-0.024614100955865574
33736,0.034208248298896
33737,-0.03540274836733928
33738,-0.003718173302614864
33739,0.08810791177777218
33740,0.022632495052481588
33741,0.0048098011541749764
33742,-0.02483873791563515
33743,0.07598830905204824
33744,-0.021885514509575887
33745,-0.021705242100312376
33746,-0.030680241754923104
33747,0.01586743526522266
33748,-0.025177741615414834
33749,0.04037509607012839
33750,-0.04704633559246232
33751,0.02349979804547497
33752,-0.038618777346011206
33753,-0.005499431012478993
33754,-0.021556168636397574
33755,-0.02188313579323887
33756,0.017888002498298864
33757,0.02048982790949303
33758,0.015529551122900534
33759,0.015848432431955547
33760,0.0467789159931865
33761,-0.021399792330105884
33762,-0.046741947507987575
33763,0.007356461390615719
33764,0.025823872304961144
33765,-0.020977623740589396
33766,-0.014858480788241684
33767,0.021327732613703326
33768,0.09487918246447768
33769,0.0227884477333639
33770,0.030354680543431496
33771,0.013589642442474755
33772,0.0018255270647271607
33773,-0.005406798121656654
33774,-0.019311045819151607
33775,-0.0754275628241008
33776,-0.014548078817845159
33777,0.0394310948732675
33778,0.034051593911168875
33779,0.00854307191453701
33780,-0.07621662265282196
33781,0.018974083840459843
33782,0.018393118538428725
33783,0.032886390643626494
33784,0.006147176135874635
33785,0.05273381121036246
33786,0.04418942781630087
33787,0.01650503768572226
33788,-0.005181377700122127
33789,0.003134531517438115
33790,0.00673437773706122
33791,0.024885846167107817
33792,-0.025535167750540117
33793,0.0086748370088995
33794,-0.040889667065593535
33795,0.034546394936575964
33796,-0.05533454144233186
33797,0.028214574070330626
33798,-0.026248844092736187
33799,0.008297654662724281
33800,-0.01201059253263094
33801,-0.05947112582254987
33802,-0.0001497580788080972
33803,0.05133400585785162
33804,0.01671183739006934
33805,-0.046334528371326546
33806,0.019132727106085972
33807,-0.03701991071789867
33808,0.037029111755354525
33809,0.005944961969829539
33810,-0.046796801773706785
33811,0.03153377809473933
33812,-0.0011683287624496886
33813,-0.010473155147952551
33814,-0.05301849629065342
33815,-0.031952096750085084
33816,0.0941034278651459
33817,0.033636610212503346
33818,-0.03709426960534699
33819,0.02765874593966228
33820,0.04368086994002532
33821,0.05211402278389379
33822,0.042816063819054666
33823,0.00714490022164171
33824,0.0020680983436097127
33825,0.015936343205856757
33826,-0.0034608402562812963
33827,0.052602795958841125
33828,-0.027343568048424787
33829,0.006245703287231574
33830,0.020322127267666648
33831,0.03217649238405712
33832,0.01783968726540331
33833,0.005547798292349892
33834,-0.03424745413233651
33835,0.03909712773767095
33836,0.00861946786115357
33837,0.04664791163912978
33838,-0.0043288401607605095
33839,0.05252459385644804
33840,-0.04808148216135099
33841,0.028624805222043043
33842,-0.04156307336079886
33843,-0.06053965405600574
33844,0.010887591882883454
33845,0.04567543548163527
33846,-0.023494809378596007
33847,-0.033024897356440555
33848,0.043491637977950234
33849,0.007491730076415397
33850,0.015163761614398873
33851,0.01983570217410347
33852,0.05060647582651668
33853,-0.0027792977373068354
33854,0.006295543829987061
33855,0.0002180805987840514
33856,0.042378768332348354
33857,0.031266649082700264
33858,0.01868357932282329
33859,-0.05999874063717413
33860,0.02979319580798718
33861,-0.025851238552677343
33862,-0.011223894664825854
33863,0.020302333652319794
33864,0.04432207166002352
33865,-0.03693258867217445
33866,-0.02395044434715774
33867,-0.020909095270320418
33868,0.005757416334081444
33869,0.013987483753286394
33870,-0.016369424955782922
33871,-0.03271860313099635
33872,0.0003672813194312993
33873,0.04662391366590756
33874,0.004152867185000911
33875,0.007364317196629268
33876,0.07090868244679492
33877,-0.004038146472681721
33878,0.014876388465903438
33879,-0.002657167272883725
33880,0.020374096656812234
33881,0.016640198307426104
33882,0.02602385591858521
33883,-0.035433776651810064
33884,0.009278781709661045
33885,-0.012510675927563818
33886,0.00040747707006082374
33887,0.001983175490456803
33888,0.006674063639445873
33889,0.021013463735685307
33890,0.0022328378485774653
33891,-0.08150965697508271
33892,0.038809264203125034
33893,0.052916635235184126
33894,-0.032943855599609925
33895,-0.033483047238226676
33896,0.026902518965283038
33897,0.005353095988010376
33898,-0.03536424492043445
33899,0.02619634342547823
33900,-0.019717839771482757
33901,0.04885536272869488
33902,0.03754893302702192
33903,0.04895570620681089
33904,-0.0036895962026565637
33905,-0.03696554022085564
33906,0.09103142553041546
33907,-0.009972174088708577
33908,-0.028023300938221307
33909,-0.007196778713088164
33910,0.0017569172859801768
33911,-0.033430200468944404
33912,0.0034222989468461872
33913,-0.011675110405365645
33914,-0.0009961628316604056
33915,0.012371289419676976
33916,0.01804882251155421
33917,-0.021409833070740385
33918,0.06478655125145671
33919,-0.008593284373185163
33920,0.0098417096997988
33921,0.017647028611371192
33922,0.006243814268210327
33923,-0.005232918357076068
33924,-0.054024116597977435
33925,0.016796125905227544
33926,-0.05804840131969868
33927,0.011995507922322448
33928,0.012789994409783704
33929,-0.011231095758884358
33930,0.007488213509349865
33931,-0.008129105279101552
33932,0.006387085561685887
33933,0.009286024821066661
33934,0.02066031622359335
33935,-0.0043031328903089415
33936,0.002782084963761766
33937,0.038986581576990795
33938,-0.001464179666125742
33939,-0.008940056698676726
33940,-0.010176694630885075
33941,-0.0058008116897096005
33942,-0.027764646385103734
33943,0.03984237372561957
33944,-0.03359481882245992
33945,-0.01884312268889095
33946,0.026062738515233094
33947,0.02681434870427051
33948,0.029802570521025574
33949,0.042767405584177284
33950,0.024937011981667194
33951,0.0026874775670787904
33952,0.0062391231860940925
33953,0.050331460748145616
33954,0.019547555796534916
33955,0.005828590903075236
33956,0.020101654578633697
33957,0.005429279593449745
33958,0.006900353729637813
33959,-0.021682865229226172
33960,0.007762536480749231
33961,0.023744873324018773
33962,-0.036061952846875835
33963,0.0030677577359920754
33964,-0.06509834643706926
33965,-0.045626283057432035
33966,-0.0620473190509843
33967,-0.028245376440976636
33968,0.022709276218750768
33969,-0.03363063557371449
33970,-0.0049003079836951865
33971,-0.02507060372845086
33972,-0.0018808569875551776
33973,0.03892603388712181
33974,-0.04736397962908439
33975,-0.04178428778612244
33976,-0.008091100405454743
33977,-0.019216973560416163
33978,-0.005255220335227443
33979,0.048846983942422074
33980,0.008586934960660767
33981,-0.010877842963751487
33982,-0.015859841916989123
33983,0.002818356110233167
33984,-0.01961292694245463
33985,-0.03856178428425186
33986,0.0041908649360261774
33987,0.0024235428563252888
33988,0.04603457232859842
33989,-0.015352027782795975
33990,-0.025928144161764123
33991,-0.03584390505299308
33992,0.01836603629639308
33993,0.010309357803464899
33994,0.009455896028699111
33995,0.012817231508305505
33996,0.028550842349670816
33997,-0.014701799314467062
33998,0.04337674391931306
33999,0.009082990655190509
34000,-0.018979650960861027
34001,0.05148918581162494
34002,0.00918939983588948
34003,0.022388273182437184
34004,-0.028580142571371814
34005,-0.019430004276232676
34006,0.02698073634738348
34007,0.0012767646339524224
34008,0.004035614085605654
34009,0.0110674960636899
34010,0.02712598766570623
34011,0.05647594594022886
34012,-0.003975200235802707
34013,-0.024751138440272758
34014,-0.046733842414511235
34015,0.04033281956070394
34016,0.051787402100781275
34017,-0.02733224071021891
34018,0.03407605285953953
34019,0.00776536372366311
34020,0.05185138378190208
34021,-0.022024382376306377
34022,-0.020597505979839413
34023,-0.009341948972564473
34024,0.01539589633613929
34025,-0.003415898249269824
34026,-0.010844598794124315
34027,0.005664307821393721
34028,-0.04648098880338898
34029,0.014405194493512543
34030,0.012549208492814823
34031,-0.015113626085066115
34032,0.004668429005744193
34033,0.07349026783183606
34034,-0.0003574148914248206
34035,-0.046606797997652716
34036,-0.005626960435061672
34037,0.03367865647237535
34038,0.011876633797530824
34039,0.026511484393677752
34040,-0.02336818184126814
34041,0.005870302845701028
34042,-0.004654097794614391
34043,0.04426354286729343
34044,0.02979695409650946
34045,0.04658681233812281
34046,0.038541012397978726
34047,0.0072418081228854915
34048,0.04243191374345562
34049,-0.025745162607042488
34050,-0.0044928222013801465
34051,0.01745182390154476
34052,0.03210208194509141
34053,-0.04603447851633134
34054,0.018032054391402253
34055,0.03891132389397617
34056,-0.03883106520582685
34057,-0.014456926686052172
34058,0.09742901581292118
34059,0.01532052654664855
34060,0.010250230259679981
34061,0.027313599517331096
34062,-0.028442097124742213
34063,0.03384189122747257
34064,0.02842767467910862
34065,0.013140820055156566
34066,-0.029022729186218295
34067,-0.017562441863530204
34068,-0.005864488071025189
34069,-0.038947824585864974
34070,-0.02121380141347851
34071,-0.0003816006995554441
34072,0.003284828407754733
34073,-0.02823736527745587
34074,-0.0058011378702146595
34075,0.018433343967747554
34076,-0.022700967089329876
34077,0.013906398533930595
34078,-0.01070679734473957
34079,-0.01183255569606825
34080,0.015242234876800983
34081,0.029946346618775706
34082,0.011436285451100113
34083,0.0056172077848834585
34084,-0.02970635824260575
34085,0.018327264555962713
34086,-0.012354971871987886
34087,0.02067825004739752
34088,-0.0002093586466658361
34089,-0.010710520178181835
34090,0.057473109458735405
34091,-0.004259087203438436
34092,0.0006526491222009611
34093,-0.02266267497191393
34094,0.046745240142172594
34095,-0.01993673829688236
34096,-0.026791181618724798
34097,0.01661291683139173
34098,0.02240653874042102
34099,0.09384087681402614
34100,-0.02472945171133322
34101,0.03141908132620462
34102,-0.010063764019707756
34103,-0.049154123895662996
34104,-0.0013859027991994875
34105,-0.016078110916257327
34106,0.025347108303141512
34107,0.023931462438536374
34108,-0.023934553920433095
34109,0.00955100259928786
34110,-0.042782007269903506
34111,-0.03640903135176801
34112,-0.005815484209833835
34113,-0.007904995224349865
34114,0.01790724128069632
34115,-0.029602238773970405
34116,0.026164941173429747
34117,0.03121713015591658
34118,0.015315450116322479
34119,-0.003347459139013926
34120,0.018577339375735157
34121,0.006914408026210468
34122,-0.014223505018102208
34123,0.0465257117884122
34124,0.0017170017233073404
34125,0.02966639336433841
34126,0.004663923078396418
34127,0.04594758088817981
34128,0.04245987222003308
34129,-0.039260223998522324
34130,0.005043517415129784
34131,0.05602019899253946
34132,-0.035690289994379315
34133,-0.01632089670547132
34134,0.07486412481818068
34135,0.03697275146639396
34136,0.03316475151758257
34137,0.028339501304946904
34138,-0.0044969717638128
34139,0.08296018675272425
34140,0.009794265355408286
34141,0.01563112118460266
34142,-0.026219439967231594
34143,0.011554739368204961
34144,-0.0004961965123674037
34145,0.014526876062786145
34146,0.05224887704126901
34147,0.025612684310898897
34148,0.020308147399202107
34149,0.024158939104895916
34150,-0.049936652061021776
34151,0.04069360902134762
34152,-0.008042246202127885
34153,0.042081004950932775
34154,-0.018833238149475254
34155,-0.014638177329201483
34156,0.01229419481403676
34157,0.0012734257654457475
34158,-0.006235720786150609
34159,0.0020320754678005678
34160,0.017664945305412974
34161,-0.043417002009175115
34162,0.050394926899132185
34163,0.022298086980871865
34164,-0.0017430139310967221
34165,0.019173958251635564
34166,-0.0046872927271402265
34167,0.018120780690339094
34168,0.03155465702366079
34169,0.05056996589119261
34170,-0.0015697176458792667
34171,0.004175624778997659
34172,-0.009465329463481375
34173,-0.02380824612998872
34174,0.04553295926169968
34175,-0.01997956657203273
34176,0.014599505053512391
34177,0.010073261038594912
34178,0.0036376221764090246
34179,0.016567085088447897
34180,-0.02882207896485378
34181,-0.06321740867808408
34182,0.08446430099445465
34183,-0.03212671275279091
34184,0.030633710390535616
34185,-0.009423446366407132
34186,0.03950413745400807
34187,0.00746264617686617
34188,-0.016979421580613115
34189,0.008273858966932817
34190,0.022040514661965275
34191,0.022526805842044084
34192,0.024386309228199197
34193,-0.025341050779312275
34194,-0.015357523915559453
34195,-0.03661376064280793
34196,0.06143662214835656
34197,0.07119810825770675
34198,0.025847333221213874
34199,0.03137184416168509
34200,0.01145941838529595
34201,-0.016705773804174203
34202,0.037193177783002886
34203,-0.02145421250560099
34204,-0.002704910583264163
34205,-0.023168358772558302
34206,-0.019846007338355977
34207,-0.01346095461057446
34208,0.026232645411868764
34209,0.011451380383678027
34210,-0.0006798628920165828
34211,0.05239562327994558
34212,0.0049666105849527145
34213,0.06983787812906873
34214,0.008220232696870099
34215,0.01615201052861789
34216,0.02603256247104987
34217,0.05853447351886803
34218,0.05360399298246965
34219,0.05967270027956374
34220,-0.025817694254659965
34221,-0.011208798852681504
34222,0.002862797875041584
34223,0.028166477359949024
34224,-0.01472686379043326
34225,-0.02215406307766861
34226,-0.03378658124865595
34227,0.02802776919158854
34228,0.02762815970445828
34229,0.012695240190054706
34230,-0.0036299687888992904
34231,0.05553516706681825
34232,0.027059517343821428
34233,0.0507347099630077
34234,0.013643690423672555
34235,0.03750308871744909
34236,-0.03086853136318487
34237,-0.022754397323896083
34238,0.006314473607981049
34239,0.002324092902104399
34240,0.05317963411043569
34241,0.037216045400895154
34242,0.070355440186882
34243,0.0236241083861971
34244,-0.0028116374968891683
34245,-0.057785281625043726
34246,-0.02401788722480604
34247,-0.006329299162403589
34248,0.016842851962335217
34249,-0.011536808075183771
34250,-0.015591269801148156
34251,0.05195815068434668
34252,0.014742855131691195
34253,0.045646509104644996
34254,-0.03191420848641243
34255,0.00046124607567560837
34256,0.009717830432394652
34257,-0.009112106145810586
34258,0.011899126980771097
34259,0.008525710761945804
34260,0.034470811403755824
34261,-0.02932945300068207
34262,0.022102857671400574
34263,0.055965535884674414
34264,-0.03097559472861343
34265,0.014687615574399283
34266,0.04952604277408704
34267,0.024597735440434358
34268,0.024330635324414637
34269,0.033536794133320946
34270,0.054828915371130056
34271,-0.018263508472713186
34272,0.025873149621046927
34273,0.000902498031778054
34274,0.03299639088637121
34275,-0.018381188723019373
34276,0.0336642989411313
34277,0.030802072228897207
34278,0.017839838314308715
34279,-0.003800902123691871
34280,-0.01042356200941078
34281,-0.019283385441085186
34282,-0.007152730916895948
34283,0.03331286729506183
34284,0.014989431805620323
34285,-0.009160033810450375
34286,0.045574793343375775
34287,0.028232694650782073
34288,0.006436691292920965
34289,0.0364144203382646
34290,-0.009845534977267327
34291,-0.04394924567294667
34292,0.041265888686316324
34293,-0.0317588542600332
34294,0.03232469982749894
34295,0.012533149500357794
34296,0.012248741083705094
34297,0.014370123937402245
34298,0.0017303893398548037
34299,-0.005028113036077349
34300,0.01239221904714494
34301,-0.026649512848210575
34302,0.048922278586853066
34303,0.035005380008259625
34304,0.02314973912880123
34305,0.00917834714685472
34306,0.02759783588497046
34307,0.013848642235728917
34308,-0.015358678699960195
34309,0.0006326620765238402
34310,-0.013491696900823648
34311,-0.033057902437198874
34312,0.03975501460423317
34313,0.020821473279873284
34314,-0.006568170319854337
34315,0.020678047395551374
34316,0.014723147539161794
34317,-0.004459382737179456
34318,0.012014608173317703
34319,0.05603572029098795
34320,0.023981417187940415
34321,0.025008748642761532
34322,-0.018906464786772548
34323,0.050398593311363024
34324,-0.008114359501941712
34325,0.003984017615446483
34326,0.007068129310942925
34327,-0.07528797006524351
34328,0.009505074268010979
34329,-0.002386860118009891
34330,0.013934165608965094
34331,0.015774358677574388
34332,-0.012213168305885735
34333,0.03988675519238027
34334,-0.004335292679606892
34335,-0.005282953943860619
34336,0.001485197591330342
34337,0.04596103036405391
34338,0.0694666066053323
34339,-0.048663129169912736
34340,-0.0019715002961621314
34341,-0.017087175817125138
34342,0.016100050942738815
34343,-0.01852228575211594
34344,0.01798294242837272
34345,0.021385022267642335
34346,-0.004698330292619654
34347,0.029716848686966717
34348,0.025900929303354563
34349,0.006647940445713221
34350,0.04870317019680264
34351,0.035862188525143
34352,-0.01217270334172523
34353,0.02780770136929081
34354,0.014811436384373773
34355,-0.09725231327755371
34356,0.012969205088179695
34357,0.04421070737979734
34358,0.01895953214606543
34359,0.005445769610849827
34360,0.01569016578492779
34361,0.03378526869261308
34362,-0.02259517550511126
34363,-0.023174713185119124
34364,0.021906334577637555
34365,0.018117682812067788
34366,-0.0027951000201572223
34367,-0.009770643909877004
34368,-0.02388983563540844
34369,0.013331122348429265
34370,0.042061228294361694
34371,-0.03169864727410786
34372,0.00827505966690724
34373,0.0027243209684812064
34374,-0.030218459383663594
34375,-0.011133349545823193
34376,0.05079634697278243
34377,-0.039762638034617305
34378,0.05385917887968604
34379,0.010779077540270375
34380,0.0014950211841994118
34381,-0.019914385959314333
34382,0.017150845595692667
34383,0.005727787969082216
34384,0.0005759815378451882
34385,0.021748206876423978
34386,0.06317186913657119
34387,-0.01327060633024274
34388,-0.010808737793018244
34389,0.0767097155187541
34390,0.01124594245872778
34391,-0.014603603151156707
34392,0.0036835550895300165
34393,-0.01794287465633427
34394,-0.0009206415788976414
34395,-0.011592840183601728
34396,0.041479094347464475
34397,-0.020054892434434105
34398,-0.0066261757562484595
34399,0.01111777477025937
34400,-0.029820219756564674
34401,-0.015260210433603026
34402,-0.007743885808524213
34403,0.010492983468599476
34404,0.037927802374031684
34405,0.003417884473889597
34406,0.024467103148726535
34407,0.026912413027067608
34408,0.04868926683206742
34409,-0.036253585032163096
34410,-0.008311705979425758
34411,0.04519950626379662
34412,0.0511310419695246
34413,0.022301854728105433
34414,0.022013373900168262
34415,0.005755657747038037
34416,-0.01916486905927653
34417,0.027878045889019418
34418,-0.06880452256863956
34419,0.04308202339696607
34420,0.03669396296679425
34421,0.007875174459528277
34422,0.039859482053051065
34423,0.05212582723434559
34424,-0.06144731147403627
34425,-0.0053827400921601775
34426,-0.021948385769121503
34427,-0.026111821938616414
34428,-0.002916753758007519
34429,0.01724484128600994
34430,-0.050784497019192604
34431,-0.011093500807921056
34432,-0.012312030878956309
34433,-0.012743006697481346
34434,0.01607684300199106
34435,-0.029151632412720264
34436,0.027083904897990004
34437,0.018912680915394053
34438,0.03409831259054946
34439,-0.014783838344863928
34440,0.02335229456898061
34441,-0.025605478263347053
34442,-0.009906024162154392
34443,0.02177144416600017
34444,0.04166182282146919
34445,0.06466379833373549
34446,0.041489534349119714
34447,-0.01961399315589437
34448,0.023991619203246228
34449,0.03134573586477757
34450,0.0018594889264050242
34451,0.002341879333712671
34452,0.0201233423334781
34453,0.005830760860112287
34454,0.0019697180087908843
34455,-0.028872620170189156
34456,0.024235165121385197
34457,0.026402645392109812
34458,-0.07091062727005698
34459,0.033427791098281735
34460,0.06121012701431807
34461,0.025467841841130885
34462,0.019813346504274923
34463,-0.018896071814066932
34464,-0.00835814200664875
34465,0.00480785867671976
34466,-0.039861089018865224
34467,-0.035417001062407125
34468,-0.029134439985902708
34469,0.037300443715252006
34470,-0.021897271044660493
34471,0.06060036569371385
34472,0.008154503773916974
34473,0.05227098081301375
34474,-0.022016195384655428
34475,0.03822109220715396
34476,-0.04067216306777923
34477,0.019735079225729875
34478,-0.0033398835542903568
34479,-7.097232766542852e-05
34480,0.0013679968492570603
34481,0.01745544097160371
34482,0.020143394874725072
34483,0.008888814930780819
34484,0.0123075740874307
34485,0.008021855166873511
34486,0.061232155118118414
34487,0.012833378592261451
34488,0.039298015224843275
34489,0.020795336263650366
34490,-0.008880232385738967
34491,-0.013385814962539056
34492,0.020641240844705297
34493,0.04027993998301812
34494,0.021340674295040874
34495,0.04914962513834602
34496,-0.014549327514525623
34497,-0.002506592907153226
34498,-0.027642455009498322
34499,-0.07751103865324385
34500,0.020930720048866376
34501,-0.014121647924847628
34502,0.06031494161583255
34503,0.02513492407170123
34504,-0.011399986127677758
34505,0.02637234959549152
34506,-0.04825672982037547
34507,-0.018542640301585124
34508,0.02970705622123851
34509,-0.005949723273034403
34510,0.034733069474193946
34511,-0.03686217245753192
34512,-0.02914167770446531
34513,0.024366591339632156
34514,0.026332561599533684
34515,0.037326358033927046
34516,0.017582821117629176
34517,0.008785325636552984
34518,-0.009754064318100076
34519,-0.04539886962397596
34520,0.015729628096492077
34521,-0.019230582368107492
34522,-0.006990574752570342
34523,0.06797069118415316
34524,-0.0348411714985024
34525,0.036024878079287004
34526,-0.03638414624822715
34527,-0.05010889374486756
34528,0.002160741412016204
34529,-0.0018529550167455406
34530,0.04125746049527393
34531,0.06634986413667088
34532,-0.00632886800593473
34533,-0.006955537885700037
34534,0.01664897851960511
34535,0.006224790223709146
34536,0.028475897400761875
34537,0.01317611597258479
34538,-0.010125777697391427
34539,0.031469213613179045
34540,0.05026744494609755
34541,0.0459987740360986
34542,-0.051807118539717936
34543,-0.0013795092119336782
34544,0.01201553387759392
34545,0.053472757045455684
34546,-0.04685846623994092
34547,-0.010445712133368604
34548,0.042148565679363474
34549,0.01320201550033048
34550,0.016333509228664164
34551,0.008953328006919678
34552,-0.016721657475472235
34553,0.013481115705969507
34554,-0.02534945953248368
34555,0.0026081713480077887
34556,0.01110189920913753
34557,0.01167712389056641
34558,0.044564658328838255
34559,0.04262043485512176
34560,-0.02219517784405758
34561,0.016193348558558217
34562,0.06058123972990925
34563,0.047237690549482646
34564,-0.026485145364881738
34565,0.031930827086217944
34566,-0.0421812630070922
34567,0.005365951126466402
34568,-0.015599866278404512
34569,-0.03223251265576252
34570,0.04879698632636519
34571,-0.033912327025092046
34572,-0.0180051420201479
34573,0.04090570630641395
34574,0.06803953537721484
34575,0.008635430141928843
34576,0.05664714670362534
34577,-0.005344934858570053
34578,0.017134343094237513
34579,0.0111151812020397
34580,0.029546601856637145
34581,0.019280745853755048
34582,-0.055939712533262645
34583,0.018305752758284416
34584,-0.007831719193906463
34585,-0.008453005903931669
34586,0.044095416752159056
34587,0.013235217919958972
34588,0.015325121814252305
34589,0.031055385359115853
34590,-0.014520874558245297
34591,-0.005659134746810636
34592,-0.00958811861575568
34593,0.027506237271090576
34594,-0.03739691476909533
34595,-0.01906764626268701
34596,-0.011688705682441068
34597,0.008314763372076537
34598,0.045311238163507156
34599,-0.02449017521234957
34600,0.025264147545779117
34601,-0.024583825599938217
34602,-0.032261597855923425
34603,0.03672860892736599
34604,0.010072742605510419
34605,-0.02655198060785747
34606,0.0008970817467825101
34607,-0.03192620036794733
34608,0.05024193483299111
34609,0.024375238715951864
34610,0.015083134789878713
34611,0.06480127287829636
34612,0.00331479305153844
34613,-0.020849813811099453
34614,-0.042765575063019264
34615,-0.04020952410585703
34616,-0.06405444569768579
34617,-0.02927588857887515
34618,-0.011789871034604053
34619,0.04207037791942345
34620,0.0051057517603599065
34621,-0.029549555074096363
34622,-0.05419944980929594
34623,0.024459173402778298
34624,-0.047265337044402805
34625,0.018916006847507348
34626,0.03377225674631848
34627,-0.04440054631260654
34628,-0.017485693352793225
34629,0.03501659765295411
34630,0.009724829504617625
34631,0.017817240687763653
34632,0.004909143079366865
34633,-0.003506524829628979
34634,0.026172803733361345
34635,0.02215762920408361
34636,0.007286027798514774
34637,0.05975666655626613
34638,-0.0043816153375845455
34639,0.061125781429155535
34640,-0.026966985434937876
34641,0.028746183554859757
34642,0.009162933108620729
34643,0.011422335126605936
34644,0.0014422476995973425
34645,0.030508586404700704
34646,-0.0017581812710495866
34647,0.0003081702460436559
34648,-0.008413946131064234
34649,0.018074589096499803
34650,0.02138156465417245
34651,-0.0662754280141376
34652,-0.009934990829279755
34653,0.07472522342564716
34654,-0.031154329761316667
34655,-0.040769403328139484
34656,-0.036247457250913835
34657,-0.04509139223311599
34658,-0.026914759466530123
34659,0.04195395942428749
34660,-0.0011612114937770424
34661,-0.00885300755455152
34662,-0.04083867974478777
34663,0.039875104827989165
34664,0.048476365520615586
34665,0.04832208942531378
34666,0.015614689335827379
34667,-0.012311123059946884
34668,0.03252520909269961
34669,0.02939772436214191
34670,0.01638521455306116
34671,0.0557156635154267
34672,-0.015389648284894622
34673,0.10364939077648773
34674,-0.0400623581371848
34675,0.03552190009210786
34676,-0.02846061232174567
34677,-0.0019889593993017776
34678,0.0013903278520261027
34679,0.0449909713134662
34680,-0.008815797363190847
34681,0.03586098549478092
34682,0.02406177471387999
34683,-0.013525500459851578
34684,-0.007954350025485163
34685,-0.012131025666590307
34686,0.02782629716099156
34687,0.020381712180319658
34688,-0.023957231063825607
34689,0.04428129432073884
34690,0.056894042922267116
34691,0.03071366587569134
34692,0.048447599824414746
34693,0.01761945099211948
34694,0.04155043572418847
34695,0.029507015834725703
34696,0.05142621733021335
34697,0.0005619587793476034
34698,0.05095839797219469
34699,0.03949141848873405
34700,0.02224899938514361
34701,0.005208138438328853
34702,0.005407038520937525
34703,-0.039159282608048934
34704,-0.012943541481516288
34705,-0.02133598606967763
34706,-0.0045335693444559615
34707,0.02537099570649427
34708,0.0006029079996703497
34709,0.020307683043260093
34710,-0.010821538107125737
34711,-0.004183956124941801
34712,0.0683470291341884
34713,0.010624583419350287
34714,-0.01831734891195126
34715,0.009597026813273471
34716,0.03227225620359499
34717,0.051007064390982806
34718,0.008895080219615159
34719,-0.003935121930575812
34720,0.025988641557650148
34721,0.031052821647676275
34722,-0.003152131929293976
34723,0.08940961925683023
34724,-0.044700568274465696
34725,-0.0161102622822651
34726,0.007730171321476803
34727,0.031618311248383664
34728,0.041186648765754855
34729,0.027698048879300566
34730,0.00381591582951127
34731,0.038629930993850994
34732,0.030390107558781625
34733,0.05373509205455912
34734,0.027626998795207768
34735,-0.0029516839604867597
34736,0.001908645841595124
34737,0.029841739647053833
34738,0.019114183446337703
34739,-0.03873283360740205
34740,0.024178487258222848
34741,-0.046026982958994496
34742,-0.0016094983564636529
34743,-0.0015487186477529322
34744,-0.002745431015209885
34745,-0.03280350664100142
34746,-0.009076725782621921
34747,0.08030538576220458
34748,-0.005810402014590625
34749,-0.018160156198355898
34750,0.0034735739330416853
34751,0.0027999773442583323
34752,0.00280352699471686
34753,0.0385826884602097
34754,0.024640406261431314
34755,0.022105131769535234
34756,0.02728321203629252
34757,0.018243654825299063
34758,-0.02390648552363961
34759,-0.0015365377289035653
34760,-0.013365829854414337
34761,0.043989424385538246
34762,0.029313951538783536
34763,0.007732456826883682
34764,0.012598650104328438
34765,-0.03314528291656245
34766,0.023459896214494964
34767,-0.02340795929061118
34768,0.035434000752458054
34769,-0.0286727932127865
34770,-0.011723796961065276
34771,0.04910902498416258
34772,-0.0406310874793398
34773,-0.006628511298601024
34774,-0.015194965424359948
34775,0.04450023804397952
34776,-0.02036315548115511
34777,-0.015914915763189246
34778,0.034325591128215836
34779,0.05938348335338193
34780,0.009287562019957285
34781,0.021885596291924908
34782,-0.01687231228886562
34783,0.021596369389944282
34784,0.014159740114896636
34785,0.03686006208769522
34786,0.0339479460781989
34787,0.010207815996195137
34788,-0.018385480711717854
34789,0.014601903331788287
34790,0.035797673816533954
34791,0.011213974874266378
34792,-0.019873675644099337
34793,-0.05806033695557854
34794,-0.007084912148995429
34795,0.05604156554471551
34796,0.0010131257148060912
34797,0.05591576485577915
34798,-0.013552500967095756
34799,-0.006102172109447209
34800,0.019527644474698406
34801,-0.032435986580206286
34802,-0.028361978372752
34803,-0.032481337436151426
34804,0.01929161155677009
34805,-0.008006984263718505
34806,0.008435946783746213
34807,-0.019777156363376656
34808,0.024872452999658644
34809,-0.006603627865441941
34810,0.010581496755507647
34811,0.07596664676074963
34812,-0.011436178898489502
34813,-0.024546337965263544
34814,0.06574365008458836
34815,0.06153300356134527
34816,-0.02276296296463341
34817,0.0009115164448822138
34818,0.07124562063864023
34819,0.024329489073711873
34820,-0.006382910737754507
34821,-0.02239013868087869
34822,0.018141022708557122
34823,-0.007870154257779337
34824,0.004194304377664438
34825,-0.033518611256095766
34826,-0.053489932410315646
34827,0.06546149920957378
34828,0.006878768616724235
34829,-0.01690799027600021
34830,0.013429913449153117
34831,0.049248363404096794
34832,-0.010955931872164095
34833,0.03636721252553163
34834,0.02459768888794405
34835,-0.0029720449526991783
34836,0.005665849314920932
34837,0.00952392099917838
34838,0.007253228276066283
34839,0.011659410589870245
34840,0.010108016424957096
34841,0.03310657854668622
34842,0.026996022304468917
34843,0.04348131284667717
34844,0.012888905248205176
34845,0.030260114312429857
34846,-0.007247650748908081
34847,0.0681400890550821
34848,0.0470035476152459
34849,0.07681165432939044
34850,0.04063895398733604
34851,0.02653988121082833
34852,-0.0006581250340978485
34853,0.07646469505895798
34854,0.0034852469663646402
34855,0.056875735561498865
34856,-0.019419029145361835
34857,-0.03637147510179342
34858,0.056069101908470836
34859,-0.030044861147939708
34860,-0.010798851891464947
34861,-0.014099521126383316
34862,-0.030687124234877114
34863,-0.004292710406194989
34864,0.01135573181360408
34865,0.043713866735363566
34866,0.012435904728906915
34867,-0.07008040682277505
34868,0.021879228808363682
34869,-0.011246962943761133
34870,-0.013214726899014146
34871,0.0021503358197703833
34872,-0.03655609562433773
34873,0.0038682477378919645
34874,0.011804367694516312
34875,0.04310399695104046
34876,0.023513208696654242
34877,-0.0071168591226744935
34878,0.009414249818675937
34879,0.0440932343118836
34880,0.0011579933678536585
34881,0.060490090604541774
34882,0.04225504916282001
34883,0.004523767345968599
34884,0.03540427470823238
34885,0.051900686254725166
34886,-0.013481507606877713
34887,0.01797035925895367
34888,0.03503760135274527
34889,0.014052887822561548
34890,0.01794807687030301
34891,0.03180364150217111
34892,0.027094658837062458
34893,0.023183173461574752
34894,-0.029162921570553994
34895,0.011328442809433568
34896,-0.004787823716955096
34897,0.009105029663078147
34898,0.044423936236239484
34899,0.060090813758377576
34900,0.03580799766314554
34901,0.018778083398538065
34902,-0.042647296802211396
34903,0.06861069169121119
34904,-0.012308713525419974
34905,-0.002519867808586599
34906,0.03376003560140274
34907,-0.007521199457297147
34908,0.03694318597156373
34909,-0.029702453333138774
34910,-0.026284774587236
34911,0.0016126077787733013
34912,0.036614767488208126
34913,0.00649410165119145
34914,-0.046147814594996006
34915,0.024002832084865408
34916,-0.007577830922626283
34917,-0.008998970906778023
34918,0.013312880782397032
34919,-0.029036964198184266
34920,0.02585125034041011
34921,0.045157801589590575
34922,0.001486573984382662
34923,0.006801444721126681
34924,0.09319705220421867
34925,0.0034821735567488344
34926,0.07464837218989032
34927,0.017659679394994566
34928,-0.05112988222348029
34929,0.023172483684721905
34930,-0.007066460191076479
34931,0.013735559752486273
34932,0.01760958360461431
34933,-0.014123889080702655
34934,0.02753172996869887
34935,-0.0016453086190557943
34936,-0.0019072409209316393
34937,0.021587764311750687
34938,0.0008872701775528083
34939,0.03058923562212252
34940,-0.0025214288386604077
34941,0.03172927992663533
34942,0.03575036627168019
34943,-0.042228372461605254
34944,0.042298729436956506
34945,0.07093423513874761
34946,-0.05772066089739437
34947,0.03784396224335895
34948,0.007059457261562947
34949,0.04372898267259959
34950,0.008599196690798002
34951,-0.012873347608596418
34952,-0.01140957621005134
34953,-0.004512095267974973
34954,0.011826389506617031
34955,-0.029968590846082808
34956,0.0062955316186559165
34957,0.021569191288022822
34958,-0.022822141271939336
34959,0.043816581790191135
34960,0.02677743764100756
34961,0.04670634659415406
34962,0.0499524365038541
34963,0.03389459903763129
34964,-0.036998297080252394
34965,0.055500499319089826
34966,-0.005769563556712064
34967,0.00456309435071754
34968,0.02680354297935681
34969,-0.029965997694357073
34970,-0.009149876902911122
34971,0.031979878017663305
34972,0.02359065756241166
34973,0.0272248442960812
34974,0.07009605143901232
34975,0.02519022586157386
34976,-0.011493052861067148
34977,-0.02106314521072629
34978,-0.007007624159340293
34979,-0.00968060227989836
34980,-0.008894407992680951
34981,0.0250400561842425
34982,0.05739288341747582
34983,0.027625634519598166
34984,-0.05574016542446614
34985,-0.014540064185231408
34986,0.018782751550319325
34987,0.010566780088928914
34988,0.03672149268151895
34989,0.013320971711474314
34990,0.02674787326410792
34991,-0.0035273188179531095
34992,-0.005794146755961297
34993,0.00738577891900937
34994,0.01238735160356285
34995,0.049095523447869674
34996,-0.004834286750918472
34997,0.01849716232065687
34998,-0.009672079728315795
34999,0.006212301863137406
35000,0.007843439819530748
35001,-0.009419121565890863
35002,-0.012277247955686778
35003,-0.015510099828486003
35004,-0.01202951637731402
35005,0.005601109126698495
35006,0.005267060124237086
35007,0.02797340831345383
35008,0.007512081618014634
35009,0.06889831585015549
35010,0.04420110558960735
35011,-0.01257808496909564
35012,0.02451289334304607
35013,-0.018992441200130526
35014,0.042248726852534335
35015,0.01140593745659914
35016,0.05611267553866993
35017,0.03321378859235491
35018,0.022594218379017927
35019,0.019830414557333413
35020,-0.04282447693469407
35021,0.020800505928389723
35022,0.07115696085361985
35023,-0.0016409002331865472
35024,-0.01574585070482379
35025,0.007018020994337409
35026,-0.027184088796972043
35027,0.0006333813682476361
35028,-0.0050086377846117365
35029,-0.015662150726479057
35030,0.012402054962656046
35031,0.0033005363580552987
35032,0.06237819104511874
35033,-0.012564086085166066
35034,0.002589205914567967
35035,0.014807716745320504
35036,-0.007329482023195779
35037,-0.010714362704727969
35038,-0.0461883956037569
35039,0.013891982532786205
35040,-0.03373986735464635
35041,0.05017938539390744
35042,-0.014685071259116977
35043,0.037283216331820496
35044,0.012020566067071812
35045,0.047336821192591305
35046,-0.02837974031167978
35047,0.015192231305508003
35048,0.012648957734626591
35049,0.05934190790193759
35050,-0.009797561784821702
35051,0.0018707345035358248
35052,-0.010753462937651895
35053,0.023854154317488944
35054,0.026784768432155166
35055,0.023545883261742104
35056,0.009519143812434735
35057,0.02675504118515426
35058,-0.04436765995476834
35059,0.0426158001093887
35060,0.00817030164196696
35061,0.07148770078687225
35062,0.03235164739193637
35063,0.038345649056667014
35064,0.02153623273356751
35065,0.02816834566992074
35066,-0.004473427286535396
35067,0.032148313515211885
35068,0.0584801290733947
35069,-0.025906926636169253
35070,0.007845834884688957
35071,0.037951622931929815
35072,-0.012122834163622939
35073,-0.017092604214140904
35074,0.0033721592828325816
35075,0.023211325340047557
35076,0.03901374963091335
35077,0.07541175080149402
35078,0.017828386068591
35079,0.007758764734694221
35080,0.021244322445321717
35081,0.054294378770211586
35082,0.04391527943784363
35083,0.0701173635872109
35084,0.012469556087335323
35085,0.048177685615670235
35086,0.03033693734348137
35087,0.007972192296970822
35088,0.025956698028187113
35089,0.04019713563600547
35090,0.018187062299225204
35091,0.041288655595213025
35092,0.004821886995137255
35093,0.036941580008850276
35094,0.04397932657600936
35095,-0.009102226670248384
35096,-0.027932632244386323
35097,0.005065534144494193
35098,0.06047516129348248
35099,0.06415655199141188
35100,0.04573918607446734
35101,0.05040497122561739
35102,0.034028570717415045
35103,0.05169933993286049
35104,-0.024153322521567815
35105,0.006619578661762568
35106,0.036087739041140335
35107,0.03387219200875752
35108,-0.01770595947408865
35109,0.05174226918231963
35110,0.0058608923482910795
35111,0.07771853463685677
35112,0.00308958856684847
35113,0.010689356666530843
35114,0.04114189341455104
35115,0.04244898037795402
35116,0.02064360073288867
35117,-0.005516686402839916
35118,0.008393021003243219
35119,0.051384815258729136
35120,-0.011310403876874748
35121,0.000625395737220211
35122,-0.031784883140210704
35123,0.05137230684761076
35124,0.020622162538974063
35125,-0.03375430855795063
35126,-0.010875501823154186
35127,-0.0016320119325227683
35128,-0.023784299979228513
35129,-0.04755270256641583
35130,0.013163768519397734
35131,-0.006327858476471443
35132,-0.026569734646658138
35133,0.027894965420303158
35134,-0.01634262261239139
35135,-0.013301590711962826
35136,0.06800193284834916
35137,-0.012755199683895652
35138,0.06111324206400038
35139,0.050522853061699735
35140,-0.0006863202377802961
35141,0.023102233937828502
35142,0.07757364109261783
35143,-0.017394610168013528
35144,0.00024417681056686756
35145,0.049443893580546
35146,0.06316228512287991
35147,-0.02299456222008229
35148,0.026299061304538955
35149,0.08549126366039415
35150,-0.016319094142077988
35151,0.08199099080792013
35152,0.022542407344476857
35153,0.11499778683512822
35154,0.006790887496548213
35155,0.009494405224601609
35156,-0.004042987598581875
35157,0.04050180565307464
35158,0.008687336740111806
35159,-0.014841351954614869
35160,-0.02186895368592156
35161,0.03452118055927596
35162,0.031309252510389934
35163,0.017902593174092516
35164,0.09382068822412418
35165,-0.05756064820272109
35166,-0.09426913092656522
35167,0.026745582350752157
35168,-0.020555987429367085
35169,0.013285461926573391
35170,0.0010733304786725937
35171,0.03499010556332065
35172,-0.038947616147257176
35173,0.020445857562501175
35174,0.04146875303932997
35175,0.07108981902077142
35176,0.07362153119001452
35177,0.004292189365743998
35178,0.0013134406341219658
35179,0.039839229400919246
35180,0.05696943217054297
35181,0.03775816841124799
35182,0.13561984682550826
35183,0.01948421532766168
35184,-0.02080051608880682
35185,0.056402498283642695
35186,0.002854260967776719
35187,0.08320272023633124
35188,0.003028493722109671
35189,-0.03722991623965946
35190,0.014699325761804816
35191,0.03576558429674803
35192,0.07893687272549652
35193,0.08833120527295495
35194,0.06096222278287563
35195,-0.004184355705887901
35196,0.03579807142869572
35197,-0.005730636984709929
35198,0.001837550376984522
35199,0.042390726327125136
35200,0.02519711741527626
35201,-0.014375789049364707
35202,0.007705331833410012
35203,0.06165264898032696
35204,0.007812258173030275
35205,0.012281671944620806
35206,0.012536737494105703
35207,-0.0282897658305153
35208,0.020858091042490607
35209,0.01798044843875262
35210,-0.007835462842885797
35211,0.09804808342572445
35212,0.006161470360738733
35213,-0.00026666987348200263
35214,0.06573022946945892
35215,-0.015347945902081085
35216,0.004821290510681772
35217,-0.035436534860524206
35218,0.017496960550427286
35219,0.05754734488299003
35220,0.06129695105778229
35221,0.0005818019168193998
35222,-0.01045992908500469
35223,0.00512281541113821
35224,-0.0027522196867701826
35225,0.014181343593865123
35226,0.009863230197892623
35227,0.051903029143921565
35228,-0.007827458537633863
35229,0.01656073129399146
35230,-0.030834770327036715
35231,0.06880816977315801
35232,-0.008687968395929183
35233,0.06159969901549312
35234,0.039606021984891056
35235,0.015061920915453764
35236,0.04138557240234356
35237,0.022396387601556766
35238,0.018842191981544354
35239,0.0310919520378473
35240,0.03456857584726423
35241,-0.019300326677452698
35242,3.116243737069646e-06
35243,-0.028939311659369985
35244,-0.023207980961291747
35245,0.020432086612947525
35246,0.053357085917624565
35247,-0.034149877783367255
35248,-0.029194248292998784
35249,0.03739847048975997
35250,-0.009398452388899341
35251,-0.002080893883674481
35252,0.009665250419880813
35253,0.06638875297287053
35254,-0.012912245271449456
35255,-0.006252969326435025
35256,0.0377506109504134
35257,0.031989577897322874
35258,-0.023738241280489143
35259,0.05096036994623849
35260,0.018652771142132006
35261,0.035112848971902214
35262,-0.02233002615059067
35263,0.01679543659094775
35264,-0.007462744021405867
35265,-0.03072256643594111
35266,0.027630145135804064
35267,0.05518927285723111
35268,-0.03331949331560544
35269,0.014374800410781494
35270,0.011096039875588907
35271,0.03624125667835622
35272,0.014024721846042042
35273,-0.002008113323811289
35274,0.05831119593147144
35275,0.02772927735886039
35276,0.03148520885568214
35277,-0.01083956633916694
35278,0.05246083291623822
35279,-0.03695994525152793
35280,0.027858783339374804
35281,0.0023282769655794903
35282,0.0025904398346770566
35283,0.007125090846373111
35284,-0.00943678038994111
35285,0.015462422494838046
35286,0.006492255274352493
35287,-0.009487938027258929
35288,0.008217626185353153
35289,0.03848059692855481
35290,0.04001170811852607
35291,0.013911718135878673
35292,0.05953025723680598
35293,0.04315953098708798
35294,0.061232644287017524
35295,-0.02004497920004841
35296,0.04414252036813043
35297,-0.0005753526310324809
35298,-0.010008773148613651
35299,0.04007488218305834
35300,0.050661212453197026
35301,0.00014997625564172612
35302,0.029848457713715408
35303,0.009974785068950926
35304,0.0034650610881058457
35305,-0.008333213178322234
35306,0.006773428065489306
35307,0.0499094248003113
35308,-0.022166334903049496
35309,0.05627574373613453
35310,0.03635348351734746
35311,0.043707391107295254
35312,0.02412090341772612
35313,0.033333454749525426
35314,0.058355543201204535
35315,0.06841977480418829
35316,0.037464451962143305
35317,-0.02608981558471361
35318,-0.015295733194425416
35319,0.031442011959779616
35320,0.0776134057876471
35321,-0.02587754285806298
35322,-0.028980486680662543
35323,0.052475349295933754
35324,0.06391712779941099
35325,-0.04289291085819707
35326,0.07426473376846277
35327,-0.045212048672334734
35328,-0.0011841903424265991
35329,0.008331001585092401
35330,0.06445933902367965
35331,-0.032806296549629826
35332,0.07294831229321522
35333,0.03267720997162779
35334,-0.017708666509513266
35335,0.04180574199657959
35336,0.007591011919319194
35337,0.0841746632274741
35338,0.06525712268981433
35339,-0.009807964485483798
35340,0.06008619725785397
35341,0.030921619928817486
35342,0.00883897749376141
35343,0.023472143157974693
35344,-0.018935901877369234
35345,0.028540681458378084
35346,0.004136488647982084
35347,-0.03365530208130037
35348,0.005648138098307345
35349,-0.0015985030241067004
35350,0.019282588643588488
35351,-0.008639833680190199
35352,0.017888860479345348
35353,0.006802140737872171
35354,0.020855135356360948
35355,0.010486748740340768
35356,0.05720774787182201
35357,0.04859967600433391
35358,0.022194775751511464
35359,0.03466101018456354
35360,0.002982864262304546
35361,0.014472074627931309
35362,0.046421603741270745
35363,0.015936979742975355
35364,0.02781264154548732
35365,0.035331469304095274
35366,-0.015188664437972493
35367,-0.0008908489143924572
35368,0.0032491553797181078
35369,-0.029063465506266158
35370,-0.012691370634106088
35371,0.09657827729786513
35372,0.009217321666429107
35373,0.019605879412369544
35374,0.07874183335541757
35375,0.026502439477493103
35376,0.054531573460929364
35377,0.026281383116176935
35378,0.036796396486145605
35379,0.019373217180481284
35380,0.0032972823314066577
35381,-0.0035890322866681465
35382,0.03266756348543845
35383,-0.004759791571101329
35384,0.016323434086206425
35385,-0.0038487617354779416
35386,0.05621865645661185
35387,-0.01595424647222468
35388,0.0021799700061869293
35389,0.022309548919680414
35390,0.048215436167023853
35391,0.016379129062725633
35392,0.02536371004865828
35393,0.045428404300601244
35394,0.00671861870923904
35395,-0.05657059532441233
35396,-0.04254651707532873
35397,0.04621627500267713
35398,0.06279363293797159
35399,-0.01530954641443506
35400,-0.011550842424340745
35401,0.058544530910583495
35402,-0.011223072444798345
35403,-0.026029737110935414
35404,0.04172806762142035
35405,-0.01046230815985734
35406,0.0017004646396679077
35407,0.059281975361318
35408,0.054996811154226284
35409,0.0013391301685278661
35410,-0.034143123457468144
35411,0.05141625442516279
35412,-0.022854805663873785
35413,0.03330975755025125
35414,-0.04036750191143522
35415,-0.015640134721862542
35416,0.020463549075818738
35417,0.020983695208327203
35418,0.008024760030442534
35419,0.005272641229752817
35420,-0.020546495730337084
35421,0.01844329125321582
35422,0.012289636652923475
35423,-0.03503534878786238
35424,0.009082583852563301
35425,-0.03979682396192999
35426,0.028220215470251712
35427,0.03762942462137217
35428,0.005314770231478305
35429,0.014349023336492114
35430,0.0793944091837152
35431,0.04564463396207401
35432,-0.01878405163608589
35433,-0.013665946385805431
35434,0.033639935737207215
35435,0.050893980267459935
35436,-0.01831784218877791
35437,0.04766662625823226
35438,0.048142651578223686
35439,0.031191980749098076
35440,-0.015682333404154567
35441,0.0300795901901745
35442,-0.013815924005150568
35443,0.04886300990977681
35444,0.029051575529034014
35445,0.008449708699563198
35446,0.028124808941253143
35447,-0.010356743670846276
35448,0.011085218958507465
35449,0.06614558695981856
35450,0.002513108253053703
35451,0.05373114566362233
35452,0.019753674771281097
35453,0.018995655758055504
35454,-0.004729882003336565
35455,0.027247647604258126
35456,0.07819587410569448
35457,0.005341268894737072
35458,0.008748363111473855
35459,-0.0016053602193572582
35460,0.06615823962007443
35461,0.0032556829294388794
35462,0.010258006437989494
35463,-0.01910693500770286
35464,-0.0050304277628231316
35465,-0.00545640603120337
35466,-0.0016532137844419807
35467,0.024144468102525782
35468,0.04761390270546467
35469,-0.016805837167822607
35470,0.01751574919529833
35471,0.030897345483656913
35472,-0.010663807519344377
35473,0.009749066960968132
35474,0.0342517786800766
35475,0.005541065984609187
35476,-0.001103335315525155
35477,0.04847467271482596
35478,0.034352612927272985
35479,0.04452371893645328
35480,-0.009373626153519849
35481,-0.0056866058765400115
35482,0.04276117518154361
35483,-0.002135110584423682
35484,0.03374061609121937
35485,0.0024220693431185776
35486,0.007492952450671294
35487,0.019252215360087935
35488,0.056172167193224355
35489,-0.018936678466781716
35490,-0.0020867193184323993
35491,0.07340967183065181
35492,0.03195030598472781
35493,0.005269662439663661
35494,0.0954203103985733
35495,0.06620099758586384
35496,0.0416875509178869
35497,0.03149386558983844
35498,0.008256945482546364
35499,-0.0018103869399204893
35500,0.031519522232784355
35501,-0.042207747665714966
35502,0.01613181373344382
35503,0.036014558406273316
35504,0.06908755692878382
35505,-0.01769335075040295
35506,0.02112868379169407
35507,0.049145118971927484
35508,0.007259019116157945
35509,-0.03863248960927429
35510,-0.037014569544948764
35511,0.029278962339334337
35512,-0.04319315479929907
35513,0.06105987247286927
35514,0.034882739175871945
35515,-0.03532232084794956
35516,-0.03381639576910325
35517,0.045381653033063976
35518,-0.01413405419043275
35519,-0.009114474307499221
35520,0.013561011475588323
35521,0.04285641323312907
35522,0.0016626676230658208
35523,0.01788025634943289
35524,0.04541547895784457
35525,0.05715585041566572
35526,-0.01573380863251036
35527,-0.010201369032125398
35528,0.048479753506372236
35529,0.03481800580288119
35530,0.061102055744532355
35531,-0.014731104121610463
35532,-0.04382722905019465
35533,0.03095174646516307
35534,0.043353612368405015
35535,0.04208130183860511
35536,2.9305486671935693e-05
35537,-0.04504942397838134
35538,-0.003053187366101641
35539,-0.013573057250186964
35540,0.03936516150964805
35541,0.06040341888849161
35542,-0.0112558309752183
35543,0.007971682735156613
35544,0.02463689292644188
35545,-0.030133862222651856
35546,-0.03618210428982441
35547,0.0028050438671367722
35548,0.033568932659331155
35549,0.016951074098730888
35550,0.031241718022449495
35551,0.0434262027126895
35552,0.06322836794988829
35553,0.05620603876413878
35554,0.007171986094759131
35555,0.028625959847538195
35556,-0.03201467472897543
35557,0.02370713702306223
35558,-0.013139222255245681
35559,0.08361530569021072
35560,-0.028262414887645852
35561,0.05113202273659265
35562,0.029088253006536655
35563,-0.0006297926845415004
35564,0.012684549476301606
35565,0.02234414601899032
35566,0.013900803647547411
35567,0.03170542747823458
35568,0.019652454888119564
35569,0.04743839240794002
35570,0.004396062899441581
35571,0.044814503088816945
35572,0.031255380980779436
35573,-0.00514329210304729
35574,0.04734592625443099
35575,0.029409395115581244
35576,0.08339646970906503
35577,-0.000740481780183995
35578,0.055244633063263174
35579,0.010785249373215025
35580,0.059847037657836416
35581,0.05056775289656085
35582,0.014903370169153067
35583,0.00331619521316014
35584,-0.0026740794167377964
35585,0.01252540224413455
35586,0.019222860140707336
35587,0.046772575179097275
35588,0.040670390973104764
35589,0.0017950358979298732
35590,0.034588431608449745
35591,0.04692784396744295
35592,0.014501821192976364
35593,-0.021946147105087736
35594,0.07250291461708988
35595,0.030290673241197268
35596,0.03863146038185224
35597,0.015927442790813283
35598,0.0156500287872133
35599,0.004557206445210717
35600,0.03626957309503083
35601,0.0357122472690374
35602,0.07215983176026904
35603,0.020792885332436756
35604,-0.016552612439202734
35605,0.03665343959697154
35606,0.025154745699387852
35607,0.033062334735085866
35608,0.05675370906617734
35609,0.075458831115735
35610,-0.0007804859339534294
35611,0.007345505419670655
35612,0.046404904104595995
35613,0.0012996454903561362
35614,0.015711308273655605
35615,-0.012043468816195935
35616,-0.040427207748050004
35617,0.004767737430982173
35618,0.010677124150863023
35619,0.021145687957644002
35620,0.04444304204503525
35621,0.01665105972662896
35622,0.01946033246214532
35623,0.024268102863926964
35624,0.04180660462054542
35625,-0.024962408569877418
35626,-0.010182888949182692
35627,0.011874060276179297
35628,0.0273230751598608
35629,-0.01779886218967465
35630,0.005673787087082353
35631,0.007228439815225703
35632,0.014305134996583542
35633,0.03346061179127419
35634,0.04564607417730793
35635,0.030215777864145574
35636,-0.022683592884255695
35637,0.09066237751204459
35638,0.01955805630514881
35639,-0.01826942299657573
35640,0.010818597331636776
35641,0.03481257562651962
35642,0.01431009923909327
35643,-0.03934984648414565
35644,0.03707356801197126
35645,0.02484821145462461
35646,0.0377915822689974
35647,0.029206374865465595
35648,-0.009948202842647743
35649,0.037794946338318085
35650,0.09968634105261631
35651,0.04713141931535067
35652,0.02841324370878411
35653,-0.04440848313321473
35654,0.02682191912419353
35655,0.03144587761622748
35656,0.022529159476538295
35657,0.05428905504560369
35658,0.053742516221691974
35659,-0.012370783895068918
35660,0.03841649781373582
35661,0.008121882092437754
35662,-0.058125846245349756
35663,0.05651176419297252
35664,0.01781204536392417
35665,0.03795540217034157
35666,-0.004473917570228938
35667,0.025277337234212927
35668,0.015618419361965532
35669,0.023024245421013955
35670,0.04807528346512059
35671,0.03734812465688151
35672,0.01910522536858256
35673,0.05454595342329856
35674,0.04356820207592382
35675,-0.02191366095532206
35676,0.04100505423807887
35677,0.048765066579753644
35678,-0.03535893706274307
35679,0.03449265370179955
35680,0.0006279899103452148
35681,0.038479319043134286
35682,-0.005071227178296743
35683,-0.03612164367594669
35684,-0.019550498010093283
35685,0.013743023278679423
35686,0.03647846663678745
35687,0.060836124197914884
35688,0.025327671416440906
35689,-0.005938072020212164
35690,0.02678727028495461
35691,0.010802546210006618
35692,0.009828016067039999
35693,-0.010162906846896646
35694,0.010715625294148833
35695,0.0768765904068229
35696,-0.0008108775460908407
35697,0.03945488913537279
35698,0.06964431269234606
35699,-0.0001566166601712285
35700,0.019681925556054008
35701,-0.029955645959988512
35702,0.004084887783033526
35703,0.0354853877574698
35704,-0.0053933828636855835
35705,-0.032231322682766184
35706,0.08724626403986246
35707,0.05228853447384488
35708,0.009522908320402333
35709,0.028420390974216052
35710,0.02126703031666033
35711,0.046500197385172616
35712,0.021063657032144
35713,0.015882717877498558
35714,-0.03427160160006965
35715,0.059008339739378454
35716,-0.03976058311680494
35717,-0.021576297739975523
35718,0.018838105473069446
35719,0.01855585361836872
35720,0.02436077048194704
35721,0.04200166515768508
35722,0.03493867120720256
35723,0.054297217275164414
35724,0.06665737339727583
35725,0.015762404292480773
35726,-0.029437624214331395
35727,0.004169742216002061
35728,0.027899454557278595
35729,0.028187965710867492
35730,-0.004546643324191357
35731,-0.00033384054801478477
35732,0.020213351669466244
35733,0.017779293800162133
35734,-0.0061590160042670275
35735,0.03200833694156564
35736,0.059469510246967464
35737,0.06984563946644383
35738,0.0823179464106495
35739,0.030023041704978985
35740,0.03459033595916595
35741,0.04166413278604643
35742,0.058254722483754864
35743,-0.022242546689234758
35744,-0.0013515595649223541
35745,0.0036692879425756254
35746,-0.04104439074569638
35747,-0.0056083555301575765
35748,0.017880007044246544
35749,0.022542128386167332
35750,0.006729353814086595
35751,0.04657714456478601
35752,-0.019203568105483744
35753,0.03662835873320493
35754,-0.05961342864930564
35755,0.05793877909494807
35756,0.03349418382249503
35757,-0.008396225035822723
35758,0.055179053668430816
35759,0.03291530645995908
35760,-0.02141564947879065
35761,0.013155213168612944
35762,0.009513895508941083
35763,0.02098002841278352
35764,-0.00954618049200395
35765,0.007880787498549187
35766,-0.0034736882718324445
35767,0.03931496471833737
35768,0.042494391984128715
35769,0.0009560785471661379
35770,0.02470453183056794
35771,-0.0001320468755515794
35772,-0.04708424443341198
35773,0.0071875273448362
35774,0.06302984544833556
35775,0.049253949551328294
35776,0.02478750882278835
35777,0.060454446595478994
35778,-0.0042290091750771565
35779,0.060550245160144234
35780,0.08741361411423708
35781,0.020437828365000316
35782,-0.001958830909818767
35783,0.04523645863642245
35784,0.059108215305617676
35785,0.06103961616765237
35786,0.023258247349580957
35787,0.06340857531979995
35788,0.02053847767914197
35789,-0.007950687762133667
35790,-0.020656300012604482
35791,-0.020009025565986032
35792,0.04517180955129421
35793,0.06538864713336452
35794,0.05528678366674774
35795,-0.03627281909049508
35796,0.0601043741339584
35797,0.033709436995862874
35798,0.017907916926673217
35799,0.012332070068732676
35800,-0.020179953731164716
35801,0.044139088586533475
35802,0.03396456708249273
35803,-0.015319153701712024
35804,0.0787707001152926
35805,-0.0146399162810186
35806,0.03601166918245363
35807,-0.008942974380285185
35808,0.05223265765404246
35809,-0.010000212514901071
35810,0.034256412923669835
35811,0.010923902158814962
35812,0.049204563494426035
35813,0.09946553574999262
35814,0.04643012079494939
35815,0.028516144293189254
35816,0.030307182764551445
35817,-0.020035239510955042
35818,0.04452355470321395
35819,-0.03556161507009384
35820,0.018501841287144223
35821,0.04502555787381968
35822,0.016881495617054435
35823,0.004803429732987773
35824,0.001588017339431553
35825,0.02049513990160163
35826,0.014453228694967932
35827,0.06428902736377283
35828,-0.014490703942431654
35829,0.045630438149867524
35830,0.09524649461549627
35831,0.03166189159946492
35832,0.007921606760029818
35833,0.06936037070830844
35834,0.0105827051789685
35835,-0.023659581924506314
35836,0.004573998522081804
35837,0.09494752581788093
35838,0.03779271511837025
35839,0.007401007856022129
35840,0.013316797403401791
35841,0.01544355961171023
35842,0.005697428889328698
35843,-0.030746462365126136
35844,-0.02721511387378563
35845,-0.010056669854949934
35846,0.03347072399130108
35847,0.010252990402301439
35848,0.07478179859279019
35849,-0.013795274589140764
35850,0.0010754944286393703
35851,-0.035177298599315815
35852,0.0018503110391005773
35853,0.04868190748789816
35854,0.03302488144107382
35855,-0.01698522464054946
35856,0.03969266526769618
35857,-0.02925975120107049
35858,-0.0261360418199033
35859,0.006700330875923796
35860,0.04759076540456861
35861,0.019740513755500386
35862,0.03178612090976442
35863,0.018802490487788846
35864,-0.017110747172163175
35865,0.010517593283252812
35866,0.016287199676000667
35867,0.010673057620906708
35868,0.03563504834958141
35869,-0.00016933169405221674
35870,0.06009953423251667
35871,0.018655480745539563
35872,0.05107559291340707
35873,0.05567901235295093
35874,-0.013228660312039973
35875,0.05557392948578569
35876,0.05583885823672265
35877,0.04780454730957747
35878,0.022963925964377917
35879,0.009014062589542857
35880,0.04545829518419632
35881,0.05865926082902774
35882,0.041918840338890595
35883,0.04525329728402963
35884,-0.0049088679619732865
35885,0.03963943816775238
35886,-0.004208544734280749
35887,0.05259635623337454
35888,0.004444964007768927
35889,-0.00347755178060255
35890,0.03889313368452952
35891,0.05778015926233027
35892,0.02690892269177579
35893,0.04601045048017317
35894,0.0831977818968877
35895,0.0831787007028407
35896,-0.015733267471621605
35897,-0.016545542581287924
35898,0.03391416863183081
35899,0.030565248075549358
35900,0.04886535965733216
35901,0.024861932854728215
35902,0.0031588970800191032
35903,0.07859377554969829
35904,-0.03270362824418244
35905,0.005581733064167597
35906,0.008576356594347414
35907,-0.007234737304412622
35908,0.049975123404459296
35909,0.03938413089221007
35910,0.0638904657115996
35911,0.01221589132864284
35912,-0.027421016599639355
35913,0.06313835693960318
35914,-0.004060136531100059
35915,0.023280373603241398
35916,0.03882733454106502
35917,0.012399774996694056
35918,0.0050187186861746225
35919,0.03208145706230121
35920,0.03314669604342454
35921,0.033479415142926724
35922,0.01692419749250694
35923,0.015288153052151617
35924,-0.009816348334215939
35925,0.029652090503185947
35926,0.02906273193235094
35927,0.04046723670239648
35928,-0.006012086734959957
35929,0.028974356080620274
35930,0.03390530242572356
35931,0.015321071571064023
35932,-0.029756738617364796
35933,0.031688613721676015
35934,0.056019676820177985
35935,0.040104983714836485
35936,0.007342645759677507
35937,0.00712069535182893
35938,0.02611022866150267
35939,0.031654565046081384
35940,0.055619664813627054
35941,0.04530344234088675
35942,0.022899499335461728
35943,0.017848342679426758
35944,0.0014482152484223375
35945,-0.029186918445469712
35946,0.06979848386208197
35947,0.036975137653459805
35948,-0.001458929594112389
35949,0.04853134813571854
35950,0.0645070283317998
35951,0.029547823662014194
35952,-0.00737249813655037
35953,0.060819298574201194
35954,0.03728979093245463
35955,0.011657745465594364
35956,-0.06219236737167551
35957,0.018935916342345923
35958,0.036051611871660595
35959,0.019182238208214096
35960,0.05508750542561043
35961,-0.006984560856872407
35962,0.027948053538339256
35963,0.017638265977763478
35964,0.03023532059946159
35965,-0.0015838765909400691
35966,-0.0019033212455772663
35967,-0.04627629714449348
35968,-0.014748337839260061
35969,0.03064877398750856
35970,-0.006664421992444242
35971,0.005089972261834108
35972,0.04352093738098937
35973,0.04474934754162498
35974,0.047911083295284505
35975,0.07746375419777415
35976,0.014939959895915502
35977,0.05801582165081413
35978,0.044317582331995044
35979,0.0571834802888829
35980,0.030002840060389453
35981,-0.024955103356705047
35982,0.018649356169788637
35983,-0.007965398397125588
35984,0.013080864987292058
35985,-0.03234159309534159
35986,0.045732403388005285
35987,0.027458219449325173
35988,0.0318662441184442
35989,0.04274913675834581
35990,0.07737905369231107
35991,0.021644805987913577
35992,-0.018082918925375103
35993,-0.036434689269361886
35994,0.010121857860564276
35995,0.021659941403803368
35996,-0.00833773631160185
35997,0.010753416055645088
35998,-0.025040243933846212
35999,0.0013045667958474713
36000,-0.025361509467342575
36001,-0.005489421107272796
36002,0.03476760124872242
36003,0.06636121810507618
36004,0.005291644875840881
36005,0.07283518107776038
36006,0.0021094139922584187
36007,0.034720044237317026
36008,0.01794898622580092
36009,0.041168409476949025
36010,0.06261324166498944
36011,0.006463604145173513
36012,-0.00037100310173879963
36013,0.03067189239545738
36014,0.07304502722162337
36015,0.036108708606150425
36016,0.02510087354752063
36017,0.06879345721501588
36018,0.011568864314288989
36019,0.04532150541628792
36020,0.021140532448446096
36021,0.017774915903306442
36022,-0.05025406009433353
36023,0.029369823598010665
36024,0.054854900731813164
36025,0.04176644475089049
36026,0.003807702868722687
36027,-0.0001281259782324462
36028,0.058133170202857104
36029,0.008384274270985675
36030,0.048930686695091805
36031,0.0008053291457636273
36032,0.028488342960399926
36033,-0.019607133684682254
36034,0.015637608519498247
36035,0.056027155086882316
36036,0.034074096331907694
36037,0.008021905810321979
36038,0.03666791280556024
36039,0.008838453588125754
36040,0.04031434142049019
36041,0.05584923422383484
36042,0.028169746596709948
36043,0.016857275382205536
36044,0.02570557859456055
36045,0.02656013405911216
36046,-0.033565694516310876
36047,-0.011634165115643764
36048,0.0321692385150558
36049,0.038110702147330894
36050,-0.02020981172900567
36051,0.022827045193801552
36052,0.06120143316903341
36053,0.004413285679994557
36054,0.04313735518580972
36055,0.001495523025915553
36056,-0.004275537641385777
36057,0.08587097746466898
36058,0.0017737250924909596
36059,0.012746595170638458
36060,0.06093558453028073
36061,-0.0020184839493503186
36062,-0.033379232987514065
36063,0.017217313980605185
36064,-0.007136032006031929
36065,0.03233629084261856
36066,0.03185615656847639
36067,0.03797473288633154
36068,-0.008410512920461046
36069,0.0063004428659899255
36070,0.011978727755876124
36071,0.008827661817246358
36072,-0.039370266062831005
36073,0.004246545351294952
36074,0.02215128525031206
36075,-0.025490053564842692
36076,-0.007605479839116441
36077,0.045978830253088424
36078,-0.02868930661965563
36079,0.07797021493008797
36080,0.03543602962110448
36081,0.013340642994001093
36082,0.03249722465031457
36083,-0.003134247756014223
36084,0.06657652839738828
36085,0.08238571746658353
36086,-0.002004563818981446
36087,0.05390616799338992
36088,-0.025625412659531867
36089,0.05822576443354803
36090,0.011988891630609635
36091,0.05837920137644768
36092,0.04234987818612601
36093,0.058049738666552816
36094,0.04443563386207751
36095,0.0482258451260557
36096,0.09316143105992261
36097,-0.0059057643761058105
36098,-0.020454425773866067
36099,0.05450808573183807
36100,0.02233168760903221
36101,-0.0580842256219697
36102,0.06910582582136295
36103,0.015065454937127227
36104,0.041087499798533
36105,0.017945141491340025
36106,0.035744046128556
36107,0.005989436658588303
36108,0.00031432795912315556
36109,0.009470975067138671
36110,-0.009046850679727367
36111,0.10804458392807503
36112,0.020870283193075056
36113,0.022043103930349143
36114,-0.04046468115010269
36115,0.024139786625006925
36116,0.0018648414229736517
36117,0.03292180177411579
36118,-0.026415409324849756
36119,0.05627844552904798
36120,0.04358465934954905
36121,-0.0017824272864240612
36122,0.028038223960477265
36123,0.014765681000681537
36124,0.07422965641232149
36125,0.010313944303194331
36126,0.02880784147178162
36127,0.01683812288875549
36128,0.0511907704709411
36129,0.06783769982675189
36130,0.021656824600136373
36131,0.0708070173275134
36132,0.05074152276970752
36133,0.031186849916323978
36134,-0.006821430508365305
36135,0.02536735536461223
36136,-0.005601960641918525
36137,0.04216758170257699
36138,-0.03416636079444097
36139,0.040058704664044875
36140,-0.00521531284139461
36141,0.05992715730279487
36142,-0.013560090182491557
36143,0.016677244143188913
36144,0.05094985304360125
36145,0.0960097370278257
36146,0.05072301706595257
36147,0.041976476749743766
36148,0.0484852966143003
36149,0.07215889043516664
36150,0.026614600067570923
36151,0.01949462328827499
36152,-0.005945273973860368
36153,-0.005473504616830417
36154,0.04426737257697412
36155,0.07250853171836338
36156,0.01545077118383095
36157,0.056769894759671743
36158,0.044349781671996186
36159,-0.03952524314631712
36160,0.022209021800311538
36161,0.0027432433176507384
36162,-0.02070105774434529
36163,-0.010726969261396137
36164,0.034282493754435484
36165,0.007936643737309259
36166,-0.002024424962590053
36167,0.02288417758199136
36168,0.014035464073472401
36169,0.04602197404839037
36170,0.0375763532543924
36171,-0.023540196907649667
36172,-0.00022515915421771754
36173,0.03866066508528351
36174,0.013086128952247443
36175,0.007913812690914367
36176,0.1365114224498175
36177,0.07062489338961714
36178,-0.00030629602479186405
36179,0.07011377500980492
36180,0.04292326999721066
36181,0.017499639544370664
36182,-0.017799473642948864
36183,0.019864728043020887
36184,0.02405183459698416
36185,0.05798546340624523
36186,0.05988275524723767
36187,0.03321280157647964
36188,0.008657273972241981
36189,0.023965660054781544
36190,0.022406029851102523
36191,-0.0022703301519379077
36192,0.05170116817641697
36193,-0.015883394080265935
36194,-0.02426742065309771
36195,-0.01174449514339648
36196,0.012130971491216199
36197,0.025618646329951554
36198,0.016282857490356493
36199,0.004770302375761169
36200,0.044855489996005464
36201,0.04592238903620907
36202,0.07287295094296856
36203,0.014521705127751163
36204,-0.004949026510227494
36205,0.026193986452765536
36206,0.036692159178264155
36207,0.046897513226629786
36208,0.06552167250117616
36209,0.04984393905729308
36210,0.01588203632252593
36211,0.052832626058821074
36212,0.0028650617137626205
36213,0.04721654674985148
36214,0.04649534946977464
36215,0.02603428277242358
36216,0.048003160668883424
36217,0.011313801997355322
36218,0.027816148222478906
36219,0.04229725312010703
36220,0.010839146582288652
36221,0.03798380869111167
36222,0.04332046378121083
36223,0.06405081938463406
36224,0.04861424632294306
36225,0.055871653320391707
36226,-0.034679879378314474
36227,-0.009552464726875712
36228,0.04940928264312691
36229,0.039986953312287334
36230,0.019437843124841564
36231,-0.02299887327800451
36232,0.013648116485775368
36233,-0.05108898978256597
36234,0.020607702855527092
36235,0.019007462762800492
36236,-0.009900786845633638
36237,0.036490569319331825
36238,0.03764617458301134
36239,0.0699978727410783
36240,0.08025743306684614
36241,-0.02726753683261173
36242,0.02406044088135403
36243,0.02872034257309425
36244,0.032683774482176256
36245,0.07029705764888258
36246,0.032082759527166306
36247,0.0019047019606141836
36248,0.05330701864456
36249,-0.013965767329323017
36250,-0.002383243534105836
36251,-0.04406704327442565
36252,-0.001714348131846264
36253,0.029617009273385474
36254,0.0630564865842777
36255,0.009953860471137353
36256,-0.00781940799691732
36257,0.04327198412935311
36258,0.006694147677445431
36259,-0.020774983117377813
36260,0.025904903140199734
36261,-0.0075520647137783566
36262,0.05970026320524995
36263,0.03243942921389312
36264,0.08618262366030269
36265,-0.01745562434720589
36266,0.02386685549625614
36267,0.045541377963217305
36268,0.06398877585150572
36269,0.06240480200868953
36270,0.01719368877707001
36271,-0.0021775996368586896
36272,0.08536697071861733
36273,0.09595876700097508
36274,-0.01323756913656763
36275,0.035740111066208335
36276,0.02533382872332282
36277,0.008851715162818349
36278,0.042440820897820516
36279,0.004638574644090298
36280,0.03558636845863111
36281,-0.00639659951434687
36282,0.018423365131173215
36283,0.02561648282979082
36284,0.04394187229279769
36285,0.03323244779945249
36286,-0.009239940367750776
36287,0.023717926950454327
36288,0.05120403944511297
36289,0.006786294649458072
36290,0.05428873176551933
36291,0.012827789820909334
36292,0.054298491065675344
36293,0.011815023564291647
36294,0.015838402175291647
36295,0.08548296319638712
36296,0.014538316187888754
36297,0.033125214070847724
36298,0.04654976269446715
36299,0.024188655891947294
36300,0.07795912412188656
36301,0.012945550662802048
36302,0.006433418663794814
36303,0.04852970316052931
36304,0.024186022657598474
36305,0.051855054490118624
36306,0.032519248957442716
36307,-0.058120690535962444
36308,-0.008370722691376977
36309,0.03047370818803792
36310,0.0629130276565287
36311,0.032191981822126625
36312,0.027213352194268105
36313,0.03131514500110085
36314,0.04275686388831862
36315,0.04435738232473517
36316,0.026832509893480856
36317,0.016322635612355633
36318,0.013713771928117863
36319,0.042187989370781095
36320,0.0017893041199574834
36321,0.023524356614073986
36322,0.015275707622332813
36323,0.009172684448767891
36324,-0.017652687487672222
36325,-0.04770630013600721
36326,0.026316717721870227
36327,0.09765393760265231
36328,0.013411893899831412
36329,0.04414218517937822
36330,0.017387282620683515
36331,-0.03679109140079874
36332,-0.03406468327988189
36333,-0.004626611799334834
36334,0.02518506331787291
36335,0.0249259138972422
36336,-0.017069983234080703
36337,-0.015163719338486092
36338,-0.00024206177352267821
36339,0.03926543988714861
36340,-0.012709297081673177
36341,0.03293041924058516
36342,0.05966954997656895
36343,0.03753286235821608
36344,0.01262026068022393
36345,0.012252066530252941
36346,0.0347343501844239
36347,0.08133143269846213
36348,-0.03173406559913103
36349,-0.0004395598077804007
36350,0.023256222379959182
36351,0.008401070289021314
36352,0.07616960661866558
36353,0.0374406140178903
36354,0.12356202720671923
36355,0.009143500676844534
36356,-0.01822353610844296
36357,0.08096350058691014
36358,-0.005029515403129129
36359,-0.03474267670322423
36360,0.05825337658863757
36361,0.0011573114518017603
36362,-0.006999151443243496
36363,-0.016292840888905945
36364,0.06266819331093816
36365,0.02019634152427985
36366,-0.009043478826595903
36367,-0.004002039057242019
36368,0.0041406175072412656
36369,0.0721246522461442
36370,0.01812962797614896
36371,0.0091249950853531
36372,-0.005726590436312025
36373,0.0794512299026497
36374,-0.001488949871825445
36375,0.053504618030608006
36376,0.009955173488584514
36377,0.036195980565474406
36378,-0.0018829502385008384
36379,0.029950928024080347
36380,0.00010484958135411476
36381,0.0033905568087194103
36382,0.06058945618877127
36383,0.05074082459631535
36384,0.030349218391126576
36385,0.03314990001005462
36386,-0.018230086986857436
36387,0.04195532768687857
36388,0.07713006487522411
36389,0.00025289142296592085
36390,0.024589507257934542
36391,0.014299906329116823
36392,-0.006150902141767254
36393,0.036121401569693116
36394,0.09497210321800774
36395,0.04601752909446586
36396,-0.005927420839521854
36397,-0.004484626619825113
36398,0.03156440748850822
36399,0.013898096498718229
36400,-0.00011174876614033005
36401,0.04550549773702116
36402,0.06506386506464663
36403,0.04113105648514065
36404,-0.03501532609908138
36405,-0.03311335667354297
36406,-0.0048764136066837445
36407,0.037419029754014406
36408,0.0328079718912949
36409,0.019148902375570404
36410,0.017853220077236047
36411,0.03203015620544418
36412,0.027166625685402696
36413,0.00818453746075589
36414,0.05083872461068907
36415,0.059283637945239664
36416,0.03135715268306861
36417,0.0074307081688757895
36418,0.02894999253633351
36419,0.013354045305335372
36420,0.05301283107672054
36421,0.06396008791874111
36422,0.047788436238709577
36423,0.02904904323987457
36424,0.04480165837933095
36425,0.06718245971708538
36426,0.013284877944807932
36427,0.11775400978265751
36428,0.02212228316883283
36429,0.029502319570303172
36430,0.017159217659405358
36431,0.006162554435303221
36432,0.03998605365792113
36433,-0.02847817915926144
36434,0.04456933297815431
36435,0.014862410657463835
36436,0.016693190965170003
36437,0.02579579900731154
36438,-0.025650589356397798
36439,-0.00818743427525137
36440,0.021425113397910724
36441,0.079683965045668
36442,0.0028930554096601203
36443,-0.009371715043521182
36444,0.04028887217319555
36445,-0.0021292794327801845
36446,0.016444027913867683
36447,0.024607287724142238
36448,0.0262881941215121
36449,-0.01643117058105676
36450,0.04517886227012984
36451,-0.010566632137596121
36452,0.0023500365946943873
36453,0.0231524244246782
36454,0.058556865819483106
36455,0.02266635925020379
36456,0.04343449813705489
36457,0.015641439944197588
36458,0.007657876482958816
36459,0.04137562116832864
36460,0.034750168878850914
36461,0.0028315847863567695
36462,0.05569715165118689
36463,0.000508096970327377
36464,0.003930824622699763
36465,0.033836989942771636
36466,-0.001258635593204535
36467,0.02913449407527355
36468,0.0327772485359413
36469,0.05861686546033293
36470,0.07799561975640536
36471,0.05889950593931831
36472,0.010242299921936353
36473,0.004596183585426759
36474,-0.030470953496517888
36475,0.04183718605458584
36476,-0.003503819014072769
36477,0.023853489636334636
36478,0.051678743972019506
36479,0.02740054512515363
36480,0.04641009323165292
36481,0.02221328590551615
36482,0.04181503491321396
36483,0.051106358488789756
36484,-0.03507378828744007
36485,0.03112120428745749
36486,0.00723496824575337
36487,-0.01204311397272887
36488,0.02952516881437628
36489,0.02559082959661727
36490,-0.023525530994014464
36491,0.10150685498211168
36492,0.046109804843379606
36493,0.055038725607905584
36494,0.06386941358893271
36495,-0.0020468658168925034
36496,0.05107296197117498
36497,0.04751496273048127
36498,-0.028088399372272383
36499,0.0336420028555387
36500,0.01743744260888829
36501,0.0641620340605911
36502,-0.007106136203062923
36503,0.023929569867705218
36504,0.01738605789215932
36505,0.05654343189728981
36506,-0.015404544429279132
36507,0.07613407745974655
36508,0.075573455433082
36509,0.0063409371039367425
36510,0.013248121419204607
36511,0.014682171163375281
36512,0.040754260519314106
36513,0.09046637414810343
36514,0.028295188191759867
36515,0.041014918345911436
36516,0.020783963115873813
36517,0.04179209944179682
36518,0.030601199307496798
36519,0.045191600493042536
36520,0.05088134793227369
36521,-0.0007522430194228415
36522,0.016662362247491902
36523,-0.0014570232438934523
36524,-0.012627129300116124
36525,-0.016588619704170124
36526,0.01211817014518178
36527,0.030365943611874755
36528,0.028213233471686777
36529,0.02880013290559962
36530,0.06375619248876761
36531,0.015725498978360217
36532,0.02675520716695809
36533,0.015371761568026304
36534,0.044431532344261594
36535,0.03572358771258703
36536,0.0025457307650665617
36537,0.09047520047223177
36538,-0.007094875420223256
36539,0.053631552939445035
36540,0.08207493905932123
36541,0.01145487471729784
36542,0.03482154021364472
36543,0.019467593250108002
36544,0.020038331302939978
36545,0.07080436160926906
36546,0.02420007929295068
36547,0.04783264845187189
36548,0.03938988850414982
36549,0.03014724975652385
36550,0.04978322707657497
36551,0.08191375280767213
36552,0.003421024677720628
36553,0.04205789487946376
36554,-0.022950144478004357
36555,-0.013799380651324387
36556,0.02558426718228878
36557,0.0009188161563702876
36558,0.06016272633387085
36559,-0.00374614235282655
36560,0.03360550040847851
36561,0.006809003676451871
36562,0.033688020025588794
36563,0.0065311587151956445
36564,0.038629714664499305
36565,0.04566561720598381
36566,0.00914106277070494
36567,-0.038344406748187586
36568,0.08505128989325746
36569,0.04091427242079025
36570,-0.056748985143370095
36571,-0.025069102415169502
36572,0.08692933465638741
36573,0.07182993741866028
36574,0.03281390554162164
36575,0.05778009560167922
36576,-0.0060669182908763795
36577,0.028724095785369934
36578,0.0033803496003961403
36579,0.03813864128525491
36580,0.033975651982551584
36581,0.012959853815026547
36582,0.050574244574500576
36583,0.027034505941878867
36584,0.038988876675729256
36585,0.012857783995188853
36586,-0.02696130478999559
36587,0.05278801261893924
36588,0.04658276121412132
36589,0.06657772981812321
36590,0.07025153498905642
36591,-0.00883741697185889
36592,0.014083236880725318
36593,0.023199909414987948
36594,0.04758566605003603
36595,-0.004062014064397185
36596,0.055336424645959115
36597,0.07213640387354979
36598,0.023426698558435703
36599,0.024091209769389454
36600,0.034443073854715935
36601,0.10062913788549094
36602,-0.01931840472052732
36603,0.06144132068838615
36604,-0.018194569463459376
36605,0.011853878147995076
36606,0.016427282220134447
36607,0.00849867740301519
36608,0.042643302973818756
36609,0.019936796895264126
36610,0.09905837943404572
36611,0.019424653829244562
36612,0.027323262891523384
36613,0.07565323393080407
36614,0.03160316835100751
36615,-0.006021389800049154
36616,0.07071232250701283
36617,0.022071953504775768
36618,0.08183632339431096
36619,-0.006899306462794068
36620,0.011364149718032807
36621,0.003714240968467373
36622,0.0072941037224843325
36623,0.045400514856147094
36624,-0.0020439431708993115
36625,0.03367323655468901
36626,0.04948692173836994
36627,0.0783573987555045
36628,0.021067433582273067
36629,0.013418844011516537
36630,0.03843528074956571
36631,0.06809254735482864
36632,0.00860800681211248
36633,0.045177274341974424
36634,0.010255301441848146
36635,0.04278420742726658
36636,0.061648876072986185
36637,0.03672158138040864
36638,0.04055145830300479
36639,0.018710600633730902
36640,0.053973279636801645
36641,0.0031339031113146072
36642,0.0016067987559127556
36643,0.057659654579795605
36644,0.04264017899380976
36645,0.05695468643812161
36646,0.010294360746795645
36647,0.04895846648194283
36648,0.055358493581926044
36649,0.042144487068500595
36650,0.023005009582859812
36651,0.03490530333556733
36652,-0.045865464771528794
36653,-0.0240201586089598
36654,0.11165294283281747
36655,0.0094705175541713
36656,0.050079686987705305
36657,0.009735998629945442
36658,0.02700646334713469
36659,-0.03411191820237888
36660,0.0042570669885026585
36661,0.04746789285844638
36662,0.02535008693527064
36663,-0.06371666472768847
36664,0.0015957217754763997
36665,-1.9204394216158077e-05
36666,0.04176132469869157
36667,0.0564160622441998
36668,-0.04241914848545551
36669,-0.010736891158022892
36670,0.0802831944211953
36671,0.03646802627827423
36672,0.00856032654994002
36673,0.05266478540065314
36674,-0.027557596458988125
36675,0.02769672919882097
36676,0.07273618862480061
36677,0.05788956458323256
36678,0.014057366935585226
36679,0.017610064834247305
36680,-0.005080124862795236
36681,0.02334922135530709
36682,0.033969044735117165
36683,0.013991630658169774
36684,0.023115098836408006
36685,0.029880213576080398
36686,0.018774394388971133
36687,0.005726247532020636
36688,-0.0046729125449742545
36689,0.013105490749536285
36690,0.04783907780796038
36691,0.03912754189100872
36692,0.06331631275093617
36693,0.01766420677707989
36694,0.009451270710343886
36695,0.022300011681481394
36696,0.00424504627933792
36697,0.056476639855860454
36698,-0.026696898249681834
36699,0.039162818906146826
36700,0.037505301398568724
36701,0.03622289443052407
36702,0.06336746350988848
36703,0.0679313549948958
36704,0.052252820585016374
36705,0.06635209971978409
36706,0.02817793889647757
36707,0.060774434142500104
36708,0.015759085106811597
36709,-0.0034826944146534554
36710,0.07151137402033503
36711,-0.020869490901663235
36712,0.04336738408863197
36713,-0.006664770387618663
36714,-0.006365085228689733
36715,0.025547853973816488
36716,0.007700749990930508
36717,0.036898435781872393
36718,0.003954353696978944
36719,-0.039071862401510865
36720,0.06803649979034453
36721,0.05116978737878705
36722,0.04404949863522585
36723,0.0580147226808312
36724,0.004071802180599517
36725,0.00903678485040603
36726,0.03485169461415296
36727,0.03771209080489901
36728,0.07419636480079814
36729,0.021894960131669673
36730,-0.044632274163002895
36731,-0.003698688367922063
36732,0.01591467517832961
36733,0.05267832865823077
36734,0.056510481228857774
36735,0.007414974300275767
36736,-0.004336279410477754
36737,0.04149112425945914
36738,0.014369043523900171
36739,0.10628338112610672
36740,-0.011170362077804467
36741,0.027179696627157274
36742,0.03914039055239344
36743,0.046119713315735965
36744,0.011291481677602383
36745,0.005162667578822996
36746,-0.0032991239197587563
36747,0.009471468937116069
36748,0.02356607160493593
36749,0.05151129013478638
36750,0.05534600930050748
36751,0.020779294574417524
36752,0.023868981628369933
36753,0.04524978575623714
36754,-0.00952344147233411
36755,0.00047004386587311264
36756,0.019642547216673155
36757,-0.03162287797382831
36758,-0.015635670684858147
36759,0.013691045394250857
36760,-0.009120844776638472
36761,0.0592451877635007
36762,0.0459727450470466
36763,0.005508416565725503
36764,0.01896245426588202
36765,0.038836450240461964
36766,0.0415183599773247
36767,0.05620141141283522
36768,0.019063624002117734
36769,0.03236821032074222
36770,0.005559249670887511
36771,-0.009670749780399723
36772,0.0072990602127221554
36773,0.035707289897475056
36774,0.05374034951125814
36775,0.01930960547593577
36776,0.05604927315586584
36777,0.08537068015472818
36778,0.03648033261824335
36779,0.049664210020694474
36780,0.0005002286879332157
36781,0.045973770626418775
36782,0.04330110306154296
36783,0.040964538384962
36784,0.05630320369360817
36785,0.025200716679691818
36786,0.03356164500395976
36787,0.0086013236385468
36788,0.04193669533163584
36789,0.07921563232550895
36790,-0.07142793114726709
36791,-5.645462941034768e-05
36792,-0.03213932775395989
36793,-0.031210854387524273
36794,0.018779410210076203
36795,0.043357385865824646
36796,0.0025247756990325956
36797,0.03456787148175976
36798,0.04088784186126021
36799,0.0148285465426169
36800,0.0012619782306500897
36801,-0.020952340731082243
36802,0.07059912854733594
36803,0.016471113180379394
36804,-0.008145481980641668
36805,0.031023420908177692
36806,0.04603949550328002
36807,0.04530549404222611
36808,0.04082407430859085
36809,0.009090421504167612
36810,0.0575113114294605
36811,-0.0025666372047516775
36812,0.012502813011476162
36813,0.06989465480187079
36814,0.028010491959149182
36815,0.07428280956536826
36816,0.05453034677204048
36817,0.05507722692755883
36818,0.0568091769691034
36819,0.024124374937684406
36820,0.04531537834370368
36821,0.07586220377101796
36822,-0.007491321675860377
36823,-0.009847445471800907
36824,0.014276444008739168
36825,0.05567240596259879
36826,0.07406191880598724
36827,-0.002458738227110957
36828,-0.02467198597041592
36829,0.03391124139050802
36830,0.018648493664800057
36831,0.040467754316116857
36832,0.011918175531223204
36833,-0.0009502094683099468
36834,0.0014492523135724508
36835,0.05009200329886565
36836,0.04315135002400401
36837,0.008154522848153201
36838,-0.005231178417709946
36839,0.02492079294006631
36840,0.034589493472328564
36841,0.0839750243595746
36842,0.06112931323957903
36843,0.06638493108456597
36844,0.03273462934959
36845,0.06418267976658382
36846,-0.032448356269873704
36847,0.0783542206802876
36848,0.04928626099169528
36849,0.021246677070969805
36850,-0.02039075244307882
36851,-0.06006632345920305
36852,0.0035366549336831032
36853,0.0341939524730034
36854,0.038705915533849555
36855,0.0294513583265055
36856,-0.01884148634361641
36857,0.07967459449116032
36858,0.07100639131006438
36859,0.0010851533069318811
36860,-0.006751593220223881
36861,-0.001282464701888586
36862,0.0015702572446645614
36863,0.03167977342844932
36864,0.008467282134133215
36865,0.07113275470228692
36866,0.004880872058213595
36867,0.04268487361269159
36868,0.13075332113552057
36869,0.06002268244153693
36870,0.00651169130454635
36871,0.06176117094119425
36872,-0.006018732182892089
36873,0.010795770650346183
36874,0.042326159198779974
36875,-0.03718447135002337
36876,-0.0005782359160422454
36877,0.07869377424107887
36878,0.06127937444446768
36879,0.04260834340162758
36880,0.01734352002907573
36881,0.009516438655281463
36882,0.08484166538781199
36883,0.04468509807046629
36884,0.006706058307774935
36885,-0.0035082682162981133
36886,0.005404368893031648
36887,0.06603153992342287
36888,-0.027493611490065073
36889,0.07835027320135926
36890,0.03177062050764238
36891,0.030836693316242225
36892,0.062376489183681945
36893,0.046285564552634065
36894,0.014621417926233931
36895,0.02015562187407246
36896,0.01508869248882757
36897,0.027106637054987014
36898,0.0631164926304927
36899,0.04562653478659299
36900,0.025614524294701752
36901,0.0741723892816481
36902,0.008471620444649504
36903,0.02047998985579031
36904,0.03377668725592394
36905,0.02660338003779925
36906,0.04885659428216231
36907,-0.06633493488991687
36908,0.07510910512286537
36909,0.040306144257381785
36910,0.05918921826929124
36911,-0.014305608970837602
36912,-0.012019873986661225
36913,0.03834125619931271
36914,0.07946977673601283
36915,0.012993336966275512
36916,0.06701095625548051
36917,0.04327279733958389
36918,-0.04152518094157099
36919,0.07324965081606041
36920,0.04457589120323388
36921,0.027502189950723874
36922,0.027291309701545398
36923,0.01244288421380886
36924,0.015679323064850353
36925,0.06927740112724518
36926,0.010630560706579327
36927,0.020873366334675715
36928,0.0012905799127306064
36929,0.01607956173941779
36930,0.02861544765264061
36931,0.0885751215285269
36932,-0.013034917609067609
36933,0.05367568042192834
36934,-0.0016238664367224445
36935,0.044356732906456385
36936,0.02495598608510204
36937,0.049868137601566345
36938,-0.023440683112879945
36939,0.022946212500836463
36940,0.01807700027613819
36941,-0.011214479491297703
36942,0.05041305958294405
36943,0.017944807279153256
36944,0.0566991641354804
36945,0.0022798688066899137
36946,0.05004514548671981
36947,0.05395095236966866
36948,0.0024299230538524265
36949,0.029959169438598082
36950,0.04991372336604605
36951,0.08215408376049045
36952,0.02706954309534364
36953,0.06712721411439809
36954,0.010556255238128864
36955,0.05729362603153178
36956,0.018284639653807125
36957,0.03754504878192677
36958,0.007541040667782151
36959,0.010452391659425402
36960,0.014753462638606822
36961,0.057223946138498544
36962,0.005775825299103088
36963,0.033025511006349054
36964,-0.024703921800975498
36965,0.013003967712142052
36966,0.03649104563748703
36967,0.06632123907586347
36968,0.0006951023201657094
36969,0.06588976224499422
36970,0.021357423247478392
36971,-0.00341642662031464
36972,0.08518176478448578
36973,0.0446862688528044
36974,0.02077864225006939
36975,0.008347540967170927
36976,0.051305617232966685
36977,0.029398620324201277
36978,0.04583068026265514
36979,0.006398415412966721
36980,0.04177154368554856
36981,0.04815994873479229
36982,0.04848214802890737
36983,0.032060780752077564
36984,0.038676047657914436
36985,0.08417656707709056
36986,0.03983284074176646
36987,0.021449887610336935
36988,-0.0055188222682375915
36989,0.009796320162807428
36990,0.020605173544530824
36991,0.11458174808127328
36992,0.034242484359390896
36993,0.0715885394912103
36994,0.0443081879043834
36995,0.07670773639747991
36996,0.029003099680930355
36997,0.016346079572891418
36998,0.0585314051316196
36999,0.002670242561712142
37000,0.019968436199382655
37001,0.01717231943291079
37002,0.007345084654381051
37003,0.06995171845828566
37004,0.05299407212045246
37005,0.03616231374486465
37006,0.023176622152387992
37007,0.026629630969110554
37008,0.0665295564369143
37009,-0.021202278783598316
37010,-0.008813228701094349
37011,-0.003649607075751092
37012,0.04134245578247669
37013,0.02752962988674067
37014,0.037708687695617533
37015,0.041215733005180985
37016,-0.0005013199520501402
37017,0.024856269567761546
37018,0.04498689602377745
37019,0.11871453034571322
37020,0.06393674845886257
37021,0.017515511924543918
37022,0.052149378690939385
37023,0.021501029665390928
37024,0.061283938885270714
37025,0.029917155372409708
37026,0.023532098560011008
37027,0.06562465063947073
37028,0.03789982367578175
37029,0.03168905987471042
37030,0.033154990895891565
37031,0.03472504595334589
37032,-0.02287668610211563
37033,0.03132388019284265
37034,0.057005254761702706
37035,0.02221953339215385
37036,0.08481611017214587
37037,0.04765646938353345
37038,0.033501800840070935
37039,0.007720657157359766
37040,0.0506933442303564
37041,0.016320530436090292
37042,0.04432662338217573
37043,0.021803466122296784
37044,0.05666460717460045
37045,0.0075176731461335
37046,0.05767687968586445
37047,0.02533926251800047
37048,0.025134343230228125
37049,-0.004291510075257604
37050,0.02961136096157698
37051,0.056906311189094616
37052,0.02623503130514925
37053,0.0821055974126251
37054,0.058120972732558264
37055,0.03065286051109708
37056,0.04624488101373754
37057,0.008339905065855635
37058,0.05983609419705176
37059,-0.013925402450241937
37060,0.024572753182987996
37061,0.05090438752516165
37062,0.04370892240052463
37063,0.015776699632711614
37064,0.07253233599167626
37065,0.036387934526875575
37066,0.05130464979720381
37067,0.048300825491590926
37068,0.03624739379886279
37069,-0.03195741983808677
37070,0.008883416103355142
37071,0.013622750902013092
37072,0.05023296365921604
37073,-0.0016527144336856286
37074,0.061494446942301474
37075,0.04321857966116555
37076,0.026948551408381385
37077,0.04681995258356745
37078,-0.006239438444513669
37079,0.09920699573719224
37080,-0.009037432235603868
37081,0.09344283344871795
37082,0.002611962173728756
37083,0.04098139580846892
37084,0.08126485554389312
37085,0.0185937805897632
37086,0.014917878844634715
37087,0.03293339201904496
37088,0.07884966555324387
37089,0.01851035205177732
37090,-0.018772972092980872
37091,0.0735062685750826
37092,0.05320814198675855
37093,0.01928049866577494
37094,0.09077318918822569
37095,-0.031073690949479385
37096,0.05293003924131716
37097,0.011760799771428288
37098,0.03160371989834205
37099,0.04171844122862625
37100,0.08421611230389844
37101,0.07647022434908446
37102,-0.02428465331917317
37103,0.08148230657599176
37104,0.04682538622383263
37105,0.060759151224343874
37106,-0.03041624726347851
37107,0.0482048074603583
37108,0.015286329070205686
37109,0.022355888893077214
37110,0.05794724179011107
37111,0.019941349239229966
37112,0.0865445403017356
37113,0.05435939931991976
37114,0.04359769441849973
37115,0.03494148053880572
37116,0.012137715871273217
37117,-0.0037055903891878086
37118,0.02849407333446246
37119,0.009397873454113397
37120,-0.0211154781594632
37121,0.09644235598053649
37122,0.04669388402931095
37123,0.02971254617381157
37124,0.054446420822406694
37125,0.018409750458513688
37126,-0.01484062077989333
37127,0.04317811072611861
37128,0.019022977786349142
37129,0.00043636537090681327
37130,0.011781416013787373
37131,-0.025155350996738816
37132,-0.01625287211486879
37133,0.042015652769653404
37134,0.06167864869842067
37135,0.04666532582195783
37136,0.02824584280064708
37137,0.02443759181917496
37138,0.05637928616251347
37139,0.042515114179938585
37140,0.06166569452127816
37141,0.029722637322899925
37142,0.05085622297255897
37143,0.014325227511567031
37144,0.022971412912159234
37145,0.013058123556628755
37146,0.012550002170097191
37147,-0.0021785694314852
37148,0.062328617923215944
37149,0.04640246809817999
37150,0.020642186036382355
37151,0.012771926634059686
37152,0.04161245129606463
37153,0.030012141331328963
37154,0.032149435250756885
37155,0.08863463614314653
37156,-0.0016904668627053254
37157,0.05146270327603775
37158,0.020502695107348895
37159,0.002649226488268687
37160,0.07341994123514474
37161,0.007099293560835808
37162,0.029167424790895298
37163,0.04544221592600696
37164,0.009880026431334
37165,0.006818526211584124
37166,-0.013375730075772162
37167,0.01240562855519799
37168,0.02232910370766493
37169,0.03501257827808305
37170,0.007438263133964326
37171,0.051984977849642615
37172,0.012228682703506098
37173,0.036777431860189
37174,0.00919481160034075
37175,0.02939645567475133
37176,0.0481066073706357
37177,0.04797293734231529
37178,0.0613328348935347
37179,0.0833539323294044
37180,0.053009342731132156
37181,-8.759896919134647e-05
37182,0.050612096379419616
37183,-0.009417832813002555
37184,0.005834003638745398
37185,0.031859494365669754
37186,0.04357647391155663
37187,0.1072060776389887
37188,0.049347419006536754
37189,0.04375737477011122
37190,0.04124049806097343
37191,0.01672333955819957
37192,0.002877393041507491
37193,0.05161896281978872
37194,-0.013219516870335658
37195,0.00939558547638513
37196,0.05685367087449205
37197,-0.017412091118609724
37198,0.04421937267083145
37199,0.03248629752649807
37200,0.0026713542162201953
37201,0.05942908325387332
37202,0.07220694015804689
37203,0.05479018829758488
37204,0.014931378094383989
37205,0.07565047028357672
37206,0.008482453087194957
37207,0.05941929117106516
37208,0.013282619131115024
37209,0.07029041214298223
37210,0.07738563963760353
37211,0.005007389530415761
37212,0.03164189599862004
37213,-0.015625325594794244
37214,0.07845329381503038
37215,0.023975101390559597
37216,0.01648880373533002
37217,0.05487728496306202
37218,0.027791818673367746
37219,0.02607995028868924
37220,0.04201241258964973
37221,0.05013566941476546
37222,0.03807164082361288
37223,0.06466650546288753
37224,0.1166794945148991
37225,0.02226512744882727
37226,0.0005481580605903175
37227,0.08780272023725642
37228,0.014387476291168416
37229,0.0633930725501577
37230,0.012821102644188443
37231,0.07847588712002533
37232,0.011168230116271036
37233,0.05328039841987378
37234,0.00460224072753538
37235,-0.01379620206265797
37236,-0.002058350111699657
37237,0.03813810976193938
37238,0.02281707201452722
37239,-0.03738844131058096
37240,0.012494998456307627
37241,0.04426026051838707
37242,0.052811296278512804
37243,0.05551440478447764
37244,0.03603056331711845
37245,0.05056889904329643
37246,0.06398580322053767
37247,0.017977660151036374
37248,-0.0025394074965810753
37249,0.07421203041629501
37250,0.007527249326855383
37251,0.06748260048766494
37252,0.005938539457610106
37253,0.06736905516690507
37254,0.030808123319408465
37255,0.08021393248095657
37256,0.030702228362784044
37257,0.029881943217015774
37258,0.05519645843049725
37259,0.026946941148954275
37260,0.03562736781770193
37261,0.03193053575360528
37262,1.9529126944348163e-05
37263,0.055344599589578665
37264,0.026971559045343034
37265,0.018126494445292515
37266,0.03758788459414385
37267,0.04583495115935433
37268,0.04291134495220586
37269,0.013794635934048068
37270,-0.02466930562946961
37271,0.023948633748887352
37272,-0.016216683494218738
37273,0.0685527120777221
37274,0.035075196322901535
37275,0.06543494137953974
37276,0.05614740372441168
37277,-0.02339487197101986
37278,0.047463642125589435
37279,0.01113576468592408
37280,-0.01936828951721377
37281,0.02716526068161082
37282,0.016268566798644867
37283,0.02604023726219582
37284,0.06071091647417916
37285,0.010477431837826338
37286,-0.004299118720041843
37287,0.03484503616549534
37288,0.040208272210250494
37289,0.04968617753860449
37290,0.0586225525215231
37291,0.05995201812467612
37292,0.051534230619265174
37293,0.01100549143569652
37294,-0.029064141039767295
37295,0.06708849447771231
37296,0.04321235285572037
37297,0.02256833070967128
37298,0.06036216102748604
37299,0.051602602220891185
37300,0.030741384936223207
37301,0.033312585354148876
37302,-0.006293289500183229
37303,0.008922685851930897
37304,0.017489336338800326
37305,0.051971608033403914
37306,0.035054138556697215
37307,-0.008943993500286851
37308,-0.018613338556345276
37309,0.04449045967630121
37310,0.0032045828220473166
37311,0.07509534426511263
37312,0.08792583186355725
37313,0.03999340933619113
37314,0.018934907342636156
37315,0.009977318117772551
37316,0.05001811033244145
37317,0.0358087752378607
37318,0.027497437647443924
37319,0.009417403654165223
37320,0.020321761994216106
37321,0.05396060184794953
37322,0.007213276442459986
37323,0.039010077492906234
37324,0.07831192419197817
37325,0.013778117790375657
37326,0.03045348578380944
37327,0.05145388707403308
37328,0.0784210538708299
37329,0.03260366316836312
37330,0.04171313076660772
37331,0.08593458153236407
37332,0.06271053238938323
37333,0.08590257427962639
37334,0.028933080998577672
37335,0.04042328052074271
37336,0.06754274161687256
37337,-0.009561823663923517
37338,0.0440713624556976
37339,0.0175301949447187
37340,0.019961928703901555
37341,0.05155418300414881
37342,0.03220569090926895
37343,0.08130536206126837
37344,0.04509891961035333
37345,0.04547607236907043
37346,0.017928105863614967
37347,0.059094408406833596
37348,0.06095520783800126
37349,0.05761848808267477
37350,0.07395323109754978
37351,0.07337266253868524
37352,0.09173843325648795
37353,0.007337863140185259
37354,0.05005266536426455
37355,-0.0015398121324389016
37356,0.053281088614191424
37357,0.029001862155637603
37358,0.04993121077874618
37359,0.03175853316536876
37360,0.02108771807770652
37361,0.07701984673714796
37362,0.08620920881945607
37363,0.019674865499052407
37364,0.08393192161765678
37365,0.04163503191993608
37366,0.011499624325230544
37367,0.07747723950524782
37368,0.04904211792376293
37369,0.05090796045889516
37370,0.007786237222117399
37371,0.005357502457944953
37372,0.030769003104257252
37373,0.0013954369035648478
37374,0.030692292873710256
37375,0.03135850643268538
37376,0.048022703523455584
37377,0.071247152005157
37378,0.06470178182103481
37379,0.039311319230681416
37380,0.03681252315356073
37381,0.021123455777454996
37382,0.017866513428432332
37383,0.05267422959373382
37384,0.036317416466818714
37385,-0.026999160951904154
37386,0.07202764317883623
37387,0.05471975737306964
37388,0.05672460548959099
37389,0.06561016238579528
37390,0.07524512474225256
37391,-0.0038652783305591007
37392,0.045783109833885255
37393,0.05467188145284141
37394,0.011488224078774093
37395,-0.007927459688949028
37396,0.020739676132463438
37397,0.006877542258054498
37398,0.03975489185532732
37399,0.0697689109372377
37400,0.005206503639967781
37401,0.08042773720973295
37402,0.002736472157035784
37403,0.00906390818530281
37404,0.07317301147543369
37405,-0.007987939671118854
37406,0.05143505867532404
37407,0.01244269127167677
37408,0.02227856374366151
37409,0.02201988954174221
37410,0.05466608818689861
37411,0.01780337740284188
37412,0.05100905662905544
37413,0.05001636968477053
37414,0.0428612422516205
37415,0.043424047084778435
37416,0.08805118294038364
37417,0.06597588923168593
37418,0.04960436344681034
37419,0.09074258830391088
37420,-0.01196745851600075
37421,-0.014885715494545877
37422,0.058478350159107295
37423,-0.01150331800359819
37424,0.009175152222460795
37425,0.03897258283051069
37426,-0.014700234381260315
37427,0.058800411292229585
37428,0.025020912615460703
37429,0.029183103890956682
37430,0.029629354089394787
37431,0.04896095974870573
37432,0.04685672241632457
37433,0.03822216168610884
37434,-0.005019897048416627
37435,0.035229898214197655
37436,0.015028675155532866
37437,0.024831229495395145
37438,0.07585490520991156
37439,0.010309630986426219
37440,0.015163376380915847
37441,0.00959322723112134
37442,0.07591894093361612
37443,0.04949760374996376
37444,0.012250427034831025
37445,-0.004820766155726013
37446,0.02083663376015378
37447,0.01609717289911439
37448,0.05169901636374443
37449,0.005235502688283128
37450,0.04844988312063332
37451,-0.005144559566863431
37452,0.0647838951671481
37453,0.04012332922217341
37454,0.04455223149999799
37455,0.06383308021951167
37456,0.007434855305191241
37457,0.006237476673547668
37458,0.035029192326228545
37459,0.06267790375257311
37460,0.07058149971956591
37461,0.0957714994030422
37462,0.019996526327687756
37463,0.0644645851893828
37464,0.028853625575975914
37465,0.047654179557294854
37466,0.04643071899269091
37467,0.02115875827228891
37468,0.012169497047121242
37469,0.07858212561885744
37470,0.04513385783883621
37471,-0.06969784102785401
37472,0.03695191111177729
37473,-0.016700547134523146
37474,0.026701725747407354
37475,0.0657090289273986
37476,0.015551046536153999
37477,0.03497882215051186
37478,0.047206154886942506
37479,0.042847776444415016
37480,0.035739361365403836
37481,0.0315061628733065
37482,0.03517875183272148
37483,0.04933926517576976
37484,0.04268606390290512
37485,0.03900762267052508
37486,0.06024866377253441
37487,0.03844173256492193
37488,0.020341483250756645
37489,0.06624874159661832
37490,0.041629500543057106
37491,0.009564338611522654
37492,0.06966622690477732
37493,0.042585807098163474
37494,0.05497499381637656
37495,0.05106427474518773
37496,0.02597147063173725
37497,0.09051070297106037
37498,0.058909453629937374
37499,0.05198239019816616
37500,0.023053264453872065
37501,0.020845913288468968
37502,0.023486225765059397
37503,0.04688527105084325
37504,0.03823205817547039
37505,0.03881348060316821
37506,0.0401641869611597
37507,0.02545249249358785
37508,0.03851148197031004
37509,0.029049349712176396
37510,0.03390099636716245
37511,0.028391394797696656
37512,0.041295122572353335
37513,0.06250029786039037
37514,0.031081180199306044
37515,0.004975303680127573
37516,-0.0030949619595423347
37517,0.044243569161513376
37518,0.03807049612424542
37519,0.02693824814836486
37520,0.02425204634878867
37521,0.03944138940966735
37522,0.026745427429208435
37523,0.03231987395733544
37524,0.07624362246811556
37525,0.020195311300931402
37526,0.01605314844381728
37527,0.027684440929270797
37528,6.128203812185568e-05
37529,0.03192623440732015
37530,0.04137427830673096
37531,0.024602657206446242
37532,0.10478616814703498
37533,0.06732971717034371
37534,-0.0012043925507637457
37535,0.03409394693089731
37536,0.09177296802727698
37537,0.016573590325771027
37538,0.0642901167184141
37539,0.030373495554803544
37540,0.08322140189606497
37541,0.04150246351628034
37542,0.018355591295217695
37543,0.08188405707338783
37544,0.06828905131384432
37545,0.0008967638230117925
37546,0.0463993198562925
37547,0.009411638163455874
37548,-0.003987011474121428
37549,0.007211788324068727
37550,-0.011406374867255549
37551,0.060172132640811116
37552,0.07244782759152538
37553,0.007269188931955245
37554,0.06015027286896586
37555,0.049695535712467924
37556,-0.002977288761362183
37557,0.039415926036525266
37558,-0.006323657473233477
37559,0.046038924133235654
37560,0.026605302775010137
37561,0.04648863636432641
37562,0.03754451359905994
37563,0.02034266320243889
37564,0.061738497447750826
37565,0.04600334097302081
37566,0.039183583626955065
37567,0.05178259162777351
37568,0.03164364724142239
37569,-0.022266712006562515
37570,0.0708016802972299
37571,0.006789818963534366
37572,0.03663757504082068
37573,0.01917651312858994
37574,0.027793344532182136
37575,0.02608539257788391
37576,0.029811497071843857
37577,-0.01816577785533853
37578,0.04461090860504422
37579,0.09670442776671494
37580,0.051698968642996446
37581,0.020299753486706405
37582,0.04561221147252288
37583,0.02403907042291608
37584,-0.008974297758942318
37585,0.07342063048783931
37586,0.05792719756750708
37587,0.03207007248983778
37588,0.03633823791804187
37589,0.031248424500042907
37590,0.03648709725423655
37591,0.07785951003558757
37592,0.07443634657488539
37593,-0.00331229720794584
37594,-0.004947066827266665
37595,0.04585488169080023
37596,0.01593342853717545
37597,0.08576419710584451
37598,0.09469662372771903
37599,0.04217547657985054
37600,0.0023857855615790624
37601,0.02513399327567759
37602,0.06523732546687273
37603,0.05263648986251723
37604,0.04607257279428974
37605,-0.006217000978080117
37606,0.0779846445639229
37607,0.06788728532285403
37608,0.029534993263296228
37609,-0.014744810963789934
37610,0.03067519120249849
37611,0.026578659923573368
37612,0.05748285468041693
37613,0.0034114128357651888
37614,0.009169343907157672
37615,0.08098167729650144
37616,0.0380215984030983
37617,0.010522070417674563
37618,0.03721469068744373
37619,0.020680359306217238
37620,0.06341366036604952
37621,0.04986065452725827
37622,0.03410869367759867
37623,0.03137559923056814
37624,0.013081901392405927
37625,0.04599900557904971
37626,0.053209401547493436
37627,0.03941528225832221
37628,0.079880577284764
37629,-0.03206046069943172
37630,-0.02648884985171781
37631,0.02474066896468525
37632,-0.023937974238957896
37633,0.018732949529440143
37634,0.0034515143451594593
37635,0.08405484539822602
37636,0.04043658279054809
37637,0.02571677119125459
37638,0.028958241964601974
37639,0.04821127445887299
37640,0.037673198101079934
37641,0.005529939978197562
37642,0.06947486898311955
37643,0.003774405508469983
37644,0.024909454294544366
37645,0.12028365399541507
37646,0.048521635522417374
37647,0.08229112955939613
37648,0.046353941430104524
37649,0.05691001219167727
37650,0.02108201243422986
37651,0.015957369724377668
37652,0.01969565738796587
37653,0.07521764279301864
37654,-0.0161517729661314
37655,0.03596351672919345
37656,0.024788058231645024
37657,0.04556363182648132
37658,0.059737608780532844
37659,0.014575761482990997
37660,-0.01108051785883462
37661,0.025299258712924395
37662,0.04697922259738107
37663,0.0426007214073504
37664,0.06462445959405734
37665,0.01449469285894842
37666,0.029335686320900355
37667,0.06788057038125775
37668,0.0626654399851124
37669,-0.04145495511636316
37670,0.023295197304286176
37671,0.015469251567407211
37672,0.022247102659881897
37673,0.0357392157894196
37674,0.09129313392542471
37675,0.039073003590617265
37676,0.06307349335163288
37677,0.03776189989103575
37678,0.015581352617780288
37679,0.02231765898527595
37680,0.05839169507949468
37681,0.07164794536054081
37682,0.05058534305704544
37683,-0.0009686113349985787
37684,0.015364075874217276
37685,0.023122657119042066
37686,0.05249388473737467
37687,0.018650664614667037
37688,0.0147188726450692
37689,-0.013953401481808472
37690,0.048752632488083904
37691,0.07669695047960907
37692,0.011741961615808327
37693,0.06274440079519625
37694,0.05893853197197271
37695,0.022056751453043914
37696,0.07287406778264921
37697,0.07388536884567516
37698,0.03392380931039137
37699,-0.022104869995977335
37700,0.03588881721156246
37701,0.06168797934648685
37702,0.023157769185519327
37703,0.06886803045955059
37704,0.012128071932795921
37705,-0.008163100612963797
37706,0.07065159504187118
37707,0.04033552968583473
37708,0.05604974768771129
37709,0.07804971741212803
37710,0.05681577062576561
37711,0.03269517864057698
37712,0.01784929652226844
37713,0.022684627469575475
37714,0.04256277981993606
37715,0.06862037791497243
37716,0.04302448118598329
37717,0.023761953481970625
37718,0.07950702570607385
37719,0.06460482295728473
37720,0.050143132813461624
37721,0.07415243554356571
37722,0.055890039221736146
37723,-0.012679652244336419
37724,0.09224090588138631
37725,0.03370347700828429
37726,0.08458489544556566
37727,0.009832235557989663
37728,0.029472915987790615
37729,0.026086468558181072
37730,0.04531224367746767
37731,0.03683229800825076
37732,0.07069525108009703
37733,0.06369983093240142
37734,-0.002041611079337591
37735,0.025967522061072425
37736,0.045012251014620336
37737,0.006972449623385661
37738,0.05226075803809603
37739,0.03734928911350295
37740,0.045373818415084255
37741,0.0315752419929181
37742,0.02695638831268045
37743,0.10795191915994501
37744,0.02412417335335657
37745,0.019383131997593915
37746,0.05266729079131746
37747,0.047090182427877485
37748,0.05949313601760675
37749,0.015742480595756503
37750,0.019056221011648736
37751,-0.002210536947194419
37752,0.05880225979304575
37753,0.03964842532420035
37754,0.048002938115716744
37755,0.03673023794377014
37756,0.053555267547850345
37757,0.04705864898704515
37758,0.008296069569743367
37759,0.06326014166259467
37760,0.028144422103312604
37761,0.026366511002371716
37762,0.038186421310448665
37763,0.007210063407636837
37764,0.03382631325872418
37765,0.05541781949657683
37766,-0.04290248140643311
37767,0.09137962420592369
37768,0.060846232521682586
37769,0.05281335362402331
37770,0.053845553933536724
37771,0.03721019835102074
37772,0.017900492873290492
37773,0.0509509564344864
37774,0.02379566240094023
37775,0.062499147626966005
37776,0.06387491529138596
37777,0.09864658635912978
37778,0.08058519575952552
37779,0.0027978742029441395
37780,0.033055525769977945
37781,0.0227959118412534
37782,0.05475340158671124
37783,0.02390622829572458
37784,0.016738719637304115
37785,-0.01971597476454553
37786,0.041431119329354275
37787,0.005444812575695554
37788,0.08525803895253733
37789,0.027814575401543334
37790,0.07965481414312903
37791,0.020202736253237947
37792,0.0483188430150361
37793,0.00373284869499127
37794,0.04398048224145007
37795,0.025832531782590165
37796,-0.0014754492487335513
37797,0.045824197160044454
37798,-0.018912222635254883
37799,0.0164673053509538
37800,0.02205480093080924
37801,0.04063070415390214
37802,0.09224841193985411
37803,0.07185589033880499
37804,-0.01248564706143724
37805,0.04684422481828204
37806,0.05811593735229757
37807,0.08811064566864979
37808,0.07716231195152011
37809,0.024810810500611336
37810,0.012263343613256372
37811,0.0585679392280872
37812,0.049097210866630485
37813,0.03912074599534839
37814,0.03131014006969987
37815,-0.006506956892034378
37816,0.06071878541728658
37817,0.06956118783577087
37818,-0.027725293492589342
37819,0.0765192742134165
37820,0.09403751142906656
37821,0.02632468231033179
37822,0.02758942533290696
37823,0.04252196370909587
37824,0.053031147246584975
37825,-0.004372587392811447
37826,0.056659209452316214
37827,-0.0028590945769538315
37828,0.009440314804485234
37829,0.045468937806419765
37830,0.0500205862874263
37831,0.0254665100899861
37832,0.006950878688240264
37833,0.019731561766366198
37834,0.013290649661897521
37835,0.05673853601252682
37836,0.02754666025899344
37837,0.017351691436837277
37838,0.01619772429858876
37839,0.0051858858830706595
37840,0.0315950909372975
37841,0.04605697789102628
37842,0.07665315315869661
37843,0.04396902500899855
37844,0.09168309221692138
37845,0.027497135865930583
37846,0.033807825282315004
37847,0.049745229179317556
37848,0.06868364996688886
37849,0.047523455199696155
37850,0.06319374286591584
37851,0.06586415192199
37852,0.05519314605700802
37853,0.1139839376453422
37854,0.039562012628487124
37855,-0.005642761458548286
37856,0.02063604790064347
37857,0.056828148851483656
37858,0.051615737808775486
37859,0.09015747999712342
37860,0.10186401941866444
37861,0.046084849679001075
37862,0.05379616242599837
37863,0.08521268341095417
37864,0.10689554009044636
37865,0.0659254091712122
37866,0.013229538467838288
37867,0.004826106497063047
37868,0.054963435978100265
37869,0.052746644296107086
37870,0.041719147277515294
37871,0.02312212995860628
37872,0.03977890037761369
37873,0.03331065421227933
37874,0.02217714024374813
37875,0.07813105748893837
37876,0.035890354658630635
37877,0.04734420631390667
37878,0.07540986003602831
37879,0.05718184202327748
37880,0.014710786576810592
37881,0.04205953681864972
37882,0.05988766858899451
37883,0.01983142606702445
37884,0.05945139837329104
37885,0.0038072833218565916
37886,-0.004745468421120752
37887,0.06414633670534496
37888,0.022694653510443273
37889,0.006641584089294661
37890,-0.020524859184130072
37891,0.002356902427424208
37892,0.04105283950090237
37893,0.1377092399084495
37894,0.043435366890787835
37895,0.029375890981808095
37896,-0.016098004352524627
37897,0.04685238867806831
37898,0.03540665020551303
37899,0.04625556239139944
37900,0.05694980243257569
37901,0.019246743410446823
37902,0.05225090881561
37903,0.056894328094213256
37904,0.03797015041900916
37905,0.04536806406848778
37906,0.026006234608396104
37907,0.09609655141061155
37908,0.041465148379938345
37909,0.052802517873250854
37910,0.002935662363746143
37911,0.02929512288339052
37912,0.06694158789381574
37913,0.09359944793140233
37914,0.06917361804749454
37915,0.02935949281997703
37916,0.015689022336625218
37917,0.06124749490793141
37918,0.08501632882040216
37919,0.037552851466155265
37920,0.05155436910284835
37921,0.04851487095662115
37922,0.05026268514539473
37923,0.059471892301235396
37924,-0.023665759878381272
37925,0.06029030923868446
37926,0.04774128137225763
37927,-0.0051888435229173885
37928,0.010550195404695047
37929,0.04453225091520952
37930,0.1069146693416295
37931,0.03669607100440117
37932,0.06166541294533892
37933,0.03166014551511727
37934,0.07737595375912824
37935,0.008738026928120465
37936,0.09513898178826785
37937,0.07945993088490902
37938,-0.018467918742764107
37939,0.027866331469129077
37940,0.07664751751787999
37941,0.05254055655227831
37942,0.0774476497739888
37943,0.07591251039155947
37944,0.02971937931779462
37945,0.040567267996277655
37946,0.03424729187866145
37947,0.06036597397682877
37948,0.07036804942085505
37949,0.11280150979263645
37950,0.039660803941763655
37951,-0.05187306119379264
37952,0.03781642768819524
37953,0.08675625881897364
37954,0.06883028264215935
37955,-0.015507286756922638
37956,0.04146517276205278
37957,-0.007658049285175064
37958,0.04573715863426621
37959,0.05741499461345156
37960,0.0594637233642708
37961,0.042813592338922006
37962,0.08504287953716846
37963,0.09881053640964191
37964,0.043130713964721554
37965,0.051916933106831056
37966,0.004953752119849102
37967,0.07496952817777305
37968,0.008224117812587632
37969,0.0476647458241002
37970,0.045843178229471496
37971,-0.013592454485944885
37972,0.013913133147987894
37973,0.031184267234910475
37974,0.05411867703198671
37975,0.068740916584171
37976,0.01195205973278568
37977,0.08471148788836597
37978,0.03910453662327478
37979,0.05481916478015239
37980,0.07756348579497256
37981,0.03774530128320894
37982,0.07363806956841541
37983,0.041391372324160534
37984,0.02290994944484783
37985,-0.008605466128187626
37986,0.05748298506747839
37987,0.04053921591194411
37988,-0.00489943357151959
37989,0.028349529755143113
37990,0.006869270815244029
37991,0.05498554457799541
37992,0.050075784721692926
37993,0.06063192538291279
37994,-0.005391342396242997
37995,0.08319681152627731
37996,0.07106062075414299
37997,0.053794427427665506
37998,0.09014261068087875
37999,0.07319790156264859
38000,0.06279864733326693
38001,0.03767144087799599
38002,0.06284857206099423
38003,0.06027157949162949
38004,0.07001730146411095
38005,0.09349608943110846
38006,0.08809476994966325
38007,0.0684451547869343
38008,0.038896643962963405
38009,0.08491495142685881
38010,0.018404854384267054
38011,0.031456730372387165
38012,0.09651152413068138
38013,0.030954392157152393
38014,0.07094903221068727
38015,0.04177804496636178
38016,0.005343472915938015
38017,0.04009432968357074
38018,0.06272974253315428
38019,0.03917499622943007
38020,0.03382508549182612
38021,0.013875653775010228
38022,-0.0031787495520894313
38023,0.07529848203402273
38024,0.038476125187115594
38025,0.07245604852541401
38026,0.0787426091819188
38027,0.04182354718773724
38028,-0.007560208723105609
38029,0.038355152453149424
38030,0.03569053052923593
38031,0.003984449775971927
38032,0.07138915088475553
38033,-0.0195583534305689
38034,0.05402887691495423
38035,0.09548034790486319
38036,0.06597159848903503
38037,-0.02283971038642163
38038,0.07510179668848645
38039,0.014794143451999604
38040,0.060431180004525006
38041,0.039316691124782345
38042,0.04978566357492031
38043,0.08884264642582579
38044,0.06799672473921986
38045,0.03146577296172787
38046,0.0144252188784228
38047,0.048992803650261436
38048,0.03535114759407033
38049,0.009806064055763064
38050,0.05189265778660794
38051,0.08255359532733736
38052,0.05175998102982116
38053,0.04247126208873151
38054,0.07501852156254175
38055,0.04993235414591585
38056,0.04656798948610369
38057,0.08863817759960849
38058,0.01919173122609307
38059,0.05611888634514191
38060,0.01190185714093002
38061,0.0217756964056108
38062,0.053687280399005124
38063,0.007390417992998395
38064,0.06570811451943723
38065,0.08373003481119443
38066,0.026338875629177107
38067,0.07554135906891482
38068,0.08844083418206472
38069,0.06917184777758693
38070,0.008654349609596289
38071,0.04458195604843513
38072,0.09640891963737828
38073,0.0188235873444375
38074,0.06520888773196779
38075,0.07012874927695154
38076,-0.00740989643689282
38077,0.06818155785678387
38078,0.07864260420934643
38079,0.035459164444123996
38080,0.036525485322330686
38081,0.04193168482535533
38082,-0.007556040348780657
38083,0.06293839972809384
38084,0.01720998591887844
38085,0.044434799945120194
38086,0.018563536136687896
38087,0.08296112927653441
38088,0.05487679620074877
38089,0.014294481346514183
38090,0.03266937177136338
38091,0.04174285551237539
38092,0.06366515782509359
38093,-0.009329215401939442
38094,0.009257241775692274
38095,0.0004215932773984771
38096,0.050787761359140614
38097,0.05657472348774241
38098,0.04391202982955279
38099,0.060229824520490235
38100,0.025844128500871755
38101,0.015805409041862072
38102,0.06921969012803034
38103,0.04108833655015432
38104,0.08640252331773107
38105,0.0647131327339161
38106,0.07719706743391166
38107,-0.005668833619517713
38108,0.02575721557693379
38109,0.02580622093837973
38110,0.05499585654769342
38111,0.01659746898898473
38112,0.04638493195983243
38113,0.05945476810883576
38114,0.05209455738241264
38115,0.047011624248250894
38116,0.04452798614419027
38117,0.05981341783460151
38118,0.05403156474425944
38119,0.029595876831324835
38120,0.0846351928516622
38121,-0.03441544684905174
38122,0.022877659321077073
38123,0.043723949787801655
38124,0.05411982307738322
38125,0.034680793454974435
38126,-0.002675523532928166
38127,0.06499841757983886
38128,0.06521171338163975
38129,0.03489618141936786
38130,0.06525229627139746
38131,0.04832456201313404
38132,0.017199123187653292
38133,-0.002437731439300775
38134,0.043989147508784784
38135,0.07328925915717407
38136,0.03129547825464067
38137,0.05627095910450653
38138,-0.014696984863093267
38139,0.007870928279811527
38140,0.024790971227256108
38141,0.032768039857044094
38142,0.0691242791168416
38143,0.07728109995607395
38144,0.07561071090744613
38145,0.04211571935663642
38146,0.03806474021412662
38147,0.06968226172663333
38148,0.04766589951930921
38149,0.029031606162350836
38150,0.03735007976870448
38151,0.04827499740431041
38152,0.0416779000600002
38153,0.017139505811968016
38154,0.057880712833314
38155,0.032980841198065415
38156,0.06097891089832805
38157,0.016009712744863507
38158,0.05161840543557719
38159,0.021197819330833503
38160,0.04498280270200235
38161,0.023433999395947768
38162,0.025340790277108408
38163,0.017181207724396394
38164,-0.008062991571836195
38165,0.024089883036745974
38166,0.06712189215645334
38167,0.0794181608801044
38168,-0.02640958236473999
38169,0.08777173006578924
38170,-0.03734863035276202
38171,0.026483550351604036
38172,0.10843947008317015
38173,0.0460759724313369
38174,0.05550220017408359
38175,0.04797834898091665
38176,-0.011768542136467976
38177,0.047328761349067786
38178,0.050803361402448254
38179,0.05828856628981276
38180,0.006473594107766038
38181,0.03294807379128883
38182,0.09651522167348844
38183,0.04932585151457528
38184,0.0376289375490592
38185,0.027271576818092932
38186,0.03423630463862873
38187,-0.01615253194888369
38188,0.026044032843776595
38189,0.11305769907976339
38190,0.038714437507790925
38191,0.06650620813853117
38192,0.0434447671152863
38193,0.03506809051998012
38194,0.03146396582065468
38195,0.04637500186352183
38196,0.05788861113844137
38197,0.09732011784502756
38198,0.013178772609213171
38199,0.0354532755979408
38200,0.057302291233035985
38201,0.0397785945786024
38202,0.059823170443931095
38203,0.043274781786510785
38204,0.02289827851774066
38205,0.05311682570912513
38206,0.028419901296291388
38207,0.04692502970194235
38208,0.02845639693188577
38209,0.06902765388749696
38210,0.06336443777702029
38211,0.07585993174848879
38212,0.04280377599629919
38213,0.06503226084183014
38214,0.06560250292995473
38215,0.036884799799663255
38216,-0.0026472090229585493
38217,0.04664073314225591
38218,0.0627506803992812
38219,-0.06436627392801801
38220,0.039318718557692166
38221,0.03161604658393618
38222,0.0654710417076147
38223,-0.005622764258873876
38224,0.07263269185299795
38225,0.036679960351935464
38226,0.049531140400711944
38227,0.05526332056483024
38228,0.023954764608870468
38229,-0.018787468339535825
38230,0.11061333965089003
38231,0.03709940412196418
38232,0.07566307426329291
38233,0.029072740650638515
38234,0.05951089581519579
38235,0.039433314222849826
38236,0.026556458330637266
38237,0.06942419971576486
38238,0.0600185620495957
38239,0.0028259521508709404
38240,0.08341766770216477
38241,0.10718786708593596
38242,0.058750919128384024
38243,0.0500782674945514
38244,0.03707115751868422
38245,0.05200505552153456
38246,0.05063679318479657
38247,0.06998140798042746
38248,0.08409088357637197
38249,0.12139498834996487
38250,0.032579149402518826
38251,0.07671621164566242
38252,0.08808269424511378
38253,0.02962026075373366
38254,0.015564283201487523
38255,0.012701187795140262
38256,0.02400901351031519
38257,0.04135479611277773
38258,0.03936146364573419
38259,0.09207158761661226
38260,0.07329536131370962
38261,0.016674322136830354
38262,0.0056842505465316134
38263,-0.011164929335234337
38264,0.03676237149719624
38265,0.012293424040170663
38266,0.05289812057766432
38267,0.07701330174367851
38268,0.04295777571656591
38269,0.07473636691511787
38270,0.026795873876316854
38271,0.050270751875746866
38272,0.05381221212181627
38273,0.020498648419747963
38274,0.004244190592178815
38275,0.03785660379822066
38276,0.03965412584317607
38277,0.018810660683425937
38278,0.028307445499031116
38279,0.03452735099359917
38280,0.02203638649032218
38281,0.04343877522053408
38282,0.07002080489500807
38283,0.03645217238093142
38284,0.002238807279170557
38285,0.06556062118667574
38286,0.0327155037969147
38287,0.03157768915878359
38288,0.08099151016456951
38289,0.029297054142886875
38290,0.10721769446079486
38291,0.06791116708341748
38292,0.07203541877341671
38293,0.058684653375888615
38294,0.06965426970941359
38295,0.11885428819656721
38296,0.049314985256032826
38297,0.03650983928523813
38298,0.08012024480250371
38299,0.07713477781176876
38300,0.0281722175646236
38301,0.05641045973280451
38302,0.014791917977534923
38303,0.06792040372893618
38304,0.06245804030185305
38305,0.033525224416225886
38306,0.043693926866025835
38307,0.1115418858598216
38308,0.0648525322475184
38309,0.06201493352257026
38310,0.027654776282563215
38311,0.030153624725636652
38312,0.031233316121720416
38313,0.06800463536890879
38314,0.04074333623643686
38315,0.0765997561319766
38316,0.06506159718148594
38317,0.03399736742564615
38318,0.013259482873638276
38319,0.07078893049023906
38320,0.07470226191850146
38321,0.05444612498228128
38322,0.04852239089164972
38323,-0.008598784896971724
38324,0.06142646766171027
38325,0.03657335312580677
38326,0.0647175445770696
38327,0.035804663170729174
38328,0.052007720513945255
38329,0.06539837294745104
38330,0.040408149926394174
38331,0.04387987826108958
38332,-0.005070748816362061
38333,0.04448252463752087
38334,0.04706055552545011
38335,0.014390230860224451
38336,0.08281794102485027
38337,0.06164624611958883
38338,0.09746731143776664
38339,0.08173793917785413
38340,0.08000448163147611
38341,0.026470948877151235
38342,0.05911097717980398
38343,0.030405145047850045
38344,0.05641255025308242
38345,0.03433059151842962
38346,0.0680078347010156
38347,0.06392134029173287
38348,0.030267376131208445
38349,0.11112746499043287
38350,0.025040109444580506
38351,0.022723173064326693
38352,0.06584000777961818
38353,0.05969593960370562
38354,0.0568861829647101
38355,0.06111257192008815
38356,0.07454799299280415
38357,0.044861799375003064
38358,0.08959794219501319
38359,0.02034258983867274
38360,0.044520152067429965
38361,0.01258378830730418
38362,0.012465979952192445
38363,0.009591166298329047
38364,0.031294288051824576
38365,0.04917779616873397
38366,0.01778437916535628
38367,0.02407071424018115
38368,0.004299617309527347
38369,0.016748325962362802
38370,0.03326813116734596
38371,0.03307868173613926
38372,0.052757277835647334
38373,0.011079496835756326
38374,0.08669669670762117
38375,0.030975501627352756
38376,0.02684237975014674
38377,0.07317830783771373
38378,0.11088387423874652
38379,0.015113793677932884
38380,0.08808593573342702
38381,0.0484302317950976
38382,0.027459892242650597
38383,0.0409059951609623
38384,0.10255861946675107
38385,0.04172346197084065
38386,0.02961236433306952
38387,0.062240317221011754
38388,0.04235681213222156
38389,0.03229508967295272
38390,0.08839306322381191
38391,0.05972775862820759
38392,0.053535280389400364
38393,0.021829239749556358
38394,0.061325135820223475
38395,0.012718839809397302
38396,0.04385956648426423
38397,0.06622495400112016
38398,0.048810817327461835
38399,0.05571975436098629
38400,0.05162211011295657
38401,0.06959690523320866
38402,0.03381026992622191
38403,-0.0008873022178974566
38404,-0.009851949313678804
38405,0.00966328304641774
38406,0.012501627308416911
38407,0.02241776770756158
38408,0.010202269092924883
38409,0.11264074713747632
38410,0.0485328067821745
38411,0.023293362914605372
38412,-0.0016579253040222425
38413,0.04158715818760078
38414,0.08765152693015181
38415,0.06572191001644244
38416,0.07288338759240717
38417,0.011016060448350296
38418,0.02255136535728034
38419,0.03858023929141079
38420,0.08165995409997984
38421,0.0014341799109019865
38422,0.1002682704111224
38423,0.05895791459334979
38424,0.08610233949296991
38425,0.06347738971336901
38426,0.05650590231288503
38427,0.05707134437278484
38428,0.05971964992607263
38429,0.010968287946962162
38430,0.011599675154199879
38431,0.04870402830402096
38432,0.08134234211167865
38433,0.06963719877908568
38434,0.061252381011390425
38435,0.07306625319035112
38436,0.09102780244573414
38437,0.043753875795260626
38438,0.08518111009426962
38439,0.008827694253443284
38440,0.0564385374971301
38441,0.007306217998649625
38442,0.0808916843549233
38443,0.029221661865568044
38444,0.028747303142575897
38445,0.10043508653298222
38446,0.025755358008283227
38447,0.0516410775704215
38448,0.03160292115527473
38449,0.05920413020061349
38450,0.06367047545436665
38451,0.04602967224310551
38452,0.040318830295282354
38453,-0.006532571729702806
38454,0.03986306731086468
38455,0.06858662059515905
38456,0.04149024027281972
38457,0.052896785710074425
38458,0.039623779745221105
38459,0.05301485957530686
38460,0.0032982637406604107
38461,-0.020412984879493716
38462,0.09375304807582208
38463,0.0373968677881024
38464,0.059426031320599856
38465,0.09522208501805263
38466,0.006350130779397403
38467,-0.029956296071532683
38468,0.048318441672436624
38469,0.07092184789057761
38470,0.0713631474286761
38471,0.06177648453486606
38472,0.05620318621977434
38473,0.06562984331526037
38474,0.04408560756746655
38475,0.0928675270091589
38476,0.025763201579946927
38477,0.015130536711322674
38478,0.018046131508780757
38479,0.046848673248879064
38480,0.04228277451622675
38481,0.08685897168385483
38482,0.061795683612831415
38483,0.03232708265299746
38484,0.03206846010228347
38485,0.016697183104214273
38486,0.0408006163744798
38487,0.030250069718473393
38488,0.0396041811628346
38489,0.032436878166420935
38490,0.07930194008106571
38491,0.07503851246822799
38492,0.06540505314724447
38493,0.03238445394607918
38494,0.08303216929670518
38495,0.04622894944425571
38496,0.08908063276497749
38497,0.06540245528380632
38498,0.03793008813224092
38499,0.03828390872211776
38500,0.08377994705105588
38501,0.07037998566503406
38502,0.02894107702990405
38503,0.0534436168163504
38504,0.04858298508633168
38505,0.03851401440898489
38506,0.011341771965754609
38507,0.07256354733243331
38508,0.05227855494175365
38509,0.026465946759316374
38510,0.05312256032153301
38511,0.04296743644492477
38512,0.026119081223786637
38513,0.06793720694438986
38514,0.0864411305202947
38515,0.11265306141253181
38516,0.06370228165435916
38517,0.08726934961198884
38518,0.09729881753159214
38519,0.0969850381679277
38520,0.0630903065309025
38521,0.07730967308686135
38522,0.1294671061559554
38523,0.08723469925899206
38524,0.10351000833991877
38525,0.08719347800182778
38526,0.07808996371249034
38527,0.03621753908299618
38528,0.0426610225848946
38529,0.08465506216032534
38530,0.04276507157285958
38531,0.04073242353793399
38532,-0.021736703945994716
38533,0.03605204333684972
38534,0.03650047218695399
38535,0.08435308642968758
38536,0.04291602332467102
38537,0.050745619190257815
38538,0.04173474570685206
38539,0.05487455235531376
38540,0.07737187592496055
38541,0.022900755291791405
38542,0.01843096167601657
38543,0.03656792455016032
38544,0.034764062067450474
38545,0.06437235460225427
38546,0.03749727072354389
38547,0.05067303456200769
38548,0.05894899954333725
38549,0.045664930837893115
38550,0.027546663357044227
38551,0.07495211891521444
38552,0.06506999177057368
38553,0.042940514228702195
38554,0.07865566167672927
38555,0.08860374316362675
38556,0.09715657348792348
38557,0.034745332471158984
38558,0.045495188103489945
38559,0.08646761548776848
38560,0.06378780026053064
38561,0.03835341818045541
38562,0.02673112453513939
38563,0.12194268342806064
38564,0.1179449480704724
38565,0.06276489508614515
38566,0.0021075935825556544
38567,0.024503364596398635
38568,-0.020662735194352112
38569,0.016150532010527602
38570,0.10871768615957106
38571,0.02654843345033802
38572,0.037038663977856726
38573,0.05558259055043184
38574,0.06352198091639648
38575,0.029341767890763735
38576,0.06513156275915077
38577,0.10149968771079755
38578,0.11448944031501046
38579,0.028108287408997398
38580,0.04381963625269132
38581,0.04464814137912876
38582,0.022508257684537205
38583,0.008127430464608273
38584,0.052522850576185866
38585,0.04386254307701833
38586,0.07030956100950639
38587,0.061625777326019725
38588,0.06349372293283054
38589,0.03799684820284169
38590,0.0719908871492835
38591,0.04977307431096741
38592,0.06230664669667472
38593,0.08458058482896968
38594,0.06086251222165747
38595,0.05506082159135565
38596,0.008672991226591861
38597,0.05541744593429264
38598,0.043666740687071284
38599,0.04735959349150846
38600,0.04746991117312819
38601,0.061263171476764494
38602,0.04405468743003222
38603,0.0707305539404938
38604,0.06441648186249027
38605,-0.030122658314923584
38606,0.0915317472582147
38607,0.026876808830668335
38608,0.061174950343863874
38609,0.09801784384654924
38610,0.06505237254531832
38611,0.05226895391099548
38612,0.035523489336919685
38613,0.002775070777486885
38614,0.0744187412575037
38615,0.016197706584301655
38616,0.03703594846856938
38617,0.07326056217838808
38618,0.10311561640926396
38619,0.073207065821318
38620,0.035581900881263034
38621,0.049016927494946676
38622,0.0018908939106238379
38623,0.0023124883944015337
38624,0.0442872298200039
38625,0.05292322549231022
38626,0.04433596703273914
38627,0.060109458011408434
38628,0.05395525478257192
38629,0.09425946474610644
38630,0.028336345338183258
38631,0.03924878270118353
38632,0.020669663022315016
38633,0.08983318156489095
38634,0.08575100152981058
38635,0.05708815276318423
38636,0.09702260083192626
38637,0.01498916681907251
38638,0.08354111519042803
38639,0.09098727837012446
38640,0.08354228946890105
38641,-0.0011511724377515492
38642,0.04822007220411147
38643,0.08401368779091647
38644,0.02526419980806864
38645,0.059159471736625675
38646,0.03487782952884712
38647,0.04990911387226398
38648,0.08853026194492872
38649,0.04839484050671087
38650,0.08654183024923717
38651,0.027634337430792064
38652,0.07466755423407123
38653,0.008607583462931612
38654,0.07674790732114244
38655,0.04802010207871477
38656,0.05243792669078859
38657,0.08709349799683433
38658,0.04151975184123413
38659,0.08034491527045648
38660,0.12596282100384912
38661,0.0391476323823167
38662,0.06325996648628701
38663,0.10110618650156722
38664,0.03150090162393686
38665,0.07754961241092727
38666,0.05991885585889828
38667,0.06050681175920741
38668,0.05751464139579886
38669,-0.013856569089536912
38670,0.058253133127116545
38671,0.0326720912057092
38672,0.06463328181518858
38673,0.007685276794799037
38674,0.005807546467080947
38675,0.04153378243424975
38676,0.030709608790842596
38677,0.09571775807339465
38678,0.024656439639941487
38679,0.08724867249127354
38680,0.029192873836819254
38681,0.13867992795149747
38682,0.0580559557289239
38683,0.06567735206185196
38684,0.0823352506728581
38685,-0.010365293115207841
38686,0.04733202671320105
38687,0.031204967753036217
38688,0.062411102002682774
38689,0.02343227498715707
38690,0.09393106907446452
38691,0.07289080914124624
38692,0.09223771156210844
38693,0.08692071548254968
38694,0.031089600161188273
38695,0.05932192752885797
38696,0.0674664739038307
38697,0.10737881400101681
38698,0.08230175413324473
38699,0.11863260173548046
38700,0.01221609859088972
38701,0.04959482926238276
38702,0.04750182581955711
38703,0.06924699171724814
38704,0.033096855611678154
38705,0.030385491266892845
38706,0.04014092884118094
38707,0.033998334960776776
38708,0.05294476152148431
38709,0.0608605163577544
38710,0.013857305076481495
38711,0.04810029337090754
38712,0.07903918611555333
38713,0.07396863221153094
38714,0.08984328370615616
38715,0.061754020940145926
38716,0.07675144137747963
38717,0.04647942474543513
38718,0.0977023865057001
38719,0.010020383827846313
38720,0.07478893713434033
38721,0.04082005456859332
38722,0.0001429553017684923
38723,0.0465583330857266
38724,0.03883602260907216
38725,0.06639401021915106
38726,0.09864215555687841
38727,0.07730286586739259
38728,0.03239356860599636
38729,0.08904239675904735
38730,0.011283026184113844
38731,-0.014606981602419244
38732,0.11635585329270422
38733,0.06375278690533934
38734,0.023578286054081493
38735,0.11417707490521609
38736,0.10918705372866472
38737,0.07815321745653721
38738,0.02046501401807005
38739,0.06097827159344435
38740,0.12993630897242203
38741,0.04783545476874246
38742,0.004958171605003912
38743,-0.0037492681425372945
38744,0.06562252890505324
38745,0.053126834745771304
38746,0.02487165208256891
38747,0.04516687726858666
38748,0.03201052949578449
38749,0.06902667442517543
38750,0.10538428719811219
38751,0.0685898227073538
38752,0.06879500610933414
38753,0.029833833022922213
38754,0.03415133544667372
38755,0.06366393322450113
38756,0.07205247091014992
38757,0.028389660917548402
38758,0.03891778838521366
38759,0.0322864828096783
38760,0.06013332619787974
38761,0.0741602133866041
38762,0.04281618473702155
38763,0.007427919955494376
38764,0.04294311893339623
38765,0.05198538232849483
38766,0.0028916783043392777
38767,0.09029454325943245
38768,0.05564771353807466
38769,0.051561123243542846
38770,-0.042762324118710525
38771,0.06827901622432767
38772,0.040367939862206895
38773,0.03527937999644738
38774,0.07783528579605695
38775,0.11141655192109565
38776,0.04386995564771977
38777,0.049994336196500344
38778,0.10661669284990155
38779,0.0570645064590912
38780,0.021206590087663707
38781,0.06027865204404248
38782,0.06875824827657548
38783,0.05719556081855777
38784,0.10440618561964585
38785,0.02171323633909688
38786,0.04049567217124691
38787,0.038954123394155896
38788,0.0059072845574112826
38789,0.07359578140235826
38790,0.021644412507391856
38791,0.04480091188973652
38792,0.07386389750051815
38793,-0.004449152058569043
38794,-0.0019452259481296877
38795,0.06050412084295031
38796,0.11090036574558484
38797,0.028954625702737543
38798,0.07777826471575962
38799,0.05434214765380273
38800,0.05706302970493928
38801,0.07423416166286217
38802,0.055228007185008005
38803,0.0073114891872102725
38804,0.04443443813292693
38805,0.017617733064923494
38806,0.011060507367308917
38807,0.04362959389916748
38808,0.008054205956078156
38809,0.035092301556876856
38810,-0.014170020375675274
38811,0.0360999512022502
38812,0.02262178313731666
38813,0.015772223291724494
38814,0.08023980343413772
38815,0.07307226151011947
38816,0.029503410727874577
38817,0.038630868027594155
38818,0.05829907653413098
38819,0.06923588514353626
38820,0.020164367920638766
38821,0.018456818896082916
38822,0.12276865562629109
38823,0.06722837061783245
38824,0.017563981414475474
38825,0.04824981616998515
38826,0.0843404654953761
38827,0.07024478008491447
38828,0.007949542235379116
38829,0.04782783328589431
38830,0.009085414393810033
38831,0.02010149400583673
38832,0.03268519660303905
38833,0.08520776125259165
38834,0.07688234591695622
38835,0.019501681566546067
38836,0.07351624759467808
38837,0.054557323813177724
38838,0.0384473764876265
38839,0.04740684246409757
38840,0.09723758833962842
38841,0.05284660196800596
38842,0.05786738991552449
38843,0.028674044550429087
38844,-0.0028989126550831162
38845,0.09382427315477468
38846,0.0905656192676951
38847,0.04711723199576186
38848,0.03142484483782055
38849,0.04480077112277484
38850,0.07586386151104688
38851,0.05150893139714905
38852,0.041938290367183724
38853,0.029300568100387243
38854,0.08008142565395765
38855,0.08580877644712917
38856,0.05972931252926919
38857,0.06547016723896129
38858,0.06449868687407358
38859,0.065536934376894
38860,0.08027639846492078
38861,0.08353396807957938
38862,0.054105586860602295
38863,0.02789041767656974
38864,0.06176455239249824
38865,0.03631012002719513
38866,0.057284548967556276
38867,0.014583105695085974
38868,0.03850614810444351
38869,0.026331849509246087
38870,0.03752901277781269
38871,0.07240609698972394
38872,0.0841556743225993
38873,0.033624224891499174
38874,0.06161844334665062
38875,0.05188946579181586
38876,0.02118846559952046
38877,-0.008437762446423032
38878,0.0748960994537946
38879,0.08393862466236607
38880,-0.02309475979082757
38881,0.11966912417402184
38882,0.06540729806053931
38883,0.020829808649135684
38884,0.04239650017609522
38885,0.08858502943855186
38886,0.03870256743385435
38887,0.032415933954285034
38888,0.04655364022228492
38889,0.05653821867081928
38890,0.12077073711750384
38891,-0.008556768898466127
38892,0.08889313374108948
38893,0.037077034097330444
38894,0.07890352356448802
38895,0.022812158183258074
38896,0.03892363802326319
38897,0.058663803773510936
38898,0.09860800722617252
38899,0.017428929467033942
38900,0.029438019660654142
38901,0.06415350473614972
38902,0.10320259277245736
38903,0.05614096571473271
38904,0.07200371474163614
38905,0.07798028826856614
38906,-0.002336089528320158
38907,0.014161383678761158
38908,0.08954249887255875
38909,0.05780537289953533
38910,0.09159922704467018
38911,0.04968642683934737
38912,0.03745196410699427
38913,-0.018589361876447247
38914,0.05760022575239018
38915,0.042135383177533875
38916,0.042112026194998084
38917,0.060565404630673024
38918,0.05569510703907374
38919,0.03060451364953567
38920,0.02182756345598997
38921,0.061849732932629395
38922,-0.0021760281956806626
38923,0.03349116132246746
38924,0.00416712623067849
38925,0.08713205211576319
38926,0.04124095085771036
38927,0.012203532431080646
38928,0.0780885161334079
38929,0.024012157683978796
38930,-0.001163871321204657
38931,0.04047106734068186
38932,0.062284046767430705
38933,0.04981297800938428
38934,0.0519592160481068
38935,0.05679648519634862
38936,0.01947563800756852
38937,0.056480390473380264
38938,0.07811324159746524
38939,0.06207759872206836
38940,0.06206815297297943
38941,0.0055668671150740645
38942,0.06681365232117296
38943,0.012934301156120105
38944,0.09173424359130959
38945,0.10296383447047938
38946,0.058664591232961666
38947,-0.01632061778394131
38948,0.05039678111993431
38949,0.04904272336037051
38950,0.11194891917713229
38951,0.043795612850828836
38952,0.11687541407414881
38953,-0.009302980837885444
38954,0.0531565312681858
38955,0.006695260980009478
38956,0.025370721474373213
38957,0.08154382176457482
38958,0.017415492998775525
38959,0.07196920394369642
38960,0.09147678756610153
38961,0.04209096017357687
38962,0.030442279816186184
38963,-0.007282840965823413
38964,0.03677305121738929
38965,0.05026659142534759
38966,0.03864232617016996
38967,0.04140102467283466
38968,0.08835506915856214
38969,0.04417916701674232
38970,0.02942958579334323
38971,0.050885838423496595
38972,-0.030098041606545438
38973,0.03918639023340922
38974,0.048728837211436365
38975,0.061021547994166744
38976,0.08946570880930488
38977,0.051184819208865674
38978,0.045907059664367665
38979,0.0348448443449175
38980,0.031859213202634434
38981,0.06770877717457835
38982,0.07587642869184559
38983,0.06560951428160983
38984,0.057971045734994876
38985,0.037305797362084336
38986,0.0493724699568763
38987,0.05813149467923836
38988,0.009689514214977359
38989,0.0347670125152697
38990,0.028852689037674663
38991,0.029280151803913582
38992,0.05658703976494644
38993,0.08233672961072089
38994,0.07274095062204597
38995,0.042311861188232935
38996,0.06522354928104912
38997,0.07956682606760805
38998,0.03058679909776721
38999,0.06163861313740798
39000,-0.011794270749147746
39001,-0.010865110625930357
39002,0.037252092764018876
39003,0.029906287092196837
39004,0.043458702604473286
39005,0.0335635983546168
39006,0.0665846588854381
39007,0.05563896244528753
39008,0.07720637880395398
39009,0.034550273956743364
39010,0.054627350463989505
39011,0.04080493292730221
39012,0.04466849180692144
39013,0.04062998037424902
39014,0.034981899199442654
39015,0.050668514882899515
39016,0.02000639021761781
39017,0.0972387377224276
39018,0.06349231718108489
39019,0.05729274642693812
39020,0.020551953173440413
39021,0.009623266825966658
39022,-0.00438967280026609
39023,0.04853249884731627
39024,0.020177593828652023
39025,0.010101998250769566
39026,0.04158782508683717
39027,0.02405953179576989
39028,0.024757000456623345
39029,0.01590143464746792
39030,0.04110724956436665
39031,0.039344370812164575
39032,0.02902342226017561
39033,-0.0447239914377853
39034,0.02715246207929222
39035,0.049007087857655535
39036,0.004641417126156653
39037,0.03160710510653951
39038,0.017231544842231855
39039,0.05022145133255002
39040,0.03042395856183336
39041,0.04742192730791832
39042,0.04078248119062877
39043,-0.004786936080114462
39044,0.042858957094526154
39045,0.06705959783629076
39046,0.003519713634829072
39047,0.03793774784979163
39048,0.07581603702758132
39049,0.08500288740475348
39050,0.02180936758832837
39051,0.01823681305292484
39052,0.02757270333042333
39053,0.023379011965544115
39054,-0.03387016665008269
39055,0.06443945252439932
39056,0.0021195195335886492
39057,0.007424115329696206
39058,0.0031513745452565224
39059,0.013590560018537916
39060,0.018379155027398522
39061,0.06107471238961277
39062,0.01087629226581776
39063,0.08258759062148968
39064,0.0863470141579343
39065,0.06398237262330317
39066,0.038684268024742965
39067,0.04725563259251072
39068,0.030561679191175688
39069,0.05560443604410259
39070,0.06802362047505461
39071,-0.011300084646504789
39072,0.029250210743202238
39073,0.03643748868095465
39074,0.05897895226174374
39075,0.014583009314207595
39076,0.07807818970598772
39077,0.008059848912965586
39078,0.009626457800953742
39079,0.03078118875381815
39080,0.06734559476565415
39081,0.04098281375874215
39082,0.012603615274346495
39083,0.015814091325469494
39084,0.012817877481736427
39085,0.016063594983755737
39086,0.02723443665394188
39087,0.03277003661158093
39088,0.03622836581932159
39089,0.00857283332302879
39090,0.042765095219906166
39091,0.05947450660579044
39092,0.08817629329212809
39093,0.038638655330224904
39094,0.019348826168364922
39095,0.10998447659293334
39096,-0.009014636648408514
39097,0.01011246663965272
39098,0.01698273524798017
39099,0.01268019202632414
39100,0.07987260117685678
39101,0.08086417243851865
39102,0.04271828339832724
39103,0.05216306813304092
39104,0.09006826774367835
39105,0.012674248491776383
39106,0.1355085186808181
39107,0.024841286586167695
39108,0.007401951561275762
39109,0.07568351419824923
39110,0.006095290768799791
39111,0.0725754922864971
39112,-0.01752267368324007
39113,-0.01817455974175601
39114,0.015442974498993782
39115,0.03535906534707748
39116,0.024756530189583764
39117,0.018179594295448295
39118,0.04325758420796118
39119,-0.026286553855471267
39120,0.09438959562007956
39121,0.05547968833164745
39122,0.05627655314213369
39123,-0.01371718445367412
39124,0.03128782496837191
39125,0.018213288428252542
39126,0.03446834929180246
39127,0.05820024878794866
39128,0.03663769592491869
39129,0.04434274473264073
39130,0.05690882458817832
39131,0.03377171144675124
39132,0.002107991012510274
39133,0.004854476455695478
39134,0.023542992284741993
39135,-0.00873697223642158
39136,0.058826657809844585
39137,0.02662185193288194
39138,0.044203501700621844
39139,0.02620614272143531
39140,0.03387208182286916
39141,0.10962729056961085
39142,0.02551564774240742
39143,-0.0106143426177858
39144,0.0939831985669437
39145,0.047154847184045445
39146,0.03468405176987321
39147,0.06315153557439059
39148,0.05279670772776154
39149,0.038847707620986084
39150,0.07958245464977694
39151,0.03582907583858054
39152,0.08194788701716266
39153,0.05697466855297059
39154,0.013870141356839522
39155,0.042069532071189554
39156,0.056860226544265216
39157,0.011601208706293588
39158,-0.03364536417666241
39159,-0.015343404399945908
39160,0.04194271560764367
39161,0.051624506863276874
39162,0.05200127991339197
39163,0.033038664970339686
39164,0.04973537037066865
39165,0.042560356381363185
39166,0.055483743559213414
39167,0.0027849837814229936
39168,0.02696213856487647
39169,0.040413562901500846
39170,-0.006889560674222778
39171,0.11493630481609077
39172,0.06557530436290288
39173,0.068254993720018
39174,0.059346969245214154
39175,0.06293697787273937
39176,0.03159196288558878
39177,-0.018710315898589243
39178,0.04195715727959875
39179,0.0028039503129005036
39180,0.02092541564100775
39181,0.022860179197045475
39182,0.04298246887430041
39183,0.051403723839996
39184,0.04461620059634835
39185,0.026302729496698984
39186,0.04501633777325476
39187,0.05722674141400845
39188,0.09098451730683832
39189,0.054316938240478535
39190,0.059796037714727274
39191,0.015556286787210064
39192,0.06780875369371578
39193,0.01709648307515784
39194,0.047441024791890885
39195,0.07869654509235066
39196,0.07476821548321615
39197,-0.025099149084278183
39198,0.10144829810536724
39199,0.07702138831625666
39200,0.04296471974002352
39201,0.08859029247361994
39202,0.034326190697837974
39203,0.0553101537091325
39204,0.061240882712831124
39205,0.05104200361155062
39206,0.08264642340573308
39207,0.04224302522104024
39208,0.0800139177103894
39209,0.048820706169308184
39210,0.051846399864228905
39211,0.08634307555290374
39212,-0.00029558710965543744
39213,-0.022778967052675583
39214,0.07160743753741831
39215,0.055030537403473336
39216,-0.027648220254251406
39217,0.0568904401432724
39218,-0.012097768767573784
39219,0.10567625917227333
39220,0.02662271207725124
39221,0.05866542359311832
39222,0.024057625718337274
39223,0.03915473634818209
39224,0.06609891360262451
39225,0.09387339797169159
39226,0.04445233362149351
39227,0.016106128647601903
39228,-0.0390513844044779
39229,0.04997426753976721
39230,0.004345793668212944
39231,0.054411789674405575
39232,0.06347820978129026
39233,0.06393098400120473
39234,0.03602290517079902
39235,0.1076796919662702
39236,0.019740784803159286
39237,-0.01622685636772623
39238,0.010179243569508976
39239,0.03972204187783739
39240,0.038338054591282617
39241,0.0227213440014112
39242,0.008262895799151099
39243,0.04851000983330978
39244,0.0326148210256011
39245,0.010334407325311431
39246,0.03508498347836856
39247,0.03231695243296555
39248,0.06288085024470688
39249,0.10502105643125836
39250,0.020270376873356307
39251,0.10193689858117083
39252,0.05199621864651224
39253,0.05579963473076914
39254,0.041528877936905885
39255,0.03378540239458038
39256,0.03962859671621688
39257,0.03461943902317956
39258,0.06122197529023861
39259,0.011966286232856348
39260,-0.0020896870733837225
39261,0.07101569716509265
39262,0.03867820245959331
39263,0.04213590690053069
39264,-0.005577151777350964
39265,0.04326497783822405
39266,0.043362476054709706
39267,0.02712406661614864
39268,-0.0002764903878872474
39269,0.016060042516302615
39270,0.042770395821796266
39271,0.06288907845728843
39272,0.06274253457252835
39273,0.08221966693915234
39274,0.02647748985435769
39275,0.02706854613454066
39276,0.046951403622196373
39277,0.02298034373281431
39278,0.05024961521113386
39279,0.058823755822292614
39280,0.062328539381181755
39281,0.04478467481608403
39282,0.003049510560112413
39283,0.011816333659899508
39284,0.01565835345712108
39285,0.05473840041255888
39286,0.038461899247065195
39287,0.06220126439290096
39288,0.07856108296017242
39289,0.00043256469627007965
39290,0.033899256303476975
39291,0.10322244114777802
39292,0.029066824056669313
39293,0.022185991526335897
39294,0.06080906671107636
39295,0.053031072964796096
39296,-0.0019942525134198086
39297,-0.029754130485994706
39298,0.011526788063862047
39299,0.017389343245528124
39300,0.0837963642133953
39301,0.05893582732958887
39302,0.06379203940837405
39303,0.022249797763769705
39304,0.020863507624053694
39305,0.0883160424988679
39306,0.030224863975730445
39307,0.02133536731763127
39308,0.07839293454258885
39309,-0.007414648169296212
39310,0.07903483638824667
39311,0.042676662448032116
39312,0.05514332400169975
39313,0.07492846017536431
39314,0.08219726813002512
39315,-0.037183669016163524
39316,0.030957507478930047
39317,0.0039726902327399324
39318,0.059619776189681145
39319,0.009970445236912227
39320,0.01997922681182205
39321,0.0596337710371821
39322,0.0662737831520994
39323,0.07785476552868717
39324,-0.001700410243168693
39325,0.020459223841112588
39326,0.04047684318993221
39327,0.01735531696587955
39328,0.01086628093518742
39329,0.02926010614232312
39330,0.04540035338960441
39331,0.03462708714758486
39332,0.06101767971778367
39333,0.051095491202792935
39334,0.012084194056059136
39335,0.08810210695592277
39336,0.0317918392110938
39337,0.006953826396089324
39338,0.02143308257425535
39339,0.041634845950722366
39340,0.024688787930368706
39341,0.019127887530207638
39342,0.03234175497693593
39343,0.030630587686793845
39344,0.012433030208772487
39345,0.019218507887004087
39346,0.03410603788993757
39347,-0.004274934612662443
39348,0.07329941548049419
39349,0.05775521191397598
39350,0.07154162566882838
39351,0.07584368193904557
39352,0.02379452569833543
39353,0.02912967615572907
39354,0.007590558566459384
39355,0.027470933074765218
39356,-0.01773977376800471
39357,0.022931995794860955
39358,0.013915024050775823
39359,0.06858327392475987
39360,0.0884748434092883
39361,0.06292059435380104
39362,0.0708797285898246
39363,0.026208721269706116
39364,0.07553149518209949
39365,0.09287721202140076
39366,0.034738601418357024
39367,-0.007997885249982156
39368,0.07670533462248343
39369,0.06246172252460486
39370,0.020905420446844902
39371,-0.011698866112709323
39372,-0.006890184479331395
39373,0.08140166597101006
39374,0.01900472349709907
39375,0.05276926403753013
39376,0.010697697804350627
39377,0.02392620821394864
39378,0.04348859605752668
39379,0.0618350435010719
39380,0.056910335980035365
39381,0.03795246733453099
39382,0.00187142524774013
39383,0.05129632602005037
39384,0.05088168741417884
39385,0.044778338574574215
39386,0.11447892689287767
39387,0.06576014037670937
39388,0.00583342253984187
39389,0.061463301081164046
39390,0.08717904119448124
39391,0.03204842683316917
39392,0.11217523932820976
39393,0.06285482313613944
39394,0.038296340807782214
39395,-0.007156684642009914
39396,0.027084080264240844
39397,0.05166676059790873
39398,0.0504553190631306
39399,0.05937629419468819
39400,0.03920887653178091
39401,0.019247565524620976
39402,0.03928614369613939
39403,0.013589217152349547
39404,0.047694733294849204
39405,0.04326305802372143
39406,-0.0003172808442406666
39407,0.016247435923890906
39408,0.034170619270030636
39409,0.07067060598203677
39410,0.028922154570218225
39411,0.054724889827604394
39412,0.08388872183828666
39413,0.04784513151887722
39414,0.05803284856003509
39415,0.033957043213270734
39416,0.05591697560643409
39417,0.03370721879952888
39418,0.03577852286649892
39419,0.04393237604066822
39420,0.1016960339267104
39421,0.07060099902528466
39422,0.03294250338805595
39423,0.07983024787947167
39424,0.0013359977992991462
39425,0.031652331085471136
39426,0.08172846544319282
39427,0.05308078178676336
39428,0.07528370444138718
39429,0.03787762570113727
39430,0.061605919645670804
39431,0.045407865755291814
39432,0.04502892624698373
39433,0.07008231854849425
39434,0.07450930281777267
39435,0.0648929562329914
39436,0.039636022588904064
39437,-0.0014535537979577726
39438,0.0768593405299093
39439,0.001518050949759743
39440,0.09736280647231263
39441,0.083573413087208
39442,0.026701803592288412
39443,0.10327571713644776
39444,0.0894533636470664
39445,0.024191100414028846
39446,0.09498664000590419
39447,0.05147212846247803
39448,0.0591531145574838
39449,0.08801164350410168
39450,0.015329409738328963
39451,0.029152943533761688
39452,0.03755777544596022
39453,0.022636158137346426
39454,0.06716915383281476
39455,0.03098057847519731
39456,0.048582663865984775
39457,0.039818292078458564
39458,0.04429533184980505
39459,0.015267995605640534
39460,-0.023898021840619135
39461,-0.0004040955606088581
39462,0.05045074379563539
39463,0.0055652282827447705
39464,0.09185686516034641
39465,0.12297390016314061
39466,-0.012247423036731722
39467,0.0351277791283416
39468,0.059277440875759466
39469,0.09164516974009106
39470,0.02675724277656761
39471,0.06739855790558609
39472,0.024804436310371845
39473,0.08365837067968143
39474,0.015021210503787949
39475,0.028399893770206245
39476,0.05478281473082764
39477,0.09659918094479658
39478,-0.007816139305243157
39479,0.07272018988665158
39480,0.04517942406687073
39481,0.026382287584148637
39482,0.020058476087845188
39483,0.0603995244754582
39484,0.04867524449607044
39485,0.001640534241786805
39486,0.03502886746597839
39487,-0.0009411123995791693
39488,-0.0014378247791392781
39489,0.08163793109957111
39490,0.07240656675293089
39491,0.023895099181987633
39492,0.07617111635656593
39493,0.04276667152579802
39494,0.0172848057899897
39495,0.04594208043702128
39496,0.09045675259513597
39497,0.049048574126507906
39498,-0.016741803747119706
39499,0.003812136029243754
39500,0.041947644030324804
39501,0.07708749023101988
39502,0.038663929528784086
39503,0.03193922123246781
39504,0.0783169759063035
39505,0.04006799656089302
39506,0.018595075846528968
39507,-0.004148210439007691
39508,-0.0006382297709824208
39509,0.05028630727569657
39510,0.03406265416352221
39511,0.0099889976913278
39512,0.05113396556415971
39513,0.03275521855568123
39514,0.07727190953759137
39515,0.03132606113053959
39516,0.031285534939091884
39517,0.04963225158694777
39518,0.047681812250584654
39519,0.025130048172571445
39520,0.04101337362611187
39521,0.037297464487259964
39522,0.021928485802857254
39523,-0.006435523079124934
39524,0.04326258202902948
39525,0.03842947880632411
39526,0.06834364322190288
39527,0.05155233683863001
39528,-0.000352806858920994
39529,0.0798539596408697
39530,0.031011625095790342
39531,0.040285879885352774
39532,0.007278371798118043
39533,0.054783992126958975
39534,0.017376414522008124
39535,0.04150248768702367
39536,0.07357313949778438
39537,0.011304966368679933
39538,0.014117801789425913
39539,0.009721019904315877
39540,0.03744754949500848
39541,0.045742308428074925
39542,0.04402412608053578
39543,0.0510968132491719
39544,0.046557655088076404
39545,0.08056406718161288
39546,0.010773033650704443
39547,0.03242893135972464
39548,0.06603003476014613
39549,0.06926108247479755
39550,0.05023166316294375
39551,0.03645554038812005
39552,0.0734980663789544
39553,0.061163289065199515
39554,-0.0383170637273474
39555,0.009993877917532326
39556,0.030193640284601732
39557,-0.006104283281437715
39558,0.07326475017712196
39559,0.05216338672662019
39560,0.027714041664238555
39561,0.022111838044423633
39562,-0.004352242888140734
39563,0.017532582620416074
39564,0.07418354969212745
39565,0.04544797503718566
39566,0.07076383673855015
39567,0.04582981678970114
39568,0.03881102542206422
39569,-0.0024613780161182944
39570,0.01859726017643442
39571,0.07860450283097825
39572,0.06625482758835942
39573,0.05630538144233919
39574,0.07452201594504437
39575,0.07986535901161271
39576,0.029124595672292128
39577,0.036752366531624094
39578,0.04887106585761375
39579,0.08620416519306
39580,0.060921793975321124
39581,0.021919365771435616
39582,0.07427867468750715
39583,0.00549760849603162
39584,0.06738866344440797
39585,0.028551490477693314
39586,0.04035478193802411
39587,0.0799492583834319
39588,0.057347729448542085
39589,0.09420034886319839
39590,0.03495384475482941
39591,0.05137996368568107
39592,-0.0021582660011531807
39593,0.04668628569009356
39594,-0.037539638778765566
39595,0.020646254531192582
39596,0.00322777073806179
39597,0.0814746838739207
39598,0.036362824334911975
39599,0.05323510532730401
39600,-0.008189737670634752
39601,0.008314418021363429
39602,0.07969163420281017
39603,0.038688114478983356
39604,0.07995465255471434
39605,-0.007144140834730396
39606,-0.027021306743624275
39607,0.012559337153306822
39608,0.0044981469529889045
39609,0.06508072145878951
39610,0.07557561808479066
39611,0.04798951930768679
39612,0.0396218527850499
39613,0.04319792588957159
39614,0.08283559916579208
39615,0.028357959987170174
39616,0.03194714023172982
39617,0.07901441257523868
39618,0.017231023097381927
39619,0.10097980166087481
39620,0.03716468350705861
39621,0.05004595116471778
39622,0.05890592296444311
39623,-0.005229019769975571
39624,0.02375763664435965
39625,0.08825457097495126
39626,0.08302629964576369
39627,0.03592253314593987
39628,-0.006121062505836099
39629,0.06857676408710534
39630,0.07633832934137437
39631,0.007471262848386208
39632,0.032574268780153896
39633,0.04370746899025516
39634,0.04255493118688428
39635,0.020759918918476786
39636,0.08711299635401301
39637,0.04331188164002091
39638,0.09332915326551666
39639,0.06227995675117182
39640,0.044831351861463045
39641,0.01305328705482416
39642,0.045395085899674496
39643,0.0423665779597365
39644,0.06025991042898313
39645,0.09475421506837958
39646,-0.02505728642097834
39647,0.04165614553502596
39648,0.08860942757728543
39649,0.004845159046421431
39650,0.026745235667676854
39651,0.048845638810762704
39652,0.025244683533897198
39653,-0.0002501323277554063
39654,0.06393224501672859
39655,0.032406380766926195
39656,0.009220792051583826
39657,-0.0017903244563753917
39658,0.139826301737701
39659,0.07430356278449374
39660,0.10963802787889856
39661,0.014987493960005524
39662,0.0958884283772371
39663,0.04383386014114586
39664,0.055758570625348475
39665,0.027053683728009315
39666,0.07116396938526558
39667,0.007632323346734374
39668,0.04497793680965195
39669,0.015615774331719054
39670,0.02566163177477338
39671,0.064365134138963
39672,0.04851518907142036
39673,0.05278898746643986
39674,0.10460981811755053
39675,0.10677962174882452
39676,0.02630023363754237
39677,0.07270525013494616
39678,0.07914365710913077
39679,0.01470962803793233
39680,-0.017140572061124647
39681,0.06448657291094069
39682,0.04556948307380775
39683,0.08681145692745657
39684,0.07358508276986067
39685,0.061929592436284
39686,0.018083794099113332
39687,-0.005195277279270619
39688,0.06439139952655693
39689,0.04536209604817127
39690,0.06592918229679914
39691,0.050282360281167726
39692,0.04215954198806263
39693,0.004524622710263354
39694,0.07529360872685098
39695,-0.0024739143641872782
39696,0.033537029754018746
39697,0.06258283935789953
39698,0.010298566101158368
39699,0.01794065560460204
39700,0.05116179058049538
39701,0.0025350662048551284
39702,0.00870601653671492
39703,0.031166400718310047
39704,0.06094744071916525
39705,0.02993797998816762
39706,-0.011144979093685711
39707,-0.01993801962532523
39708,0.09124307774836848
39709,0.011518740723749803
39710,0.06856223772349421
39711,0.029662101259543168
39712,0.09684243637811674
39713,0.048266633938873746
39714,0.002295219121424545
39715,-0.0014112039724046219
39716,0.03704158475924523
39717,0.07661214996667859
39718,0.050363179154378476
39719,0.021938572467065157
39720,0.08436739387155012
39721,0.04302340845118432
39722,0.015254362113955918
39723,0.07264241899369003
39724,0.060245460436837824
39725,0.10868615003114525
39726,-0.013271068358353823
39727,0.02265899643419137
39728,0.0466702147201234
39729,0.0724468715427215
39730,0.00678998107194051
39731,0.06162315106508204
39732,0.04457377042340961
39733,0.05472068308573634
39734,0.02876571718045893
39735,0.07298274177404306
39736,0.019238930965020214
39737,0.029135591236331672
39738,-0.008418055245541331
39739,-0.04134468904101985
39740,0.049502270843713524
39741,0.07618195828725083
39742,0.03884929140656019
39743,-0.024460764604128056
39744,0.10069883572767821
39745,-0.01975784829655819
39746,0.014868556894349662
39747,0.030247955577279148
39748,0.08090684333747308
39749,0.03380927451430514
39750,0.06766198450818636
39751,-0.020530787952644722
39752,0.04953414055577376
39753,0.027784798059625353
39754,0.035972752504267694
39755,0.016027254195610328
39756,-0.008092982351178307
39757,0.05941592776818291
39758,0.03817878788076874
39759,0.09913125847757154
39760,0.05639305885142816
39761,0.08989523524998014
39762,0.002066667914347599
39763,0.05293487431925546
39764,0.04102039145692263
39765,0.05577692261252983
39766,0.02583775963696825
39767,0.03221891568909267
39768,0.04288964588392624
39769,0.008453642511353457
39770,0.06493303216172887
39771,0.03224151456028074
39772,0.045898503993382016
39773,0.016429131890963473
39774,0.036004358176597515
39775,0.017732175536006013
39776,0.01901093881318516
39777,0.023742217724713566
39778,0.04084668571529793
39779,0.010333833123921554
39780,0.1453258091247624
39781,-0.016713847064148878
39782,0.03523171736207413
39783,0.09090966878027323
39784,-0.013001322490478112
39785,0.056953908644186924
39786,0.03764043246284608
39787,0.04842066866303196
39788,0.06353389466761258
39789,0.08258333584343563
39790,0.050202069161951454
39791,0.0382869654405183
39792,0.06706899168731295
39793,0.026902398297910343
39794,0.03523297082408772
39795,0.049979340769712347
39796,-0.02693068998620965
39797,0.04450701223626286
39798,0.0538426655587056
39799,0.08565270115450391
39800,0.030340408840817082
39801,0.045291268443163696
39802,0.026164602928943338
39803,0.05142358623978954
39804,0.054420806538523
39805,-0.015432373566640185
39806,0.03475356127597254
39807,0.057984193082080214
39808,0.023611014718006123
39809,0.03981635167776341
39810,0.08498473057145062
39811,0.045420007217971604
39812,0.05618188062793804
39813,0.02954178528507677
39814,0.06799461102739703
39815,0.08049355951741005
39816,0.037509416268827075
39817,0.059251587688520686
39818,0.03875853855762704
39819,0.06710849946125977
39820,0.06169031317740245
39821,0.018954517887157428
39822,0.07977254957605992
39823,0.009449263814486956
39824,0.01986073304248067
39825,0.02841919736838651
39826,0.05744457700370356
39827,-0.008302794021206775
39828,0.02361700673176931
39829,0.018989885230844036
39830,0.050796944181516826
39831,0.08407036546420296
39832,0.05928932629425222
39833,0.006035247441990757
39834,0.06083168246765733
39835,0.07667378771994306
39836,0.06452902588206579
39837,0.035853137416063746
39838,0.05728377379040178
39839,0.045687680386027066
39840,0.07306901531400369
39841,0.0004143748050128293
39842,0.023508562129044418
39843,0.014223277976788736
39844,-0.0044948885846473816
39845,0.04343758698607467
39846,0.038445613414125154
39847,0.05432563405611743
39848,0.03567791549040748
39849,0.09098200775931707
39850,0.004336571946662718
39851,0.04727346069419683
39852,0.08768903335698763
39853,0.10107141960054733
39854,0.041656175240838415
39855,0.012593371993648801
39856,0.03468119113823726
39857,0.090426234721964
39858,0.03198877948722757
39859,0.06615035785741072
39860,0.10992329511259061
39861,0.08026306594625288
39862,0.10107045812636722
39863,0.09609825428029381
39864,0.05698014232512113
39865,0.05229697966571908
39866,0.08469589225420446
39867,0.05513959958493361
39868,-0.023527603983394103
39869,0.09230299612719675
39870,0.007595047717197018
39871,0.05335860641957901
39872,0.023244993405635524
39873,0.041833413871108685
39874,0.043869519698095716
39875,-0.0018358132285557494
39876,0.01570773185159995
39877,0.031336245050331786
39878,0.09176669711466967
39879,0.07119260307091108
39880,0.05762029263113608
39881,0.04590818983141102
39882,0.06671441030470138
39883,0.08673361094737385
39884,0.02921455018439882
39885,0.08100087798560066
39886,0.047493433831341206
39887,0.030191760913363522
39888,0.04290597618973773
39889,0.03168710316332133
39890,0.02833942325753809
39891,0.06965043994107596
39892,0.029798539098375928
39893,0.0679951203979695
39894,0.05779268602065881
39895,-0.008968844851312087
39896,0.03884277091332266
39897,0.04914755044075596
39898,0.07600238788264521
39899,0.09725572724205267
39900,0.07417416992897687
39901,0.023372761413521955
39902,0.07793068652771658
39903,0.05815999773321324
39904,0.010518509923174171
39905,0.056335268575786954
39906,0.048378530608828886
39907,0.043035495660086805
39908,0.04207556214302441
39909,0.039851926369466745
39910,0.059427116988913335
39911,0.026954925496391995
39912,0.10844197627994961
39913,-0.0008384591628282922
39914,0.017574865433551835
39915,0.09428356881323394
39916,0.04349059112719634
39917,0.0814973156733634
39918,0.05220959699289852
39919,0.034822289801715374
39920,-0.023837549498062223
39921,0.07998266419750213
39922,0.11361250148778669
39923,0.08309530914368499
39924,0.04339758028067036
39925,0.03385602164857923
39926,0.042041580025687725
39927,0.05913352302842763
39928,0.04184511841456226
39929,0.07086329583543874
39930,0.03529838813313606
39931,-0.004782464176986724
39932,0.0068968073854691475
39933,0.057704705593055364
39934,0.02022824905795143
39935,0.0321195473225243
39936,0.07408371023203339
39937,0.011199501111211409
39938,0.034241357652646916
39939,-0.0068948782228631655
39940,0.004694755395956568
39941,0.0638369125253429
39942,0.019817493589027728
39943,0.041202107683598714
39944,0.03129469663171291
39945,0.04353195084411722
39946,0.04550030348645409
39947,0.0764336766233402
39948,0.06613748088480052
39949,0.036235376988855504
39950,0.04950617545564001
39951,0.08911940080150818
39952,0.03393380980013605
39953,0.10838267429308643
39954,0.027453728530404065
39955,0.036453502821713175
39956,0.058486952025358564
39957,-0.03201611127731374
39958,0.012844257962199346
39959,0.073128121840002
39960,0.09632420110930022
39961,0.018122320249910537
39962,0.032464642051218476
39963,-0.005052643254270128
39964,0.06862075981883863
39965,0.05734654883347196
39966,0.08637893421036194
39967,-0.018574156828199163
39968,0.016155102051359786
39969,0.02887324703685166
39970,0.023190657073271705
39971,-0.004633072796005631
39972,0.06883886125896949
39973,0.09618620423378793
39974,0.08735984093156296
39975,0.07316116132180177
39976,0.023401158019803754
39977,0.0005523686625867122
39978,-0.02132045433542676
39979,0.03303094282657268
39980,0.03647102422899737
39981,0.06361185934056206
39982,0.038447819011124804
39983,0.07111275331170537
39984,0.02268209424181185
39985,0.08008745255612243
39986,0.06293352882881292
39987,0.004921785020251909
39988,0.06495195523634861
39989,0.03005366243489436
39990,0.07527710426721618
39991,-0.016585981093207115
39992,0.06319931457324876
39993,0.03462806325696621
39994,0.08918559634355464
39995,0.053366941179915826
39996,0.08914546041098731
39997,0.03448942963668474
39998,0.0650858784543756
39999,0.06479628470279589
40000,0.039937985633992194
40001,0.08360139375408658
40002,0.06530153836584147
40003,0.005250420298096914
40004,0.016858966375601376
40005,0.03556442521625121
40006,0.03073244230744482
40007,0.053935202030490875
40008,0.0799990731089958
40009,0.019417656660450686
40010,0.07742878595259306
40011,0.03769373671680498
40012,0.01431812770984858
40013,0.06864138442629435
40014,0.015476466778504044
40015,0.03141829051564403
40016,0.11919810960038962
40017,-0.006435730009082936
40018,0.00511283361580777
40019,-0.016476289585730407
40020,0.08190807199289687
40021,0.04568944216227342
40022,0.028710983489637364
40023,0.06165178183493364
40024,0.0422273394657075
40025,0.05386812710129486
40026,0.03918708709070394
40027,0.02510996711023537
40028,0.048553592826597894
40029,0.07021608410719288
40030,0.08523938872416353
40031,0.01617482479592488
40032,0.033862553850477616
40033,0.008218878141369866
40034,0.04140927076923397
40035,0.013027532491455163
40036,0.05483210324364148
40037,0.052191011998040125
40038,0.053370669961995285
40039,0.04306993446265926
40040,0.08413235227088547
40041,0.09380951677650562
40042,0.06801186484913352
40043,0.02831375790687312
40044,0.08856008614080951
40045,0.06589572147914136
40046,0.05188125286442169
40047,0.0775744402601557
40048,0.01183029136418473
40049,0.025952264565409045
40050,0.005414958842978178
40051,0.06998736638244613
40052,0.047361016446826935
40053,0.051505357553006434
40054,0.07203614701471278
40055,0.027559424490070216
40056,0.04846018045883111
40057,0.09768724909151778
40058,0.05005510528794311
40059,0.007191240324776076
40060,0.0623487220716617
40061,0.04404963752936847
40062,0.037578998853441625
40063,0.01988123488891418
40064,0.09455495499087552
40065,0.05444032219976816
40066,0.0703525263620994
40067,0.06910690187064189
40068,0.08381527489629159
40069,0.07441622060388564
40070,0.08185211341930076
40071,0.004993722310936512
40072,0.07721534542213399
40073,0.04348302624457679
40074,0.04776789473116043
40075,0.04757538831521273
40076,0.04629187973675008
40077,0.03794645138358619
40078,0.027078538927854466
40079,0.0423557622646983
40080,0.044362300189790954
40081,0.022415348339176792
40082,0.05524838399773828
40083,0.0706228450643969
40084,0.07092151947262026
40085,0.08954825552907789
40086,0.05595785845679778
40087,0.04631615216628899
40088,0.038907133220104105
40089,0.03648944715302741
40090,0.05689269557758267
40091,0.03914004106167477
40092,0.03153810094502789
40093,0.010835616447794648
40094,0.030836210344243338
40095,0.034864836193490276
40096,0.048599910260044094
40097,0.11147602261485301
40098,0.050285913924106015
40099,0.026689123983750455
40100,0.05972405373407769
40101,0.04279921652776249
40102,0.03798408854097199
40103,0.044707148165481686
40104,0.0556262435135783
40105,0.07228212024936129
40106,0.03930907724907414
40107,0.045762694670458307
40108,-0.007985349095056403
40109,0.06696545770990071
40110,0.045974403680672175
40111,0.040653623015848156
40112,0.012623701737845359
40113,0.024948997379484847
40114,0.02546190556349048
40115,0.03526772611385619
40116,0.05237774928676715
40117,0.0100573521839981
40118,0.06119623810602752
40119,0.02053163270055349
40120,0.021851044862946062
40121,0.05367422156975914
40122,0.09561902422348942
40123,0.02288204750776129
40124,0.05972876100972273
40125,0.04750475521486952
40126,0.10381374010425246
40127,0.07374805634953559
40128,0.040622445344399606
40129,0.050721817272752615
40130,0.1096183525907552
40131,0.020903282063048013
40132,0.032275934782736354
40133,0.01355558880211731
40134,0.03791227697872747
40135,-0.014137769577566406
40136,-0.010479604562206486
40137,0.022336976267502515
40138,0.08016441610184541
40139,0.04405054688884154
40140,0.0925562252923689
40141,0.08811671518400746
40142,0.0776799247582533
40143,-0.005525057546858635
40144,0.014899449704561533
40145,0.035748843634534455
40146,0.03225701699389399
40147,0.06850267379782737
40148,-0.0009399390687965456
40149,-0.020746987172099857
40150,0.03314558666951295
40151,0.014196306272357118
40152,0.14131291304355023
40153,0.06651805633889143
40154,0.050809421178422985
40155,0.022889753080000342
40156,0.047211915398249184
40157,0.04108565894087889
40158,0.0700261825301152
40159,-0.010338263632518843
40160,0.05304315198531986
40161,0.020975262290475128
40162,0.0319171714974615
40163,0.014437518659907299
40164,0.033436738095606336
40165,0.058660113506405154
40166,0.02125333097613884
40167,0.024646929574818968
40168,0.013452298104207554
40169,0.10195633239703127
40170,0.07056883128897132
40171,0.01703700806010845
40172,0.05286097174401765
40173,0.034583254767988174
40174,0.05250876013173025
40175,0.061727126276605086
40176,0.047560160604509814
40177,0.0023574442332996923
40178,0.08165868433342897
40179,0.04580441146826213
40180,0.024128037210338356
40181,-0.01716423821601718
40182,0.06001959738562035
40183,0.09012046205322766
40184,0.06593218831796356
40185,0.06567309963710612
40186,0.06230743779895255
40187,0.060736235669089984
40188,0.009899826751600553
40189,0.030681749812527297
40190,0.06989634905937686
40191,0.07146109753949109
40192,0.0003216986983653608
40193,0.06571987452292505
40194,0.017432041668541995
40195,0.031895376543608786
40196,0.06991497768748794
40197,0.050103288211973754
40198,0.009268410144099029
40199,0.05550174822644858
40200,0.0746019969371978
40201,0.04954104281814685
40202,0.06207351406287469
40203,0.10056223879829149
40204,0.07316087784441201
40205,0.012960287446815166
40206,0.056037311086289135
40207,0.06402524139947872
40208,0.066019075685297
40209,0.04456197069194587
40210,0.0745324115530153
40211,0.05703239530627755
40212,0.042309880670226244
40213,-0.01669456418153037
40214,0.03387823939972145
40215,0.05860184677401732
40216,0.0969176859273388
40217,-0.008572280862229671
40218,0.0520341167582443
40219,0.08888799080700588
40220,0.022545980486886913
40221,0.035126633342179095
40222,0.05736626920949849
40223,0.08113970371161523
40224,0.024864826046858694
40225,0.09508091239342406
40226,-0.001869886570699364
40227,0.03668290703960905
40228,0.07303360247903362
40229,0.06152880390034233
40230,0.06221845391652383
40231,0.010032134103820693
40232,0.012154169237625152
40233,-0.010269372769192278
40234,-0.03909500298541114
40235,0.04468418155341814
40236,0.014488291764943342
40237,0.03315821486070415
40238,0.033409911361011235
40239,0.024222916280726092
40240,0.06030915700693976
40241,0.026527139209870484
40242,0.01208259874013616
40243,0.07054843697738383
40244,0.07925157233626054
40245,0.05575095587893978
40246,-0.022888315430073615
40247,0.012641287929293355
40248,0.07146000362186235
40249,0.06481804397788671
40250,0.10026560913380354
40251,-0.011309591852106372
40252,0.07367386463142553
40253,0.05204328872183818
40254,0.04763947338658588
40255,0.03197282310441439
40256,0.013165793314464692
40257,0.056101367015920736
40258,0.05951129523921474
40259,0.04478200753578495
40260,0.04166395217635362
40261,0.04291432378949957
40262,0.06362947961665821
40263,0.034458546019229264
40264,0.0418255677118758
40265,0.04183315202874698
40266,0.00540392013496583
40267,0.05174958320192484
40268,0.07302777616355115
40269,0.031711658299415586
40270,0.03461910660659705
40271,0.024982050261758437
40272,0.052717072550850425
40273,0.029895931303744964
40274,0.12532694965870836
40275,0.02425123308788692
40276,0.038551289244873534
40277,0.05771484295274813
40278,-0.014311185494480919
40279,0.02866403032741302
40280,0.056011608049992986
40281,0.0314802426256706
40282,-0.01855771119076964
40283,0.06196239266750975
40284,0.05784891580020601
40285,0.12227859541361907
40286,0.041212847915854306
40287,-0.025021689549837377
40288,0.027893181695956133
40289,0.04452678451028918
40290,0.03978474107843063
40291,0.09583841357181383
40292,0.03561243351964756
40293,0.03488871294302128
40294,0.005040606036950966
40295,0.0882556063666369
40296,0.015458261911092324
40297,0.056512399033155206
40298,0.0647929408514607
40299,0.05394955798622661
40300,0.08908082399282506
40301,0.03971103857266892
40302,0.11546669011399135
40303,0.030191004248558657
40304,-0.0017444419697702218
40305,0.027418361092278295
40306,0.03803295494608225
40307,0.06333218944754429
40308,0.03343370654192007
40309,0.0029890277731503337
40310,-0.013076621949254158
40311,0.07035634156691607
40312,-0.011481075625267116
40313,0.02032824535552894
40314,0.05316089150049644
40315,0.03094862206151138
40316,0.050231612307221965
40317,0.07014006182233856
40318,0.03588048855652942
40319,0.06318738480139163
40320,0.06483253216841471
40321,0.07228993214472768
40322,0.02843255510024654
40323,0.025934995423574293
40324,0.09454229999840191
40325,0.011204449330631708
40326,0.036794178887637294
40327,0.06263777480537597
40328,0.01496635015105055
40329,0.04899863673483817
40330,0.04588551281501757
40331,0.008456824264232783
40332,0.07119022341948167
40333,0.08932114477984879
40334,0.023196622809198864
40335,0.039099922790498516
40336,0.025381700838468274
40337,0.05794660780245042
40338,0.09346144373585018
40339,0.07197552238904677
40340,-0.02059985164532073
40341,0.05184097209982301
40342,0.05365592275456475
40343,0.013846821908167859
40344,0.07967737493272282
40345,0.0157288389061651
40346,0.08008502820659787
40347,0.050298796462546196
40348,0.03594867307596278
40349,0.023483683401581756
40350,0.05690576817630041
40351,0.04032359943330994
40352,0.05549478661932078
40353,0.03743978526721651
40354,0.07166358268675964
40355,0.03909852270407838
40356,0.09271386599502318
40357,0.01666198296912533
40358,0.07439314201117798
40359,0.04091124748983102
40360,0.029090941599040004
40361,0.04641513046550956
40362,0.04380349075985476
40363,0.035687995722010236
40364,0.08147085601488767
40365,0.030272507896286403
40366,0.04473814612431138
40367,0.08611604005094976
40368,-0.007522599783908027
40369,0.01718136165928616
40370,-0.003396972714664645
40371,0.07549783682300233
40372,0.03165382988205659
40373,0.06220790959716614
40374,0.06849637926676418
40375,0.053747249029865156
40376,0.08896560117690004
40377,0.0533679085651064
40378,0.05593546416283533
40379,0.040884117467390235
40380,0.0298652771507026
40381,0.0903032118620843
40382,0.058766573958572786
40383,0.007231500361007198
40384,0.03595864418805715
40385,0.02960927666343651
40386,0.03983916622720734
40387,0.026717444702207292
40388,0.011647019445958556
40389,0.05994664920523388
40390,-0.0111510364560383
40391,0.10125356574983506
40392,0.1022558359259556
40393,0.027204682663530693
40394,-0.016786034783336366
40395,0.09978343200836154
40396,0.0576371525952165
40397,0.027538465646999202
40398,0.04554712139435224
40399,0.06305354387982923
40400,0.04378626818222788
40401,0.03601763300427011
40402,0.04470745012873106
40403,-0.007779540390364298
40404,0.03710290580532875
40405,0.032042318641081424
40406,0.07530802233947767
40407,-0.002021834550739003
40408,0.07848983447099583
40409,0.049440218516264935
40410,0.041329933718451964
40411,0.030862556156101985
40412,0.05310199487255714
40413,0.06371224485494567
40414,-0.010892336899629637
40415,0.019875939385835623
40416,0.026810727454502286
40417,0.0321185162895354
40418,0.05141773518414214
40419,0.058384786153900116
40420,-0.00811755876171167
40421,0.05641890960682985
40422,0.08143463476206686
40423,0.03081607781792985
40424,0.038315423796880924
40425,0.026709573161015195
40426,0.051636607175805205
40427,0.04043211719270889
40428,0.06169085086568377
40429,0.006219820499115583
40430,0.008316151429382919
40431,0.0168870198178287
40432,0.04200730219505474
40433,0.0031931220460224355
40434,0.005704736065138334
40435,0.07385548192072658
40436,0.041149599487250665
40437,0.00424603243960537
40438,0.024370296498717314
40439,0.07448968392333033
40440,0.04475574365578654
40441,0.07790407942087132
40442,0.03848084666005429
40443,0.07787103636704018
40444,0.06635621232088164
40445,0.016982848081480005
40446,0.0611529292258248
40447,0.015160871553356874
40448,0.07991725285234813
40449,0.009920002743805348
40450,0.044370142741536195
40451,0.0739575770334854
40452,0.03189643242735661
40453,0.013574989628123812
40454,0.01938739626908125
40455,0.009442354520432218
40456,0.029437372639296834
40457,0.062089010005608784
40458,-0.01565956996097665
40459,0.03982132675782536
40460,0.0808331257089061
40461,0.018218623597703237
40462,0.07776898715536282
40463,0.03363621874824031
40464,0.0825889238217656
40465,0.06037834983884985
40466,0.036320188427914325
40467,0.043047332155927896
40468,0.050960956041544964
40469,0.037615430543652406
40470,0.04527527659068189
40471,0.042862693758903954
40472,0.03354102273532031
40473,0.0028153368890170907
40474,0.07595744004565844
40475,0.023746756408329434
40476,0.03248833773114462
40477,0.031428197324188015
40478,0.05638725836566812
40479,0.041442010140796265
40480,0.002226198693830131
40481,0.03918536782556602
40482,0.06550029700817878
40483,0.03247078948537783
40484,0.04926716394904428
40485,-0.016393812723622787
40486,0.04815766185984268
40487,0.07025083090261128
40488,0.038621946196021086
40489,0.06104439895919102
40490,0.027803905852222893
40491,0.06496076951916
40492,0.04977018907632803
40493,0.03918911300459813
40494,0.077588259208174
40495,0.010734282003727905
40496,0.08234022357734098
40497,0.0859823687472284
40498,0.033519793626982534
40499,0.08036208850026993
40500,0.05764482934603471
40501,0.03248782398632197
40502,0.06703720359197103
40503,-0.0007328876243413787
40504,0.03577763773457799
40505,0.049490218435959306
40506,0.016088659940467154
40507,0.03988684280206201
40508,0.05011615372788818
40509,0.09691598053915465
40510,-0.002692605999300428
40511,0.03844370517775755
40512,0.021088155243878935
40513,0.02990832246828415
40514,0.04529317085910559
40515,0.08144163941985097
40516,0.05536851263644713
40517,0.046303845974899255
40518,0.05567921987791125
40519,0.0025622921400508952
40520,0.04669051187460597
40521,0.04809658747028364
40522,0.06061696762386058
40523,0.03777204296544115
40524,0.018203761626601853
40525,0.026826796943998494
40526,0.11529445297640065
40527,0.0213425673604036
40528,0.04369078449629079
40529,0.008089558605883403
40530,0.031094863174699193
40531,0.08454614193015347
40532,0.05726499959142982
40533,0.07816743560250408
40534,0.051994046800674903
40535,0.010294019593849214
40536,0.04011490319982036
40537,-0.006885183962450962
40538,0.040716594604843614
40539,0.07603711552887418
40540,0.030307175234163444
40541,0.09404346858262291
40542,0.030083045192318775
40543,0.06996046720904464
40544,0.06824291085665239
40545,0.03709632723671335
40546,0.05534755788972957
40547,0.05216343919860222
40548,0.039021647026369406
40549,0.05030647366712996
40550,0.05727724392739073
40551,0.032968553047202025
40552,-0.003012054660202587
40553,0.04487066616172202
40554,0.04906344385293826
40555,0.034335164764034296
40556,0.007452359299099612
40557,0.06149071737733028
40558,0.07570426911508737
40559,0.03562293380517641
40560,0.01765970589979403
40561,0.05015458831909454
40562,0.049148926464505
40563,0.0024236018575971782
40564,-0.0027322607695212317
40565,0.04325770684266011
40566,0.06109477801983466
40567,0.03185157962331479
40568,0.0366650686662747
40569,0.08290175125906324
40570,0.06597279870055531
40571,0.01946507677180705
40572,0.016652766527917657
40573,0.06983235322957435
40574,-0.0020361780415963093
40575,0.03500778314529659
40576,0.06473058127045049
40577,0.03003402011556694
40578,0.03984119296126232
40579,0.02034427621160609
40580,0.043785883637070006
40581,-0.002260516231798633
40582,0.024242792637458026
40583,0.053504328376487706
40584,0.04870657705280078
40585,0.015580096531641857
40586,-0.022278017694729868
40587,0.08075624557141567
40588,0.051273577368650146
40589,0.019591841499866935
40590,0.07573547752785874
40591,0.05154793900689829
40592,0.020832503988339506
40593,-0.026460129266554083
40594,0.030859655435051137
40595,0.062074260373567995
40596,0.026634235418902908
40597,0.0675324551489652
40598,0.03762199007367892
40599,0.0016353356266126592
40600,0.02996826177068432
40601,0.08296548319756555
40602,0.04046585691666681
40603,0.06431217008844262
40604,0.04617731449195951
40605,-0.0002650035412333704
40606,-0.015002080934546802
40607,0.042037307231858174
40608,0.02767668978844607
40609,0.009754947698339018
40610,0.012330235332345018
40611,-0.016987755911002954
40612,0.040202235560737716
40613,0.025599975475544955
40614,0.05844875093993458
40615,0.028881533695658247
40616,0.0153512696451602
40617,0.044857949124109314
40618,0.04337703396178504
40619,0.04716844101954851
40620,0.0044109348318373195
40621,0.0910679292280185
40622,0.08084312365570848
40623,0.09961564457356628
40624,0.07570825533607323
40625,-0.007062932115509769
40626,0.02136292592678956
40627,0.045028536918314516
40628,0.002600210817973979
40629,0.0440698656718346
40630,0.07270554958342966
40631,0.0411532125219536
40632,0.027706497699584644
40633,0.036099451511394
40634,0.033027807696141366
40635,-0.024890787313064572
40636,0.05599072980513552
40637,0.0640218261449258
40638,-0.011264612147106334
40639,0.0008566077928581634
40640,0.023321798133858554
40641,0.10931749061493137
40642,0.03652278919983656
40643,-0.00365098751436322
40644,0.053611307089857174
40645,-0.0026732377545069935
40646,0.03718286628432421
40647,0.046403000066899146
40648,0.033528491390951265
40649,0.09089705450038604
40650,0.06296106352601566
40651,0.049483258801853176
40652,0.05565007576377968
40653,-0.010101543834313824
40654,0.06102325426850973
40655,-0.0428136969441713
40656,0.05862295975984082
40657,0.011217869215567729
40658,0.03798633950309229
40659,0.06030955760132505
40660,0.047961987575621395
40661,0.08598419233255367
40662,0.023707981809120305
40663,-0.008227350722983522
40664,0.09934270049529519
40665,-0.03372406337612821
40666,0.027017743582845182
40667,0.04486752248350201
40668,0.048543267611749784
40669,0.04601099865414396
40670,0.10631288699343269
40671,0.08451423425319236
40672,0.07081337747545259
40673,0.10304203593016739
40674,0.036510126617906286
40675,0.015323908204422459
40676,0.02968359040315962
40677,0.07864208159230925
40678,0.06331787873258994
40679,0.024630531999020006
40680,0.08350960595536376
40681,-0.0008228166211773982
40682,0.04183473355676625
40683,0.009975049840358192
40684,0.09730750196377838
40685,0.04799947632512002
40686,0.09229046995589227
40687,0.07437412206315505
40688,0.014581509107976658
40689,0.048678833509616624
40690,0.05760385055651113
40691,0.060190117005652424
40692,0.01738178331752732
40693,0.03811201355495412
40694,0.06114981447537758
40695,0.06232749535650496
40696,0.01460688346972729
40697,0.021128154812272253
40698,0.04020107045944589
40699,0.0007327633509258413
40700,0.06954351139394901
40701,0.06943425430903577
40702,0.02529020506050269
40703,0.05570557144392188
40704,0.029491370768148655
40705,0.03942329241606655
40706,0.08525906040372111
40707,0.01775164608980083
40708,0.045456092482426214
40709,0.027178007879425238
40710,0.06669014915491965
40711,0.003531994725553378
40712,0.02394377501718677
40713,0.02279590581361166
40714,0.10510092023560637
40715,0.03616713021288881
40716,0.029346714788185596
40717,0.042993591685119535
40718,0.04883704118817239
40719,0.05971893239719517
40720,0.04691288138288992
40721,-0.007509119181969719
40722,0.08373828547078335
40723,0.03708443020563929
40724,0.06662092260467546
40725,0.045245033710870255
40726,0.06129917081653373
40727,0.030057681557431198
40728,0.02657328257621031
40729,0.09392714432381315
40730,0.06228600094437868
40731,0.016350096151237208
40732,0.03512687585061638
40733,0.07510952962455385
40734,0.08950650795606288
40735,0.033808684873190276
40736,0.07422876079606218
40737,-0.04343832655876804
40738,0.03219003313634662
40739,0.08610832678811757
40740,0.0696189893672187
40741,0.01174212607107478
40742,0.058250408023322285
40743,0.0618179114549451
40744,0.021006153929932467
40745,0.07028158985551117
40746,0.0648414283242535
40747,0.03542316952581393
40748,0.032691092273328594
40749,-0.006282800625431892
40750,0.057379281996278585
40751,0.05781021266910211
40752,0.08626832413028146
40753,0.04115997345039399
40754,0.11344482326427813
40755,0.030063368641429174
40756,0.026862003473902434
40757,0.0457562279698658
40758,0.07259659286094566
40759,0.011589634310218935
40760,-0.014435525770323011
40761,0.08400379146843688
40762,0.08531294388168342
40763,0.033484951674077654
40764,0.026850404348908855
40765,0.04694439320507752
40766,-0.0006683612820187826
40767,0.04204284318437117
40768,0.07107168440159906
40769,0.004458993991450742
40770,0.02463536210069719
40771,0.041728277437275606
40772,0.021629891748105253
40773,0.00807731954162301
40774,0.06273251511306202
40775,0.09820911796230103
40776,0.03618350624125164
40777,0.04011177004158796
40778,0.05246502478470277
40779,-0.023472143450948946
40780,0.0721576447601947
40781,0.01806032460733128
40782,0.09241864681240308
40783,0.03238554288201094
40784,0.04382099900207984
40785,0.044909641856645324
40786,0.03931695575794461
40787,0.058782602616812625
40788,0.08252196387179758
40789,0.033343749678928086
40790,0.016646863479779457
40791,-0.031603692166088895
40792,0.017186061145909197
40793,-0.02105724590690366
40794,-0.015220819026248687
40795,0.04590601325601588
40796,0.05189595752097986
40797,0.03948208338620862
40798,0.017236310750493984
40799,0.04862519229194049
40800,0.014440805130526268
40801,0.05532692725017966
40802,0.04819690665186741
40803,0.017593288253892222
40804,0.06748988380290888
40805,0.023886141674083993
40806,0.04440111310163057
40807,0.09541444569637268
40808,0.039653328179676324
40809,0.06933988239470631
40810,-0.00875539407714477
40811,0.03981486725244816
40812,0.056540891686478884
40813,0.09185007487234921
40814,0.032265106266783077
40815,0.03376890863892262
40816,0.03883017871968303
40817,-0.011437506623024396
40818,0.04849685825555653
40819,0.04073915451425102
40820,-0.008589138408276277
40821,0.05291295138914312
40822,0.030101082556226143
40823,0.05537494077663683
40824,0.044250273463894076
40825,0.03742231848167704
40826,0.04692095633940739
40827,0.011751304589369588
40828,0.005082909349447433
40829,0.018381147989975977
40830,0.061900145403298565
40831,0.026996175067349013
40832,0.04258653557902428
40833,-0.0007870990396896538
40834,0.04692919312025394
40835,-0.00817093991133927
40836,-0.003504975218420435
40837,0.0631304381267854
40838,0.07642472873171768
40839,0.041084629725780045
40840,0.006245964751885942
40841,0.03237793911026805
40842,0.06884864086747915
40843,0.026327882600428024
40844,0.026464377763269903
40845,0.08116519795110225
40846,0.042434931353542496
40847,0.09143163626757556
40848,0.09074650587887967
40849,0.09300310683026597
40850,-0.020958033892643245
40851,0.06957957964469555
40852,0.08362193722446468
40853,0.031091591111906527
40854,0.07493682073704686
40855,0.06227624076488117
40856,0.03266979792065328
40857,0.03796677530436644
40858,0.046415253561338216
40859,0.08274655515359917
40860,0.07801732029302824
40861,0.06261861495160748
40862,0.07387347931229729
40863,0.04618351784218037
40864,0.03447202872994762
40865,0.027162563738520856
40866,0.022504725624694428
40867,0.05720287120306554
40868,0.0788802478820288
40869,0.035235763141691544
40870,-0.0038757347546484328
40871,0.0642978172018306
40872,-0.008601061283796473
40873,0.031105374265621058
40874,0.040524713687738356
40875,0.09140248143261687
40876,0.07871923174059064
40877,0.009056098157101927
40878,0.06814268595431082
40879,0.05468503315644341
40880,0.024753470181445858
40881,0.05041849356687131
40882,0.04398478451392567
40883,0.055478353295715765
40884,0.04531998533622316
40885,0.05395045552232882
40886,0.011238013067714062
40887,0.035136280932049124
40888,0.06054985747571931
40889,0.06592244865289279
40890,0.05063466846085276
40891,-0.0023561281393753436
40892,0.05987936898220877
40893,0.0981574708114782
40894,0.018955441558013344
40895,-0.003903637050618719
40896,0.09277079660416365
40897,0.09219440857458427
40898,0.022921732049799727
40899,-0.015862560177068302
40900,0.057195099482324055
40901,0.0690180449757698
40902,0.05065397915015048
40903,0.003751167094145344
40904,0.02173164658803769
40905,0.06331526882306912
40906,0.05996905858998658
40907,0.07115196355875546
40908,0.018875809635467124
40909,0.019349047321576038
40910,0.0368195146779373
40911,-0.009351176571448287
40912,0.04034657594771605
40913,0.06985752409446348
40914,-0.0373130308065775
40915,0.11968709160652435
40916,0.021298093171529774
40917,0.03353987029762148
40918,0.06370576373884014
40919,0.035465303522444404
40920,0.0641598019890898
40921,-0.012463575715757541
40922,0.02995673853803279
40923,0.020408071552241527
40924,0.03973968474604916
40925,0.08351523962513455
40926,-0.012751900872702948
40927,0.006024611153325789
40928,0.08336714050750989
40929,0.018397567165916565
40930,0.06315429919145502
40931,0.030109367485411473
40932,0.04155904814404995
40933,0.011630211017210942
40934,0.0915179779741292
40935,0.02608266206764366
40936,0.05197638235449463
40937,0.07524412596241895
40938,0.048617765569932046
40939,0.08885213764215333
40940,0.04029173449975368
40941,0.03276203350414587
40942,0.004734069668908394
40943,0.0741279940674406
40944,0.11348749864485781
40945,0.03131355883462418
40946,0.06104929973184292
40947,-0.017348698099513747
40948,0.005345774007021312
40949,0.03828958090685873
40950,0.0351696907763569
40951,0.057903013431058234
40952,0.04406711004990679
40953,0.007169620248211016
40954,0.09182449032744765
40955,0.023045034362117012
40956,0.0028267170275208323
40957,0.0667587655586053
40958,0.04743256414643824
40959,0.05465213029760878
40960,0.058943154080784654
40961,0.012552354491378846
40962,0.09271253364248305
40963,0.06642008415417124
40964,-0.004040418193575014
40965,-0.0019422307599037125
40966,0.09917657895069437
40967,0.04640277514770349
40968,0.05306376506673633
40969,0.05344818359759053
40970,0.03759566491302242
40971,0.07304290525393936
40972,0.04335827012083937
40973,0.03815734103539864
40974,0.04854411570805838
40975,0.023705285804168925
40976,0.048293849567585756
40977,0.016317449843846893
40978,0.06857339541261899
40979,0.03986753803235669
40980,0.0419996635359346
40981,0.050356969158852745
40982,-0.006756478121513067
40983,0.009388390827612496
40984,-0.006848395394586662
40985,0.0416088768777163
40986,0.07963926693075293
40987,0.0407366246232587
40988,-0.009750180437355947
40989,-0.019286023576266985
40990,0.06870500566617238
40991,0.024014341379376414
40992,0.07902843494696905
40993,0.013021683984890273
40994,0.06262743112291613
40995,0.06869425248226449
40996,0.08642723576613369
40997,0.041488861889802
40998,0.005837671913002246
40999,0.043284845117590745
41000,0.017706539097654368
41001,0.037597747788824395
41002,0.04321594924505655
41003,0.0734180434370886
41004,0.005702234817732368
41005,0.03264433969047292
41006,0.032402699146746955
41007,-0.007108835673634621
41008,0.021515462743037766
41009,0.03342742675364346
41010,0.04467338060559366
41011,0.05362533893254305
41012,0.023594597487527885
41013,0.0469571768620573
41014,0.07549573458947294
41015,0.04401338739989724
41016,0.00832787596514252
41017,0.03252188287753802
41018,0.07385995420427952
41019,0.06404132185183459
41020,0.05414233377235057
41021,0.026255668507949567
41022,0.10218891313002781
41023,0.05832999019033176
41024,0.09365446034728028
41025,0.04470428826888842
41026,0.04195520118739432
41027,0.005099351921616473
41028,0.06738298162426874
41029,0.08894747409894316
41030,0.040457024915364445
41031,0.022125919872009018
41032,0.07300981535403671
41033,0.03837468008556036
41034,0.08387254223888727
41035,0.04624857417126664
41036,0.08748241148966845
41037,0.0169734344075747
41038,0.0742919758514691
41039,0.037093899963838585
41040,0.050281630787982354
41041,0.024449095852215396
41042,0.04903160305792665
41043,0.013550344555780167
41044,0.04839143788069644
41045,0.10337474717029743
41046,0.07401168968529986
41047,0.07050846884313833
41048,0.015175187297360171
41049,0.008682553725533393
41050,-0.0030347845601882834
41051,0.012899185768009507
41052,0.00634799438363004
41053,0.03487706158769945
41054,0.044534817321647976
41055,0.07738705569927318
41056,0.06374357403661579
41057,0.09371929698229846
41058,0.04896701058522658
41059,-0.004507576835886332
41060,0.015461419591784736
41061,0.019848148817388077
41062,0.06911811706178732
41063,0.04648923828569895
41064,0.05564457741295464
41065,0.05864056725147675
41066,0.01941679391208536
41067,0.04479917222619172
41068,0.09894681680620464
41069,0.021681126930013155
41070,0.07212282385159015
41071,0.030942097880443484
41072,0.06967102562821986
41073,0.06408934748807904
41074,0.07946789673983029
41075,0.027925973047054943
41076,0.00894793646975027
41077,0.009221537234378893
41078,0.046033593790306804
41079,0.04395442270509005
41080,0.10439944941685174
41081,0.06158534897999711
41082,0.021754938371043107
41083,0.07557089277573828
41084,0.032041460439862376
41085,-0.0006279458203653082
41086,0.0010099809831251444
41087,0.02966828205229997
41088,0.09550964758137634
41089,0.03544805737681928
41090,0.03744367525239533
41091,0.06234378704202673
41092,0.09962567495186689
41093,0.0684501336352239
41094,0.043318798700445645
41095,0.02709323380056392
41096,0.025362861870788275
41097,0.011450888589847111
41098,0.11258309437968264
41099,0.0958769662059198
41100,-0.021229168973286167
41101,0.06381395007321992
41102,0.09091872444788851
41103,0.06613587919479691
41104,0.03355453781406682
41105,0.10779524609527326
41106,0.030685848578256125
41107,0.032030290206526035
41108,0.034944431420385814
41109,0.0439681819719703
41110,0.03805800677527506
41111,0.07124263375870563
41112,0.07065547121779747
41113,0.0540165656065053
41114,0.031003623186976505
41115,-0.046026772549283036
41116,0.02035421808754589
41117,0.039845603815027844
41118,0.020443925969240558
41119,0.015567285725173637
41120,0.0768401753442854
41121,0.10074440727692612
41122,0.08416776020320499
41123,0.030482970322284954
41124,0.032822881596445544
41125,0.08220681883650466
41126,0.03858132036705726
41127,0.01926114780295823
41128,0.07491656923674624
41129,0.023830117531168087
41130,0.0803908155155377
41131,0.0683278650744887
41132,0.07286198307516516
41133,0.08820605027297222
41134,0.04940786940314315
41135,0.04221019185976646
41136,0.03132139465484788
41137,0.044778778184365195
41138,0.03237994184600427
41139,0.007341148748404698
41140,0.038251584509491204
41141,0.03410164896754546
41142,0.05200068279685291
41143,0.1006162981793767
41144,0.05647169292944765
41145,0.031052003565779796
41146,0.030901471695974916
41147,0.034274652696181414
41148,0.06428451871484137
41149,0.04604336177917169
41150,0.009416409631337531
41151,0.05489697231505319
41152,0.0755096072848842
41153,0.07828011751896788
41154,0.019647713352640025
41155,0.05296064795418494
41156,0.011414431373666056
41157,0.01177784023607538
41158,-0.02873906190669985
41159,-0.03198838663077411
41160,0.04407605994774259
41161,0.08873659836941597
41162,-0.00016995575379945282
41163,0.04849949486056003
41164,0.053900859899938716
41165,0.027889726499077144
41166,0.06409894799312928
41167,0.07419519733330691
41168,0.04354385958571278
41169,0.03093752309320328
41170,0.08116858914019195
41171,0.05447996817389504
41172,0.08911195295539631
41173,0.07671189854200439
41174,0.028387594589987748
41175,0.05883712680191491
41176,0.015417711324274011
41177,0.07547963153312101
41178,0.02861302323362408
41179,0.0505245867338686
41180,0.017308926692537162
41181,0.00030935745538042403
41182,0.08277597434548459
41183,0.0827567244921851
41184,0.05590799337703971
41185,0.04377384354386089
41186,0.03346943161392124
41187,0.02109962201431624
41188,0.07240901217815916
41189,0.012048544465835274
41190,0.061402101104433275
41191,0.0560600917823455
41192,0.04926058288414252
41193,-0.017877193501582803
41194,-0.023206510835018908
41195,0.048441505803583064
41196,0.03460284009285605
41197,0.06627649217447446
41198,0.002180230940935196
41199,0.07037026796823624
41200,0.025355146086549717
41201,0.05342325838076255
41202,0.1266174284567556
41203,0.06615244786421189
41204,0.030827062516674237
41205,0.05764246822927119
41206,0.044535629233610007
41207,0.05591379103660166
41208,0.04466037025801681
41209,0.08003962645990326
41210,0.08947769480705928
41211,0.03582364464385956
41212,0.06456762498977633
41213,0.08517350389203651
41214,0.0668746047454238
41215,0.0544380694545307
41216,0.016735909740258417
41217,0.04987046391639883
41218,0.027773680167744452
41219,0.07981079522684531
41220,0.08114906906359602
41221,0.04427563246348963
41222,0.013192117747863174
41223,-0.005876743206559926
41224,0.009962703711366351
41225,0.11912077998118015
41226,-0.008746426577203294
41227,0.044938179183113706
41228,0.07110378757985064
41229,0.007641892729668427
41230,0.07624970828813607
41231,0.05354510190735118
41232,0.025713132203179813
41233,0.019135985914472083
41234,0.05421727275450658
41235,0.11227354362813452
41236,0.014560389864417458
41237,0.01786005487909374
41238,0.07049243012548755
41239,0.07721068624376665
41240,0.06101210295589656
41241,0.04245184264100281
41242,0.04860576305792876
41243,0.04630566110975928
41244,0.01629413638218161
41245,0.09205858494678376
41246,0.0631639314863479
41247,0.06505448751561475
41248,0.005418994305333137
41249,0.04440400304864402
41250,0.08236127097040163
41251,0.09213457386390035
41252,0.08270289139384827
41253,0.00036621069605651674
41254,0.07423640591558897
41255,0.10837524372892093
41256,0.0435105851256912
41257,0.05080127818247419
41258,0.06463410487052001
41259,0.055790215617231534
41260,-0.03101448617150459
41261,-0.01483878115385405
41262,0.009751052581976588
41263,0.051250068292268844
41264,0.06585712220924869
41265,0.04104687354906518
41266,-0.006275857715812808
41267,0.03228101426400028
41268,0.01875632206283403
41269,0.052043168284997665
41270,0.04660127335304555
41271,0.07366227219509516
41272,0.04175900708514842
41273,0.07842922574235309
41274,0.058921376361959876
41275,0.027263213599390615
41276,0.07241265402491676
41277,0.06709118850363478
41278,0.021879425865809227
41279,0.06901536627437284
41280,0.010173044637359303
41281,0.07514667418800652
41282,0.0063606412516044875
41283,0.06437612358073579
41284,0.02434130693448003
41285,0.023664726480708952
41286,0.03589769863350185
41287,0.042425591706653144
41288,0.03918226882094373
41289,0.05513098726952036
41290,0.060894511896950686
41291,0.03320809058497933
41292,0.05457496822254244
41293,0.07060873865559555
41294,0.056249543744871545
41295,0.022504102872447737
41296,0.050605433219857124
41297,0.07138951127057039
41298,0.01943260096101884
41299,0.033649658281993594
41300,0.000521802310697643
41301,0.08885090562741368
41302,0.04624128396059037
41303,0.023300523061286806
41304,0.07566946546099604
41305,0.04459534652952417
41306,0.0044243444490329326
41307,0.0642117196656341
41308,0.04081100810802634
41309,0.057245168785313785
41310,0.061814519635403783
41311,0.00908781530004342
41312,-0.0018239095286836926
41313,0.04089548487414841
41314,-0.008189325344335356
41315,0.02280512142343106
41316,-0.013902084798722882
41317,0.04175610165783098
41318,-0.02845090600527983
41319,0.07073214896967253
41320,0.049798563865306004
41321,0.037028723375978706
41322,0.04478548324157617
41323,0.07241363615000396
41324,0.006949758445856602
41325,0.04431272040223524
41326,0.08985541030926836
41327,0.0583565881641564
41328,0.03828529062624445
41329,0.017792852492985622
41330,0.03601511323996849
41331,0.020825178505023884
41332,-0.018684402330607155
41333,0.031196579325336704
41334,0.054198998896553004
41335,0.020566971851769547
41336,0.03176766304381823
41337,0.05111786691873593
41338,0.06953748981919305
41339,0.07521894376631413
41340,0.05795576976329835
41341,0.05628886415215388
41342,0.041003700397311736
41343,0.06783348754411564
41344,0.016639671914200602
41345,0.07487186237296803
41346,0.05092885598212819
41347,0.008605669252460472
41348,0.01514407893584152
41349,0.08216730199853087
41350,0.013171422976759644
41351,0.046154276830381646
41352,0.06367774531000112
41353,0.010107062902706562
41354,0.09003159972673183
41355,0.07137201472360258
41356,0.038354383618132336
41357,0.03453823011190738
41358,0.05571808931178326
41359,0.04212871961070374
41360,0.046274335500919125
41361,0.04572646562666447
41362,-0.016964591597138562
41363,0.07675382353816314
41364,0.0618620200948929
41365,0.018800169080792486
41366,0.0438933597084576
41367,-0.0017262466726161024
41368,0.06145196767209071
41369,0.04413474250272083
41370,-0.0010241731784302877
41371,0.01243802257406285
41372,0.07013265445073796
41373,0.008545489142124614
41374,0.05221422475335539
41375,0.009344923517925208
41376,0.023927873033466482
41377,0.02008195187029499
41378,0.01306612008365849
41379,0.044257330868705536
41380,0.05098530460837931
41381,0.01606820336378567
41382,0.0427035264095537
41383,0.12036504063676301
41384,0.0692849313046738
41385,0.05454469474371659
41386,0.09980431284196768
41387,0.02193648132102535
41388,0.020070694928263758
41389,0.05742741242215434
41390,0.024073454547041732
41391,0.045887784265934914
41392,0.01879699929125701
41393,0.08927622803213853
41394,0.011783540166063509
41395,0.060090647672315325
41396,0.002594083541093972
41397,0.0655939609075427
41398,-0.008920726879073027
41399,-0.040266939416633056
41400,0.01566854799441271
41401,0.05031285738374957
41402,0.07561924592096914
41403,0.06379254993779325
41404,0.0034427910168120662
41405,0.0689141834208022
41406,0.06669131005201342
41407,0.004456309641221942
41408,0.0377776726985384
41409,0.043032519179955764
41410,0.0033954345218878204
41411,0.002955850605604271
41412,0.055943483828689744
41413,0.08329890672265426
41414,0.013827474459698355
41415,0.04261685478859037
41416,-0.02202152336380747
41417,0.04548663795951881
41418,0.04803592183668434
41419,0.08044603480440074
41420,0.018738243019458492
41421,0.0198767484058138
41422,0.03972028514108077
41423,0.04646832475221489
41424,0.023835119204982807
41425,0.0023766133501085737
41426,0.024347961330064637
41427,0.048620223897326106
41428,-0.02947424452975103
41429,0.017793286218792823
41430,0.06617176867005238
41431,0.07141200769303312
41432,0.016049355961260652
41433,0.06434041913218223
41434,0.08399741667300153
41435,0.007913591016108015
41436,0.013793280455572675
41437,0.0587085267489742
41438,0.03412287034438918
41439,0.08488055814613121
41440,-0.015212117215165417
41441,0.04896126482762776
41442,0.09021416479423215
41443,0.05261859685696772
41444,0.027611079850373275
41445,0.10151368880963602
41446,0.023710040209478866
41447,0.06263116589192788
41448,0.03935090357879711
41449,0.031344592600508765
41450,0.05200712800020832
41451,0.04975863244950698
41452,0.07291265677497691
41453,-0.003762545313332595
41454,0.049153823867527736
41455,0.023182905424318896
41456,0.060110973078891815
41457,0.039692171703389824
41458,0.03333896426439813
41459,0.05301798260455942
41460,0.044818545532175874
41461,0.04692100269078179
41462,0.046296908239862634
41463,0.04705143874332191
41464,0.02052203805080439
41465,0.11116058100466833
41466,-0.015697130285790124
41467,0.0757896678650693
41468,0.046842747828112735
41469,0.10407008357363942
41470,0.03477718268815859
41471,0.0025755115474548965
41472,0.07158649260370184
41473,0.022052787981426708
41474,0.03127363522963657
41475,0.06550652719491791
41476,0.015129714776914844
41477,0.06525918039327255
41478,0.0521454438466738
41479,0.01227038271205811
41480,0.07291057591994739
41481,0.013831609155399646
41482,0.07466308678526659
41483,0.08114863960716108
41484,0.05290872131145182
41485,0.048299019952222556
41486,0.021709972112436082
41487,0.025444594729852523
41488,0.04574528376457967
41489,0.04106646840540415
41490,0.09438150810527617
41491,0.015860832916542913
41492,0.029682146633531158
41493,0.06612255450944393
41494,0.04857742260509109
41495,0.03171308075263087
41496,0.013497761103279361
41497,0.02151447636578367
41498,-0.00641717877444118
41499,0.00691501324958281
41500,0.0336041759005095
41501,0.040019764778462134
41502,0.06453108960745188
41503,0.08645706228529035
41504,0.04200670886073231
41505,7.283927850491867e-05
41506,0.052224706236518
41507,0.01367977054387626
41508,0.06480893238451929
41509,0.0839875234735873
41510,0.06828393053045813
41511,0.028516845983399822
41512,0.11118349006690731
41513,0.019619409135587122
41514,0.0438456380479837
41515,0.021700354251945622
41516,0.07206970426801221
41517,0.07816872010321593
41518,-0.0321184471579614
41519,0.024119530345810585
41520,0.03490181121376798
41521,0.05677235890351634
41522,0.028985216979304285
41523,-0.05885894998296687
41524,0.03754146491688161
41525,0.025798477020587393
41526,0.052767712702764806
41527,0.06193916550375109
41528,0.04558914167697302
41529,0.05477547439344917
41530,-0.002409226920714623
41531,0.04865656631870578
41532,0.04553155029716531
41533,0.06577452907792158
41534,0.0814387650376619
41535,0.06674703647528585
41536,0.05478701332566818
41537,0.10444168492536135
41538,0.07159847010965725
41539,0.10173210243724436
41540,0.032001379648649984
41541,0.04603931353694542
41542,0.057311807887076106
41543,0.05071098600168007
41544,0.052553042407421355
41545,0.08336764295699042
41546,0.047950046482073294
41547,0.026316580762270742
41548,0.06044808830731037
41549,0.05319538967445394
41550,0.04344536273467376
41551,0.03140987554015452
41552,0.027265844666018942
41553,0.052189653708600445
41554,0.059070969943003176
41555,0.07461156363009284
41556,0.05923534692065328
41557,0.045572080941652264
41558,0.03485799160476804
41559,0.06941677529229827
41560,0.05148885895170873
41561,0.06414226524676435
41562,0.042551190033172544
41563,0.045199650760543136
41564,0.03520427939680358
41565,0.10587423234804522
41566,0.0413098148099531
41567,0.02393452777623885
41568,0.047998840840326476
41569,0.08318960971569106
41570,0.02895733848025111
41571,0.04079040560251338
41572,0.04012161113048066
41573,0.008515578463072805
41574,0.05297841365173091
41575,0.06010009549644166
41576,0.0660457745357585
41577,0.007371174444431999
41578,0.04307406136840569
41579,0.029340535017216243
41580,0.01644669074813199
41581,0.042310839630142864
41582,0.04640721853047784
41583,0.08833781040102967
41584,0.016896407876459196
41585,0.015223029282614202
41586,0.09232282789873938
41587,0.04315771439582527
41588,0.03547096354002005
41589,0.019820828197720217
41590,0.04007641495932816
41591,0.01098110143189237
41592,0.052904638976345744
41593,-0.02317882848299263
41594,0.0368177600792801
41595,0.040183157610435026
41596,0.03213147354334167
41597,0.027221933345778056
41598,0.036446857181323775
41599,0.011096252978550714
41600,0.024607187551133333
41601,0.03168433813774039
41602,0.059349379226908514
41603,0.01978607786899382
41604,-0.011879854488579748
41605,0.04884737313997256
41606,0.058464621382440116
41607,0.07424661565349028
41608,0.04356762484031425
41609,0.049788280363690623
41610,0.05742882930996107
41611,0.03776981070584677
41612,0.08127881331378983
41613,0.04606407237762931
41614,0.046993358353162006
41615,0.04503756547812939
41616,0.07681920796173577
41617,0.055304739115554426
41618,0.06024708927735825
41619,0.06715071619944112
41620,-0.005134380342225027
41621,0.03901847318498218
41622,0.030658681627759594
41623,0.04409956983817469
41624,0.03931587823931651
41625,0.02750494560113024
41626,0.039407266871829515
41627,0.10861610941656229
41628,0.030404681288092966
41629,0.05286045998041819
41630,0.12964188637012475
41631,0.007221334898325028
41632,0.07183877984564907
41633,0.007154118466414727
41634,0.06566766433511968
41635,0.08597091345304447
41636,0.02353332379018241
41637,0.07944406357431677
41638,0.05059241596995089
41639,0.05932946264301867
41640,0.02680349298180814
41641,0.03942531928817701
41642,-0.0040329478656693715
41643,0.10633021291206386
41644,0.013036326858537343
41645,0.06607136910384245
41646,0.12793913352548256
41647,0.05890620157909531
41648,0.0467450753003329
41649,-0.01593334868656472
41650,0.050089758865006634
41651,0.02907962176713577
41652,0.017141903602773765
41653,0.03855222740626484
41654,0.061349063772170864
41655,0.058613346734166474
41656,0.029709865017740374
41657,0.04906637226462834
41658,0.016446097501613438
41659,0.057900821140837326
41660,0.0011601007745007316
41661,0.003609066912975467
41662,0.06880549936634944
41663,-0.04213214637015
41664,0.10610042515810053
41665,0.009633950100844078
41666,0.0010091495991149182
41667,0.024599418713440287
41668,0.0463437194426681
41669,0.006345110603870413
41670,-0.009943696764499695
41671,0.025079071713621857
41672,-0.015747134469241524
41673,0.051028853946508766
41674,0.07215753854334475
41675,0.019900222508093555
41676,0.07186886408228059
41677,0.053788274903338484
41678,0.0012527447854386378
41679,0.06558723253675747
41680,0.07159323753059045
41681,0.0492780708562055
41682,0.04293721444612898
41683,0.04111484275008592
41684,0.008961187557651837
41685,0.0019328589092904927
41686,0.009564798009551165
41687,0.02998403135596376
41688,0.05794819765494605
41689,-0.02029798520126319
41690,0.06359864820125921
41691,0.023324454366323112
41692,0.05204312918026722
41693,0.0025714387859097285
41694,0.030538156299037975
41695,0.11704959128720835
41696,0.023768440312544152
41697,0.038814269761851566
41698,0.039833406967131856
41699,0.041676745545543965
41700,0.03196518565182452
41701,0.09737696097178487
41702,0.07587159484244595
41703,-0.0010076692784975402
41704,0.02804793569997336
41705,0.02828343169814873
41706,0.040133496651928245
41707,0.0027926080481849996
41708,0.07518804377657176
41709,-0.0019173696522239297
41710,0.010899805557065587
41711,-0.016522326824929705
41712,0.019486820086393263
41713,0.07526528168922805
41714,0.029045651621206134
41715,0.07542621927020968
41716,0.04163233370370764
41717,0.013144389320253226
41718,0.09991636697915932
41719,0.012839675674804457
41720,0.03277958753924451
41721,0.0166098132336733
41722,0.00974258699882169
41723,0.07150409434134865
41724,0.018304712303456053
41725,0.08170109262349183
41726,0.030167871439037104
41727,0.045610674488578945
41728,0.023112962498833413
41729,0.037489933616514114
41730,0.0514363670365026
41731,0.02261053264721851
41732,0.0681680668811166
41733,0.027946050675962918
41734,0.024962383136209385
41735,0.0499232314954412
41736,0.0024856617674915912
41737,-0.0012653393980779151
41738,0.0369160854313485
41739,0.027489519069893525
41740,0.04261212312952549
41741,-0.00958947368788731
41742,0.03632540143880152
41743,0.05904607627804115
41744,0.10789654202226656
41745,0.02706978606136478
41746,0.05425827302012288
41747,0.08610730910074166
41748,0.01972477914586905
41749,0.03520346317642833
41750,0.06628566220166213
41751,0.02386513565318975
41752,0.06320472520999919
41753,0.04886398347476868
41754,0.01656837923590095
41755,0.0748731758270081
41756,0.028021872430737053
41757,-0.018553270284654824
41758,0.06352139539596915
41759,0.029672176490884508
41760,0.021091525758864704
41761,0.042045319241321426
41762,0.04462851907380734
41763,0.02620141362588651
41764,0.06378064999909505
41765,0.03195769675227863
41766,0.03978436807882315
41767,0.07300333981548274
41768,0.03941233254818353
41769,0.06330491177562293
41770,0.028712453976161827
41771,0.0040978358067188525
41772,0.012846573850731857
41773,0.059976908195752805
41774,0.003471021737078382
41775,0.014827042509227732
41776,0.05970227003267257
41777,0.06834332413060018
41778,0.10120621203810555
41779,0.006627978146833323
41780,0.0496514454762141
41781,0.053526699766827154
41782,0.056622747882591855
41783,-0.04566189607945123
41784,-0.011721397844340765
41785,-0.009858792990961533
41786,-0.009987786633776162
41787,0.01456824650063029
41788,0.03632190755327405
41789,0.012162497654215863
41790,0.03995532543251111
41791,0.04320400883743447
41792,0.03925399608143233
41793,0.04574675668675511
41794,0.04448112762820646
41795,0.03615311115933231
41796,-0.006863097242440108
41797,0.049546624040372675
41798,0.07549780694563707
41799,0.06953946265423493
41800,0.015002378289740655
41801,0.05309220005978019
41802,0.00515054860135615
41803,0.05177556040900516
41804,0.03415112775454592
41805,0.029410667016943223
41806,0.049864402264485755
41807,0.012752214775160628
41808,0.019658709144687522
41809,0.015177462221692712
41810,-0.009330217143083096
41811,0.02119307886207745
41812,0.05626346030339067
41813,0.05529347863232445
41814,0.055028943302512484
41815,0.061589463321517796
41816,0.10785720902449691
41817,0.03001074934655882
41818,0.0534104740346096
41819,0.008518689419400566
41820,0.07130558147571
41821,0.06217531187600611
41822,0.038524185649898034
41823,0.03509274611556347
41824,0.028415211038883177
41825,0.0538412513688492
41826,0.037604915368645006
41827,0.05793976883719989
41828,0.03702510880899901
41829,0.08380071095961947
41830,0.006303204796704896
41831,0.09798430798501424
41832,0.06782639437608565
41833,0.005984403068114624
41834,0.025195401472402332
41835,0.08058970501095661
41836,0.036587659832315794
41837,-0.025960241766812754
41838,0.000715318007909374
41839,0.010400087171131236
41840,0.05522848040994303
41841,0.06567615440331799
41842,0.06798270888155401
41843,0.0826182912104074
41844,0.041641649484625724
41845,0.012587569897679764
41846,0.03841445114235632
41847,0.08592953817846223
41848,0.038380390534607386
41849,0.03569263445981379
41850,0.027398059808930834
41851,0.06709733509044148
41852,0.049641658682595985
41853,0.08060483207886032
41854,0.04784237405299334
41855,0.029538879659365497
41856,0.02458696606690044
41857,0.03584313739751271
41858,0.01848241544681076
41859,0.012334443813804493
41860,0.038659586105148
41861,0.030963110288619766
41862,0.06128864940245063
41863,0.10134568416208235
41864,0.06979807765252972
41865,0.0008201411570631228
41866,0.05568058827520659
41867,0.02165685102866983
41868,0.0550626137463943
41869,0.051206936342808596
41870,0.031523471366673786
41871,-0.0004227008478152189
41872,0.02141693814057113
41873,0.016431419269471517
41874,0.07698723575729852
41875,-0.0016331308927471574
41876,0.04960392079776137
41877,0.03852383086202494
41878,0.03082943261481988
41879,0.02931130423631018
41880,0.07015098983914053
41881,0.03908753616820727
41882,0.051900551060311814
41883,0.024512348003571587
41884,0.05889090065798841
41885,0.05624221849892404
41886,0.0020495583244741697
41887,0.08438721764498983
41888,0.022985006473694246
41889,0.08605702310593057
41890,0.050712176996966764
41891,0.03564763078509172
41892,0.031074694730869733
41893,0.04462404266809505
41894,0.08349117084594818
41895,0.023753521712970366
41896,0.08274750498039872
41897,0.0013827610259715198
41898,0.034855664896096435
41899,0.03796398841551679
41900,0.01921883446765667
41901,0.04438175849773276
41902,0.048076521799298805
41903,0.0669500479991341
41904,0.04017968319385464
41905,0.056500690587827244
41906,0.026409888664257135
41907,0.07882657815780848
41908,-0.04285993250805545
41909,0.0006641804966847839
41910,0.030908596005946004
41911,0.0274301324417758
41912,0.07670408034195374
41913,-0.01194116787381859
41914,0.05303090014460727
41915,0.07202185190463896
41916,0.07034191043068552
41917,0.028704995508525788
41918,0.033483812581993275
41919,0.03377080758612352
41920,0.05029835580572642
41921,0.05077525665423014
41922,0.014987002090564826
41923,0.05278126921703985
41924,0.008920095881372339
41925,-0.010607188948533616
41926,0.05803425847707201
41927,0.08378691316701237
41928,0.03439367320820562
41929,0.0110695020666245
41930,0.03424603984065677
41931,0.08668085575191399
41932,-0.044519295197794774
41933,0.06946178292970356
41934,0.0387645212105573
41935,0.06465532281092284
41936,0.01396735293613912
41937,0.027183273963325892
41938,0.06201323820528167
41939,0.021370488198127185
41940,0.032849883505251865
41941,0.041802792627252595
41942,0.019201049936300958
41943,0.010444974292543832
41944,0.05607977866516221
41945,0.09967456508973252
41946,0.026449366441885617
41947,0.01983294878716694
41948,0.057016766980897055
41949,0.05543467891213354
41950,0.08599467344678147
41951,0.0581098464980782
41952,0.019205801506089287
41953,-0.018287020104880834
41954,0.02892171170779899
41955,0.08503468601643507
41956,0.04905615258219276
41957,0.04497152236397806
41958,0.0783890689150234
41959,0.11156818402457613
41960,0.09495333048340836
41961,0.030440863879352593
41962,0.05073633095164124
41963,0.0037749681812921584
41964,0.00270009153791588
41965,0.057336302606442374
41966,0.07090111220766733
41967,0.05504206064810599
41968,0.03761389439589901
41969,0.07060439686860834
41970,0.08263302195655353
41971,0.03556338063178563
41972,0.02414219001327786
41973,0.05373155459684529
41974,0.03673206223449228
41975,0.03352098270122175
41976,0.06090848677695202
41977,0.03765395511768456
41978,-0.0033988720913936746
41979,-0.013976670147575705
41980,0.043318941538296275
41981,0.04599519012419348
41982,-0.029264759967121023
41983,0.05130892455600331
41984,0.059003507929862524
41985,-0.01495179588860214
41986,0.001072887638713979
41987,0.02149452279617281
41988,-0.0020037967081579997
41989,0.019470836134367817
41990,0.050918199981820955
41991,0.07338391269195514
41992,0.09662041104201474
41993,0.0509278920242521
41994,0.048827309388302105
41995,-0.004614421102081559
41996,0.07935610917716605
41997,0.04075477773957049
41998,0.030214120779361843
41999,0.025142238079649607
42000,0.030185961187739405
42001,0.08936138556103279
42002,0.022441714680501462
42003,0.03771252739729894
42004,0.03750185019929095
42005,0.08698317906149872
42006,0.0981770572344244
42007,0.0382790456252303
42008,0.11435728028978136
42009,0.03630656986818208
42010,0.056290233777468925
42011,0.08331533796322406
42012,0.03268877219294326
42013,0.0661083781433916
42014,-0.018374918388590837
42015,0.05244589357206715
42016,0.02900124637881183
42017,0.04658490087876398
42018,0.05249608225149762
42019,-0.0516458479643311
42020,0.04474974489236064
42021,0.03533615322699425
42022,0.0941191550251845
42023,0.013549140915784647
42024,-0.029974376082987947
42025,0.01865428334416718
42026,0.10181153867241047
42027,0.01659832466331825
42028,0.01816607773162434
42029,0.04750900422267373
42030,0.01420197338245847
42031,0.03787538696941128
42032,0.08801800314289715
42033,0.05396906649533726
42034,0.020619073976216658
42035,0.042116147692512734
42036,0.02748696447614724
42037,0.0639026116682719
42038,0.05184703239516613
42039,0.013771665953473143
42040,0.047573275707405736
42041,0.06315304165391747
42042,0.07521070894423745
42043,0.0533551805852596
42044,-0.0014332980887896835
42045,0.06452900399848199
42046,0.026661989850286873
42047,0.05986622410110252
42048,0.022133396084751504
42049,0.019239853089052714
42050,0.07462037183228717
42051,0.073359292496823
42052,0.09083230150300489
42053,0.01870026145236565
42054,0.062305884076096274
42055,0.015462134751315408
42056,0.020381686311363605
42057,0.01217553321665019
42058,0.06238426273489661
42059,0.07054483533469547
42060,0.026949830631873225
42061,0.040189782331968474
42062,0.00603362360505727
42063,0.069480318587262
42064,0.020976348114379144
42065,0.04622724872960826
42066,0.06597917061581261
42067,-0.005224706762178427
42068,0.003933033112160242
42069,0.018651758233754714
42070,0.012155029635067191
42071,0.040451084911789746
42072,0.054579081956411805
42073,0.03917263993585106
42074,0.014851789746652546
42075,0.0479103941257827
42076,0.003361013802696579
42077,0.05017531381719309
42078,0.01997921175284509
42079,0.052126117833911585
42080,0.025499906054342623
42081,0.03687162197023956
42082,0.09609794544513564
42083,0.048706744970851146
42084,0.04470426873389426
42085,0.041706008264848805
42086,0.0652237699689402
42087,0.06332267060040142
42088,0.07933490123093126
42089,0.08155916346770539
42090,-0.016198731786865615
42091,0.0480515795245249
42092,0.02132057344369999
42093,0.042716703556531406
42094,0.01976788268242862
42095,0.1006539412854264
42096,0.028552677634610737
42097,0.02747422219611531
42098,0.03744620869385963
42099,0.0034437322134615797
42100,0.025240907693793682
42101,0.04507764026743638
42102,0.09508652110278439
42103,0.06750898465374705
42104,0.06008699887327534
42105,0.038106854507188356
42106,0.02286871684383507
42107,0.04247010998771391
42108,0.0241784679470045
42109,-0.02380356216051193
42110,0.06508843775357025
42111,0.07999417672104817
42112,0.007053447520715156
42113,0.03217639530082357
42114,0.03172639015613593
42115,0.014839673998059546
42116,0.04822389644511388
42117,0.030537962257405828
42118,0.09091836371526471
42119,0.010376214168795861
42120,0.07085691793837884
42121,0.03018511294092554
42122,0.018773491624756746
42123,0.05169523810123736
42124,0.03451906268813027
42125,0.0235840044945878
42126,0.022423281060114833
42127,-0.006867380739417062
42128,-0.03470993913987991
42129,0.010714833782348398
42130,0.0516424404214278
42131,0.07284121329758389
42132,-0.012383801656153964
42133,-0.016074316010399152
42134,0.020968758333223262
42135,0.042050408160800475
42136,0.007334449476801737
42137,0.041864006747768016
42138,0.11115417042583278
42139,0.056750800258132214
42140,0.03979257182488713
42141,0.005930328913533879
42142,0.07077676236054975
42143,0.08489221653937329
42144,0.059308425096037176
42145,0.009917300495535714
42146,0.059016046416158346
42147,0.046232748878650254
42148,0.07358653778283755
42149,-0.026764666391124105
42150,0.08954080984131525
42151,0.0781177855526762
42152,0.05661965189365069
42153,0.07007289543362645
42154,-0.00018131372258443218
42155,-0.012382520673462072
42156,0.06621449508070276
42157,0.016383952245456558
42158,0.028578000933914917
42159,-0.00014248959308087866
42160,-0.006470423115839945
42161,0.04025666024187383
42162,0.06830258166211436
42163,0.03784319121942058
42164,0.09266936428065693
42165,0.06642821655334391
42166,0.028428149122825205
42167,0.029962882143011852
42168,-0.007451172109290083
42169,0.017312902257064607
42170,0.009210501835010501
42171,0.02136411108143355
42172,0.03490025889583532
42173,0.0782817471593963
42174,0.029211730581745816
42175,0.06538223594872115
42176,0.006490952084437944
42177,0.032736942854885015
42178,0.02330494866404272
42179,0.06355008072739132
42180,0.09021027741715418
42181,0.06647227144369171
42182,0.006627644441516298
42183,0.0499982390781262
42184,0.05440069510902411
42185,0.054051883557099695
42186,0.029192859199601157
42187,0.07695857144599857
42188,0.07031531483707916
42189,0.06234339058106652
42190,0.09752161658305049
42191,0.057711265477183804
42192,0.06674395244397499
42193,0.0778012451795851
42194,0.03536713952338817
42195,0.02305781722661794
42196,0.08233663552114039
42197,0.08153608373116977
42198,-0.005075732500746277
42199,0.04239390990979492
42200,0.07517697830948267
42201,0.037030794364234204
42202,0.021852987316062996
42203,0.06738867913227078
42204,0.06855715208471731
42205,0.031351934486890304
42206,-0.006358641458672487
42207,0.04484542458911876
42208,0.04024021631495418
42209,0.047418072977421524
42210,0.01161476333901933
42211,0.05369089251105109
42212,0.043112453274153244
42213,0.07410256942193308
42214,0.04708366130588225
42215,-0.019734261511318893
42216,0.11572934619901878
42217,0.030781525638958408
42218,0.01900058337361245
42219,0.06247000270783662
42220,0.07934351990026779
42221,0.025099488863000036
42222,0.06503805029281984
42223,0.06481307253161991
42224,0.042311245637734425
42225,0.05295795827364503
42226,0.04466551408913037
42227,0.06924308959445999
42228,0.012909376320290069
42229,0.07003288508690036
42230,0.06308598743525902
42231,0.0402152322511875
42232,0.04629414186420604
42233,0.04864025010254783
42234,0.0003703132470543255
42235,0.07093947229843105
42236,0.07654957501219081
42237,0.03184989022385349
42238,0.010909825708277858
42239,0.0340289088080441
42240,0.029506363944010076
42241,0.06867971579641952
42242,0.053894024461509385
42243,0.06266609956735242
42244,0.029932801715613737
42245,0.053845735140001044
42246,0.09871724934369187
42247,0.00020997627088978343
42248,0.03778663627336836
42249,0.0720415974646808
42250,0.03727391651912086
42251,0.02745108820419514
42252,0.05850158354414717
42253,0.08544519488152555
42254,0.06836619308996542
42255,0.11120139023511716
42256,0.0880487110282185
42257,-0.008657193134694208
42258,0.02625287435688256
42259,0.031711736609563786
42260,0.011197429821498652
42261,0.07114097358610952
42262,0.0465376508671222
42263,0.02589060991526984
42264,0.10377448705237108
42265,0.025264426568727925
42266,0.05851659019798637
42267,0.08505431334871902
42268,0.09220966639702001
42269,0.016548167218493736
42270,0.06485118257238862
42271,-0.007898303651037906
42272,0.05782783445318438
42273,-0.022031636057772253
42274,0.029827607168969806
42275,0.01641714975223542
42276,-0.013256608271528518
42277,0.0407903619782524
42278,0.04920174642742645
42279,0.022555570993784625
42280,0.06945348759302704
42281,0.016009027838517473
42282,-0.0070172505831022705
42283,0.024491597524166048
42284,0.008382658071098364
42285,0.07288560822461553
42286,0.014379600270902432
42287,0.07067472334955438
42288,0.02231738979520593
42289,-0.01928193248684954
42290,0.08652642561700966
42291,0.04622608790057974
42292,0.04691821684512071
42293,0.02856453717521356
42294,-0.0015194416858046941
42295,0.05901182310367216
42296,0.012355088867516885
42297,0.05888046327813321
42298,0.00415070336777458
42299,0.08413337382931649
42300,0.03293935222270597
42301,0.08646457011921163
42302,0.011153485172663666
42303,0.0767512057364198
42304,0.06706910062978269
42305,0.014962708232762682
42306,0.060412386826982696
42307,0.0321625218219333
42308,0.003006038537500824
42309,-0.02561010114438967
42310,0.0833830835958194
42311,0.019934389528186335
42312,0.10516052783510998
42313,0.05031423520728238
42314,0.08624917124499118
42315,0.03159175976538841
42316,0.1095287057678962
42317,0.01592396088496405
42318,0.0741830090372082
42319,0.048879065167968354
42320,0.07580448156294758
42321,0.037239527876165274
42322,0.01738835865729886
42323,0.032958304703500106
42324,0.005142200229090475
42325,-0.01902301522346405
42326,-0.012145002344757357
42327,0.005099095795590751
42328,0.01260272626390167
42329,0.12524913353506842
42330,-0.0259712542102251
42331,0.054559716206004624
42332,0.026057947206320486
42333,0.021938348043721214
42334,0.009828829977746572
42335,0.04114995379307846
42336,0.059839677585851764
42337,0.089662331785204
42338,-0.010542087724299223
42339,0.08876801544700123
42340,0.023545438325764226
42341,0.017742002552916965
42342,0.007309775329735389
42343,0.08834488006653016
42344,0.04913263562039129
42345,0.04343827587461658
42346,-0.026848329714965737
42347,0.08967279304566238
42348,0.05274387145991557
42349,0.05031945601302259
42350,0.07313355071318145
42351,0.06894727309212247
42352,0.043731020060078285
42353,0.0836773807386901
42354,0.028322864054474428
42355,0.04965789591561548
42356,0.03653299768382823
42357,0.018586331497358693
42358,0.0184419439898527
42359,0.005384244959716365
42360,0.04309295752721641
42361,0.04449572363083497
42362,0.07723182090423589
42363,0.028186374051751697
42364,0.08154221126342767
42365,0.05506351031570696
42366,0.05586585777094601
42367,0.04736452817216459
42368,0.07472355802413705
42369,0.041425156309288474
42370,0.01583507373371151
42371,0.015710728703512887
42372,-0.014990544975015202
42373,0.06542777173973893
42374,0.055042858069064414
42375,0.013343220025542262
42376,0.081837204808594
42377,0.05328666289551115
42378,0.03993937561004459
42379,0.036263167807404566
42380,-0.014403429928373672
42381,0.02752898733133078
42382,0.03213944431939293
42383,0.01637249740368653
42384,0.07146260212476592
42385,0.04104432805353002
42386,-0.025364078009425882
42387,0.028461799872474228
42388,0.08890431324138116
42389,0.0009585944604679555
42390,0.07188331994847892
42391,0.043806304299856554
42392,0.02787449791068676
42393,0.08525118055129467
42394,-0.0007603368259712431
42395,0.05643296833071063
42396,0.03537821444954893
42397,0.07877573771098281
42398,-0.003962958946341341
42399,0.09934603514005713
42400,-0.0014019364884715751
42401,0.06308159602684642
42402,0.005575600623839758
42403,0.0836463815969267
42404,0.04472488919912595
42405,0.03627521028639034
42406,0.011748087164633828
42407,0.019172648781055155
42408,0.0744759443473717
42409,0.019150727277829654
42410,0.0163534198016764
42411,0.020485415540353113
42412,0.03839547962079696
42413,0.04209590035975471
42414,0.012489826079484848
42415,0.012570215326216012
42416,0.0676851242900265
42417,0.051853354661009946
42418,0.018096257624826407
42419,0.07851169865619545
42420,0.06753122364658583
42421,-0.009610320246280099
42422,0.0636424992990477
42423,0.08450438793066276
42424,0.06813871061747208
42425,0.050385180435914584
42426,0.023996145960244623
42427,0.05113978369186706
42428,0.07576719068178095
42429,0.07206755736423376
42430,0.0628937620193496
42431,0.016104591082041746
42432,0.039019512228632834
42433,0.027496752375577402
42434,0.027907313484144776
42435,0.06152855805667835
42436,-0.0009510457228176575
42437,0.029876611827461045
42438,0.06550959167531253
42439,0.07302658806129542
42440,0.14363662455341236
42441,0.06042180330738686
42442,0.013036406386649806
42443,0.03666082514269725
42444,0.01496190864925066
42445,-0.00771368048882403
42446,0.051909508822972926
42447,0.03458059699890164
42448,0.031795857402535
42449,0.03190781730461157
42450,0.08297173228653193
42451,0.004974342889131407
42452,0.03212064975792008
42453,0.05204505266126957
42454,0.059813955310349574
42455,0.006786054488790806
42456,0.015491193332832186
42457,0.022254961435968813
42458,0.06124027622490209
42459,0.016735063899577705
42460,0.010312074144225102
42461,0.03856537201286381
42462,0.03068265466697648
42463,0.03315607485705215
42464,0.06638266639447042
42465,0.019962379579486766
42466,0.05863585721351557
42467,0.003981464832063596
42468,0.04299143314190697
42469,0.019901862370947158
42470,0.02800073248633217
42471,0.04085949380544009
42472,-0.022733245609548196
42473,0.03978792418566153
42474,0.06333908941232373
42475,0.04720289612575841
42476,0.022470562567284833
42477,0.006420830948664892
42478,0.09681854914495058
42479,0.057252577013127054
42480,-0.019918945507446897
42481,0.0718591598601826
42482,0.0344116740573723
42483,0.014783923200947513
42484,0.057568735863644305
42485,0.0016053983782605766
42486,0.06217463338033921
42487,0.024089531339801958
42488,0.01987495141266222
42489,0.04825531930664241
42490,0.06327365840756018
42491,0.06825086153682851
42492,0.008738874292413747
42493,0.07859507155675272
42494,0.05850071787407692
42495,0.022159316835523264
42496,0.027400859137432072
42497,0.10296960114242595
42498,0.0051204848860686505
42499,0.003974369073034903
42500,0.04175696540058008
42501,0.03290110215046532
42502,0.08083279958289818
42503,0.1102361082252796
42504,0.02581875302075828
42505,0.09071486231994141
42506,0.005662147180893855
42507,0.06795134274796348
42508,-0.01859237297929516
42509,0.054118564382023816
42510,0.05895351841211388
42511,0.05066514183840865
42512,0.038395305835979436
42513,0.08439559888763927
42514,0.07860959844128448
42515,0.018094245563034468
42516,0.030992553562548483
42517,0.08572614744768994
42518,0.018422648482349827
42519,0.046295064218908485
42520,0.033342436550928216
42521,0.059411036331382366
42522,0.04362035509832624
42523,-0.012116907636692494
42524,0.04499245211560625
42525,-0.007586058668731771
42526,0.03991744182762403
42527,0.07299055882743546
42528,0.04766176194838515
42529,0.07215298525057064
42530,0.036530105028470296
42531,-0.009603579770202
42532,0.037386228370381795
42533,0.03550583662508125
42534,0.011538649379131946
42535,0.056865434249383784
42536,0.07230100420473928
42537,0.05045711474080797
42538,0.08389573874607154
42539,0.06020102914887089
42540,0.022620016621088757
42541,0.0720861161242266
42542,0.06881797663642121
42543,0.08094834161276585
42544,0.039581433576463224
42545,0.013493133985732212
42546,0.03961247864634488
42547,0.03098282768793309
42548,0.046998779537090224
42549,0.048029802400079244
42550,0.0612428137298051
42551,0.08404664275615925
42552,0.03518898494299503
42553,0.08174629429133676
42554,0.00824311903036496
42555,0.02198655713283371
42556,0.027474579638356013
42557,0.039928813684230575
42558,0.04412223433149464
42559,0.06652434114761871
42560,0.04494726268224529
42561,-0.01814629725041291
42562,0.047023135191469036
42563,-0.018378002071451793
42564,0.01482577525681824
42565,0.017837709365530575
42566,0.05932771925338688
42567,0.023000740053664415
42568,0.07970278700554179
42569,0.08305942008809131
42570,0.03522145578878144
42571,0.05309017312691958
42572,0.09216419820719765
42573,0.0028372637354506097
42574,0.0339506626950052
42575,0.055609583653260374
42576,0.062264895544750495
42577,0.012696519146007192
42578,0.07685642823193355
42579,0.05460852033507604
42580,0.09147771245391202
42581,0.05354976254775092
42582,0.05514762847479743
42583,0.07850752243358616
42584,0.07852465835882277
42585,0.04535790321575275
42586,0.03670484554097898
42587,0.07212905365558915
42588,0.05983143973030384
42589,0.060296203231623255
42590,0.021459472300624578
42591,0.08965722749641986
42592,0.0534656237679747
42593,-0.016226183067435493
42594,0.016830466405695087
42595,0.05175944167130216
42596,0.05212104356688672
42597,0.06561532932449503
42598,0.031720885498855066
42599,0.05067858282852151
42600,0.012537718071565906
42601,-0.016376541987724265
42602,0.07563706326674385
42603,0.053020027276873424
42604,0.03406568001012598
42605,0.05422343365904934
42606,0.001049027873780424
42607,0.06412357845029767
42608,-0.04163273768808907
42609,0.017217881868187283
42610,0.040212357754529894
42611,0.06624372966633672
42612,0.02885538413514609
42613,0.04635441088682701
42614,-0.007350731039590962
42615,0.005841173259943051
42616,0.045229610905394915
42617,0.010016932973057259
42618,0.032695566901592824
42619,0.03253239461334299
42620,-0.013993036630361465
42621,0.004581329192800659
42622,0.04388638765970885
42623,0.04524058779943592
42624,0.06426460932637171
42625,0.07068313153434938
42626,0.08781432838636535
42627,0.03518617931716646
42628,0.040782296047376404
42629,0.06976168656912375
42630,0.0189312644560809
42631,0.04815297075201001
42632,-0.013646598436053821
42633,0.03640544633884993
42634,0.03683541881130335
42635,0.10682291550418951
42636,0.06624199801159761
42637,-0.03807277797809645
42638,0.014752565158803639
42639,0.04982488323986248
42640,0.0545449610369759
42641,0.07468612487887107
42642,0.05253901840723967
42643,0.06578651466167226
42644,0.060853209478011705
42645,0.03775289679444709
42646,0.04065767567275158
42647,0.03137483988303124
42648,0.013654744443441315
42649,0.09271465545899035
42650,0.029102081970750624
42651,0.05959575052032859
42652,0.06600752038433816
42653,0.03361377850279299
42654,0.03714905460699104
42655,0.05788481139621644
42656,0.05045610012773377
42657,0.013777780679732263
42658,0.046429577959582795
42659,0.02955984231037925
42660,0.05677505358362679
42661,0.09815436326167024
42662,0.054134965143110336
42663,0.02937918710749031
42664,0.047449488544664395
42665,0.06465819495594297
42666,0.06981716057048311
42667,0.04344482285229718
42668,0.012359279023602593
42669,0.023777454807480627
42670,0.042254197360826834
42671,0.01822616587983109
42672,0.08180165982556162
42673,0.06862898398887324
42674,0.046546329304333035
42675,0.04378736929161712
42676,0.04276556923361078
42677,0.040996096196786014
42678,0.03598029223483479
42679,0.03765662221697387
42680,-0.005597118031300946
42681,0.012796163085589271
42682,0.06399451230746685
42683,0.0886100873259391
42684,0.055219659232570856
42685,0.03661814668233289
42686,0.061599820351075196
42687,0.025991303198472177
42688,0.01986624284767253
42689,0.03286529695533416
42690,0.018725699915475773
42691,0.06460631085116536
42692,0.0396641852838562
42693,0.04288588982922507
42694,0.05189517609174246
42695,0.018055605830643685
42696,0.022446819960551413
42697,0.06263610902898621
42698,0.040940017014391566
42699,0.023365042827999092
42700,-0.010231407256882818
42701,0.031800798514068515
42702,0.04137737432742085
42703,0.05943663665838221
42704,0.0029353719655321533
42705,0.05690024295162933
42706,0.0011468563893362177
42707,0.043165518500849764
42708,0.03859430605866975
42709,0.04503556421333456
42710,0.05047297601377784
42711,0.06390967227255659
42712,0.07776974840840359
42713,0.010540978121284576
42714,0.08911692473324614
42715,0.0475454203582281
42716,0.030394008572570623
42717,0.059558047131430966
42718,0.025249041323275406
42719,0.03316647480155288
42720,0.01669649997777315
42721,0.06441401167295077
42722,0.054416774361652855
42723,0.031618105885396444
42724,0.06657410619214779
42725,0.09590934622566304
42726,0.07800788420497924
42727,0.07587981840436236
42728,0.046253324154796674
42729,0.04441380261709395
42730,0.05262589209606414
42731,0.02304083601302507
42732,0.08376671181947357
42733,0.05687204286152664
42734,0.06884139061817031
42735,0.0280862603702434
42736,0.04178529237492656
42737,0.019631135169540074
42738,-0.03312104313622144
42739,0.07993893647246511
42740,0.017886232818070582
42741,0.02901468453579637
42742,0.05166907710319321
42743,0.03250376555955063
42744,0.04846871180249847
42745,0.04572320428905709
42746,0.06869947130896462
42747,-0.020634585039707873
42748,0.060148844365137004
42749,0.013142817675401514
42750,0.08006335084477278
42751,0.10154794194496136
42752,0.03911660534243348
42753,0.06003672345938568
42754,0.052927821100914665
42755,-0.002975082734645293
42756,-0.017278383341523706
42757,0.05147624642167185
42758,0.06786911839860041
42759,0.028985517028147383
42760,0.0212833631182018
42761,-0.0024659812953484184
42762,0.04037975203908328
42763,0.01710132990837077
42764,0.0631115076895534
42765,0.10296431421129379
42766,0.01794143996522013
42767,0.02791108590587979
42768,-0.003203027236463818
42769,0.027180437695878558
42770,0.033306537389971844
42771,0.026020054367218028
42772,0.038029941352619945
42773,0.024059076476046402
42774,0.04607571311310064
42775,0.07940563265197212
42776,0.08451144412767489
42777,0.07085681968296456
42778,0.008322596591175499
42779,-0.013841937766903498
42780,0.023516804507480293
42781,0.0700728303411429
42782,0.06352918953307071
42783,0.01580877723438594
42784,0.05770789998797958
42785,0.052409416155592484
42786,0.07326666473823998
42787,0.039881164286865105
42788,0.03658308784086742
42789,0.04840331250452967
42790,0.019734442446591022
42791,0.003480072153897215
42792,0.04572150361761761
42793,0.03119053215806577
42794,0.07821760999423041
42795,0.06761286917562219
42796,-0.0025017469647447554
42797,-0.005888392338412936
42798,0.009267091803755331
42799,0.02194749684057365
42800,0.048104223867093544
42801,-0.016739135552758203
42802,0.0038448526916432177
42803,0.06351061928200012
42804,0.04912270293752764
42805,0.04795160611878357
42806,0.02241834374520014
42807,0.043428816472265264
42808,0.027434251988682705
42809,0.07254752605850495
42810,0.005387867587273436
42811,0.07147565490528601
42812,0.0270891562675888
42813,0.026826413128423966
42814,0.05764334332307523
42815,0.036765070637688274
42816,0.0941554050943561
42817,0.05925072170811759
42818,0.0011510654050194552
42819,0.08488483371009337
42820,-0.0033415105583215476
42821,0.045647182946111683
42822,0.032783003381115755
42823,0.017347281759657784
42824,0.048624849119360936
42825,0.06238565623257267
42826,0.0059295019730255735
42827,0.04173183668631796
42828,0.061137348165917454
42829,-0.022925634242455056
42830,-0.014175385407151998
42831,0.014012410042324164
42832,0.05280115413487846
42833,-0.020698557255029476
42834,0.0653722771782279
42835,0.04231547594104294
42836,0.03746940913576343
42837,0.07219648017476496
42838,0.09002863948978893
42839,0.0039402116416711735
42840,0.025395931123282013
42841,0.02298154097542083
42842,0.047254561077007824
42843,0.07799939005921455
42844,-0.02679137345459321
42845,0.06269365476890933
42846,0.015386738841240862
42847,0.05600863466658056
42848,-0.01707851408431999
42849,0.026926240780264322
42850,0.011263388275669955
42851,-0.001973395029790631
42852,-0.009580803674823134
42853,0.016041486927050933
42854,0.0066992649303257296
42855,0.06098753753899342
42856,0.02174822884740596
42857,0.03489453580535113
42858,0.041619239436497306
42859,0.01187911301064725
42860,0.027527795214370362
42861,0.031371244009411284
42862,0.06052175133932322
42863,0.008348366210062505
42864,0.020843890619829143
42865,0.08541964845832269
42866,0.017771362656942662
42867,-0.02185506493068512
42868,0.06974587157227008
42869,0.04452302859693858
42870,0.0042906468566620976
42871,0.028032028007507252
42872,0.06048861577522233
42873,0.08416491975422986
42874,0.04766091423876514
42875,0.0496714062254118
42876,0.06828519015488965
42877,0.0026492549879494967
42878,0.07782052800329
42879,0.023584014890991677
42880,0.03507076538574989
42881,0.03719381449844519
42882,0.00470950363742037
42883,0.048906429085892836
42884,0.022004497031717588
42885,0.0051975654632426815
42886,0.02868884573918387
42887,0.007280779051491722
42888,0.04472023081518875
42889,0.07542914285016825
42890,0.06539490173017888
42891,0.0006860272832956635
42892,0.07582774835443631
42893,0.03304988625383465
42894,0.01941559303144852
42895,0.031741966195751474
42896,0.045641613983446454
42897,0.04438931742479852
42898,0.047108321190566155
42899,0.007249476822057142
42900,0.03049001851364808
42901,0.05581876149428142
42902,0.01741034317792311
42903,0.05750684896218394
42904,-0.01437602532791802
42905,0.060986104520737994
42906,0.06431762873232466
42907,0.07279231099081404
42908,0.09170611491981541
42909,0.00632682021417956
42910,0.04603706418207035
42911,0.04355525251832987
42912,0.03517965399546298
42913,0.05975764964090917
42914,0.03907393738247382
42915,-0.01424912702232281
42916,0.08074096234717319
42917,0.019064416818811714
42918,0.019365024127277117
42919,0.05676682544429769
42920,0.05485809556057426
42921,0.07650843568296706
42922,0.00022566726019519756
42923,0.07934807205424008
42924,0.0877918375526564
42925,0.09111678704605136
42926,0.03337399077413762
42927,0.061271971686008425
42928,0.03376711953900534
42929,0.06438377594002592
42930,0.0429757225166728
42931,0.0007680645243028639
42932,0.0862355451370206
42933,0.006672305148170882
42934,0.0251484658951339
42935,0.05852706498135482
42936,0.0159064302653468
42937,0.05716387899941919
42938,0.010361507041989466
42939,0.06816807081085077
42940,0.027006344621176924
42941,0.04067037963211422
42942,0.02747391665129804
42943,0.046782853520716774
42944,0.09023240311173873
42945,0.0231124056301803
42946,0.08794831637629327
42947,0.03941890454303267
42948,-0.03369066655626079
42949,0.002941119564695449
42950,0.006393746531738229
42951,0.03826562872969187
42952,0.08940985444714752
42953,0.03196322823043352
42954,0.10667794228789246
42955,0.11622129743692819
42956,-0.021312384354807062
42957,0.04082319645672035
42958,0.07726322753815947
42959,0.026167935417725018
42960,0.04103749951276855
42961,0.07485903073744443
42962,0.08500053240414705
42963,0.037814231517287925
42964,-0.005826403717892642
42965,0.04050590619510978
42966,-0.008621145039983943
42967,0.058366150848818375
42968,0.04973506088771771
42969,0.061447055388468466
42970,0.03708620510282786
42971,0.005685858092819206
42972,0.07275933388275321
42973,0.06081986067718061
42974,0.03709114556572589
42975,7.639679432434182e-05
42976,0.05160755566320186
42977,-0.002923484193701642
42978,0.04146193527828685
42979,0.02499377619413439
42980,0.020942015036912173
42981,0.08003587960454689
42982,0.011318985286676443
42983,0.07451326328160025
42984,0.010046189849573256
42985,0.025263957883748266
42986,0.04560215053956114
42987,0.028880783730412835
42988,0.06804320037951926
42989,-0.00456213355960821
42990,0.030499612952036695
42991,0.03873948818434901
42992,0.046335673000954244
42993,0.03813943936266686
42994,0.04670560097730143
42995,0.06532486188147368
42996,0.0795166382862573
42997,0.01004830141241245
42998,0.009058876606578323
42999,0.024880772499391107
43000,-0.0051577381742749576
43001,0.05664501914934997
43002,0.03141940133347434
43003,0.052016567774662584
43004,-0.02802201495378983
43005,0.0478735318046015
43006,0.039590408306722995
43007,0.06437303729332025
43008,0.06310785880975368
43009,0.024260134422719088
43010,-0.009489160696146776
43011,0.03901821351558251
43012,0.07402950036418521
43013,0.037242923088719564
43014,0.02407584979034771
43015,0.02293096684198003
43016,0.0963263012172988
43017,0.03796426435564444
43018,0.05798608869081116
43019,0.07131463564987767
43020,0.06212486097155268
43021,0.04442560667587794
43022,0.08243581844497302
43023,0.07084008950258591
43024,-0.032624235613713505
43025,0.02899936128788686
43026,0.003838224110378999
43027,0.022321419264589137
43028,0.06266885919176665
43029,0.042676554674015044
43030,0.0310813901119964
43031,0.04820475180392958
43032,0.0553481977221515
43033,0.017567242781774618
43034,0.03234103964834825
43035,0.04200465086887632
43036,0.007406990518496345
43037,0.08384431561522859
43038,0.03858788095962347
43039,0.0857990267077483
43040,0.05793873439039994
43041,0.030097329654893812
43042,0.061221939821841945
43043,0.01619370340713919
43044,0.05061638143050047
43045,0.040354845045005014
43046,0.08739233656794668
43047,0.039373590700047416
43048,0.025734885614312898
43049,0.050705875494777355
43050,0.03266898613826784
43051,0.014475097751650599
43052,0.02493283824665946
43053,0.06068797224609153
43054,0.006170034016681529
43055,-0.0008629667985581638
43056,-0.0011135385574794418
43057,0.014533588421241295
43058,0.015354399029315936
43059,0.052728253980456184
43060,0.03938572346551524
43061,0.08098070731745576
43062,0.02611592860081427
43063,0.026515920642948276
43064,0.0196286727985295
43065,0.07460789547036002
43066,-0.017299233213391663
43067,0.04071709593132946
43068,0.04046933767224817
43069,0.03461715342396816
43070,0.06920258822404157
43071,0.040277087890102224
43072,0.03899100752102737
43073,0.012220327986047403
43074,0.03548314577107874
43075,0.04206022839023066
43076,0.06098257405162712
43077,0.002655246918252266
43078,0.026189803587412297
43079,0.020758288778677643
43080,0.060086198147633135
43081,0.038190962470756554
43082,0.022930438425738546
43083,-0.0017126554889293558
43084,0.05426720730816778
43085,0.03315640907702495
43086,0.05109297596501294
43087,-0.00015640132644167276
43088,0.02748593587106231
43089,-9.667140021579756e-05
43090,0.012377083108620113
43091,0.04356703993413652
43092,0.03376320989792798
43093,0.08313335080813393
43094,0.010347169444862955
43095,0.0358259579195778
43096,0.011251441130001205
43097,0.020653498876240198
43098,-0.009618619859592545
43099,0.05538682033534524
43100,0.03146429906476037
43101,0.049744283344220805
43102,0.06272916356687043
43103,0.03598573084033894
43104,0.03818111913066394
43105,0.007182927063916364
43106,0.022209885045307985
43107,0.07440880477318312
43108,0.07776331263058893
43109,0.061484740043063334
43110,0.02175162941438115
43111,0.05200539337084839
43112,0.0614813469177265
43113,-0.004757222624332834
43114,0.06597367456500597
43115,0.010203345307114618
43116,0.0069061514985281625
43117,0.052749213385933566
43118,0.06284185722367408
43119,0.03749034858968901
43120,0.02603514271720153
43121,0.0042261798719592375
43122,0.017351857121006575
43123,-0.002257278145534107
43124,0.06480588736211608
43125,0.07016560626901558
43126,0.06811021180031962
43127,0.030026426384049607
43128,0.016646699885150662
43129,0.06155662813365049
43130,0.06924006591952961
43131,0.0590672657982407
43132,0.06754774887061495
43133,0.025794857792254763
43134,-0.013169742175761626
43135,0.005605637073810121
43136,0.011786777637643426
43137,0.08141210138412085
43138,0.056051232259127406
43139,0.01764879457795843
43140,0.043223581780055406
43141,0.015982144280085625
43142,0.09881991888736529
43143,0.020767116634151456
43144,0.03205692602973448
43145,0.04615343764374051
43146,0.013701969389616108
43147,0.044010839642354915
43148,0.06399800422576099
43149,-0.026942990803701924
43150,0.02146997870320643
43151,0.03299737060426096
43152,0.026827710651552136
43153,0.025503270603589208
43154,0.06271584174320877
43155,0.008917269615470392
43156,0.09866687852392214
43157,-0.006822252928569368
43158,0.016362920845929274
43159,0.07471149187348868
43160,0.019597306793521542
43161,0.019808686366677014
43162,0.059200780720697954
43163,0.057284622430006746
43164,0.06662912316342544
43165,-0.01612016948301548
43166,0.04060213453702967
43167,0.021597758305774387
43168,0.08851686022375665
43169,0.04036539219557941
43170,0.005902386499347545
43171,0.020437618001072067
43172,0.031701268979350085
43173,0.03522305700113024
43174,0.015278104805587344
43175,0.004020457000667006
43176,0.036423888725329034
43177,0.04070349774158586
43178,-0.028283752457862632
43179,0.0048297392818046625
43180,0.04355828087822232
43181,0.05961838951647831
43182,-0.008531297071545589
43183,0.06245134134385327
43184,0.04016361383075298
43185,0.11012211476743017
43186,0.03758990603670308
43187,0.031021833579293667
43188,0.05914166273274844
43189,0.004022950396593408
43190,-0.026438395714126123
43191,0.046886106209276385
43192,0.0427014877819698
43193,0.08863352899895592
43194,0.06309758793787154
43195,0.05186297924890139
43196,0.02445131625287225
43197,-0.013387327818270789
43198,0.04770587776255807
43199,0.015531874663195128
43200,0.04507217193020498
43201,0.08353120167764791
43202,0.09352235937656654
43203,0.043231523746696116
43204,0.021236698828479686
43205,0.049617118579570914
43206,-0.02008823150283697
43207,0.005236628309731373
43208,0.028571479317173777
43209,0.031124665059507572
43210,0.022051032719152267
43211,0.055434428235685104
43212,-0.03579142341166916
43213,0.04251903208871831
43214,0.06247139502139602
43215,0.03287293290997853
43216,0.004207742556199955
43217,0.024351911955156937
43218,0.014693468940749101
43219,0.06180557038749211
43220,0.05478816801519054
43221,0.06255465902110832
43222,0.06426756375612085
43223,0.09669657444658036
43224,-0.02870024910412529
43225,0.053094042172326654
43226,0.052043741268064984
43227,0.0876630504675007
43228,0.06382620301206325
43229,0.07084518670938622
43230,-0.003102949241136431
43231,0.024887825056595904
43232,-0.012052889942847693
43233,0.07237269882529118
43234,0.07399196161608407
43235,0.010526958523001898
43236,0.015603991249234145
43237,0.061560847430984125
43238,0.0070717957602416046
43239,0.024946117029607705
43240,0.10029362023697055
43241,0.06059343484816303
43242,0.02790754544919484
43243,0.038522120099469606
43244,0.07202489953028296
43245,0.03752040091959218
43246,0.059746851572266974
43247,0.012667175297109538
43248,0.029136238980744113
43249,0.021282801404479405
43250,0.02496035993355109
43251,0.0123117604329901
43252,0.03942150375944938
43253,0.03943972944389125
43254,0.08904877397583061
43255,0.021410051362690904
43256,0.02447359847134251
43257,0.06137473157078638
43258,0.05002642483733373
43259,0.0648087870647499
43260,0.04545633753473927
43261,-0.01354806911002343
43262,0.0671282877777844
43263,0.0906396479663891
43264,0.006850387881642661
43265,0.05001783669203768
43266,0.01253440941784158
43267,0.077956632387567
43268,0.049150449273024366
43269,0.0012492385036359799
43270,0.029528679124160354
43271,0.0923989425397228
43272,-0.006719850676110452
43273,0.05814587099554348
43274,0.028380557131049262
43275,0.008166312905612642
43276,0.04254165084592674
43277,0.01636157446737963
43278,0.055638381632841925
43279,0.01758437021725633
43280,0.03997014899954469
43281,0.09373585252876664
43282,0.02673417267858559
43283,0.05025257704630217
43284,0.051276759188099694
43285,0.0444188754680183
43286,0.05686097308734336
43287,-0.002825586541433743
43288,0.032870862475742224
43289,-0.0073210667012608074
43290,0.05662107801420778
43291,0.08199767997810574
43292,0.011935836477938288
43293,0.06163689006390967
43294,0.041223288523851605
43295,0.006723583951238135
43296,0.02269810855410696
43297,0.01745888329913765
43298,0.05710907515095841
43299,0.02511924490208329
43300,0.09130983949479789
43301,0.060717233006139515
43302,0.05388244696840902
43303,0.04596343134804855
43304,0.011703826897844886
43305,0.04539402447803281
43306,0.10073266205714462
43307,0.11843980131634291
43308,-0.006691616179831522
43309,0.060454088729065415
43310,0.07216441882305863
43311,0.02547935233222281
43312,0.05934261615739747
43313,0.038945951661515904
43314,0.0436214280692969
43315,0.009897343161569882
43316,0.014371745779360363
43317,0.00591885310727952
43318,0.039473115837412545
43319,0.04598838998724294
43320,0.06741262910243918
43321,0.05954184747205794
43322,0.02266981880049084
43323,0.05269681897174668
43324,0.011614493765808476
43325,0.06505465458416199
43326,0.0185728693426759
43327,0.1547275709115086
43328,0.06678058121495009
43329,0.06069515422588883
43330,0.05539997390756411
43331,0.028355937529484468
43332,0.021786862298109663
43333,0.023729124018729522
43334,0.04045468123116145
43335,0.058695728375243214
43336,0.018123678488690648
43337,0.013428300674567469
43338,0.008970231951318974
43339,0.04859482866715287
43340,0.00998527195166454
43341,0.03195313879867052
43342,0.035276602900435536
43343,0.08906466435682268
43344,0.04533997058533721
43345,0.00773524853256756
43346,-0.002700745369691074
43347,-0.010927391925063312
43348,0.08679560162845526
43349,0.04642365291384874
43350,0.029995149530390126
43351,-0.022915207729217763
43352,0.009331224761777702
43353,-0.02636495700084892
43354,0.027343799019168405
43355,0.09159842170772464
43356,0.07699221929974082
43357,0.03137299675923489
43358,0.02143852258557933
43359,0.04033793969260916
43360,0.030819938764731
43361,0.03181836055676767
43362,0.05568650734998567
43363,0.06384411583566321
43364,0.04544409316701986
43365,0.032783647512460504
43366,0.06810103556577779
43367,0.04013717320629914
43368,0.01701183423138212
43369,0.01226681303014418
43370,-0.02834714485620749
43371,0.040200620946495125
43372,0.05637025222561484
43373,0.03885662283400435
43374,0.03128644478076639
43375,0.04044154593545947
43376,0.034697890804676654
43377,-0.005331570059876063
43378,0.061488160613135945
43379,0.0163133124334964
43380,0.02082018636018724
43381,-0.014994668811402448
43382,0.04180630585910812
43383,0.05903339357636164
43384,0.021826812529202152
43385,0.00404017492060231
43386,0.032998727530195435
43387,0.06537993974879987
43388,0.009973677404072304
43389,0.06389394369125417
43390,0.012079646349732433
43391,0.010586480600075467
43392,-0.0006949620513313284
43393,0.020714548463577485
43394,0.026150546510930628
43395,0.048951581513863855
43396,0.03630109269394484
43397,0.06554792581740437
43398,0.024560563121638714
43399,0.007144608781257437
43400,0.056349230304574144
43401,0.0258479424182
43402,0.0761148462756568
43403,0.028889992023683413
43404,0.05648965582598877
43405,0.002027087732376351
43406,0.05817960258578578
43407,0.012177556771967742
43408,0.02710024349199033
43409,0.04004286461659932
43410,0.018480613128953605
43411,0.009285635250163859
43412,0.028188527790193867
43413,0.024522409926029876
43414,0.03140523784821862
43415,-0.006632070112281022
43416,-0.017576435003296635
43417,0.07739422468498267
43418,0.04791415443807014
43419,0.08657043819815602
43420,0.036786634858725305
43421,0.004071803894925306
43422,-0.004001593898350225
43423,0.06312739238486496
43424,0.09347544332300449
43425,0.07771172334790633
43426,0.09090222660239941
43427,0.04052265889920246
43428,0.06790454068274401
43429,0.08575855560912038
43430,-0.00604407306696518
43431,-0.028080104349222167
43432,0.09832637487842685
43433,0.043641726290364315
43434,0.038059695389289036
43435,0.11143365839918704
43436,0.0581016616584544
43437,0.05220930326141278
43438,0.030300280344798425
43439,0.07642019963384772
43440,0.03396648736157043
43441,0.003726641559541874
43442,-0.009193420696820089
43443,0.060458672528494926
43444,0.01747344234695546
43445,0.039611726297493
43446,0.09309620203796216
43447,0.01987935631556399
43448,0.11386524169700438
43449,0.03245700158340988
43450,0.035090297755481545
43451,0.03177540080143959
43452,0.06979213701678304
43453,0.09260017247648845
43454,0.08982070119909134
43455,0.03792669712020066
43456,0.02906610565997305
43457,0.030843422872747835
43458,0.042510959987340086
43459,0.01497936755702512
43460,0.02177956164857317
43461,0.032238273978708015
43462,0.04968257013310952
43463,0.08939610085453023
43464,0.02805251094434992
43465,0.02896310745810873
43466,0.03048256764823873
43467,0.07692338440297514
43468,0.0262308849493919
43469,0.05084632196193845
43470,0.02853873230181383
43471,0.034524572098399
43472,0.04930271685492027
43473,0.026714555168075048
43474,0.004779938844939158
43475,0.03596419768317855
43476,0.03551315957980043
43477,0.055373884684504715
43478,0.05084995893463581
43479,0.07505412295469983
43480,0.04064274648908203
43481,0.07535847676809489
43482,0.07614093691073347
43483,0.051734337776252436
43484,0.06329745455089342
43485,0.0559594545542285
43486,0.017845932782217244
43487,0.045344439596255524
43488,0.06259097875066674
43489,0.03880997287928377
43490,-0.004165835544760826
43491,0.0591060958245741
43492,-0.03280505349293939
43493,0.038644321150750144
43494,0.026946432280460893
43495,0.03434437280265025
43496,0.025811472592498642
43497,0.061509223782085884
43498,0.021031445144268267
43499,0.03889829325479228
43500,0.03047789236114022
43501,0.06915363979219324
43502,0.06367687955628906
43503,0.04479973631750828
43504,-0.0206740037262908
43505,-0.017338688395223886
43506,0.02173321039050457
43507,-0.013442017051379485
43508,-0.012199978506059334
43509,0.04531516230959973
43510,0.042117151199524167
43511,0.07883187083985631
43512,0.05076274898452986
43513,0.07030365039574998
43514,0.04086233356932677
43515,-0.00839914273754127
43516,0.04169267106068669
43517,0.010100213256285358
43518,0.038361851267320723
43519,0.06791429520748785
43520,0.0010214889227064539
43521,0.06468428455985226
43522,0.04558095605963511
43523,0.016497300682457732
43524,0.01544374138505179
43525,0.04143556291104544
43526,0.06613922269066833
43527,0.041667184722954255
43528,0.04061296868260365
43529,0.025602390405135463
43530,0.09306932074345237
43531,0.03134239893605456
43532,0.023894410264390216
43533,0.011783096963781506
43534,0.010638807334367797
43535,0.07121554792037857
43536,0.02549995525295959
43537,0.022950188324733417
43538,0.04543639188061659
43539,0.08676929301105546
43540,0.04728764281338519
43541,0.07500443868174338
43542,0.04405957088273955
43543,0.044606949912599336
43544,-0.012058231470882384
43545,0.008018240293145188
43546,0.03909620825624155
43547,0.012904666374751007
43548,0.026084977540002142
43549,-0.04344051457735689
43550,0.10229743401942279
43551,0.03369915839398637
43552,0.005880402313945772
43553,0.053454594072946865
43554,0.046779650161446765
43555,-0.021194059878533913
43556,0.06770633688768708
43557,0.05924566945781409
43558,0.05109326044900513
43559,0.03128672034589232
43560,0.03164038077859857
43561,0.07559851714303861
43562,0.057818279621724394
43563,0.05798923221687281
43564,-0.002786132969467052
43565,0.06522895064495933
43566,0.0018765047344235994
43567,0.05266967025749507
43568,0.028414329766421574
43569,0.05415714261400596
43570,0.048123905188917016
43571,0.03421962041310495
43572,-0.022878064632012286
43573,0.03381642196801981
43574,0.016037866659461268
43575,0.07584326153029808
43576,0.047321238072897384
43577,0.07461299522562698
43578,0.039048014883652574
43579,0.05627008932042078
43580,0.057386171761128583
43581,0.023527082078992193
43582,0.01659817586414032
43583,-0.007240149996696692
43584,0.05038113557372918
43585,0.030243787211928864
43586,0.04387045905931101
43587,0.12364836233632448
43588,0.013712687444165296
43589,0.04845641704541543
43590,0.04017078340764215
43591,0.07840232080901115
43592,0.02939735976571124
43593,0.00635560336489896
43594,0.050521737016653606
43595,0.011554563045888262
43596,0.022439713503802403
43597,0.05862436062785147
43598,-0.010099559744539022
43599,0.031926223019451944
43600,0.07386477250568539
43601,0.05526075120095203
43602,0.08328402898502246
43603,0.04581775331751433
43604,0.009780758177381773
43605,0.06130698273436391
43606,0.025685598134828867
43607,0.10394502316983867
43608,0.011883210694536
43609,0.08149575252649494
43610,0.07139036186486564
43611,0.047743225509649
43612,0.10933436248930564
43613,0.04309456809222277
43614,0.04833470082470939
43615,0.049023424722000185
43616,0.06763421159782906
43617,0.048482321625977653
43618,0.0028183789863052214
43619,-0.03887191901760863
43620,0.0817688269451407
43621,0.0671856838460519
43622,0.02921559024060407
43623,0.1317319257632753
43624,0.03440352082786282
43625,0.037145202288499005
43626,0.024930892484124875
43627,0.012619660081694448
43628,0.047772494188200794
43629,0.008419738035386242
43630,0.05183356011565403
43631,0.019518393827073634
43632,0.004111166819515406
43633,0.030688134612513136
43634,0.060962403835307655
43635,-0.013840830571034766
43636,0.023557320999011137
43637,0.07809574554598153
43638,0.12406549887512205
43639,0.08774387345702461
43640,0.05261296221873725
43641,0.019887443230758767
43642,0.014428223339501091
43643,0.06832715369494231
43644,0.008641693089627502
43645,0.012329410621795388
43646,0.0062375630147924604
43647,0.023460498644512814
43648,0.02338095403585346
43649,0.07077760929315915
43650,0.08160422109275209
43651,0.06718823111684463
43652,0.02672174404331934
43653,0.05832756865599148
43654,0.04778490437594144
43655,0.04066731526489008
43656,-0.009423576736605113
43657,0.0032665649955538195
43658,0.08478537328374446
43659,0.005505052853463165
43660,0.05502392546254989
43661,0.030286032453866005
43662,0.02558829870285975
43663,0.06476187899247349
43664,0.04458000664639688
43665,0.08014439074794893
43666,0.0402065381024145
43667,0.04014415590900839
43668,0.012534728317582965
43669,0.007954717178056809
43670,0.042242552733842864
43671,0.049889240218218986
43672,0.013713762025929908
43673,0.055345712188601126
43674,0.05862420291927557
43675,0.09129287322218976
43676,0.027351906834193456
43677,0.04074526815553258
43678,0.06700573601449708
43679,0.028478452147439732
43680,0.07781773993148285
43681,0.07580472854366439
43682,0.05246891120019949
43683,0.050801491627432936
43684,0.059055154907471964
43685,0.03450551032805547
43686,0.05211076187892126
43687,-0.0053980851380942135
43688,0.0023638500665494194
43689,0.07473952746639828
43690,-0.001660930227119231
43691,-0.03161834990541464
43692,0.03312083013989825
43693,0.0683170174525169
43694,0.039922417873320765
43695,0.0512343441420217
43696,0.03794057719043089
43697,0.05676332336279148
43698,0.05744760797642802
43699,0.03964695688099312
43700,0.0288505931152442
43701,0.021301236067377386
43702,0.019367091584607237
43703,0.08628700820294122
43704,0.059207354828674494
43705,0.049726214009557415
43706,0.04390476659740861
43707,0.1022519181829423
43708,-0.03341303467154481
43709,0.05512917441883122
43710,0.061909654058363545
43711,0.05337343604333042
43712,0.026167334576586647
43713,0.08292058417394957
43714,0.05842360070558454
43715,0.039257971407090794
43716,0.007478126040361799
43717,0.018742239484303726
43718,0.03903122864844844
43719,0.012576751581822782
43720,0.01497490764702485
43721,-0.0015436621542137471
43722,0.026840204029415893
43723,0.008450572310635788
43724,-0.0029282447468042677
43725,0.06161923859009836
43726,0.01424028015665825
43727,0.013350604863892192
43728,-0.0019302044869674295
43729,0.046713993650297436
43730,0.054868658480333496
43731,0.03876027611753468
43732,-0.02982352977631135
43733,0.003941372301060064
43734,0.13109800594368215
43735,0.02976555053584836
43736,0.048886744928954215
43737,0.037255992208570614
43738,-0.02557546761671293
43739,0.020379587925229457
43740,0.015297072693249744
43741,0.027227859482951824
43742,0.06583534009403892
43743,0.03693294048648856
43744,0.04447066174901436
43745,0.04831409365162072
43746,0.018395501374467056
43747,0.014577257849394985
43748,0.022417984456538174
43749,0.052093911311802854
43750,0.07469905199363523
43751,0.04402237443852282
43752,0.02258273681475951
43753,-0.02257273540059985
43754,-0.008886912758171071
43755,0.007924297190595977
43756,0.07018581741061536
43757,0.016703351319670733
43758,-0.008282740047757663
43759,0.07306138300675064
43760,0.036218896560969764
43761,0.06298514289096774
43762,0.03415182616364647
43763,0.021905521759268957
43764,-0.015902561575969018
43765,0.03828635687864222
43766,0.061319057367608426
43767,0.007139476111535155
43768,0.03265980548842435
43769,0.023361718171437937
43770,0.05227831784854827
43771,-0.008262677328204446
43772,0.02832881967797421
43773,0.04137488358566643
43774,0.042325244272468476
43775,0.02205399068989348
43776,0.025725026509129913
43777,0.09911956175512773
43778,0.04334435760752876
43779,0.011897058558608998
43780,0.024976160476667057
43781,0.06937219605949818
43782,0.027397660035218416
43783,0.02821507484130768
43784,0.08363329198101419
43785,0.02108749507561516
43786,0.07943310853875502
43787,0.04450973920566524
43788,0.0765322140273938
43789,0.015467146624719017
43790,0.04138209651805309
43791,0.09310252897811433
43792,0.046729658252381484
43793,0.050820025366073884
43794,0.06790145948037617
43795,0.027206325742648044
43796,0.032948426799414746
43797,0.016639998441354546
43798,0.018303233520008826
43799,0.05997366612004815
43800,-0.020017826831935696
43801,0.011413500846357665
43802,0.07713614455083816
43803,0.02723948491877267
43804,0.048006411761087685
43805,0.02482172802814618
43806,-0.012601610179115007
43807,0.09999398586830033
43808,0.06055331526895853
43809,0.006290597788981757
43810,0.07353184165895274
43811,0.036471449142314476
43812,0.07023822740581692
43813,-0.055418601994322594
43814,0.04675087579594386
43815,-0.03710282026697243
43816,0.0001154811431115163
43817,0.02349899801805621
43818,0.07045433318902099
43819,0.03250012064312997
43820,0.030719842794234467
43821,0.02755444252948993
43822,0.023012505029869717
43823,0.01375708392384744
43824,0.004293933213029032
43825,0.12529980565585555
43826,0.04427135593218294
43827,0.03144651150790976
43828,0.058307529514073794
43829,0.033252975987802795
43830,0.08639233669829857
43831,0.09003804071968655
43832,-0.03956094437063891
43833,-0.005499494048438441
43834,0.039160810789229394
43835,0.05650646292779753
43836,0.10662223108389252
43837,-0.00017988630605153544
43838,0.028031574310188136
43839,0.0040346596202705115
43840,0.07082557106735882
43841,0.04563774817204963
43842,0.05045907517435969
43843,0.004377760931263117
43844,-0.000756640145236756
43845,0.028165012164438515
43846,0.04736941420150426
43847,0.07705568433355704
43848,0.04679481339812842
43849,0.03330554207374905
43850,-0.014492148540242278
43851,0.006413108772980403
43852,0.03739315084630979
43853,0.0007702961346036999
43854,0.07672730899518179
43855,-0.018906116991556476
43856,0.05129038939330398
43857,0.06898671655951555
43858,0.04915360744183805
43859,0.015924065819568692
43860,0.02939843290699648
43861,0.028951736579354317
43862,0.004584937607568833
43863,0.0445154566819837
43864,0.02522497289274926
43865,0.017067701397201523
43866,-0.0010698454997191964
43867,0.025874447410790966
43868,0.06671683960863899
43869,0.015215467954560958
43870,-0.014261891259821843
43871,0.024916156120137218
43872,0.04964174733998038
43873,0.04535095063100961
43874,-0.013476811507889735
43875,0.026887860682033797
43876,0.033523158703774404
43877,0.10085304042635448
43878,0.04084232891930961
43879,0.04655536273611484
43880,0.10115466839375442
43881,0.0868241081143502
43882,0.07443844134607308
43883,0.07923730438258583
43884,0.05480285326532906
43885,0.057547779278134883
43886,0.014399556166033358
43887,0.07582086689321221
43888,0.07957412841487764
43889,0.04467701919575771
43890,0.030566499580535637
43891,0.04039306064960431
43892,0.025492669102546616
43893,0.03607624596171647
43894,0.043771617681602856
43895,0.039118900404884596
43896,0.04872002224360932
43897,0.06738117968475137
43898,0.01631729949106057
43899,0.03524614380551598
43900,0.08214356148405605
43901,0.08130512033075141
43902,0.029610176490593075
43903,0.053499727928938326
43904,0.04072985807805008
43905,0.07933716651835895
43906,0.017082642708716643
43907,0.05887828206021349
43908,0.0688384419272562
43909,0.042793807287077955
43910,0.05740938767380512
43911,0.02351558707474747
43912,0.08434857859363146
43913,0.033318022681571476
43914,-0.018170783449103653
43915,0.03201679625074862
43916,0.024103650496750312
43917,0.026495156099971495
43918,0.051384430961111206
43919,0.04771624752578733
43920,0.024370305729533838
43921,0.02179450712289134
43922,0.043523874810298235
43923,0.09407332920839176
43924,0.04544981607738319
43925,0.0643264692072944
43926,0.08780253414560013
43927,-0.004409302479298424
43928,0.06859098239625135
43929,0.038099681751256644
43930,0.005257494291752124
43931,0.03884779841908312
43932,0.04295681435492324
43933,0.08103676870382509
43934,0.02467283408047174
43935,0.0072914104226116105
43936,0.04792366525617655
43937,0.00613315991185695
43938,0.04839677848341735
43939,0.08249079745816797
43940,0.04194892171451377
43941,0.05000669551458187
43942,0.07263602813880872
43943,0.006072745469116014
43944,0.05800945156467216
43945,0.07542343204931265
43946,0.07111103793477339
43947,0.047024466541090076
43948,0.04230619144532706
43949,0.047570735072919965
43950,0.006189675512644814
43951,0.03567750535710574
43952,0.03155037411952249
43953,0.04257077857392596
43954,0.019545149436986185
43955,0.055241614714945195
43956,0.06804457939628357
43957,0.09431354486075649
43958,0.032297566986435905
43959,0.05790905615729032
43960,0.030140953043703362
43961,-0.015161794295741791
43962,0.005804240665058337
43963,0.048666851032492776
43964,0.06847040426851081
43965,-0.00465557567331247
43966,0.041165026724542704
43967,0.06187064896573924
43968,0.026680229332217868
43969,0.025944671453797162
43970,0.06003039241686247
43971,-0.02632742401987396
43972,0.015539434571077638
43973,0.047707002634549966
43974,-0.0010719935928323668
43975,0.09159197019856637
43976,0.034818128477358476
43977,0.042214405254879704
43978,0.03458688220655682
43979,0.02589564604984459
43980,0.061440025734353275
43981,0.030675051473987407
43982,0.09048643874485074
43983,0.06676638361593545
43984,0.07943451560800979
43985,0.07338694342073476
43986,-0.010984623341918277
43987,0.035686074752557785
43988,0.05848009258788576
43989,0.023547424892791394
43990,0.04903312189629344
43991,0.09258062264987496
43992,0.05035320395865309
43993,0.06612140887397186
43994,0.00783990630888479
43995,0.031669972818121506
43996,-0.01878674491658479
43997,0.07746429463614667
43998,0.04327306803208298
43999,0.04468445938924579
44000,0.13142947597063487
44001,0.13562672445603596
44002,0.10434007594766122
44003,0.15655601384927617
44004,0.13094941680419142
44005,0.09347899777951935
44006,0.11709141351152762
44007,0.15018820460177273
44008,0.10429957432511637
44009,0.0748646015119902
44010,0.11549147372099522
44011,0.16215322180518355
44012,0.0972163973662415
44013,0.1271066720342876
44014,0.050332867489389574
44015,0.14282415782850078
44016,0.03147360036696928
44017,0.1689347430708051
44018,0.1428319218990745
44019,0.1400448467033796
44020,0.10164664381696116
44021,0.08978896326313317
44022,0.06659338992539844
44023,0.11269082515183287
44024,0.08985377815628219
44025,0.08349351433893962
44026,0.16696825402995183
44027,0.14375356042355247
44028,0.10652526174181534
44029,0.07654975876125585
44030,0.06944666807046158
44031,0.09659856096539204
44032,0.09582909240232851
44033,0.07205213731105453
44034,0.11554004409587042
44035,0.13889912837971935
44036,0.10013415513710433
44037,0.061489302550817304
44038,0.04773116036574754
44039,0.07667727090015675
44040,0.06433582720403458
44041,0.0758083230788382
44042,0.07049129886378497
44043,0.10523872775225018
44044,0.023415032296059415
44045,0.08650597423858704
44046,0.08997863810504292
44047,0.06875548347554372
44048,0.10194108955466355
44049,0.12430480361703844
44050,0.08491801302137823
44051,0.0783927838270688
44052,0.11745728744016432
44053,0.024749300610401113
44054,0.13010173842619166
44055,0.09616112314410807
44056,0.062103879117057614
44057,0.04079255142769325
44058,0.04642786125726677
44059,0.10046351732554075
44060,0.1352689479455385
44061,0.09034143336298697
44062,0.10400008538172972
44063,0.005678785230425254
44064,0.11389932190418883
44065,0.14785583304293015
44066,0.1022030082987454
44067,0.06280551442766903
44068,0.07562246702644551
44069,0.029319922761539774
44070,0.016847095376629317
44071,0.06643012939984305
44072,0.08829041572250669
44073,0.03238896212759322
44074,0.05974038263282988
44075,0.1114332592384058
44076,0.1154115303166506
44077,0.05857479119948835
44078,0.09752034562923939
44079,0.13084762092669838
44080,0.08153153683745955
44081,0.039498865941459
44082,0.07449218051173302
44083,0.1234686397503852
44084,0.06438360775323633
44085,0.05723034307078112
44086,0.049134717775424136
44087,0.11756321120542887
44088,0.11018010488191582
44089,0.078162792742862
44090,0.09060654816734921
44091,0.0852334125976416
44092,0.06834608128738558
44093,0.07715265665478234
44094,0.06766052949819157
44095,0.06870809623348366
44096,0.07341928500373192
44097,0.05109658621210856
44098,0.09097933915747591
44099,0.06632597719378881
44100,0.04598199447312099
44101,0.11682690428395284
44102,0.07625591317593135
44103,0.0765919888558056
44104,0.14644939594629525
44105,0.06541058106853131
44106,0.08003342091227314
44107,0.046554281385767615
44108,0.05570081362567958
44109,0.09975270832301872
44110,0.03300947298187877
44111,0.0745597255779997
44112,0.09473071917215842
44113,0.10495444340182089
44114,0.07627018165884986
44115,0.07831439842756228
44116,0.0711976944922392
44117,-0.0008292291557607939
44118,0.055952935307561916
44119,0.10616299245336108
44120,0.008288215828480432
44121,0.08464698138289173
44122,0.069077361897491
44123,0.05696360036613554
44124,0.09708364761600452
44125,0.07403926008423231
44126,0.07481469853307932
44127,0.04204061285846261
44128,0.07300973169635828
44129,0.03790700945791872
44130,0.030782572380457805
44131,0.04727396029177654
44132,0.11235310476552199
44133,0.04479456335331104
44134,0.09193922512872373
44135,0.06797412087896211
44136,0.061411567338066506
44137,0.08022437573249111
44138,0.09464962399100299
44139,0.10535753254430953
44140,0.018897547593212466
44141,0.027706319404530638
44142,0.04393426294974685
44143,0.06756884323778146
44144,0.06813547695198609
44145,0.09421283479282573
44146,0.07265496643646613
44147,0.07413737633455686
44148,0.03720664774526493
44149,0.10045721098673734
44150,0.019386453618968735
44151,0.04921828685840197
44152,0.05316837947940281
44153,0.06365176941968373
44154,0.09114634205895622
44155,0.1013271127134456
44156,0.04263119157486388
44157,0.0701046227874766
44158,0.0360585689741342
44159,0.04442995422371591
44160,0.1333491454619708
44161,0.054678192061979276
44162,0.036621511234759485
44163,0.05495046066374724
44164,0.04931821917268441
44165,0.051349881846918896
44166,0.08270376164945584
44167,0.0903973667301689
44168,0.04782641420489435
44169,0.06828542309654008
44170,0.038510500372769145
44171,0.07549220656754892
44172,0.06151754343522634
44173,0.06855875192861698
44174,0.0038596442151909924
44175,0.010596514750812934
44176,0.05011361885435248
44177,0.05638070869629409
44178,0.09387044566836898
44179,0.04539002864033588
44180,0.04398012859406763
44181,0.06094586784184199
44182,0.021285144519856608
44183,0.022044492875559984
44184,0.04151335063874977
44185,0.016170617084422904
44186,0.07513507795734888
44187,0.011577394001666685
44188,0.03426692996445235
44189,0.017704346907106913
44190,0.08149357801974248
44191,0.09664633537245905
44192,0.005956063768463776
44193,0.05202113898554272
44194,0.013174278578275439
44195,0.05082140825618656
44196,0.07204983786868886
44197,0.12378114312766911
44198,0.06713462601663821
44199,0.0849505185338979
44200,0.0803647381288061
44201,0.08848116529742683
44202,0.16760622239567435
44203,0.08946859765195903
44204,0.050689561366415586
44205,0.06681948342973121
44206,0.03158186636739578
44207,0.04080089038488495
44208,0.0835779542671256
44209,0.08594014227888713
44210,0.01854126940298436
44211,0.03559180065245157
44212,0.06561906206737766
44213,0.04210822181992937
44214,0.07270771059318656
44215,0.12866479835036618
44216,0.07237632914149317
44217,0.059672972855347436
44218,0.04355105619423884
44219,0.11165685453993998
44220,0.018449796329421682
44221,0.07609009813877271
44222,0.014237445531778234
44223,0.06425362528073848
44224,0.07090159633144921
44225,0.05523206131072364
44226,0.08717810024806283
44227,0.06530717741085247
44228,0.052801267007300284
44229,0.1155434186906708
44230,0.09063306741210127
44231,0.020085875639196255
44232,0.07254738985344153
44233,0.08697408416544822
44234,0.04215842976389384
44235,0.07233095424058082
44236,0.022570733456130088
44237,0.06801975773298188
44238,0.00872268332439291
44239,0.0367456562706006
44240,0.05760245467778199
44241,0.07404200065104535
44242,0.03446130240754608
44243,0.061603730036435725
44244,0.09610381371313081
44245,0.09281921924168052
44246,0.01054393070845383
44247,0.005626327534190581
44248,0.05335911038961326
44249,0.04202675009825711
44250,0.06905871556504017
44251,0.027537364419678582
44252,0.0841817218660111
44253,0.05970112803369839
44254,0.0845463209593507
44255,0.049434581088933276
44256,0.029978936232442705
44257,0.022683248558536567
44258,0.03848309825170716
44259,0.040569373573245096
44260,0.01999488983748822
44261,0.06049712748665389
44262,0.052844461378614996
44263,0.017935127647703233
44264,0.05531692735942073
44265,0.08105431074892498
44266,0.060117113952433354
44267,0.05521419376743579
44268,0.0531442046719605
44269,0.00023663018445723577
44270,0.05615731797256989
44271,0.015123163108584949
44272,0.09473098873181457
44273,0.05104773168222428
44274,0.08761057640545403
44275,0.036828786195063135
44276,0.02596413142882624
44277,0.03169144235358679
44278,0.04988137644443621
44279,0.042016051809233464
44280,0.09533199087932806
44281,0.11482080670148595
44282,0.10176621301191285
44283,0.09221437300599963
44284,0.051268260087649134
44285,0.07286507477748244
44286,0.0316484725468263
44287,0.045697602355448
44288,0.03607953894030561
44289,0.049583443493404225
44290,0.024753016980798133
44291,0.07970244170120738
44292,0.05475409068564429
44293,0.07143314920645007
44294,-0.03544808068573035
44295,0.09522831972663183
44296,0.11417732979890977
44297,0.08882862936382069
44298,0.11136986527119946
44299,0.11217965812972183
44300,0.09240283379115324
44301,0.04172837400231595
44302,0.03299692395573031
44303,0.05825202627141664
44304,0.06576597082270605
44305,0.07157675203632874
44306,0.05909138627801516
44307,0.05738514741510004
44308,0.08523907218263835
44309,0.052413156033842
44310,0.08890491440598929
44311,0.11055692307655277
44312,0.058974489102231895
44313,0.049806869127871814
44314,0.070147705404061
44315,0.06455520954150112
44316,0.09044186733658544
44317,0.07915090861004064
44318,0.055383742533693395
44319,0.07648309346168589
44320,0.03199637803921835
44321,0.03616702659026897
44322,0.006345426842082988
44323,0.11129210501158249
44324,0.06661996757139052
44325,0.05791064949185877
44326,0.00640761975479618
44327,0.021632711391800966
44328,0.12267896972674752
44329,0.05003818149919904
44330,0.05066895525505476
44331,0.046450036035332744
44332,0.05562592370120289
44333,0.04414835565185407
44334,0.025002025764004343
44335,0.10764567391609173
44336,0.05959716818155638
44337,0.08881779760081131
44338,0.07592137471161851
44339,0.027834231497461788
44340,0.1255811808132071
44341,0.044330919636279664
44342,0.06122713244235213
44343,0.07459621152665007
44344,0.014005680753256484
44345,0.046492009850437346
44346,0.08026467688986974
44347,0.0869743881995991
44348,0.05348801214154228
44349,0.05038424809440551
44350,0.06965938917458198
44351,0.1166263877313235
44352,0.0461404278096147
44353,0.07457343600770547
44354,0.061988863882388
44355,0.030705936543652543
44356,0.07015728827263026
44357,0.05909280571713365
44358,0.04290885649515947
44359,0.06024878742844863
44360,0.10322614245485037
44361,0.035735391005199346
44362,0.09207172489901815
44363,0.06660553728506634
44364,0.08111985530896912
44365,0.07555348767472553
44366,0.0435071034184122
44367,0.05228263090663419
44368,0.0644958391439357
44369,0.03608278937277218
44370,0.11212130150460647
44371,0.026627384502913853
44372,0.10588870013560961
44373,0.07457150379202773
44374,0.06049572379136263
44375,0.061884315859615284
44376,0.13486137050189945
44377,0.09602770979224216
44378,0.09279602568537652
44379,0.08246104289084301
44380,0.030201592655604362
44381,0.07620641352248968
44382,0.04253922043371898
44383,0.05264667296242963
44384,0.042887501957439816
44385,0.11031508445685306
44386,0.011202043280647306
44387,0.09810312455489988
44388,0.08779234365097593
44389,0.10805700774563366
44390,0.10546189891875202
44391,0.0427653349056729
44392,0.0635640071871268
44393,0.13490699900662934
44394,0.0714970117086584
44395,0.02296405744560087
44396,0.018217940211327353
44397,0.04928151213137395
44398,0.010846455145108895
44399,0.054194350954586225
44400,0.0981947302411184
44401,0.07814653967487259
44402,0.12199321967220092
44403,0.07366675540782615
44404,0.08403376715788391
44405,0.10601448155610944
44406,0.1115968787578055
44407,0.006483595492747199
44408,0.05595879594699148
44409,0.08997860275817221
44410,0.05113856281874009
44411,0.09091796082235233
44412,0.05641677214764121
44413,0.05670064040665841
44414,0.0767502934862358
44415,0.08243679609013274
44416,0.052092977139565205
44417,0.03240741924849407
44418,0.04514241942208279
44419,0.07789903041822649
44420,0.10243028830232045
44421,0.0412711710310997
44422,0.04215961438119335
44423,0.09701819785458302
44424,0.10344067115598776
44425,0.06273500639002375
44426,0.0715958536307458
44427,0.08301512058399216
44428,0.10331084769541163
44429,0.09128526002002499
44430,0.09376956258098798
44431,0.07919303415119561
44432,0.10625604524007648
44433,0.090132717346284
44434,0.06203852357298903
44435,0.06518979719997248
44436,0.12065723038400988
44437,0.07115564252301977
44438,0.059902927328219495
44439,0.1185314338968278
44440,0.043696348409956356
44441,0.07049517955245177
44442,0.049422842697990216
44443,0.04456807276890104
44444,0.05661056297081268
44445,0.0769036687423282
44446,0.11644608478956696
44447,0.07869648846269257
44448,0.050509819450399264
44449,0.055898122179551264
44450,0.060915100745104915
44451,0.05690721153153784
44452,0.05909824740031667
44453,0.10384059968602385
44454,0.0995126865761364
44455,0.034695330865859186
44456,0.090462709029027
44457,0.06326109256428064
44458,0.03548805565843956
44459,0.10399441883372354
44460,0.006515425293766905
44461,0.08771983369249405
44462,0.10206124751471377
44463,0.054320815573977485
44464,0.07063194551133853
44465,0.04388288336187807
44466,0.09998860240260796
44467,0.06323335070696488
44468,0.05934121148215277
44469,0.0774715535931006
44470,0.08095319077202294
44471,0.03326507756557562
44472,0.07454598619044746
44473,0.09249034160727007
44474,0.09601067564229192
44475,0.06782354428541672
44476,0.08969755719533798
44477,0.10861778153011682
44478,0.06545524617392322
44479,0.1347808739823425
44480,0.09296267448186604
44481,0.08964273399490719
44482,0.12700771203258726
44483,0.05193686783374611
44484,0.0413382320725284
44485,0.05118388503874009
44486,0.07777384906359154
44487,0.07435328929181949
44488,0.04119282509346293
44489,0.13546446769299103
44490,0.06152464432653371
44491,0.07455500333463275
44492,0.05333338126290046
44493,0.04183619971621977
44494,0.0558498546891976
44495,0.052087414397478105
44496,0.051331667836849344
44497,0.09822346922088024
44498,0.07764531155488025
44499,0.07830583450775706
44500,0.05142091859673874
44501,0.10285189053676441
44502,0.05123468281573862
44503,0.024785281334545675
44504,0.04770169081932696
44505,0.05964279394036467
44506,0.061441398402855674
44507,0.05730967381352593
44508,0.11779059040179735
44509,0.08298814903118462
44510,0.0877904267258813
44511,0.021988034000264674
44512,0.057919339623957934
44513,0.035866715519318686
44514,0.10882856357167879
44515,0.07985631525100345
44516,0.06069569162174161
44517,0.10826758728625951
44518,0.053658703595901996
44519,0.0967481611416264
44520,0.052055630258565536
44521,0.08729639853809348
44522,0.07775278273747216
44523,0.08228034057901693
44524,0.08901032931015848
44525,0.08708214191881888
44526,0.11599507297531991
44527,0.07691238455238555
44528,0.06282739747644651
44529,0.05693558875009891
44530,0.036739269573418956
44531,0.05355114270901485
44532,0.09897577298349328
44533,0.1020280947697489
44534,0.06015438614147655
44535,0.054167669929097065
44536,0.09782847262220991
44537,0.07186202173575201
44538,-0.011510566105986025
44539,0.08712597173826127
44540,0.11299628157813266
44541,0.062332310747072926
44542,0.07650272544452905
44543,0.04366014732931778
44544,0.06800094964100686
44545,0.04356880667014
44546,0.06096523534175684
44547,0.08154501154413663
44548,0.06366668731973256
44549,0.0986696376624871
44550,0.07659487904710469
44551,0.10823604662580157
44552,0.08384070584592068
44553,0.028933729000376864
44554,0.06766576855165256
44555,0.04007330976188801
44556,0.06581457848826396
44557,0.059274016853412353
44558,0.08065629856648701
44559,0.13462121021799572
44560,0.09226789887329113
44561,0.07653049018676361
44562,0.10307589387024053
44563,0.015270788789149892
44564,0.06767950916094177
44565,0.08974601569273753
44566,0.06850807451312076
44567,0.05938015671333419
44568,0.0771611411887065
44569,0.01509994949400853
44570,0.13849603358809634
44571,0.0441229119320837
44572,0.0449106441958603
44573,0.09668788859866037
44574,0.05973232823265717
44575,0.1050071104365384
44576,0.1039395181265218
44577,0.05636137080375671
44578,0.021355749418673867
44579,0.07787025704921632
44580,0.07194320452931727
44581,0.12959379582361386
44582,0.027821462056340514
44583,0.06911945089680299
44584,0.0944111073624638
44585,0.06080409753306814
44586,0.08199034295775166
44587,0.04342152218829901
44588,0.1431162038356701
44589,0.026891488467990596
44590,0.11378044183020344
44591,0.13572442212926258
44592,0.0640556622016249
44593,0.1104431515813401
44594,0.06358066243453271
44595,0.10416209626193107
44596,0.12302560195528336
44597,0.045271073056777224
44598,0.13558586524176477
44599,0.10651337202343189
44600,0.03053695751838869
44601,0.0745755707203192
44602,0.09250044440920398
44603,0.09959212909849582
44604,0.06794617711988359
44605,0.0827767932392002
44606,0.0805744813381345
44607,0.08215139932654038
44608,0.029082011363662563
44609,0.10178467546599965
44610,0.12918104151582405
44611,0.01747533084012519
44612,0.1325021598006496
44613,0.10218619323891037
44614,0.08934913747635666
44615,0.13941132091133196
44616,0.08703027366212741
44617,0.07296506092229778
44618,0.015386262268712078
44619,0.05148536968944646
44620,0.06793948430508412
44621,0.02360491847984826
44622,0.02640889498487639
44623,0.04353426977051989
44624,0.0902843805511241
44625,0.11060323381707098
44626,0.08580604738296707
44627,0.06166577501278794
44628,0.0935541064111748
44629,0.09330184372149854
44630,0.10994247354748483
44631,0.06904852455720155
44632,0.05519647502890728
44633,0.01237683225559226
44634,0.0909762721741218
44635,0.08947410482471892
44636,0.007570187718768093
44637,0.07031551742304473
44638,0.0426157140799247
44639,0.05759822950419339
44640,0.06443371245080641
44641,0.0715130361050106
44642,0.04226196830154538
44643,0.09612192385302176
44644,0.13192015305600457
44645,0.0074739787703002325
44646,0.044626945005564495
44647,0.09312658047894329
44648,0.0524398187494039
44649,0.05280520216277619
44650,0.057031908578973146
44651,0.1208936850973175
44652,0.12404243803816022
44653,0.047465514744971515
44654,0.049321035490047946
44655,0.029653349010182337
44656,0.02160111866153605
44657,0.07770532916542279
44658,0.08709761806242353
44659,0.07427354592398269
44660,0.09196939595896696
44661,0.1092912150421278
44662,0.0795998110878305
44663,0.054018124748189456
44664,0.08269854816098457
44665,0.07716224650360021
44666,0.0588910910575457
44667,0.0725041909938499
44668,0.057533247468273374
44669,0.034074530952214625
44670,0.0754268502563223
44671,0.0898977230270585
44672,0.12399840640471846
44673,0.08194839748221956
44674,0.07754013349559086
44675,0.05301103805619874
44676,0.087973203652129
44677,0.09284665454375508
44678,0.08197214675557572
44679,0.07572848396098464
44680,0.03219874514186341
44681,0.04144513111636345
44682,0.0884791643364277
44683,0.12799056594478245
44684,0.06453399773723059
44685,0.06751350409213913
44686,0.058486004912414326
44687,0.09442625369362731
44688,0.1362117252248483
44689,0.04156618899941073
44690,0.11471193369158397
44691,0.09445096976832955
44692,0.07588361096378056
44693,0.10139510088675471
44694,0.06854791646698552
44695,0.08022058280748272
44696,0.07855078630596452
44697,0.10845475154215406
44698,0.08001978940712201
44699,0.05654168491741893
44700,0.019347754950186286
44701,0.06397391651372902
44702,0.09302942099661737
44703,0.09074985257081883
44704,0.05680422651791626
44705,0.12301231249640951
44706,0.05967090861534734
44707,0.12311064723387188
44708,0.07661668372431124
44709,0.0737252342624021
44710,0.09621681541749305
44711,0.04568961003815229
44712,0.10377622487634632
44713,0.09885470319516457
44714,0.10180493919363419
44715,0.07827986243036161
44716,0.08694730260879958
44717,0.07076180539713625
44718,0.09354950561152722
44719,0.029970145886834193
44720,0.09836517184511709
44721,0.06513219055950972
44722,0.06756807251694656
44723,0.0328503163179671
44724,0.036193484442024124
44725,0.05754478996274831
44726,0.08272464950591106
44727,0.11130865465377597
44728,0.1313602719012271
44729,-0.01689572507560029
44730,0.07344932971244114
44731,0.11002620529745102
44732,0.052572546967175164
44733,0.07493697771353523
44734,0.038242775297481865
44735,0.10626084744372291
44736,0.11183843896400221
44737,0.08420555236772084
44738,0.11900963701323503
44739,0.04473913389145262
44740,0.07553868072793275
44741,0.09409978886278049
44742,0.11150747037614211
44743,0.07565998573722582
44744,0.12568232143900887
44745,0.13531924893098818
44746,0.08912214651905556
44747,0.06317550024249953
44748,0.08771964682887322
44749,0.11764511910183241
44750,0.0811472534402878
44751,0.12853479091725428
44752,0.0960339663773726
44753,0.09125045404336588
44754,0.04179024466065994
44755,0.07710772372741892
44756,0.07999182864339519
44757,0.09564174214750955
44758,0.08196909937840877
44759,0.11471903931368217
44760,0.05275432980682787
44761,0.09507367175271214
44762,0.08502855428481376
44763,0.08119268962189448
44764,0.10217932831573286
44765,0.09748979146308902
44766,0.08715156188331659
44767,0.11795921931440698
44768,0.13411796308404286
44769,0.10664027497837329
44770,0.1072977174182215
44771,0.09441818056012621
44772,0.08865061737521682
44773,0.07648341005842825
44774,0.1101902526248692
44775,0.09335534541958579
44776,0.03349613033785109
44777,0.08757541611765308
44778,0.10943115415269788
44779,0.05334009361647056
44780,0.09172248014586104
44781,0.07062328898254341
44782,0.061132000437824754
44783,0.0741365184808036
44784,0.09872780580869762
44785,0.08588996234323551
44786,0.1334287121517033
44787,0.06535971859698095
44788,0.1319710830907646
44789,0.10011873562841395
44790,0.09425215106364097
44791,0.11500475648563854
44792,0.11163574731152501
44793,0.10466417800560743
44794,0.035017724287175866
44795,0.13269020481132382
44796,0.0708642017672397
44797,0.05767860947185255
44798,0.040201990587121664
44799,0.05861849602646479
44800,0.1201723298878305
44801,0.11231215390994129
44802,0.08565524882578214
44803,0.06969323505569315
44804,0.07875812616367703
44805,0.06200970167131245
44806,0.07278769509469377
44807,0.04304713470105694
44808,0.07794463299509062
44809,0.08181217049350382
44810,0.10858878408916559
44811,0.0989289934477728
44812,0.08081962544570917
44813,0.03066187230350772
44814,0.07353193293510793
44815,0.05683443483523229
44816,0.06464443868694897
44817,0.12481433289380864
44818,0.04342757490247895
44819,0.11094296923890257
44820,0.07808697281897471
44821,0.05096704412063191
44822,0.04680153369269662
44823,0.026947542313635775
44824,0.06314170457913873
44825,0.07131942141079825
44826,0.1035033093591377
44827,0.08593731750229842
44828,0.07570813460499438
44829,0.1509472544725878
44830,0.08981149878440117
44831,0.09838720916790492
44832,0.10460293126185226
44833,0.06505297271900404
44834,0.058334369095785335
44835,0.11514108768557171
44836,0.0897258047920929
44837,0.09956098036897057
44838,0.12373197277089257
44839,0.15157385355797304
44840,0.11619372011836694
44841,0.11510290658092914
44842,0.10603359094128452
44843,0.0736966830886584
44844,0.07500762566520933
44845,0.06625467284168145
44846,0.1095201239943167
44847,0.1426500656854336
44848,0.12694766505720267
44849,0.14592093885251606
44850,0.07961794917389943
44851,0.06810667488005803
44852,0.0871218085181019
44853,0.1184988479693271
44854,0.11837715243350802
44855,0.09836151863951806
44856,0.12446415249705753
44857,0.07259775642199415
44858,0.08328961905599952
44859,0.08726268639110342
44860,0.06383630270193537
44861,0.0558672768762756
44862,0.0961623175071236
44863,0.0747163355926787
44864,0.11227101963309342
44865,0.044639804684447934
44866,0.1207431327169074
44867,0.10521437597017635
44868,0.101838664354536
44869,0.1321363350283196
44870,0.1192234830041567
44871,0.12755873069773493
44872,0.07080025930575018
44873,0.10999925102515967
44874,0.026218069412472025
44875,0.04997625302996654
44876,0.11874180815121944
44877,0.08602989517553877
44878,0.09338952942762682
44879,0.027658054376108562
44880,0.11714274667843301
44881,0.11950357188647605
44882,0.04101899514487904
44883,0.12039721388788463
44884,0.11562319253568736
44885,0.11337962439239396
44886,0.07098870419087792
44887,0.044304122871221735
44888,0.14276967595242065
44889,0.04614380545330224
44890,0.0781602924882247
44891,0.11954782775047303
44892,0.12022800081863413
44893,0.09867583095846934
44894,0.07587237454101027
44895,0.11746037920152817
44896,0.11712589092781826
44897,0.11040316671886376
44898,0.03066765528098242
44899,0.10407165112524637
44900,0.08671396814389833
44901,0.12338418004639425
44902,0.05735859541827985
44903,0.09161399117788803
44904,0.148237954128833
44905,0.06968079249381813
44906,0.0853160660237026
44907,0.05835290628426692
44908,0.10945046469478034
44909,0.08895279583678359
44910,0.10930158512063516
44911,0.0931367478186141
44912,0.15131895999874745
44913,0.10865502531479775
44914,0.02895114419862127
44915,0.17696526376098387
44916,0.13843259261852459
44917,0.12876899533097966
44918,0.09328914019377905
44919,0.1085824274977106
44920,0.12147955733989929
44921,0.06147916043337458
44922,0.08468102014669379
44923,0.1212666771968631
44924,0.08592784066560719
44925,0.0734390303273949
44926,0.11967926641990978
44927,0.06394627011408896
44928,0.13463043085154552
44929,0.07472893680421086
44930,0.08961838431089472
44931,0.03008248464663578
44932,0.04864920103738418
44933,0.1298847271362165
44934,0.14930360370835047
44935,0.0905778822159102
44936,0.11260876475197727
44937,0.11865787478935144
44938,0.10564058582756954
44939,0.1092584523357535
44940,0.03802786033556609
44941,0.15443223706918405
44942,0.07919124886193822
44943,0.09403658525818362
44944,0.07381103437119141
44945,0.05379775993059904
44946,0.11703405202365036
44947,0.09439385666784757
44948,0.0645372891312675
44949,0.14724612414555796
44950,0.07274176308560243
44951,0.12953606835721884
44952,0.1333309530901003
44953,0.12032511000926696
44954,0.06910360077007217
44955,0.06274998978557245
44956,0.11171694747546157
44957,0.03630876554298447
44958,0.056975429298337515
44959,0.143546628326049
44960,0.10899061482003104
44961,0.06729604549660824
44962,0.10589669872340378
44963,0.08569688097176015
44964,0.14580671021933156
44965,0.07467177391355898
44966,0.07021499475789658
44967,0.11715160061728737
44968,0.09601400446536333
44969,0.10884327608739618
44970,0.09395327580179882
44971,0.06781902582708356
44972,0.1085296060876323
44973,0.05238439442369578
44974,0.07470921293187087
44975,0.11419293389874989
44976,0.11639040871538672
44977,0.09430540120877046
44978,0.08942485933298196
44979,0.10942249638545012
44980,0.08187512576609822
44981,0.09661860176788915
44982,0.11503006901298293
44983,0.11690999708904755
44984,0.1351647848758872
44985,0.09422466650014699
44986,0.06309797077558668
44987,0.10735539009248964
44988,0.15050005379970183
44989,0.07957189750720295
44990,0.10920461807761514
44991,0.15593128463999983
44992,0.0304176821921424
44993,0.09719213967905427
44994,0.10334997722893458
44995,0.11417386464809459
44996,0.17303097791326388
44997,0.12399210445586127
44998,0.07928212921644316
44999,0.08194675951968415
45000,0.0810072399171588
45001,0.09565549553682208
45002,0.08729511645194322
45003,0.10103245069725603
45004,0.040529142424295825
45005,0.15106149370722463
45006,0.0662241415320777
45007,0.047829856082644284
45008,0.0892605609751896
45009,0.0700515870088444
45010,0.08623893603011487
45011,0.15272381754099557
45012,0.15238808047257768
45013,0.07605983726690765
45014,0.12406683790930198
45015,0.12067347831401942
45016,0.03452955171247042
45017,0.08695343491859746
45018,0.11202521936900847
45019,0.1407567526493257
45020,0.14808063119935258
45021,0.1077528100335306
45022,0.08887266438757323
45023,0.11475843767949705
45024,0.15334187850023193
45025,0.07713418045966428
45026,0.11609202415156279
45027,0.10446463373846794
45028,0.1401197281811976
45029,0.11624028789084179
45030,0.10003027169178236
45031,0.110320053921922
45032,0.11061208535678263
45033,0.09963423811111911
45034,0.12462652058532092
45035,0.11596691148539902
45036,0.13246235964687786
45037,0.06966541244976474
45038,0.15536657718028485
45039,0.11568675796547859
45040,0.06051676025782995
45041,0.11432474557085298
45042,0.09870001344369789
45043,0.09602763959931623
45044,0.1073920286989947
45045,0.14306056233696585
45046,0.0722325658631124
45047,0.07307195697984345
45048,0.1280719846670975
45049,0.07355907033463577
45050,0.16372996119942163
45051,0.1274523961413215
45052,0.1297733419558814
45053,0.08280021952051365
45054,0.10925325434434928
45055,0.14084022824853848
45056,0.12621462358265265
45057,0.08428155926950379
45058,0.11205236919996478
45059,0.09320654926263786
45060,0.10483796303006566
45061,0.07546493655350892
45062,0.13295689795380514
45063,0.14597993678148857
45064,0.12821178800747932
45065,0.12338300592858105
45066,0.064067793847843
45067,0.08399061706162757
45068,0.13451119345670207
45069,0.08164896347660328
45070,0.10772586801658367
45071,0.08870035116835753
45072,0.04196392723958241
45073,0.08958449485519222
45074,0.08039699501377445
45075,0.12846745030463885
45076,0.06524817270393217
45077,0.09773501152001257
45078,-0.0043673077496101526
45079,0.11133720454827147
45080,0.15643380992227063
45081,0.09380075380438026
45082,0.14524678735954308
45083,0.13771489517189991
45084,0.11895070657673672
45085,0.12540454278564248
45086,0.10031123570140613
45087,0.07588538854782342
45088,0.11734857255038084
45089,0.09359451046949772
45090,0.13410444227551943
45091,0.06963299781260163
45092,0.10777485811208126
45093,0.10787432876343758
45094,0.07428481838069842
45095,0.13235455131223997
45096,0.1201570674750306
45097,0.07278693319673094
45098,0.13786183816152092
45099,0.09902161922204956
45100,0.12388027147260806
45101,0.09918368619023027
45102,0.1540341881875805
45103,0.06105327989259523
45104,0.11109982508257664
45105,0.14028189522598983
45106,0.07604795322481037
45107,0.10872670907146333
45108,0.10283239959749542
45109,0.09898341174687175
45110,0.09913648228264299
45111,0.0954373635809125
45112,0.16922400734897422
45113,0.08482094540799556
45114,0.11494914530897311
45115,0.14540427440059497
45116,0.031845733849000454
45117,0.11423962808828803
45118,0.04403907504431411
45119,0.1166514292852809
45120,0.15942901045121227
45121,0.06333412893184331
45122,0.0939292256391058
45123,0.11398922206743717
45124,0.08265867276769923
45125,0.1535882152783083
45126,0.0810765638306769
45127,0.1338459429379881
45128,0.10857356774257809
45129,0.12108937624051805
45130,0.07762995828844951
45131,0.10201019602519501
45132,0.09139298927512131
45133,0.06908379699878403
45134,0.11080501963942657
45135,0.1079795553953365
45136,0.08663681404340803
45137,0.1319019420891797
45138,0.10019210036671987
45139,0.08681049196947775
45140,0.15763819856540115
45141,0.1406408228169334
45142,0.08316382867427247
45143,0.0950526699850879
45144,0.13493717150624274
45145,0.14257035508843618
45146,0.11226071656979172
45147,0.12176744485256835
45148,0.11080374371507595
45149,0.10578790205854141
45150,0.14225331996378487
45151,0.08640789098014623
45152,0.14475434702092935
45153,0.07132278020591576
45154,0.09937824893314473
45155,0.1102421825878255
45156,0.11913956230463234
45157,0.10836494647014887
45158,0.10330192163057547
45159,0.12258530601189269
45160,0.1786080898916093
45161,0.09203976234897321
45162,0.0985748693467062
45163,0.0660670143160338
45164,0.11853074927197785
45165,0.11010736385892879
45166,0.16087744947787272
45167,0.09835811992380923
45168,0.10550193550648823
45169,0.1566989532149735
45170,0.09283131921982879
45171,0.13620570277338861
45172,0.16854176014942293
45173,0.07039635494565241
45174,0.14405879385633383
45175,0.09670850659904644
45176,0.09018477044617497
45177,0.13045837311162972
45178,0.11324559143263802
45179,0.1460822981780458
45180,0.07996782236490589
45181,0.11661559749214911
45182,0.08573197210096112
45183,0.0938636293974317
45184,0.09461169550558562
45185,0.12202350574431431
45186,0.07473839195951121
45187,0.05966652930010356
45188,0.07531419149699696
45189,0.0891854900532621
45190,0.09729009303845063
45191,0.10759526848721152
45192,0.06426777468921084
45193,0.09696306419267271
45194,0.08171651678463142
45195,0.12958353029258154
45196,0.09747932869517625
45197,0.08964863172350182
45198,0.11201687745651633
45199,0.16180286225548174
45200,0.12414679253451844
45201,0.0772394288582621
45202,0.11883756262654094
45203,0.12282125966997773
45204,0.12155127992681718
45205,0.11864630792578842
45206,0.1291873711934444
45207,0.10308812347671872
45208,0.1577533883744756
45209,0.10503925003085363
45210,0.10512153504299325
45211,0.08829406360512797
45212,0.0798299287002807
45213,0.12276902883452127
45214,0.10635910231838377
45215,0.06511889179360225
45216,0.14646521427082643
45217,0.1405772463224629
45218,0.11555366075328627
45219,0.06546456474129286
45220,0.061306063332517584
45221,0.104838827316216
45222,0.08826927694516462
45223,0.10312533778775705
45224,0.15037868324005335
45225,0.09702807595524025
45226,0.12636973832379797
45227,0.11562736264572918
45228,0.0872900054326499
45229,0.10474290966484882
45230,0.1419006585524281
45231,0.10763021829453848
45232,0.10960379102764564
45233,0.0977653177204253
45234,0.04798326392541018
45235,0.14165257742929044
45236,0.11273978694824387
45237,0.09327132829777386
45238,0.08071970177982504
45239,0.11843233866004094
45240,0.0949947354735815
45241,0.11558437572718612
45242,0.14162031234873135
45243,0.1259108887494447
45244,0.12351426654159676
45245,0.09300937264069264
45246,0.1407735008417861
45247,0.12172233433081178
45248,0.16459448522148087
45249,0.1214898852985701
45250,0.13087292042549642
45251,0.08367567827995961
45252,0.13092721450588582
45253,0.10870587687054806
45254,0.10104873328944342
45255,0.12618467435617528
45256,0.1102925318600582
45257,0.12625087494446016
45258,0.09370377169387824
45259,0.179648326331252
45260,0.14142598932324396
45261,0.15479644308653562
45262,0.15483858689941718
45263,0.10581237120051638
45264,0.10959436046771932
45265,0.09890077410109799
45266,0.10246498612856529
45267,0.09958398389588688
45268,0.1469611956703903
45269,0.1030801060290451
45270,0.1363730313397513
45271,0.12527440956608724
45272,0.13922199020984224
45273,0.11201977391276208
45274,0.07298351797296582
45275,0.09676227875890334
45276,0.10273205993462091
45277,0.1526818928325094
45278,0.12359858526275029
45279,0.1211518047671177
45280,0.06054617115395876
45281,0.11567248362893415
45282,0.10439625944368265
45283,0.14003915378653184
45284,0.09351280316359047
45285,0.17802558919717232
45286,0.09739500106386832
45287,0.0793151412090183
45288,0.08823407401904511
45289,0.14509046532421419
45290,0.10640647747847937
45291,0.14332863846366323
45292,0.05575253712510806
45293,0.1041939965557459
45294,0.05027725072925268
45295,0.07527975429594563
45296,0.1767061779896802
45297,0.054979258600353804
45298,0.11104504862516801
45299,0.0545580207097617
45300,0.12316172894478093
45301,0.10168500199645275
45302,0.1553638965670145
45303,0.1296426539940608
45304,0.14746909282131035
45305,0.10097599713109606
45306,0.0909975372378057
45307,0.06326902601952081
45308,0.12193172274786368
45309,0.09324170576534156
45310,0.0880178753910586
45311,0.059198286032181364
45312,0.11244738737072534
45313,0.13869011457033814
45314,0.11273182226625754
45315,0.1258807882312016
45316,0.0824057539908644
45317,0.06520538169897447
45318,0.12688029167914736
45319,0.125457196989004
45320,0.1450205383811858
45321,0.15594195275585546
45322,0.11074031111717243
45323,0.1053402302426898
45324,0.12636860764461863
45325,0.15784161194130455
45326,0.130497268504869
45327,0.1560776909136023
45328,0.07409725250876059
45329,0.08821623614618145
45330,0.14801719310038722
45331,0.07029448894999019
45332,0.1372697738828469
45333,0.0994901953033662
45334,0.13735273930907732
45335,0.09155827335548451
45336,0.06533349323063714
45337,0.11423702213437903
45338,0.1210442238971214
45339,0.11767230529726977
45340,0.12296454663346273
45341,0.09963327196918252
45342,0.08890560262006644
45343,0.11295399926251248
45344,0.11568929094450575
45345,0.12070136464578117
45346,0.198050329115873
45347,0.09857933753696477
45348,0.10516306382698383
45349,0.12481941778485887
45350,0.11882750374637695
45351,0.13182229711873286
45352,0.08037435033279325
45353,0.12543575229053533
45354,0.1134194373420684
45355,0.09189032267161262
45356,0.1130678757576926
45357,0.14375412803399418
45358,0.10204935199914329
45359,0.0885597056639284
45360,0.08012130899200515
45361,0.10240688556830846
45362,0.1388927933742359
45363,0.09706829465272912
45364,0.04894283254794714
45365,0.10894986845099845
45366,0.075283370761668
45367,0.09141966455104744
45368,0.08308662483476906
45369,0.12514614039468994
45370,0.09777313341235735
45371,0.07583580776851057
45372,0.1291877823355419
45373,0.129021147851007
45374,0.13242070414723345
45375,0.11289575661306042
45376,0.1398714599428888
45377,0.1639588437215961
45378,0.1839766407871773
45379,0.08259627578300113
45380,0.13770601664158735
45381,0.16292707934714348
45382,0.1291678508734057
45383,0.12130318324817269
45384,0.13676341463223587
45385,0.08234612444342143
45386,0.08053053769160023
45387,0.14073723064932545
45388,0.09375299629744843
45389,0.1626477676631891
45390,0.1306229957767638
45391,0.16124429650970779
45392,0.08964406395336141
45393,0.11711266402761025
45394,0.15242942183060712
45395,0.07563713370345179
45396,0.03331708529288381
45397,0.12175706601606458
45398,0.1005920575342622
45399,0.15094692439654936
45400,0.07612815423857533
45401,0.1316896131191554
45402,0.07767099495271107
45403,0.17029907262648544
45404,0.10766099765537963
45405,0.13431842290514023
45406,0.17820760972442684
45407,0.09353679666053853
45408,0.14206242647184852
45409,0.09939388300237063
45410,0.14224929266700154
45411,0.1036763462578687
45412,0.10095346010294934
45413,0.12824667268633552
45414,0.10679784603704227
45415,0.16527708062861074
45416,0.16696233987177567
45417,0.15141237980591893
45418,0.1392565988146484
45419,0.07644610825259335
45420,0.09567761677751976
45421,0.09329605469514189
45422,0.11503924609494987
45423,0.09872160075026098
45424,0.07700840882497378
45425,0.1585084455787712
45426,0.13349582419908837
45427,0.09528540112706019
45428,0.12190854605220312
45429,0.14303576155255793
45430,0.13340192060761077
45431,0.11673472282819503
45432,0.14102552703416402
45433,0.07209661458166954
45434,0.09493649817969331
45435,0.08141228902989048
45436,0.15968091906448004
45437,0.15630838990611687
45438,0.09747820449093818
45439,0.12864815114691502
45440,0.1369811689584381
45441,0.14235835319396248
45442,0.11245979473318313
45443,0.14508937931742014
45444,0.15876840400776718
45445,0.14623038285789092
45446,0.07282442790855745
45447,0.09304856716904387
45448,0.13382256015833427
45449,0.11885251974928418
45450,0.11044735583630291
45451,0.13059860599727316
45452,0.1307542509652121
45453,0.1102814527337638
45454,0.11525486270063884
45455,0.0564204687019116
45456,0.15304983221787977
45457,0.10751927161440672
45458,0.14800174116607984
45459,0.15680925218199881
45460,0.10715144159812856
45461,0.09975836642755906
45462,0.1986333190388036
45463,0.060161697526803865
45464,0.1611106624365254
45465,0.12847883153358286
45466,0.12187261400753906
45467,0.12681960718921442
45468,0.13115353400050145
45469,0.20514756028410858
45470,0.09028127114940754
45471,0.11747950305892452
45472,0.1525430722834348
45473,0.11629525370682672
45474,0.09210793555873038
45475,0.1859847166086558
45476,0.1320413029942713
45477,0.14754538726195165
45478,0.16766410098719292
45479,0.12101513533746402
45480,0.13899971864419183
45481,0.16693003148506838
45482,0.07974491662790167
45483,0.10723891689874816
45484,0.1460928228153676
45485,0.14132399749662683
45486,0.1016551834056319
45487,0.08686932979867891
45488,0.11351758714696282
45489,0.14027528045982202
45490,0.07064814173016622
45491,0.13667276735017767
45492,0.11162556891736201
45493,0.13362426666027044
45494,0.09137555407511387
45495,0.13982537668711895
45496,0.16094581530971222
45497,0.13350345150427223
45498,0.15733559561003058
45499,0.1359738717754898
45500,0.1299482485615292
45501,0.13333777312990486
45502,0.14489266085333222
45503,0.12993868327960673
45504,0.06515530542349238
45505,0.1281473291986081
45506,0.12042094203754837
45507,0.15508799810051804
45508,0.14724323493996833
45509,0.11345925334331562
45510,0.12581723562999841
45511,0.08131222562965479
45512,0.14011733649235875
45513,0.13612130697458255
45514,0.15244254738565832
45515,0.09682822269821964
45516,0.11178224546657009
45517,0.08275110868841869
45518,0.17868049055200552
45519,0.12304297653876267
45520,0.16401657019829996
45521,0.11418492350258216
45522,0.11982577758622152
45523,0.15250361449268607
45524,0.1317373021432408
45525,0.14355398180155804
45526,0.10865651800180803
45527,0.05816057001691591
45528,0.1272365088725197
45529,0.1474911692930227
45530,0.1282350830283073
45531,0.15174101090739206
45532,0.11220993979448857
45533,0.11291686654462643
45534,0.12342728418895622
45535,0.1385582056056554
45536,0.10395212105997578
45537,0.1457177346622679
45538,0.12951590436975058
45539,0.09837000106562592
45540,0.15102023835964407
45541,0.14354353541949935
45542,0.13350501002076318
45543,0.0933693255375308
45544,0.1413385613078323
45545,0.06395345557384155
45546,0.13126362137007944
45547,0.1122836095543516
45548,0.13215795589028947
45549,0.16166536737249937
45550,0.13986475720996794
45551,0.1347654378240119
45552,0.08884054895488258
45553,0.13218659962444046
45554,0.11830530693652662
45555,0.15779026173690364
45556,0.11355808508512959
45557,0.1394122368571771
45558,0.10627359962933453
45559,0.11303985027128968
45560,0.11792437567949658
45561,0.13644610972115534
45562,0.12518984484883383
45563,0.07377776575558528
45564,0.15118588173105904
45565,0.11245765262524117
45566,0.11890250721645064
45567,0.14021909201603214
45568,0.15350660235169475
45569,0.17917464774781752
45570,0.146710023359657
45571,0.12281192437700869
45572,0.1080962112005582
45573,0.13277138558256385
45574,0.09921958182307142
45575,0.12709423834756653
45576,0.088091016125261
45577,0.12720785011488564
45578,0.12457773646956471
45579,0.10039271731111724
45580,0.1633996189256137
45581,0.1419891202947877
45582,0.07275851141039696
45583,0.073512176377173
45584,0.11219435463381015
45585,0.11392729200351359
45586,0.08803448219291107
45587,0.08286448573499045
45588,0.15034575545878556
45589,0.14000947698326796
45590,0.15370248284926377
45591,0.20673861961453593
45592,0.15351210209021032
45593,0.12144189852721018
45594,0.13232738134572614
45595,0.09864041622287502
45596,0.13409729168920734
45597,0.16441852043467825
45598,0.1477419855847671
45599,0.10109290795439171
45600,0.1199810066287115
45601,0.14809454869923971
45602,0.1712208860173156
45603,0.14830542919471426
45604,0.1316336349640474
45605,0.10892027319303889
45606,0.12842557235997867
45607,0.20281271366681894
45608,0.16338168738901454
45609,0.12714889500934035
45610,0.07637118208245
45611,0.08970724262400001
45612,0.105884315695429
45613,0.1602159950409207
45614,0.14693308022539206
45615,0.09138956603054929
45616,0.12078639347361422
45617,0.17094328319811997
45618,0.1364958839460355
45619,0.09002653539672448
45620,0.07468713751885862
45621,0.08085924831050853
45622,0.1693633593147459
45623,0.17201995345114288
45624,0.09689577193817343
45625,0.12267213005267508
45626,0.09574060216628541
45627,0.07853404491930739
45628,0.1797681231044405
45629,0.15234895372687982
45630,0.15784196975877687
45631,0.13659205107965644
45632,0.07046231229687266
45633,0.1565586584938496
45634,0.15003833955323484
45635,0.15085994040135425
45636,0.10891615537132333
45637,0.062055081559028086
45638,0.16104145240559703
45639,0.12396565747770474
45640,0.155708967208141
45641,0.11274347449928612
45642,0.1282606585024563
45643,0.13551291358525497
45644,0.08324950275169551
45645,0.153807389145278
45646,0.08633143747950688
45647,0.1147815232643119
45648,0.11029001961473396
45649,0.13012939331757806
45650,0.1515965669989067
45651,0.13938642364066106
45652,0.19051792496075698
45653,0.09571662516223063
45654,0.13536267649354333
45655,0.17091815999534632
45656,0.15347179021788943
45657,0.19101369007882607
45658,0.11602140583437669
45659,0.10301159308944716
45660,0.10749554041319398
45661,0.13831275838291468
45662,0.1682474567728076
45663,0.19185268971424257
45664,0.1481157146184944
45665,0.1382315340465048
45666,0.10918747473873212
45667,0.14831137134230063
45668,0.1446613453181734
45669,0.11128848034096228
45670,0.13418299685221002
45671,0.13192839891412717
45672,0.11736265280772779
45673,0.14428484779209216
45674,0.12386025711440504
45675,0.11822845935606748
45676,0.1537830319209292
45677,0.11075270787924132
45678,0.09195577389937681
45679,0.16547884548781494
45680,0.12193030172414643
45681,0.10784448107535369
45682,0.10148820076591095
45683,0.13769375350592802
45684,0.12211742317761452
45685,0.23114090537542442
45686,0.14994671224811412
45687,0.11737205631227507
45688,0.09485408539669096
45689,0.1295554307577753
45690,0.09033404798293856
45691,0.11659481620337932
45692,0.17678229560851744
45693,0.12551214506283295
45694,0.0942895652087599
45695,0.13870924436731222
45696,0.10575549797717887
45697,0.16006106213788515
45698,0.17485329530798766
45699,0.10215192640161583
45700,0.10850359884565569
45701,0.09708928993759694
45702,0.11515172048283964
45703,0.1495699028210379
45704,0.1650702074548329
45705,0.1396425087417476
45706,0.11258420414428984
45707,0.09641708964523493
45708,0.0932857466210434
45709,0.11116124997001739
45710,0.10251534722511854
45711,0.15935866530682835
45712,0.1484471370937694
45713,0.12584033392991012
45714,0.1075724144426202
45715,0.14032846364265017
45716,0.18670897553221263
45717,0.11764964683038508
45718,0.12503321565036724
45719,0.11999390727487014
45720,0.07676297470890278
45721,0.11068640583433789
45722,0.13918811793888805
45723,0.15254094858950604
45724,0.13988205947014856
45725,0.15162162447476485
45726,0.15359946363527305
45727,0.17410742464493495
45728,0.15268881860418124
45729,0.1528900092055481
45730,0.17780678336308067
45731,0.12893655033222773
45732,0.1297814207433867
45733,0.1415925393696662
45734,0.12071001353893766
45735,0.12066949638571291
45736,0.14198594335282166
45737,0.1094292247149988
45738,0.13183805227447687
45739,0.14201704309343843
45740,0.14635846232353086
45741,0.18565783672565403
45742,0.19656308805589962
45743,0.16402643527711824
45744,0.186596299233858
45745,0.08776999197716183
45746,0.15813735657404837
45747,0.14732435403021138
45748,0.11514205519825862
45749,0.19750826158136092
45750,0.05405515559039489
45751,0.13281741557478505
45752,0.19163621177969914
45753,0.16766488022797685
45754,0.14715686604913383
45755,0.15276576524820887
45756,0.12743456018318786
45757,0.09647952384331965
45758,0.0945866799958996
45759,0.07617094109889364
45760,0.12656982499693933
45761,0.1533981138129492
45762,0.1331021312530038
45763,0.17232925062881338
45764,0.12153370197501889
45765,0.11978852646855762
45766,0.17601539043578585
45767,0.15378158334505795
45768,0.11875582989125608
45769,0.13622659406306922
45770,0.10438012553964404
45771,0.09434065958276883
45772,0.12503006643906614
45773,0.15234177130785576
45774,0.12952220209466334
45775,0.21530668159142655
45776,0.12299943887067644
45777,0.1771560025678569
45778,0.15487420097179616
45779,0.08955063456418283
45780,0.1258951434192352
45781,0.16494253305688295
45782,0.1825938811716004
45783,0.11015668969369229
45784,0.145497827017846
45785,0.09883010021530894
45786,0.20828484936745595
45787,0.13834328798613119
45788,0.1517437631001483
45789,0.11047066605506588
45790,0.13781893625935895
45791,0.11992430496525872
45792,0.11106778917353295
45793,0.08943150248844325
45794,0.11756799534766182
45795,0.15767963307612476
45796,0.1374720149481837
45797,0.08331908007354466
45798,0.17991196165148104
45799,0.10989095512558371
45800,0.15891898845911107
45801,0.15295061758500372
45802,0.18041474029227897
45803,0.11062988554976277
45804,0.16947590542560106
45805,0.13749030965396675
45806,0.14363315409771038
45807,0.11961175986208825
45808,0.17070253796540025
45809,0.12638483271192397
45810,0.2025078049697653
45811,0.15524880103080202
45812,0.12533181106693314
45813,0.11097813069800494
45814,0.1342289093465984
45815,0.11386287609400941
45816,0.11746456164200911
45817,0.15065964373203003
45818,0.17265667188915446
45819,0.1264117231793031
45820,0.12320742157717349
45821,0.11369017169512152
45822,0.09866624805902954
45823,0.1108080643865287
45824,0.16092838886651448
45825,0.12959664198375517
45826,0.1710440269664759
45827,0.15692485851763133
45828,0.13667065540760634
45829,0.11052815302282396
45830,0.1433686058181066
45831,0.14954645822870868
45832,0.16159544782707838
45833,0.1952823971757276
45834,0.14905736065681532
45835,0.10270505272915374
45836,0.09568293771144626
45837,0.10342583399477237
45838,0.19661866721899143
45839,0.1346093250227754
45840,0.1382852456792999
45841,0.098646047699165
45842,0.13349631922213362
45843,0.16376126098785854
45844,0.1468316764360419
45845,0.11685204895708479
45846,0.1197030054138694
45847,0.08797486211666493
45848,0.18725759955428534
45849,0.20776225397658293
45850,0.19295746147863338
45851,0.0736655985450734
45852,0.1491477029391803
45853,0.13356564445091498
45854,0.13660010903616016
45855,0.1557484159225629
45856,0.10886616936187239
45857,0.14151255955913294
45858,0.11836086736830018
45859,0.1537713186399152
45860,0.14575615869550057
45861,0.09613118468633315
45862,0.13339454281884422
45863,0.18565367510217376
45864,0.15968865337564084
45865,0.19046396332001897
45866,0.14020948416572376
45867,0.09861201245901846
45868,0.15940115355945006
45869,0.15745077396120705
45870,0.12150053290238116
45871,0.16681949291085407
45872,0.17309921695434066
45873,0.09237191930836003
45874,0.12275432775856046
45875,0.18640004236051502
45876,0.1551773255347559
45877,0.14995708226658652
45878,0.11965554623498938
45879,0.15547795849925752
45880,0.19292657912714764
45881,0.1442157184902968
45882,0.14422396445587018
45883,0.15119153133167007
45884,0.17678932549747559
45885,0.1191053907113218
45886,0.1153205218075738
45887,0.1216405073027279
45888,0.0983337636993083
45889,0.14309887876377383
45890,0.1480247684238688
45891,0.14928109011370652
45892,0.13731752394751487
45893,0.16587939067590618
45894,0.14742957690391967
45895,0.13218932499475614
45896,0.10803412880415927
45897,0.18138340215287113
45898,0.11335054726265505
45899,0.1371633371320495
45900,0.11629262125204036
45901,0.1738914548416201
45902,0.13880959035723003
45903,0.18190708407118666
45904,0.21260622515178648
45905,0.15213282323788974
45906,0.1278925003181647
45907,0.15274615631254165
45908,0.12781420064575855
45909,0.13323853908303585
45910,0.09466072009664744
45911,0.13019176615307027
45912,0.17015554562840232
45913,0.1899190650164972
45914,0.15001846991546636
45915,0.10757897634940655
45916,0.1603668481926435
45917,0.17470833505401417
45918,0.10873975452796211
45919,0.13143610038022494
45920,0.13575654609126558
45921,0.156664256275943
45922,0.12747334614672567
45923,0.14288259848017593
45924,0.17902327283488562
45925,0.1663014143574485
45926,0.1827383614746307
45927,0.20099474964046687
45928,0.16807619498505297
45929,0.19091012245699787
45930,0.11968910969879878
45931,0.2067451706926466
45932,0.13334194930743365
45933,0.1958881599976497
45934,0.12876897256236422
45935,0.15624969367850325
45936,0.13846292331020324
45937,0.14964444149936748
45938,0.16211312719981744
45939,0.09794463723588667
45940,0.06040258078020999
45941,0.16429881181377662
45942,0.11456460273070157
45943,0.17178930022896644
45944,0.17504290600951614
45945,0.14749625359638907
45946,0.1172085089993118
45947,0.12406281578710483
45948,0.1390307143797278
45949,0.1425053313166679
45950,0.19989063819490394
45951,0.15635025436517505
45952,0.14764738724751392
45953,0.1412943609562434
45954,0.164647872003415
45955,0.11381152338020967
45956,0.15730112241125932
45957,0.13602825241504124
45958,0.1354072226104993
45959,0.10708117239930978
45960,0.14940193264217075
45961,0.18846215350366163
45962,0.05701111876848841
45963,0.16606837151887016
45964,0.11544566428392289
45965,0.1613430267589267
45966,0.16373885826592127
45967,0.1494729201119678
45968,0.18977914679415228
45969,0.1742188011176113
45970,0.14812486941598663
45971,0.11285214608618599
45972,0.1346168970383358
45973,0.14061984546050801
45974,0.2157592867411738
45975,0.17238698205267225
45976,0.148220835530216
45977,0.10158582491174925
45978,0.14872492259676423
45979,0.13745300552007644
45980,0.12938946238940277
45981,0.14964602513542882
45982,0.16237108850588466
45983,0.22321684695419697
45984,0.15208886769904292
45985,0.1369551916617389
45986,0.19891192930598592
45987,0.16837948471151934
45988,0.14559454874549702
45989,0.140553729878727
45990,0.2203964456385123
45991,0.19691123680501757
45992,0.12305452164024094
45993,0.14348148761180354
45994,0.17055604473167973
45995,0.18441123651646785
45996,0.1512953810025238
45997,0.13182748190884652
45998,0.1680469207114739
45999,0.1872401985263742
46000,0.17083773659470933
46001,0.15027664663140033
46002,0.19714856569405406
46003,0.2047820803489683
46004,0.11104700248974525
46005,0.10773939476442046
46006,0.07372374217244887
46007,0.14914193118556224
46008,0.12111939042205128
46009,0.13395758964958923
46010,0.16716954015509558
46011,0.15817485435468967
46012,0.1280132318567401
46013,0.18469148798278534
46014,0.12937453818421887
46015,0.17548040278337435
46016,0.13124558018899968
46017,0.1410213556329992
46018,0.18392379024231664
46019,0.13640716020424623
46020,0.09517030583435115
46021,0.17991096999148593
46022,0.1772343783440663
46023,0.14814857428934988
46024,0.11789419870036377
46025,0.1644796874072872
46026,0.20580578724249504
46027,0.15644354933166066
46028,0.15397896946853007
46029,0.1712290628214086
46030,0.18415533796341502
46031,0.17316629602019815
46032,0.16521188870893863
46033,0.13878238553931616
46034,0.19663970286313098
46035,0.21812351282933193
46036,0.2232434934008724
46037,0.15512116698713607
46038,0.16479568030271596
46039,0.22848717735399476
46040,0.1811247139011623
46041,0.13519365263787805
46042,0.1572697840703825
46043,0.2012578190035786
46044,0.12310677233822431
46045,0.15230507751601224
46046,0.11539004263182896
46047,0.122589051696683
46048,0.10775464029953638
46049,0.21805995033066503
46050,0.14385985339034751
46051,0.14933559772833221
46052,0.15211074120922113
46053,0.1874718220624182
46054,0.1389484415687586
46055,0.18763583051674848
46056,0.15504967706688433
46057,0.18785017252046873
46058,0.19288920015912447
46059,0.14949979033274796
46060,0.12650546196912044
46061,0.1502409430941676
46062,0.16738574557148742
46063,0.15590473904230087
46064,0.16082402188810913
46065,0.1406507461766268
46066,0.10381761538435935
46067,0.15666236757756513
46068,0.1384655723424685
46069,0.21093866892149937
46070,0.18072938695865112
46071,0.19932258142702328
46072,0.1810611003017482
46073,0.15136023752019098
46074,0.11323397684797853
46075,0.19819426745805832
46076,0.14317118938704332
46077,0.1642446218025126
46078,0.18359441754579964
46079,0.09594961791722866
46080,0.09459949767236464
46081,0.13449568952527055
46082,0.15720716828392822
46083,0.1451437484018281
46084,0.14423653298297553
46085,0.10009679004473963
46086,0.14121485525980865
46087,0.139703102654373
46088,0.14480611182998315
46089,0.1486638608518118
46090,0.08643117282278164
46091,0.16631053142472838
46092,0.19229496138018412
46093,0.17286131026502102
46094,0.22309631247421374
46095,0.21362221883319582
46096,0.13263876043867662
46097,0.14700595248078058
46098,0.13984778253533137
46099,0.17315777891335551
46100,0.14440882605100705
46101,0.18585195222005169
46102,0.18528360725941145
46103,0.1125764172805154
46104,0.14398996130270614
46105,0.16886897550262034
46106,0.16554910501789857
46107,0.17976799578407426
46108,0.14790201280936538
46109,0.17995156896818407
46110,0.17165631057406552
46111,0.13497464932022513
46112,0.16914730415178594
46113,0.18642440110722802
46114,0.149175906649117
46115,0.1715755697795684
46116,0.18012063381859292
46117,0.16568709519877797
46118,0.17221673138629026
46119,0.12693767537446235
46120,0.1961722323906753
46121,0.13347254686621457
46122,0.18950012342305764
46123,0.14303905689880542
46124,0.11944952890764665
46125,0.21208482505387458
46126,0.12193706259928344
46127,0.07930445820320184
46128,0.13895672862579372
46129,0.19699254384275472
46130,0.15753875685303884
46131,0.2004809105950855
46132,0.15444331684505191
46133,0.13764704733189798
46134,0.13095962115369497
46135,0.12075565017529746
46136,0.18231239567192237
46137,0.14276388514596944
46138,0.18556181177316078
46139,0.19243996658873638
46140,0.15495302689348214
46141,0.1806172668703729
46142,0.15412309146272926
46143,0.17871494603549118
46144,0.17036625282314657
46145,0.18584278504933016
46146,0.10885689661095092
46147,0.17474315701961615
46148,0.07465394272372156
46149,0.18236526595467084
46150,0.15550333981407244
46151,0.1303214632293123
46152,0.1941762355896556
46153,0.08498416927018825
46154,0.13968353722907523
46155,0.17245647560428246
46156,0.11837995883785865
46157,0.1746396138441673
46158,0.13703251739210282
46159,0.15910110228700583
46160,0.17423668133673476
46161,0.1968207446637628
46162,0.13228306913456597
46163,0.199648963569695
46164,0.14220680503910935
46165,0.16594559254929933
46166,0.1517942144087791
46167,0.15760735224765673
46168,0.19412936095933758
46169,0.15172995186727517
46170,0.14860061689908793
46171,0.1591623385263298
46172,0.16325045631974355
46173,0.16553611210468305
46174,0.15970796690312164
46175,0.14377072424651363
46176,0.1521693980041927
46177,0.14946976833950282
46178,0.12628107283453613
46179,0.16423248242453142
46180,0.19484570526435752
46181,0.14761938098822386
46182,0.08999954998496729
46183,0.13530773406858476
46184,0.1962147781679977
46185,0.17837352891599695
46186,0.17315456902859727
46187,0.1411552924609052
46188,0.22455491560916147
46189,0.1404611443511868
46190,0.18170878301328128
46191,0.16414638986452976
46192,0.16732467168457787
46193,0.16777008660742002
46194,0.14270488545345603
46195,0.11931720966548354
46196,0.20097816869183618
46197,0.11601981307617859
46198,0.10993224538269417
46199,0.20441269872281387
46200,0.14641431298728885
46201,0.14659777777622754
46202,0.1804883060150964
46203,0.1644124230700301
46204,0.19932495379869686
46205,0.13949667321810336
46206,0.20252723711271406
46207,0.1869528465866511
46208,0.17231763064248912
46209,0.15597531650997537
46210,0.19027711440762035
46211,0.16880162799532125
46212,0.16871745859741058
46213,0.14718144187875248
46214,0.17311918456052655
46215,0.15853149017556764
46216,0.1812697971940249
46217,0.15223339592127388
46218,0.18198081244359382
46219,0.15685479040749034
46220,0.13243071812840213
46221,0.0823922826934521
46222,0.18909663172758912
46223,0.16544713232370226
46224,0.12935193963939962
46225,0.1832990836761454
46226,0.19140368714776393
46227,0.17097758850080685
46228,0.22361734158142552
46229,0.15517349978688708
46230,0.15666181286157424
46231,0.1376499510707352
46232,0.17300811960328738
46233,0.13600331394808657
46234,0.12419169941148311
46235,0.12120317711651107
46236,0.09483936153745504
46237,0.1845892035607729
46238,0.1635629596899268
46239,0.2167853795746274
46240,0.21185542943665583
46241,0.140267230119758
46242,0.1881261879925582
46243,0.14244258270494067
46244,0.18250406449853257
46245,0.1815866548385751
46246,0.1526257105782179
46247,0.12661367682646085
46248,0.17725838503622246
46249,0.19824663353204908
46250,0.15637006276315216
46251,0.13559655477642824
46252,0.18254800200024002
46253,0.23669901172902502
46254,0.10884628583472962
46255,0.16718996257755722
46256,0.12345090397252906
46257,0.18630408592831335
46258,0.14255361259146979
46259,0.10410868606271889
46260,0.14061412225153472
46261,0.1970519914144961
46262,0.11497998743841456
46263,0.14144077187057605
46264,0.16581167627605395
46265,0.13656021689143488
46266,0.1529076950754051
46267,0.147991289536629
46268,0.21301098084340636
46269,0.20864595912989037
46270,0.19232447089154522
46271,0.21555596479778633
46272,0.18479785649933225
46273,0.13114731536152904
46274,0.14916008541869555
46275,0.12422987011933281
46276,0.13962112293438567
46277,0.13205508223540569
46278,0.16501996889823345
46279,0.14625682352656447
46280,0.1788886811063551
46281,0.16621940769891286
46282,0.15799069766635845
46283,0.1908040347974521
46284,0.119116580815279
46285,0.18746241661880247
46286,0.19334244826083208
46287,0.15956288633865587
46288,0.1852189512662057
46289,0.15610489402531297
46290,0.1669815635117434
46291,0.16843654332447358
46292,0.15079581531383435
46293,0.11823392855191131
46294,0.13260964144966064
46295,0.17491006903612522
46296,0.21206850780864733
46297,0.1582060052152829
46298,0.17395488648116986
46299,0.16243046739542716
46300,0.11813587987830887
46301,0.17681586201307017
46302,0.17500757236371134
46303,0.18104461150858667
46304,0.19409849472793436
46305,0.1421436971556613
46306,0.12378150504446349
46307,0.18587668665842516
46308,0.20203941703420142
46309,0.13925468781410721
46310,0.08185915434740097
46311,0.1491854923068769
46312,0.16167215853401204
46313,0.18003231544019932
46314,0.15283679619722806
46315,0.18602082413398924
46316,0.19300224817525297
46317,0.20311451426771937
46318,0.13317391310171314
46319,0.1945569356342744
46320,0.13300006955724508
46321,0.13719015248287736
46322,0.2184853432110718
46323,0.1938904513528397
46324,0.1993996842266213
46325,0.17002324561651594
46326,0.11672178291154289
46327,0.21907365809718005
46328,0.1485717909763807
46329,0.18709120438119456
46330,0.18804086494378344
46331,0.15949001368584928
46332,0.1560919041438015
46333,0.14308313107785608
46334,0.08512727536465584
46335,0.12440849161219353
46336,0.1446516263555191
46337,0.16615877874158033
46338,0.1897750302198013
46339,0.14466457686912237
46340,0.18314874516822113
46341,0.1833611876937503
46342,0.10889275177569605
46343,0.14280768163515767
46344,0.19679934631275586
46345,0.10695307375888585
46346,0.11840648760698896
46347,0.13186149194970392
46348,0.12488437336929395
46349,0.16584281012275165
46350,0.19424508648100497
46351,0.1514701271275089
46352,0.13901187420473166
46353,0.16099863005872514
46354,0.12502121499313687
46355,0.21987157472086283
46356,0.14712894248673897
46357,0.16588795492721553
46358,0.18137356767836718
46359,0.14826062318674477
46360,0.17786996069219072
46361,0.17526421281208124
46362,0.17464184002571312
46363,0.2264629458406826
46364,0.16637595385813533
46365,0.17072895802370655
46366,0.182378199369719
46367,0.1901750623959543
46368,0.17478063744464004
46369,0.1751295214552861
46370,0.1730634406123763
46371,0.1267677834404476
46372,0.1733467561071116
46373,0.1782169317981074
46374,0.16963266585400905
46375,0.1678002172849292
46376,0.12343765927379008
46377,0.14183584220559314
46378,0.1931060413651643
46379,0.15482190242562568
46380,0.23249686731614788
46381,0.13427609046477934
46382,0.19136268837065748
46383,0.15078544955038073
46384,0.16016654456761598
46385,0.18979928497942172
46386,0.17495475217475032
46387,0.14672168404679395
46388,0.19283748035298387
46389,0.13816427933811656
46390,0.13712349674501406
46391,0.1450927912067198
46392,0.15299692110025478
46393,0.15420397779632322
46394,0.17795573892342842
46395,0.16301442646112937
46396,0.11507659840752461
46397,0.15305817895911528
46398,0.24518619618981996
46399,0.18803181076361597
46400,0.1422969307832286
46401,0.18995734904128078
46402,0.13503214765302907
46403,0.15649807069277089
46404,0.165903867488609
46405,0.15141707885186798
46406,0.14262666096304538
46407,0.15368116120632405
46408,0.15336549248338138
46409,0.175711914639684
46410,0.17578448945259095
46411,0.12473235864423554
46412,0.17055953287813427
46413,0.1643592061575152
46414,0.131961027170165
46415,0.15553775084835245
46416,0.1718569237774703
46417,0.15946410901774466
46418,0.12962806471381397
46419,0.11740034606340644
46420,0.1613101449865117
46421,0.19177138281618383
46422,0.23820775786650092
46423,0.18042952901770698
46424,0.1845783183634343
46425,0.1640788350557924
46426,0.19539009370460364
46427,0.16548495873925323
46428,0.19093575622370587
46429,0.08478927060385448
46430,0.16171824578893182
46431,0.18176148911235354
46432,0.20594440437404032
46433,0.16953856702367
46434,0.16366774342566806
46435,0.16740485022503057
46436,0.17213882596347727
46437,0.19896290890954912
46438,0.18499719263808923
46439,0.16662704963878222
46440,0.16723267757994928
46441,0.1770829624227065
46442,0.14774200272706425
46443,0.16789306953802505
46444,0.1608648800524468
46445,0.2071118853246945
46446,0.153510111958012
46447,0.20329771872933924
46448,0.23302692351087156
46449,0.1752477376087786
46450,0.1922620471515356
46451,0.17929260484109255
46452,0.15529793642817083
46453,0.2175222414336735
46454,0.1583422737472506
46455,0.16366332649254955
46456,0.15404508508516981
46457,0.1461143049025577
46458,0.164469914063975
46459,0.1456911451791789
46460,0.16777710081465563
46461,0.1570987077968933
46462,0.18638922543970407
46463,0.14504240007279312
46464,0.19574833378442938
46465,0.20758593813869575
46466,0.1400123662680819
46467,0.11725056708328019
46468,0.20268258752202906
46469,0.13824158550934035
46470,0.16914757829782454
46471,0.1278528983804259
46472,0.21714526657957825
46473,0.15992505814478028
46474,0.17880253374001204
46475,0.16776981835234642
46476,0.21533205452202347
46477,0.19878496320972006
46478,0.1663628895560487
46479,0.12310936595089768
46480,0.19298489043885836
46481,0.0958055252454055
46482,0.17323032544814979
46483,0.14749884639768512
46484,0.22254690476404998
46485,0.1725604710788352
46486,0.16397250004241634
46487,0.1634513876801943
46488,0.19326925116111085
46489,0.1494667119717447
46490,0.16596338947312186
46491,0.22000332791200453
46492,0.09231764500511135
46493,0.17035957918463127
46494,0.1425018412843735
46495,0.1475506411767567
46496,0.20205381961647612
46497,0.1927378785907938
46498,0.16276538654904785
46499,0.21096017492133642
46500,0.16019254225904542
46501,0.19287683217005713
46502,0.1543924900650758
46503,0.14823958605246945
46504,0.13305394291175998
46505,0.1664408892388739
46506,0.2119860728941641
46507,0.1648986318679619
46508,0.21053727302879557
46509,0.16715607793252854
46510,0.16769737384468086
46511,0.19299387952432676
46512,0.18171496619848276
46513,0.2103753402021331
46514,0.13513022964524216
46515,0.1765644134174164
46516,0.1664321830607498
46517,0.18944817735950706
46518,0.16531373449199752
46519,0.1804396944744339
46520,0.15053815957776948
46521,0.20025734717341573
46522,0.19321508462293455
46523,0.13626941530545617
46524,0.15372149704986962
46525,0.14133159112067828
46526,0.1373530985501992
46527,0.1381562657501948
46528,0.19828684165394966
46529,0.17054723128701327
46530,0.22123533202119597
46531,0.20526776713396716
46532,0.1686995546244862
46533,0.17130497013646925
46534,0.13854287128645404
46535,0.2100368631267462
46536,0.21399528435335533
46537,0.2047448908190796
46538,0.24183103417484908
46539,0.1677926426981688
46540,0.1717878793027698
46541,0.16021303860259828
46542,0.1563967691441607
46543,0.1663077580568611
46544,0.15125398068578272
46545,0.19102981112438142
46546,0.2152398131867626
46547,0.22549139038426608
46548,0.18957092106243068
46549,0.17267449225472817
46550,0.15664519468457935
46551,0.1895602111509286
46552,0.18774931062684472
46553,0.19954851997575454
46554,0.15842413128877197
46555,0.14242769485508222
46556,0.15391191360665135
46557,0.17616085438446447
46558,0.12103293167591606
46559,0.18500528240818312
46560,0.2003473299533977
46561,0.1688251989609238
46562,0.1397249968276692
46563,0.18574253679993177
46564,0.15407904166767347
46565,0.15034650901305638
46566,0.19752224091501383
46567,0.2031198907471234
46568,0.12968512650658404
46569,0.1520884805218417
46570,0.1849310204051977
46571,0.19440037006780714
46572,0.21742110396294462
46573,0.19105928166202368
46574,0.18766686791475595
46575,0.1542295755486447
46576,0.16938170755882473
46577,0.14232677313485495
46578,0.15931980096004966
46579,0.18965683743145634
46580,0.17367461160656708
46581,0.14942809312629687
46582,0.17500125244195108
46583,0.15318944543434143
46584,0.1286592715954001
46585,0.14921528461503827
46586,0.24845728160059172
46587,0.1950309348858978
46588,0.17065552508213647
46589,0.14752022108953677
46590,0.15645437679700772
46591,0.11164020233123079
46592,0.20038421303040804
46593,0.17841794246253342
46594,0.20138061270709573
46595,0.1319147002053377
46596,0.15301637438614174
46597,0.15214797600196012
46598,0.19726722956322465
46599,0.21605770109306838
46600,0.13257089879492628
46601,0.21513333792502146
46602,0.21189435461807477
46603,0.1759276022287971
46604,0.23691001652240487
46605,0.16138820227553896
46606,0.21901076511560022
46607,0.21040956820190213
46608,0.20638632698545586
46609,0.17154023130045779
46610,0.1920837735987948
46611,0.18055221473271288
46612,0.13789453683283728
46613,0.1899549094117085
46614,0.2000726750808908
46615,0.1450351271686769
46616,0.20376874545383244
46617,0.1981387924816989
46618,0.18163998532030473
46619,0.17303600875511418
46620,0.17708667508480974
46621,0.1937647651217737
46622,0.23079660590904283
46623,0.17671359706724193
46624,0.21757837364924362
46625,0.17240018747335478
46626,0.19541794890296688
46627,0.14794626192929208
46628,0.13867768571574046
46629,0.16752708542985886
46630,0.1264153528664834
46631,0.18379262902703264
46632,0.2255946879203949
46633,0.19419890232390477
46634,0.1936099990341767
46635,0.24017257900541472
46636,0.19804776658657444
46637,0.13091274152701596
46638,0.20500900515909173
46639,0.20637614436327917
46640,0.20987706712637105
46641,0.22571138245205397
46642,0.14378363158872265
46643,0.16104198222395633
46644,0.187275002485452
46645,0.20084694946381726
46646,0.20667231028394903
46647,0.21919867421647055
46648,0.21199654007582067
46649,0.2341926296502738
46650,0.2015594122497362
46651,0.1815924532764376
46652,0.20206846566647038
46653,0.1880352003285638
46654,0.20346782560634455
46655,0.21702531281281495
46656,0.16197306575316037
46657,0.1801985140030688
46658,0.24141460674934634
46659,0.13404353090615434
46660,0.2353855057207934
46661,0.16593702162625662
46662,0.15325493195242854
46663,0.20731769862170749
46664,0.1685437381751135
46665,0.15281160849329303
46666,0.23292794015619425
46667,0.1475345318417567
46668,0.18657078056857368
46669,0.14477307876476472
46670,0.1868673791086848
46671,0.19584303336070719
46672,0.18909006354503075
46673,0.14536885986751985
46674,0.1554384351272235
46675,0.19668621588136312
46676,0.16841595290162728
46677,0.19561769678845728
46678,0.2079571725295846
46679,0.21603316386051147
46680,0.18187351265851232
46681,0.21066109833744262
46682,0.12564265647230116
46683,0.17162262735015885
46684,0.1873658892427266
46685,0.20368146914464982
46686,0.2248700765509978
46687,0.24075272184025287
46688,0.17606277588097055
46689,0.18356694530258771
46690,0.16698093779174453
46691,0.15481377136053073
46692,0.15934721052696948
46693,0.1809965777584205
46694,0.1726824491419422
46695,0.20201432472925382
46696,0.14947415243673912
46697,0.20555733082557384
46698,0.20837584623510777
46699,0.24715611260931414
46700,0.14655669691302314
46701,0.18241569527938345
46702,0.19938317764609573
46703,0.22282282839708142
46704,0.25593791044741554
46705,0.23669796888513187
46706,0.16355637637494225
46707,0.16339343989200633
46708,0.1942997846881178
46709,0.16896740406804647
46710,0.1257161649510033
46711,0.17822632732957083
46712,0.18073064925997742
46713,0.21937544992387273
46714,0.20315308733280613
46715,0.18762049891128207
46716,0.25983417829202654
46717,0.1915742834077877
46718,0.20202329921535994
46719,0.18163512072591229
46720,0.20714724780075897
46721,0.19069669510003123
46722,0.12866703612514283
46723,0.1968761148474451
46724,0.18636685682593282
46725,0.18820593173110484
46726,0.1917083592319631
46727,0.17956294740450215
46728,0.2225642362911313
46729,0.21999297871893259
46730,0.18325776793902476
46731,0.18121148223524472
46732,0.20917987139860142
46733,0.14962485872292447
46734,0.21896700038843175
46735,0.16757765534954897
46736,0.16346267116027455
46737,0.2169316036192523
46738,0.21164841684786648
46739,0.16615068205283423
46740,0.22027612483928136
46741,0.22870527282946748
46742,0.20692456148120292
46743,0.18069532387483805
46744,0.23929508797391483
46745,0.20432554767529837
46746,0.1671680123927463
46747,0.18503593383955086
46748,0.21796462940245487
46749,0.1849091852267143
46750,0.176904133510378
46751,0.16934710398810546
46752,0.17634081895138998
46753,0.1598114076485616
46754,0.18074467394638452
46755,0.16133780367989972
46756,0.17628308034733936
46757,0.19938401432533356
46758,0.21092654368854827
46759,0.17990624656243911
46760,0.19278692792389188
46761,0.17545673744475468
46762,0.21027458503311425
46763,0.16458862902706523
46764,0.15921504246772275
46765,0.22783010344023336
46766,0.13410057761642064
46767,0.1483284535234455
46768,0.2089148056346109
46769,0.11598651046853686
46770,0.15469293822341929
46771,0.2251784512880199
46772,0.19816929072217754
46773,0.19025398270718558
46774,0.1422847611975169
46775,0.18869827745812168
46776,0.2534229432189567
46777,0.1714690827679322
46778,0.19470299996812987
46779,0.2182427794481888
46780,0.17256623394280132
46781,0.20409645756568287
46782,0.22255807832403054
46783,0.22448641061846694
46784,0.1675191187185579
46785,0.18667562765612844
46786,0.24054786557754207
46787,0.18662330766426882
46788,0.20453246483851695
46789,0.269830443700694
46790,0.1860067000664849
46791,0.21289487221646416
46792,0.17753611286860693
46793,0.17548074516231874
46794,0.13994982156481156
46795,0.1710542515522415
46796,0.14863767862023725
46797,0.16120165370048575
46798,0.20998452402599838
46799,0.17799496000288165
46800,0.1981312361756653
46801,0.2183604909278995
46802,0.14131826248414708
46803,0.16802489123162148
46804,0.21697304715115
46805,0.16459714446088347
46806,0.12145070844570087
46807,0.19465862180416565
46808,0.18326017773088268
46809,0.13021236973626155
46810,0.18368554371814727
46811,0.15776708908587922
46812,0.20942886549415599
46813,0.2061881225178723
46814,0.21861387998126922
46815,0.19013839012508552
46816,0.23656978176737037
46817,0.11714481476981385
46818,0.24014254792581646
46819,0.243082461498888
46820,0.14036712630433096
46821,0.22748207349737365
46822,0.19467673593816093
46823,0.1833391445024563
46824,0.1536504548760272
46825,0.18884961478217394
46826,0.2515161749295644
46827,0.17354758737945578
46828,0.17713311514799082
46829,0.1686741552733148
46830,0.14292625187643232
46831,0.13981237279737257
46832,0.19437002021711597
46833,0.17496301839938147
46834,0.19628323614857035
46835,0.20653566444357216
46836,0.23123267469324968
46837,0.1733964851177789
46838,0.1652228818315404
46839,0.1836073460448664
46840,0.194206288601747
46841,0.1415100168094588
46842,0.16554470429126045
46843,0.1795686205476031
46844,0.20869759044593564
46845,0.18743521590651463
46846,0.16262230597805513
46847,0.21468075531519837
46848,0.18388761688737518
46849,0.19380950525539967
46850,0.15970758810732635
46851,0.1502100968933534
46852,0.21404978670134517
46853,0.19947510913692285
46854,0.19532387549182662
46855,0.17783923037328897
46856,0.15714776825763685
46857,0.17582248777693218
46858,0.19857997980868392
46859,0.15433274929711802
46860,0.213614306796987
46861,0.19255942930360384
46862,0.2094894566628889
46863,0.20357592467654032
46864,0.24154583301885552
46865,0.19851558552475612
46866,0.19881733156066095
46867,0.2088568795372385
46868,0.20775876384975256
46869,0.19373414584233642
46870,0.1974669962795042
46871,0.14350111094696058
46872,0.23588895758336453
46873,0.19836276817306672
46874,0.2696799691601157
46875,0.18841251024204939
46876,0.15622978920547168
46877,0.184603906076718
46878,0.20334769624161236
46879,0.18782018270060824
46880,0.16468604992219216
46881,0.1953166773464248
46882,0.1843832032879264
46883,0.18326950160848923
46884,0.1681943014928155
46885,0.24317546711624718
46886,0.21267910806460355
46887,0.22538577004466281
46888,0.2175693561029837
46889,0.20159698472325693
46890,0.24875724408686284
46891,0.14508881728502507
46892,0.17888040779136363
46893,0.20643792262200555
46894,0.22568630392015887
46895,0.2569150407813243
46896,0.21157711025857898
46897,0.16827981669347403
46898,0.22101218683000662
46899,0.19500128257619473
46900,0.14043951047986036
46901,0.14874690580991612
46902,0.2234921898829702
46903,0.19608609213427325
46904,0.20959130902533166
46905,0.15213389380624237
46906,0.149026697159741
46907,0.22346254080522232
46908,0.1697501457734314
46909,0.2565177807485724
46910,0.18161809720297692
46911,0.19888171521638454
46912,0.2531880419617443
46913,0.17252988919801224
46914,0.1795245605437151
46915,0.1266764039759226
46916,0.22863122463415084
46917,0.20602844726844202
46918,0.18235432274286462
46919,0.19245563223532902
46920,0.2159571882901881
46921,0.1801376021966829
46922,0.21391284095261495
46923,0.22152411541486605
46924,0.17788114366040794
46925,0.21470289088101308
46926,0.2157342138429051
46927,0.21680322404455102
46928,0.15934302649623733
46929,0.22596296261069765
46930,0.17836669962968948
46931,0.19390402502033457
46932,0.20692824590733572
46933,0.2204488951019302
46934,0.2263077857075641
46935,0.1712138085984151
46936,0.18717007218944434
46937,0.2633761853889676
46938,0.21225185679499847
46939,0.21827096528327133
46940,0.23650137001307225
46941,0.16701505188205898
46942,0.21804922169056878
46943,0.25989171348482687
46944,0.2261337421729543
46945,0.17517797760746392
46946,0.1411425682622758
46947,0.1779134472858117
46948,0.2081185400367933
46949,0.1836430641026269
46950,0.23050962863411295
46951,0.1580683658804653
46952,0.1824354219530433
46953,0.20069166379061432
46954,0.17205023740381217
46955,0.23262493877556595
46956,0.15599795765799862
46957,0.20958052467231617
46958,0.20298533791431106
46959,0.17795755918258577
46960,0.18703057963238265
46961,0.16000022023390031
46962,0.17693740966534238
46963,0.1879239346387999
46964,0.22536508766857227
46965,0.13258387070882455
46966,0.21000482087676667
46967,0.15890084051109044
46968,0.2068894797671629
46969,0.17705287453973562
46970,0.1922049556830951
46971,0.16711457889057704
46972,0.20332448029371386
46973,0.20474827308354815
46974,0.19342448927931644
46975,0.2082398407056272
46976,0.19008527742714623
46977,0.1856273889007696
46978,0.14465254670824562
46979,0.2085348291507344
46980,0.1908028188347872
46981,0.21934213245984002
46982,0.21544464357450305
46983,0.18063871888764993
46984,0.19257963266196265
46985,0.16876564254753018
46986,0.21065223581224166
46987,0.21926609897968355
46988,0.1323858546102662
46989,0.20692556388245514
46990,0.1721158968530133
46991,0.15979153687821238
46992,0.1625051715093835
46993,0.18076760707228395
46994,0.2273608839691752
46995,0.20586702287967523
46996,0.2245325531873197
46997,0.18197135496489822
46998,0.20232061841430832
46999,0.1671449269693193
47000,0.2352099111903784
47001,0.1909727357367328
47002,0.2674295115110822
47003,0.24082127984348023
47004,0.22619084861857316
47005,0.19438102621842832
47006,0.21889100804209474
47007,0.18937542724993586
47008,0.12545705311860417
47009,0.12324719938869408
47010,0.1984749603940566
47011,0.17523233596024174
47012,0.18314104207563975
47013,0.23043913087806372
47014,0.22350988417372164
47015,0.16592163556852374
47016,0.22402325437314774
47017,0.21973368129708185
47018,0.2102807678276974
47019,0.1703262964006594
47020,0.19426690299606428
47021,0.1801343699787281
47022,0.23298298497773506
47023,0.17059873494659278
47024,0.19627179074117243
47025,0.22244333715033263
47026,0.2019519894660532
47027,0.1802093874874955
47028,0.22524968324837255
47029,0.23038659944680628
47030,0.17605799522312238
47031,0.2370236831315653
47032,0.1903886336633421
47033,0.1881093853356977
47034,0.15945288563761456
47035,0.16434101996171008
47036,0.2177208521021461
47037,0.24247462373314715
47038,0.17997797105844174
47039,0.22726262234751143
47040,0.0924210563700229
47041,0.18236614359863274
47042,0.14890981686843385
47043,0.1849779825650665
47044,0.21299003393466973
47045,0.18595390996748848
47046,0.20749970004043064
47047,0.22013884086344976
47048,0.18917174397154124
47049,0.20825484862469873
47050,0.1915370018437194
47051,0.20535081012782552
47052,0.16254846241843007
47053,0.21369175531992987
47054,0.22384157264600496
47055,0.20112330693890915
47056,0.2373839337774766
47057,0.1615128948319768
47058,0.20710367409101385
47059,0.24355011684554106
47060,0.22110604504469344
47061,0.21194878583283588
47062,0.22520566389544705
47063,0.21005497746689875
47064,0.20098517544712358
47065,0.1676527916532564
47066,0.20135657967281936
47067,0.19239628069910575
47068,0.1688137534030499
47069,0.1478464298152848
47070,0.16557186934911
47071,0.2104251429013596
47072,0.23294122940905898
47073,0.20890049175795142
47074,0.16129973837058884
47075,0.23262973926685884
47076,0.19019616926618865
47077,0.22442429000401076
47078,0.1961544843382743
47079,0.17301679779026616
47080,0.1887770271651859
47081,0.17345462571429168
47082,0.18908469564410813
47083,0.195773245531562
47084,0.20068339628472553
47085,0.15390379065877557
47086,0.18250460046049588
47087,0.24006050557041803
47088,0.25819034689939574
47089,0.22793597525282927
47090,0.16201970634584476
47091,0.1782758893977046
47092,0.16368858975904096
47093,0.2647300004074675
47094,0.16085939182344264
47095,0.23592564546139203
47096,0.15317380545473666
47097,0.20796577731654864
47098,0.21820497754233456
47099,0.17233811765525459
47100,0.23158209440591063
47101,0.2229004024016971
47102,0.15144172916916043
47103,0.14271850494166674
47104,0.18525664416887067
47105,0.17336986407417307
47106,0.1922314743751219
47107,0.1798072705269517
47108,0.1614119984594016
47109,0.25151738942347435
47110,0.20798433250638704
47111,0.22648985892394724
47112,0.19110810241658951
47113,0.16847076835087424
47114,0.19129573911710657
47115,0.2590873866236782
47116,0.2433070813112615
47117,0.14610766327801628
47118,0.1839694662848687
47119,0.20434977533750479
47120,0.18473691352317165
47121,0.21324762850324835
47122,0.207372409894597
47123,0.1955271041449559
47124,0.2319059289793644
47125,0.1799547879996252
47126,0.19927503828049417
47127,0.22917532646583452
47128,0.19886334595326763
47129,0.2200272701818149
47130,0.2112398213269694
47131,0.18435339410987803
47132,0.23447071077800002
47133,0.10996167907241634
47134,0.2131358032020274
47135,0.18824070270816878
47136,0.21066809386309343
47137,0.19865717474494138
47138,0.21724505926592957
47139,0.2221657824048499
47140,0.251436061605476
47141,0.21798825241456485
47142,0.19237511302109297
47143,0.266371089899345
47144,0.21695702047773213
47145,0.21319864738058086
47146,0.2103632891959442
47147,0.24281670677183553
47148,0.20306887898132167
47149,0.18439397490347945
47150,0.24325292570592244
47151,0.20667009441719164
47152,0.20638909711003317
47153,0.22006638370892834
47154,0.1439072152240484
47155,0.18251352426477516
47156,0.19623629423021977
47157,0.1973041363468704
47158,0.18619887066238724
47159,0.22830398383623832
47160,0.24996058477864397
47161,0.22511584236297938
47162,0.19698144970566112
47163,0.16654487348710417
47164,0.24133500794498253
47165,0.22240514015757526
47166,0.22274424703055087
47167,0.20425884155096544
47168,0.1799047965173718
47169,0.21002930789494287
47170,0.2259096143464901
47171,0.17099168210275695
47172,0.20323954496013943
47173,0.22259663992001075
47174,0.21404201390289496
47175,0.21481339921942366
47176,0.20910124364100136
47177,0.21944029700816242
47178,0.1927778425665299
47179,0.22217549429375408
47180,0.2196369069511975
47181,0.2293030363787827
47182,0.23892171873282475
47183,0.20655700528878665
47184,0.17849499919788092
47185,0.22540205290784063
47186,0.1954601249566538
47187,0.25332263546629763
47188,0.23779735483783626
47189,0.20019973674465036
47190,0.24524337853961523
47191,0.24553796219072227
47192,0.2036383335575278
47193,0.183204883405357
47194,0.20588023965866
47195,0.21635754574010294
47196,0.22630351860160705
47197,0.16647274938197446
47198,0.1815694063681492
47199,0.17885335225990656
47200,0.22662840678204224
47201,0.19631692026667943
47202,0.18671243663682024
47203,0.24717230097077353
47204,0.2045576260139607
47205,0.16169010459362115
47206,0.2866983862189645
47207,0.17406777421382547
47208,0.16946834519378
47209,0.2052066665792336
47210,0.2369123477529582
47211,0.1699849432393416
47212,0.22364763790350234
47213,0.24063477339992892
47214,0.2358438992645477
47215,0.21582258748299998
47216,0.24988863938133252
47217,0.22790429151473862
47218,0.2131180760239432
47219,0.2445243252523779
47220,0.22433046618739835
47221,0.22244231861577443
47222,0.21127875606724383
47223,0.25531296415050253
47224,0.20307252410688162
47225,0.2263226688704141
47226,0.16038016228888788
47227,0.20169327050643662
47228,0.19385952149682265
47229,0.17270098729212965
47230,0.17033192309773137
47231,0.18453521621835473
47232,0.20595103932764333
47233,0.1975985876410622
47234,0.2545166380824684
47235,0.15905549487343193
47236,0.24089435769333045
47237,0.20552938732019188
47238,0.25455549682633066
47239,0.24630903727143078
47240,0.24139340131175002
47241,0.20047166615339493
47242,0.22316149043206576
47243,0.24814068075666756
47244,0.23249669908377762
47245,0.211282287358598
47246,0.18278262572571152
47247,0.24432604204142783
47248,0.17151210410820517
47249,0.18429046337003824
47250,0.21608961973707908
47251,0.2067113806642488
47252,0.20675642953120738
47253,0.24377253931771178
47254,0.2090740449476525
47255,0.22074649495341317
47256,0.16801873312927376
47257,0.19875291436571
47258,0.2654560392232467
47259,0.19427917578137965
47260,0.20992691946404182
47261,0.17767144168183674
47262,0.19847812853264182
47263,0.20341275721040478
47264,0.20783590765755025
47265,0.20618481724306348
47266,0.19368523023322815
47267,0.2062375421003875
47268,0.20777934933346898
47269,0.21605625985677465
47270,0.20203630520715105
47271,0.2522984257515818
47272,0.18087189963379113
47273,0.2046395072032023
47274,0.25074686480584873
47275,0.14708547055642676
47276,0.1784365899431266
47277,0.277384098851821
47278,0.15982459994981935
47279,0.22729130315192986
47280,0.19544155757576864
47281,0.2221094451644307
47282,0.18563219745359597
47283,0.1925558021711833
47284,0.1554211705928037
47285,0.19937322568346405
47286,0.19588492291832546
47287,0.26676983966300977
47288,0.177674547794089
47289,0.209067339404719
47290,0.1741065987405787
47291,0.2823709436838163
47292,0.20168588744437171
47293,0.2157509270784959
47294,0.21976389816188707
47295,0.1678800329705144
47296,0.21188609094809227
47297,0.2452947407670097
47298,0.2695277279866757
47299,0.2344090157455064
47300,0.24568574553939693
47301,0.22168182789053326
47302,0.19026143945166635
47303,0.22604215664208197
47304,0.19727563564534326
47305,0.23314175382147262
47306,0.1976833388510421
47307,0.29667105694478413
47308,0.2314917655895845
47309,0.20606592212046118
47310,0.20637160484728106
47311,0.20255804690920584
47312,0.19269767719437073
47313,0.18386862559434825
47314,0.22646855553795237
47315,0.232215137633636
47316,0.20501164459734111
47317,0.1950561137290881
47318,0.25530653449811
47319,0.23382435897199105
47320,0.25072578359770215
47321,0.2146820998256176
47322,0.2261150378173729
47323,0.16857393691273473
47324,0.2116048818970224
47325,0.2477525681199176
47326,0.25255576873938523
47327,0.19456594305216957
47328,0.2543033058729325
47329,0.2507427740610618
47330,0.1728728284210739
47331,0.21896021171968647
47332,0.2102472502468316
47333,0.19484751638642167
47334,0.17290981576700376
47335,0.2810858166926411
47336,0.25608864923387914
47337,0.20669426041291689
47338,0.22537808146613214
47339,0.15686434472182778
47340,0.20179851902752882
47341,0.2529928262367596
47342,0.23250694486978601
47343,0.19444303804795832
47344,0.24182114762980242
47345,0.1811012854247907
47346,0.1877831308249191
47347,0.20529907953629362
47348,0.18917970444788906
47349,0.20661697776083693
47350,0.21802555608722718
47351,0.2236856157799161
47352,0.2069625100557695
47353,0.18981256938590382
47354,0.19993543639402206
47355,0.1669680485525845
47356,0.23517470721640804
47357,0.2066223299235129
47358,0.15839895278732471
47359,0.23010046617489954
47360,0.2720412680142213
47361,0.2166004764007287
47362,0.1690700316946731
47363,0.24532564804361123
47364,0.2184177408922042
47365,0.26409536622047236
47366,0.20457644396846905
47367,0.18207293900773958
47368,0.20679855935749833
47369,0.22903884170004274
47370,0.18197412784351388
47371,0.2521341396983123
47372,0.1838140223883452
47373,0.232263501642046
47374,0.21996615120892538
47375,0.19964262441982
47376,0.23620102375811622
47377,0.18037870170655587
47378,0.21519524908866886
47379,0.1904253916132653
47380,0.22430635500258453
47381,0.1590728794361723
47382,0.16487499551446924
47383,0.24464810262906284
47384,0.20454514757274503
47385,0.2269780878970334
47386,0.21433619443998403
47387,0.20723038128178617
47388,0.229255338628644
47389,0.17974707591329805
47390,0.19631912046328442
47391,0.2349834774366828
47392,0.2538726509321762
47393,0.2148442065456351
47394,0.20539447031171043
47395,0.24253287289681805
47396,0.22246905016962507
47397,0.22871355136396868
47398,0.2013775159073448
47399,0.16325100499475972
47400,0.2627611204290251
47401,0.1749222209475334
47402,0.18757046663908136
47403,0.20668727670176543
47404,0.2573891233605147
47405,0.2117606739396189
47406,0.2989934418927457
47407,0.24046257382628974
47408,0.225809344020603
47409,0.21536080184268072
47410,0.21038691957421007
47411,0.23858474514979666
47412,0.213792839695745
47413,0.20563861511188053
47414,0.24731400961463992
47415,0.23177553948053506
47416,0.20749459232411288
47417,0.21137819399977922
47418,0.22931800941418948
47419,0.19930762609904928
47420,0.2516996969783087
47421,0.27893790730539003
47422,0.18542572438005506
47423,0.1975422653390284
47424,0.2417448280010926
47425,0.24272771068477225
47426,0.1863705039276843
47427,0.2515193716783649
47428,0.21158226946486702
47429,0.21379825736738006
47430,0.17105474577098165
47431,0.23734380664835222
47432,0.21174787228994815
47433,0.22190573814108874
47434,0.2508650673990266
47435,0.2543286534063488
47436,0.22630781077501935
47437,0.24567045856418845
47438,0.1963284617469691
47439,0.2596178520150941
47440,0.14331672021882558
47441,0.17283649459507833
47442,0.16837124759163888
47443,0.2041511637176523
47444,0.2415148779417019
47445,0.1985734319906603
47446,0.20091748347556784
47447,0.2954550791201433
47448,0.22203322924711572
47449,0.22287217038121368
47450,0.23367452200973082
47451,0.23018834273960143
47452,0.22316478758358252
47453,0.2569339889442977
47454,0.24408599338191567
47455,0.24415601706587817
47456,0.14445698895460288
47457,0.19418562161489442
47458,0.22929308080572772
47459,0.16439609146860545
47460,0.2154679153415301
47461,0.25645008284578524
47462,0.21604028703572825
47463,0.21323208330627091
47464,0.20962772988849082
47465,0.20896933893701808
47466,0.16392204732541618
47467,0.224457617259238
47468,0.1854357443856924
47469,0.22354865665648807
47470,0.18493475112407645
47471,0.2048402888790507
47472,0.2508391596727957
47473,0.20675038324611614
47474,0.228896248604939
47475,0.2337500441639106
47476,0.21657300613871674
47477,0.17294314888097262
47478,0.23011913113557375
47479,0.2421082975694953
47480,0.1875361630007329
47481,0.2778624508074674
47482,0.24016788639906275
47483,0.19047618112908363
47484,0.17195537297987157
47485,0.2183805906338994
47486,0.22389298673866562
47487,0.18299420043462178
47488,0.23543450507658759
47489,0.20182557678477658
47490,0.21444068980679964
47491,0.21781457370963575
47492,0.26476304813567464
47493,0.25005739398659366
47494,0.20839958465221373
47495,0.1596502117522503
47496,0.22765569379261824
47497,0.20619304170252853
47498,0.23087451220244792
47499,0.18316879515943166
47500,0.1823637429145979
47501,0.25921403749492533
47502,0.19548972470331322
47503,0.21678213434605317
47504,0.2683356666206004
47505,0.24335551611425657
47506,0.23798331396658512
47507,0.22778270842119666
47508,0.1966239059363389
47509,0.19702572379514463
47510,0.2945272662451629
47511,0.1795758846042727
47512,0.22183008609816895
47513,0.2884481166948297
47514,0.22283907835370506
47515,0.20579285977702122
47516,0.15455171343327162
47517,0.22722817903840797
47518,0.26505638775598667
47519,0.2577971781733112
47520,0.27323499384880373
47521,0.229242495883977
47522,0.2081592231989147
47523,0.17041980647851906
47524,0.257723241151648
47525,0.2306594368027718
47526,0.20005949509401122
47527,0.197639599107425
47528,0.20795922969420447
47529,0.22091801829914054
47530,0.2325745761482021
47531,0.22593688918607305
47532,0.18945048253206548
47533,0.23287973864553427
47534,0.18660331582729917
47535,0.16699012062532836
47536,0.24575962707893276
47537,0.2138271302116234
47538,0.18126008562737694
47539,0.2076593697866542
47540,0.1890456554299367
47541,0.19326181103926934
47542,0.24852654388766726
47543,0.27432563270664334
47544,0.20452356094658322
47545,0.2564732185652471
47546,0.2061732417879313
47547,0.27439186411937844
47548,0.14211668276234318
47549,0.2732629961473011
47550,0.20735327858563607
47551,0.2597797234101812
47552,0.19998970192015683
47553,0.20579045893315343
47554,0.19180178043779322
47555,0.2189989592661775
47556,0.2276737984835748
47557,0.18402895055556234
47558,0.25321897135051435
47559,0.2462817385872566
47560,0.21515246269494517
47561,0.26125856354227506
47562,0.20240433513551803
47563,0.19497419835303714
47564,0.20619198123224147
47565,0.26021389011506574
47566,0.238983701362225
47567,0.23142870509912164
47568,0.24650082579480562
47569,0.2085632903376159
47570,0.22436988140801914
47571,0.20535898870397895
47572,0.20618142038888276
47573,0.2685587966574872
47574,0.24097540509891766
47575,0.21661298023111156
47576,0.2808951415144213
47577,0.2226194356107046
47578,0.19507163960037352
47579,0.23101741291919006
47580,0.2184650276650268
47581,0.21279436339721905
47582,0.22350622047598526
47583,0.2312710775456679
47584,0.1832570166373796
47585,0.2038546395621293
47586,0.21766808642252575
47587,0.24002386764459907
47588,0.2688382938708265
47589,0.27613041722907455
47590,0.20308614963079577
47591,0.2136467372216327
47592,0.19167321018410086
47593,0.1983693044059254
47594,0.2536600025948277
47595,0.2547253894326353
47596,0.27965166447320355
47597,0.22198098550975115
47598,0.25462651622454446
47599,0.1868325695901406
47600,0.23878992425183018
47601,0.25977757913698984
47602,0.21260989154541154
47603,0.19673924947733148
47604,0.3056227262275769
47605,0.19581301124753447
47606,0.15440620294769086
47607,0.23042038192642506
47608,0.26797050366703895
47609,0.2579420167445064
47610,0.19154578798673688
47611,0.17945787123901302
47612,0.24773628640921175
47613,0.22507584405361056
47614,0.22918083263945668
47615,0.21506707976207465
47616,0.2451432449939947
47617,0.2514292095073195
47618,0.2629238916507707
47619,0.2670565321987537
47620,0.26072600447759414
47621,0.22581607653904734
47622,0.253307516791764
47623,0.21692353246259424
47624,0.1914604578831121
47625,0.21171226464580817
47626,0.23782361198850893
47627,0.25627925023464376
47628,0.21828434645793998
47629,0.21222055753018418
47630,0.2394086920597637
47631,0.33288896421244374
47632,0.22660876427376453
47633,0.24135518244664966
47634,0.27501643262742925
47635,0.2645430321104139
47636,0.20760432447977564
47637,0.2064657668043881
47638,0.24207191237248152
47639,0.19210593029333406
47640,0.28333070295674634
47641,0.20326442991162197
47642,0.1897825606479392
47643,0.1546147505116902
47644,0.20303231097155486
47645,0.27546777612308426
47646,0.27485248632148906
47647,0.19027067115032759
47648,0.22161818929078075
47649,0.2685141407765703
47650,0.22648912493060974
47651,0.2157621737649485
47652,0.1830924235296758
47653,0.2353775054030211
47654,0.21923902694223893
47655,0.16196232077140976
47656,0.27393332226421263
47657,0.1797144339778209
47658,0.20227852064988835
47659,0.3025846844668487
47660,0.22200558813942772
47661,0.18325418064944426
47662,0.2575853720601974
47663,0.21648736262393486
47664,0.22087805085778348
47665,0.22975430793858406
47666,0.24100150045823585
47667,0.2370584875701057
47668,0.16728412771848494
47669,0.24989465633305535
47670,0.25727729531332033
47671,0.21246054456662128
47672,0.23193881819884996
47673,0.25827074599199024
47674,0.22678175912764814
47675,0.15609254105614154
47676,0.2315649079607906
47677,0.22443470842970092
47678,0.26900203301913733
47679,0.22541249013680187
47680,0.238857259102447
47681,0.2334116537945734
47682,0.19530912268693662
47683,0.243152732472723
47684,0.22613847392021152
47685,0.24226745696365865
47686,0.22670209748540857
47687,0.26506030542245385
47688,0.18750100945718495
47689,0.264941411145508
47690,0.3100515867797766
47691,0.27665474554181657
47692,0.21400080054953588
47693,0.23611392328552314
47694,0.27801582343896747
47695,0.18939545965883955
47696,0.23646736512356456
47697,0.24627168812799677
47698,0.20115584862121955
47699,0.21673980932614176
47700,0.20823992853970796
47701,0.23243664220465263
47702,0.2184409581257386
47703,0.2469784024403954
47704,0.23808232298300328
47705,0.2606972450128999
47706,0.29924671887069515
47707,0.17234739007565628
47708,0.2375318849438862
47709,0.16118371992091274
47710,0.1930670180651347
47711,0.2025579364055556
47712,0.21249479927711698
47713,0.24491420237856404
47714,0.23574287045062306
47715,0.20111684113968478
47716,0.20893956427598584
47717,0.24672251960521727
47718,0.2707570028744532
47719,0.20502833689517672
47720,0.25333232110755954
47721,0.2313351658978786
47722,0.22609705113186238
47723,0.2892622252800886
47724,0.22907223530775503
47725,0.26003208224653945
47726,0.29016523926439824
47727,0.25503141430628273
47728,0.28089087685684067
47729,0.2297582713984996
47730,0.2349055311072973
47731,0.2421387910235792
47732,0.20658575224706235
47733,0.2479858582924424
47734,0.24129343386162838
47735,0.2668755528707014
47736,0.24634345583281167
47737,0.15332618306236967
47738,0.23290717315458803
47739,0.22468307036767346
47740,0.20625655316566135
47741,0.2675800548175561
47742,0.2110602301935526
47743,0.22491292844154512
47744,0.19471882521608153
47745,0.25009240396481336
47746,0.20694985645829056
47747,0.22206389721577346
47748,0.1928314065061909
47749,0.2626547236085053
47750,0.2431917140804448
47751,0.25407552384223603
47752,0.2787981025779232
47753,0.24275407843802405
47754,0.2147513473884297
47755,0.2868313992100525
47756,0.2288801134762126
47757,0.2437661476654496
47758,0.25696641149634786
47759,0.3244538331606681
47760,0.1677061649906014
47761,0.21828532747417
47762,0.2835654976772293
47763,0.19794516690296995
47764,0.19724320640230858
47765,0.2236083002850268
47766,0.1822063701260408
47767,0.21233414458872624
47768,0.21716822807192754
47769,0.2160816746929554
47770,0.21522126230724728
47771,0.21628085422679483
47772,0.23251897829546755
47773,0.24061244984886956
47774,0.23548343958491982
47775,0.27916432837828253
47776,0.21815867053781435
47777,0.19108322883879134
47778,0.21993212930673614
47779,0.2028856705805309
47780,0.31277188925488353
47781,0.2595072001703842
47782,0.18931730507974043
47783,0.24730251611870527
47784,0.23047232980989923
47785,0.22826524872577478
47786,0.24207661667251598
47787,0.3094236392040998
47788,0.235377514901998
47789,0.2050816271815168
47790,0.2156756726775627
47791,0.2536504883082336
47792,0.2063953964448106
47793,0.2364341985980716
47794,0.27459964775057466
47795,0.30091926375708344
47796,0.24856798262739582
47797,0.22971372461136103
47798,0.2742615756944186
47799,0.2131679375943824
47800,0.2554321106588587
47801,0.19881623803532641
47802,0.25513874088315225
47803,0.25359177097762586
47804,0.2157637786724767
47805,0.24914273323026542
47806,0.26896865986266816
47807,0.23522218489326369
47808,0.22165053397800863
47809,0.19040209568193447
47810,0.2203701169431409
47811,0.254415542840435
47812,0.2063016643086697
47813,0.21803586177110634
47814,0.21561245267928658
47815,0.2172696775900526
47816,0.21827587879415217
47817,0.23533501133038714
47818,0.1767929231561146
47819,0.22138814828434838
47820,0.2015565985903393
47821,0.18004070066151942
47822,0.28126738268281587
47823,0.21097858651366386
47824,0.2231662007693695
47825,0.215965118802435
47826,0.2475965250412813
47827,0.26154797972922533
47828,0.23913856050535226
47829,0.23215360859527365
47830,0.2611977433658942
47831,0.2581935544370319
47832,0.21243128929168772
47833,0.2648255636334701
47834,0.22900016868546175
47835,0.21933655272909167
47836,0.2539819884628678
47837,0.2109188660527765
47838,0.23623522045741774
47839,0.2509231344633154
47840,0.24944748622002166
47841,0.21921372780882528
47842,0.2379132696972103
47843,0.24787249745958387
47844,0.2020730164526671
47845,0.275099712298237
47846,0.2396964453088277
47847,0.18577723739239274
47848,0.2208020433685701
47849,0.26194172582063996
47850,0.20693374362181235
47851,0.21751717139454876
47852,0.24252493551491155
47853,0.24017867373741691
47854,0.25411772167675944
47855,0.2842207860049937
47856,0.2573943298345721
47857,0.21774261079723758
47858,0.21683390447374015
47859,0.2624745883525131
47860,0.27087106861356003
47861,0.19256785698645096
47862,0.20975477125118427
47863,0.2553393079571904
47864,0.19604279698202398
47865,0.21160204831029275
47866,0.21044031529053572
47867,0.24764784050455374
47868,0.2154968670551342
47869,0.22043603293122965
47870,0.23552872140115907
47871,0.16723369561848928
47872,0.18342540305548513
47873,0.25275965001192296
47874,0.27471450552580606
47875,0.22424475172896374
47876,0.2573144231244265
47877,0.2861226172139999
47878,0.3032762964986573
47879,0.27013738314310703
47880,0.23115184129018795
47881,0.23945232188220603
47882,0.28156760188633295
47883,0.234435227799436
47884,0.273393335898917
47885,0.19423798080542726
47886,0.19963130030279544
47887,0.2482447647787637
47888,0.24373622151002475
47889,0.19692199106428349
47890,0.22899573149698182
47891,0.2419284930372987
47892,0.2213018178534757
47893,0.24584280409574985
47894,0.2279627638992993
47895,0.24233179691111426
47896,0.26380437796498357
47897,0.2767880401090302
47898,0.18802514416078403
47899,0.24340083163509232
47900,0.2831618073775088
47901,0.19111412523858876
47902,0.2440372088561433
47903,0.2406871827417599
47904,0.25685556729944276
47905,0.24525970236442846
47906,0.27049126771136267
47907,0.2900588399770419
47908,0.2284082081810435
47909,0.24858099400199643
47910,0.21757051291389473
47911,0.21626601087652014
47912,0.25741000516673757
47913,0.1933602414897252
47914,0.24808404574534337
47915,0.26725771194407877
47916,0.24274884411421052
47917,0.2868375217837601
47918,0.2576745635450422
47919,0.30281359771351657
47920,0.21058114862201724
47921,0.2540473791796941
47922,0.24790095175538948
47923,0.300628865098029
47924,0.21940407676222595
47925,0.21641405741707564
47926,0.21586681121930965
47927,0.20902440873126846
47928,0.24417808123331178
47929,0.30143283808837706
47930,0.2095969099983473
47931,0.2615064054468246
47932,0.26733787255413605
47933,0.2265139225070781
47934,0.243399527730064
47935,0.22844456531773627
47936,0.21482755329408718
47937,0.26836955115697064
47938,0.2611252285476831
47939,0.2521883645611677
47940,0.24862518047532442
47941,0.36306481365550897
47942,0.25473941769101693
47943,0.24992037452190172
47944,0.23625685652620226
47945,0.23398647774263573
47946,0.21928846011805625
47947,0.24491382998492164
47948,0.2573757942880079
47949,0.2240876854773229
47950,0.23507452838971213
47951,0.2771250860156846
47952,0.22817715272727448
47953,0.23800210027092772
47954,0.30838673174162673
47955,0.2205128068436026
47956,0.21429871392277505
47957,0.1411229563460095
47958,0.23820392057698303
47959,0.23616100710085192
47960,0.23590740939644259
47961,0.24388872854920715
47962,0.21832114143633619
47963,0.24691310121305216
47964,0.27261796395409
47965,0.25680132757469293
47966,0.255716684507362
47967,0.2151076944100602
47968,0.28874439705642685
47969,0.24160108477408399
47970,0.27227755043243695
47971,0.2326139969164993
47972,0.26264441174583125
47973,0.24447566890432124
47974,0.2894369415670241
47975,0.2811080332647384
47976,0.23738964089877534
47977,0.23038934346188458
47978,0.26081422184899644
47979,0.23070824104893373
47980,0.23520804892844424
47981,0.2128537856898259
47982,0.24703568897911632
47983,0.20248158409118944
47984,0.2840490974483171
47985,0.2594945259272217
47986,0.23853549199608806
47987,0.21057121130031148
47988,0.25104638327976536
47989,0.20417346732942382
47990,0.2821243926777421
47991,0.27538642118851586
47992,0.22882286994727385
47993,0.16715512005900948
47994,0.22380683035220642
47995,0.24462797195142913
47996,0.26527558393747935
47997,0.2416792022483923
47998,0.2278920210378688
47999,0.2243471942115804
48000,0.2553159304097288
48001,0.2328547155627121
48002,0.2933170430186826
48003,0.20751235066562934
48004,0.1854618925295891
48005,0.30482360632016625
48006,0.22556480070275653
48007,0.2454081105269852
48008,0.2621144989582988
48009,0.2798821833566497
48010,0.2598177248169766
48011,0.27181254092600704
48012,0.1905730335763543
48013,0.23942073766888572
48014,0.22419604054208292
48015,0.20167689945660586
48016,0.22497511945457066
48017,0.19926876439627106
48018,0.25666773669190396
48019,0.2186028378106747
48020,0.26560818358384203
48021,0.21650484711379991
48022,0.20459134575128315
48023,0.2436326331585479
48024,0.203453918792478
48025,0.26814131932818197
48026,0.23085411239332262
48027,0.24246327521060093
48028,0.24998680364482637
48029,0.20845454914035155
48030,0.2534023551302328
48031,0.19441125448804542
48032,0.26888389523680384
48033,0.20633253684908226
48034,0.2431585603769802
48035,0.2293669032955442
48036,0.25162915019167104
48037,0.23437650751053354
48038,0.2679644853240804
48039,0.29268451455101596
48040,0.21173818107007275
48041,0.24632173262141863
48042,0.2773355323339658
48043,0.277192782407939
48044,0.2367569314142858
48045,0.24458332744837577
48046,0.21990631424094317
48047,0.2657536694778582
48048,0.23378363124806947
48049,0.27864335775282706
48050,0.2357563198256786
48051,0.26511833738786095
48052,0.26669664156693035
48053,0.27055559080637603
48054,0.24706008163707657
48055,0.24883646738694312
48056,0.25087394721576317
48057,0.2959580774048513
48058,0.22827448770154252
48059,0.2471793044018647
48060,0.21897941934329201
48061,0.23373221014436643
48062,0.21100566723695557
48063,0.31534458108664476
48064,0.2752229750402172
48065,0.22628801436031684
48066,0.23837863544403579
48067,0.2184130470533524
48068,0.23958045169135145
48069,0.2819594962153494
48070,0.2609492760338182
48071,0.23673349839293373
48072,0.2474550832102345
48073,0.2541426312926146
48074,0.2611697903587433
48075,0.2500104212242959
48076,0.2577139514817883
48077,0.26855876049700994
48078,0.19073343193285222
48079,0.22372294401162893
48080,0.2748656388869598
48081,0.23842413763320797
48082,0.2415453622169979
48083,0.24630000117423612
48084,0.25644010617674673
48085,0.19969182292009227
48086,0.25063228252241926
48087,0.2724306434864758
48088,0.28578696960361943
48089,0.26742981151015727
48090,0.25760282603102125
48091,0.21710146065112557
48092,0.29099046441826276
48093,0.27797766438388055
48094,0.21144098962142005
48095,0.2627441853217411
48096,0.23258200022905956
48097,0.22923471252022198
48098,0.19650976084161245
48099,0.2573810430268268
48100,0.24775924575204142
48101,0.21472958361427197
48102,0.2791397763253444
48103,0.2870860755610313
48104,0.24208646375252837
48105,0.23592060504664025
48106,0.2498122206385381
48107,0.25771283623595675
48108,0.2613030094155201
48109,0.22529309522148333
48110,0.22756479296983342
48111,0.25987555371714105
48112,0.2947581251304205
48113,0.23393772480300737
48114,0.21241928553534487
48115,0.3446573067531199
48116,0.234837803544801
48117,0.22392919308896791
48118,0.24285188226558224
48119,0.24562757298375815
48120,0.2999958494589574
48121,0.22451546303437042
48122,0.24662369018431157
48123,0.23576827645165851
48124,0.291305565205042
48125,0.24227362703114236
48126,0.24448351477113395
48127,0.2507587399613841
48128,0.22419138665035754
48129,0.30788866787173275
48130,0.3189933352781483
48131,0.29453813318638533
48132,0.25588265464436405
48133,0.19810006153273632
48134,0.28137177683018405
48135,0.2343889796739141
48136,0.2544068428219538
48137,0.2964356577533287
48138,0.24631367187529773
48139,0.280804617673765
48140,0.2999607988552929
48141,0.23316235442336736
48142,0.19908556294393703
48143,0.24186995952014953
48144,0.24203496733367225
48145,0.22258317032472635
48146,0.26718200795786745
48147,0.2182288163215112
48148,0.22053689095346402
48149,0.2466341791689531
48150,0.2234055707470678
48151,0.2783741657235803
48152,0.240728860840161
48153,0.25749423819655565
48154,0.21396706917256866
48155,0.21907343062862134
48156,0.24260150178783044
48157,0.2777348040076272
48158,0.2732968301183376
48159,0.2055780393040029
48160,0.26556490176486774
48161,0.275012785907235
48162,0.22742372874742656
48163,0.21723464853299973
48164,0.2587297106984257
48165,0.27108864242910513
48166,0.19450654253791702
48167,0.23062830072298318
48168,0.26580166423412016
48169,0.17684892867056107
48170,0.26226380292632717
48171,0.23750569998144294
48172,0.22859305826021534
48173,0.288457757303779
48174,0.2662421195057673
48175,0.25364522115341565
48176,0.2840591116879789
48177,0.2561456318633662
48178,0.2598580016672064
48179,0.23113860141605488
48180,0.2984461171173253
48181,0.25167298364597
48182,0.2398909547031552
48183,0.2866891131868596
48184,0.27067455025582554
48185,0.2656969642585959
48186,0.2675747266905363
48187,0.24076699154633313
48188,0.20846791793934177
48189,0.25164199053175756
48190,0.2622823418399533
48191,0.28923557459220894
48192,0.29057725977663834
48193,0.24648603129793809
48194,0.24180790953524967
48195,0.21196539833519973
48196,0.20627548079048996
48197,0.24382304936621957
48198,0.30655996593426116
48199,0.25170562270440866
48200,0.24140468629856213
48201,0.2947902680563647
48202,0.24813857533155642
48203,0.1727338365394446
48204,0.24065377499879842
48205,0.29338088154263364
48206,0.2127768169004663
48207,0.24123781234204758
48208,0.21637231649088212
48209,0.23846687208870745
48210,0.2529604079134983
48211,0.27252348728798514
48212,0.22182774121860568
48213,0.26663898972024747
48214,0.24651732691893513
48215,0.2807594223860506
48216,0.28388407906674024
48217,0.2581469708561782
48218,0.26098222443517766
48219,0.23169240647390854
48220,0.3057563416837681
48221,0.25267058610181636
48222,0.25383062279905066
48223,0.2442333117469444
48224,0.2262303041867797
48225,0.27437162514020735
48226,0.28038965066640026
48227,0.30040121556996785
48228,0.2203382459875114
48229,0.23570948565748473
48230,0.20751613247696285
48231,0.21632866903669876
48232,0.259228672894116
48233,0.2638491798940611
48234,0.18542619545249311
48235,0.23235617769825845
48236,0.2699668854283249
48237,0.24330509179507406
48238,0.217541799289852
48239,0.2890003643187407
48240,0.2474690478426254
48241,0.3173404834855828
48242,0.21376142499062556
48243,0.2428711679524562
48244,0.2640996737073213
48245,0.24981531907860613
48246,0.21879985017704573
48247,0.28243013008790846
48248,0.24110168188861442
48249,0.24546868758463974
48250,0.24590134836602562
48251,0.26935822268313786
48252,0.2539698927897123
48253,0.2769413829103242
48254,0.19550425449513759
48255,0.2655714135625982
48256,0.19895231166277727
48257,0.2323771240861621
48258,0.26950727148870063
48259,0.2681842860227293
48260,0.24865113864765084
48261,0.31774565811657374
48262,0.22393528537172366
48263,0.250429725803105
48264,0.29377781578083045
48265,0.26221881307065564
48266,0.24230476745115245
48267,0.2560745236807518
48268,0.23035307102047164
48269,0.197246880465801
48270,0.2755230685746297
48271,0.174299019758039
48272,0.24778117847189512
48273,0.23201002610382881
48274,0.2767912241279766
48275,0.2749454432855833
48276,0.27383070772404056
48277,0.24913840245375998
48278,0.2923032744271792
48279,0.27723926653015546
48280,0.31003136024033945
48281,0.26303453724762865
48282,0.26109328758733946
48283,0.2666952328571675
48284,0.25620200006269767
48285,0.27361796028219165
48286,0.27812023367884914
48287,0.23346251322605785
48288,0.266809843276453
48289,0.26153740795130254
48290,0.282083663272481
48291,0.2975198131240508
48292,0.28020555744417674
48293,0.24481228275866196
48294,0.26495394132775046
48295,0.2661288183026047
48296,0.289962668855289
48297,0.2495117958556752
48298,0.2531531947686135
48299,0.23607510569870713
48300,0.21166763445476416
48301,0.2402774758801518
48302,0.2760514246249046
48303,0.26447524360471164
48304,0.21335255184488794
48305,0.28328517935315584
48306,0.2920774216029797
48307,0.24599446291783617
48308,0.2029590070417902
48309,0.2244013511254905
48310,0.24272654329486304
48311,0.2638085123683107
48312,0.27937716251923583
48313,0.3105656464860392
48314,0.22864381249769994
48315,0.2868149089759103
48316,0.2743046994885938
48317,0.24522854978695652
48318,0.2695101544643734
48319,0.24477289912563738
48320,0.28658437785822727
48321,0.28636906886713476
48322,0.2973699790080835
48323,0.2657872443932813
48324,0.23855165910274026
48325,0.2632594640058961
48326,0.30242824025096005
48327,0.2511627717965571
48328,0.24122685721159817
48329,0.2597868961457752
48330,0.2625548130228878
48331,0.24928738417580568
48332,0.25336263356459565
48333,0.2525182599097896
48334,0.2510013921631599
48335,0.2732046366310626
48336,0.2616400644481261
48337,0.23931634344957678
48338,0.2386613210020731
48339,0.23754960150001705
48340,0.2206858947860293
48341,0.27401195740787204
48342,0.2821425373343715
48343,0.2841438941666039
48344,0.29221878188037487
48345,0.35544093450050124
48346,0.2894591564520946
48347,0.2239840417300327
48348,0.27885358782122305
48349,0.1990010270622106
48350,0.2343686420939382
48351,0.25080136392583596
48352,0.2749099270453211
48353,0.35250244746950105
48354,0.2917406490476867
48355,0.22324301179198508
48356,0.2599970370200817
48357,0.2299838582907273
48358,0.23223800920473103
48359,0.25038484282838996
48360,0.25447558042323665
48361,0.2959569215648456
48362,0.22105780504015268
48363,0.2787203791298187
48364,0.25215376957748675
48365,0.2757698105468284
48366,0.31258680454758925
48367,0.3036408449012754
48368,0.1936152640504852
48369,0.25501416925297304
48370,0.2836652152427472
48371,0.27093648595860786
48372,0.2678636412895882
48373,0.20533519734375522
48374,0.2411624410234733
48375,0.23665918924794668
48376,0.31785947328989494
48377,0.3331143466942224
48378,0.23057868333086357
48379,0.2846663235716762
48380,0.23694457729925422
48381,0.2835639408413895
48382,0.26429396232263314
48383,0.26567113872094095
48384,0.2459135534012855
48385,0.24804394138533536
48386,0.3095929025449935
48387,0.2928620641549241
48388,0.26982182978810093
48389,0.2591810425912516
48390,0.22351497794616304
48391,0.2814276885374773
48392,0.22967285255598785
48393,0.26170430180780513
48394,0.271859911687215
48395,0.27869029399845174
48396,0.25815267069971976
48397,0.23928961888170108
48398,0.3258412652368426
48399,0.2769424689528376
48400,0.26423470183586706
48401,0.27469614050563834
48402,0.18160108064764358
48403,0.27466373734384203
48404,0.2251067669239425
48405,0.2699907192399821
48406,0.25415544258244666
48407,0.24412812712887008
48408,0.2900372355893432
48409,0.2524941447066711
48410,0.224484148792146
48411,0.2811014130280869
48412,0.31389125614648294
48413,0.26444925353040105
48414,0.2816672746101472
48415,0.24888976300928853
48416,0.2551340966934893
48417,0.21968383363651206
48418,0.2665572609013313
48419,0.2256068437595577
48420,0.246222738771644
48421,0.24999085728120415
48422,0.22487039969066616
48423,0.252399117539795
48424,0.28524933090174104
48425,0.2726559903593738
48426,0.2964592779217929
48427,0.255470110160876
48428,0.29992578874927267
48429,0.2764004507615668
48430,0.2602743540697049
48431,0.21645444559501134
48432,0.32671134934602125
48433,0.25706773790063026
48434,0.3034391605188095
48435,0.21487980189009803
48436,0.271015850680671
48437,0.2595439607085882
48438,0.23481470571906118
48439,0.2124967900540901
48440,0.2536104212306834
48441,0.2716459585283158
48442,0.24568987764290168
48443,0.24535504424819435
48444,0.24642895022603487
48445,0.23067463321488157
48446,0.26254134430910614
48447,0.20607743535331924
48448,0.27773592779188927
48449,0.2575316966560318
48450,0.2635554459271137
48451,0.2978792521215651
48452,0.18386980586714635
48453,0.2520964828629013
48454,0.23750005838738625
48455,0.2992262161806687
48456,0.2823444550065479
48457,0.26087518852864733
48458,0.2747229143976165
48459,0.3129027029564141
48460,0.2606911272989633
48461,0.22200387426576396
48462,0.26055840717790785
48463,0.2256161529597191
48464,0.26593057548122034
48465,0.27567852144468036
48466,0.2345547037538329
48467,0.2915401571674
48468,0.2174343082551046
48469,0.2730890882757064
48470,0.2887735731775177
48471,0.2833424758936116
48472,0.2955690039948085
48473,0.23376165480213637
48474,0.23869734488793723
48475,0.27619166574836146
48476,0.30076505777672946
48477,0.22621363375236142
48478,0.31071465605126924
48479,0.3152918340166018
48480,0.27163813861088043
48481,0.3065682108262584
48482,0.28060297215304314
48483,0.23507635943015884
48484,0.2668503946255248
48485,0.22569600624025907
48486,0.2319923251079421
48487,0.250282171298561
48488,0.26075301269517315
48489,0.2647213778150553
48490,0.26012740531527534
48491,0.30434059421288595
48492,0.27633032378077294
48493,0.21172175941860757
48494,0.2721304154748069
48495,0.29254643803938096
48496,0.3387403337520839
48497,0.23043071169601256
48498,0.3133317659525892
48499,0.27069663925022336
48500,0.30877585368953886
48501,0.2512761963196885
48502,0.26243179389914034
48503,0.29672849427384773
48504,0.29353562591610993
48505,0.28455645473469177
48506,0.2866270608999124
48507,0.2816238008002239
48508,0.30265607287823537
48509,0.21650134149492262
48510,0.24320071120498524
48511,0.30067792131430976
48512,0.30454191597130753
48513,0.22377166332426549
48514,0.26018977034037527
48515,0.2919484342220352
48516,0.24936808932658658
48517,0.28035390432229934
48518,0.2892737536149976
48519,0.2979821684027508
48520,0.2678863969406964
48521,0.2364812467861455
48522,0.18649624614554405
48523,0.24537666742085387
48524,0.28916514158355344
48525,0.22458102170642275
48526,0.297020961307299
48527,0.27169489144338416
48528,0.2727094770935987
48529,0.23691806701388202
48530,0.31845855707901044
48531,0.27133358728222434
48532,0.3108371156847853
48533,0.2161148217291956
48534,0.27159840659837925
48535,0.3278961423680531
48536,0.22678514306661302
48537,0.36357283064322193
48538,0.26404101830956517
48539,0.2186100465456872
48540,0.21069835622272612
48541,0.2882558591954862
48542,0.24581100994318458
48543,0.24876449167295062
48544,0.2814242689555221
48545,0.2857981756376916
48546,0.2956442822491398
48547,0.2639643937476666
48548,0.28350786181392634
48549,0.24304953402453106
48550,0.25623173395219945
48551,0.2882344358107275
48552,0.2521605203477986
48553,0.29141418013607556
48554,0.32775254249829844
48555,0.20226944739313546
48556,0.2763729023927218
48557,0.3049303252792992
48558,0.2591521315047938
48559,0.2729528631395657
48560,0.254779417708799
48561,0.2783851575521194
48562,0.2415050870211076
48563,0.2544958198002361
48564,0.3050187244167664
48565,0.2611762854672893
48566,0.2557779686124247
48567,0.2470169190709268
48568,0.24096741117839604
48569,0.27243274081189917
48570,0.26850911919867465
48571,0.2929557008453115
48572,0.2992880750488517
48573,0.3024074458460066
48574,0.28675662138298064
48575,0.3031575915599327
48576,0.2523522008687735
48577,0.25238946379372784
48578,0.2878496544985442
48579,0.23706572820760857
48580,0.29014083679945296
48581,0.31231632035476364
48582,0.30681780134989034
48583,0.24997981431322588
48584,0.2429205705124625
48585,0.2901679825589872
48586,0.2301213736880467
48587,0.2767189324186113
48588,0.290796830786282
48589,0.29490963365670675
48590,0.27962766649170684
48591,0.2470146410301403
48592,0.2501041112364296
48593,0.2735358526579934
48594,0.2909285987126612
48595,0.2705354814864941
48596,0.2351426926842507
48597,0.25560198343170365
48598,0.22502406038920938
48599,0.2639774482391878
48600,0.29866704410262956
48601,0.24193337075074856
48602,0.30922285571746655
48603,0.2906798938010063
48604,0.2732862218593467
48605,0.2732113149711019
48606,0.30433391487819395
48607,0.25447575453296345
48608,0.2563303334244556
48609,0.2957315792017209
48610,0.2825767541275305
48611,0.2148865697038498
48612,0.28951855645630153
48613,0.2806159409333865
48614,0.2555966205061348
48615,0.2628450349545799
48616,0.26378846955128316
48617,0.23635305656279654
48618,0.2989196878950475
48619,0.27231839735983426
48620,0.2698825240310966
48621,0.2751485941613802
48622,0.2605481197726622
48623,0.30861254924722614
48624,0.24793556553619361
48625,0.254562158803566
48626,0.23916436021169818
48627,0.2627294363428608
48628,0.21349669698670595
48629,0.2592024891000879
48630,0.24006406444698083
48631,0.29734509664094466
48632,0.2660865407380202
48633,0.27809179477380075
48634,0.2578802865925262
48635,0.26257364136811356
48636,0.24531178259197617
48637,0.274442978972542
48638,0.3180435507236816
48639,0.25700886085742114
48640,0.26670212008591165
48641,0.2748148142480081
48642,0.24194909570676293
48643,0.29345585628865795
48644,0.26730959654035513
48645,0.281591543144429
48646,0.2491593967997667
48647,0.30271334857656984
48648,0.2527307093414124
48649,0.24713523983608882
48650,0.3417766119316285
48651,0.24554875469735787
48652,0.3187725317044299
48653,0.27001353494463315
48654,0.31379553363798807
48655,0.22748475846846414
48656,0.24854205692389117
48657,0.21740166093738575
48658,0.26082437778741585
48659,0.24531473849091612
48660,0.20876982455518228
48661,0.2785585956924411
48662,0.28457217643830846
48663,0.2947977176451888
48664,0.24144614994561908
48665,0.29170141004209693
48666,0.31168755649544144
48667,0.25974914555277756
48668,0.32131851886525603
48669,0.2809597076175746
48670,0.2821966770317442
48671,0.23728592146772426
48672,0.2716573766201459
48673,0.3119403613315801
48674,0.30655685936208965
48675,0.2472000704502577
48676,0.30819236940811434
48677,0.24606524220922632
48678,0.2645523480006205
48679,0.26092202955481575
48680,0.29272355434776975
48681,0.2804635167731327
48682,0.29243179518929013
48683,0.3041250848890262
48684,0.24855141901176783
48685,0.2517781671944179
48686,0.2626651645179333
48687,0.27507239390946064
48688,0.22296234395266396
48689,0.2647153383380456
48690,0.27980728043949094
48691,0.2830104262671948
48692,0.29558312356434596
48693,0.33095653014585813
48694,0.26508148879034554
48695,0.28772349866833286
48696,0.28604213931526035
48697,0.262760498730126
48698,0.2674603681384568
48699,0.25306681780789686
48700,0.24472150096827547
48701,0.2812872820611813
48702,0.24246161283323464
48703,0.27609869748938914
48704,0.2709826095705698
48705,0.2850666806296961
48706,0.2613401496471221
48707,0.2452864856122094
48708,0.29828415196427793
48709,0.29179675947359984
48710,0.2151227987624192
48711,0.28330121750084664
48712,0.30740547817138325
48713,0.23683010943410768
48714,0.25991042349928367
48715,0.3163993610668995
48716,0.3023800201642586
48717,0.30545814631003354
48718,0.22594976505345507
48719,0.2319891989110258
48720,0.2755942291949759
48721,0.18434292383195977
48722,0.2556331684512984
48723,0.2957322595137415
48724,0.2544417378851184
48725,0.30573389782290955
48726,0.24880707328791152
48727,0.2950470453556563
48728,0.2734600708605247
48729,0.32968955456869287
48730,0.30471435393937385
48731,0.283327881387894
48732,0.25632726757461743
48733,0.27217427345956485
48734,0.2417388421591823
48735,0.27679009259419707
48736,0.26598239649753785
48737,0.29835211063335554
48738,0.30233130941840003
48739,0.30169357392523816
48740,0.295173786965624
48741,0.2335986879738588
48742,0.35400455709327233
48743,0.25355897751380163
48744,0.2714049408654331
48745,0.26245688900684805
48746,0.30546674219299186
48747,0.27249343330642034
48748,0.23813577299510907
48749,0.28549169664039864
48750,0.264884156132318
48751,0.3075487807396351
48752,0.3200833402467369
48753,0.3044070251378903
48754,0.28468649969667503
48755,0.2767739776638338
48756,0.31039945735952706
48757,0.28978359690622146
48758,0.3172794716803455
48759,0.2663719390626702
48760,0.29099799206854715
48761,0.2843308248934851
48762,0.3123359096288297
48763,0.29237961246264055
48764,0.30035311050393665
48765,0.2732892566257805
48766,0.3109827619440085
48767,0.23328116711826055
48768,0.30169218523901803
48769,0.26447262805947386
48770,0.2721380135685417
48771,0.26706203910162163
48772,0.28489638527470806
48773,0.24442701029845565
48774,0.32394443035778403
48775,0.3022707338284417
48776,0.2546692202746262
48777,0.2641116103925149
48778,0.30243841138698446
48779,0.2778439823712621
48780,0.34541743537812414
48781,0.3042273091848447
48782,0.3163237022632141
48783,0.3114553899533908
48784,0.27823427729044886
48785,0.26669308606091874
48786,0.2353556155236161
48787,0.27803179175259063
48788,0.28841471022387277
48789,0.3077155245804482
48790,0.25562271971497386
48791,0.35121193673874107
48792,0.2901306311350382
48793,0.2832919441388876
48794,0.23639555302317297
48795,0.2884420842461972
48796,0.32315759628013707
48797,0.24316519091645128
48798,0.22543172506540265
48799,0.29537595526881183
48800,0.24842223116326506
48801,0.2771651768732003
48802,0.2919132279785037
48803,0.302000470136195
48804,0.27852556813738083
48805,0.26591180832088895
48806,0.27557697314050894
48807,0.29367187051775046
48808,0.2917359421650853
48809,0.270506945526662
48810,0.2959553562204176
48811,0.27522240847911306
48812,0.21717149262318242
48813,0.25696319079072616
48814,0.23860145225724705
48815,0.23561220347276773
48816,0.28576841391512947
48817,0.2705527078182382
48818,0.24941537274018227
48819,0.2740582600837146
48820,0.25517209129094814
48821,0.28800899422184056
48822,0.2939925618051533
48823,0.27777195286695167
48824,0.2320793735931449
48825,0.2789582420570281
48826,0.2881323374480939
48827,0.2233966015228733
48828,0.2914484942425421
48829,0.2465510197303134
48830,0.3519684974833804
48831,0.2753110262293083
48832,0.2538814579768515
48833,0.3221638436521777
48834,0.28181973985537045
48835,0.30772935384559
48836,0.3143254699622996
48837,0.305309216571172
48838,0.21941727953651866
48839,0.24148795023851077
48840,0.23919438272274088
48841,0.2843760878003721
48842,0.2499379636187106
48843,0.30304251743631727
48844,0.3118785185710666
48845,0.3340636661421592
48846,0.27513743315209627
48847,0.24864136567761086
48848,0.274296991722751
48849,0.24914576623249785
48850,0.3155860730283556
48851,0.2876130963060156
48852,0.3002939897717526
48853,0.2851325217979043
48854,0.334224653118322
48855,0.2905462856255634
48856,0.25968337560235427
48857,0.18403223605468572
48858,0.3032970398869294
48859,0.30469185583913616
48860,0.27127687754448265
48861,0.2609632040113219
48862,0.2933911492631865
48863,0.21497378892250232
48864,0.27083853636406935
48865,0.2374110005677444
48866,0.2923880558309466
48867,0.30137782981215344
48868,0.27238478356051155
48869,0.27696489010593317
48870,0.2604141909313278
48871,0.26417178275472447
48872,0.27915575915263896
48873,0.292353901763418
48874,0.31758301679075107
48875,0.2729630093824632
48876,0.3185716065918161
48877,0.27762989129089555
48878,0.2985865146829401
48879,0.2918078741260097
48880,0.2810343463857713
48881,0.3179849404074859
48882,0.25812286640001525
48883,0.29130326381568156
48884,0.31569896496423383
48885,0.32354325019680513
48886,0.286872242631659
48887,0.25450919776463005
48888,0.2849645519759628
48889,0.30879656651354614
48890,0.2978556554590359
48891,0.2870002900349933
48892,0.22000909561183257
48893,0.27609463245812765
48894,0.30271315099333673
48895,0.2906999601020711
48896,0.30318496854410726
48897,0.27667046021002667
48898,0.28452405743895043
48899,0.29214664933113466
48900,0.3047080442824134
48901,0.21841166975605186
48902,0.30214219579217017
48903,0.2806730440532952
48904,0.26695911023525226
48905,0.25839108825707885
48906,0.28201718181389457
48907,0.29232079090277474
48908,0.28848249136316967
48909,0.3543748769235358
48910,0.24825198448683455
48911,0.2636496467416878
48912,0.29735105977461407
48913,0.3395510472829591
48914,0.3135101734509356
48915,0.31677032641665537
48916,0.29098637645645126
48917,0.28336054155399876
48918,0.25367951883298473
48919,0.3050741135133889
48920,0.327322519194881
48921,0.2825623818762191
48922,0.24615706049591077
48923,0.32212132182022574
48924,0.3223230570053682
48925,0.26985357194148807
48926,0.2730395716799221
48927,0.2517257868827226
48928,0.25699965860985163
48929,0.3544230250508386
48930,0.26866243959043185
48931,0.27577155209451226
48932,0.3081550853810135
48933,0.2901477538655391
48934,0.2544616097816603
48935,0.33487475392107047
48936,0.25271906145909456
48937,0.28583730071193925
48938,0.2882576304744496
48939,0.27018904839054037
48940,0.23892854135584565
48941,0.2584745898974112
48942,0.3028078727163461
48943,0.3499342224231616
48944,0.2939249549347511
48945,0.2591553427586983
48946,0.30540822971864756
48947,0.2668808886197971
48948,0.2913787050006679
48949,0.32854852479118124
48950,0.2882598697882843
48951,0.28162066328203844
48952,0.22263181227595674
48953,0.3152731381244164
48954,0.28598880249046926
48955,0.22317865364558576
48956,0.2700938989273619
48957,0.2727404775977088
48958,0.3148658243236313
48959,0.22429779471991856
48960,0.24574618771550635
48961,0.29882907239836903
48962,0.3155474671036838
48963,0.2525569515662347
48964,0.2950874827853423
48965,0.23051185464478674
48966,0.2146740924307868
48967,0.28382511415873996
48968,0.34297923335378366
48969,0.227835994515352
48970,0.29076688683006996
48971,0.30802642988998696
48972,0.3093756802883242
48973,0.2231953008369072
48974,0.2838440709040266
48975,0.295747157681262
48976,0.3251640064652224
48977,0.2813523815576946
48978,0.2072183149102606
48979,0.33839279595934474
48980,0.26085906557814975
48981,0.23989035188581298
48982,0.30074176313539464
48983,0.29958756043185497
48984,0.32081904544498774
48985,0.30888358041543135
48986,0.3003397540206052
48987,0.26017988004365084
48988,0.31140907596007894
48989,0.30200831637400344
48990,0.22232598496794512
48991,0.2996507363856961
48992,0.24067038669483953
48993,0.24032102398710453
48994,0.28411715755781214
48995,0.2541399767096803
48996,0.3201664047152814
48997,0.3089236443706792
48998,0.31803169357527356
48999,0.24067157904986108
49000,0.164710327086954
49001,0.20525505856310025
49002,0.19603097310257475
49003,0.22003996778161714
49004,0.2007860102170506
49005,0.20199526871572723
49006,0.18661089236522369
49007,0.18473593150131484
49008,0.17220885797372007
49009,0.18492015270965123
49010,0.19227404117051844
49011,0.24593935333046954
49012,0.23277534263941724
49013,0.1734046876598706
49014,0.19065681400101206
49015,0.19437811638218064
49016,0.19194202302819738
49017,0.18570840070354078
49018,0.2437744812798194
49019,0.19670990447283623
49020,0.23453947670217903
49021,0.28670388312165834
49022,0.18964391089273003
49023,0.18847816740841697
49024,0.1936598731127281
49025,0.15134847621485303
49026,0.19574743328033004
49027,0.18933013629403556
49028,0.2188315846300058
49029,0.19814859113524486
49030,0.19754720869319808
49031,0.27389379215061105
49032,0.2549195004858617
49033,0.26740652967365874
49034,0.20353877512972848
49035,0.22628188896605178
49036,0.20316159905800812
49037,0.2571482537956288
49038,0.212680954478058
49039,0.2778791945687457
49040,0.1790455235511951
49041,0.30711505277459183
49042,0.19910586975903816
49043,0.2500205815325068
49044,0.2420596721208135
49045,0.20292683765220285
49046,0.21860297793160832
49047,0.26758441505161823
49048,0.253969183493307
49049,0.26417406761535933
49050,0.2743758700551865
49051,0.29011192958037607
49052,0.19041757991282357
49053,0.24707928169234744
49054,0.22647695986515232
49055,0.25080774166705766
49056,0.22977388793497275
49057,0.2885938748013507
49058,0.23316589582471237
49059,0.29117849327091033
49060,0.2951289599377603
49061,0.3284867145205089
49062,0.2215327724272568
49063,0.2457667954558923
49064,0.29579112323976814
49065,0.2640061959296606
49066,0.23400794879072465
49067,0.31925595425965536
49068,0.279363073630715
49069,0.2955638736250493
49070,0.2596401336434898
49071,0.2640089036751162
49072,0.3014904557380863
49073,0.2200648056518442
49074,0.2966441233935618
49075,0.2606171080852382
49076,0.23507809052714168
49077,0.3161384263338127
49078,0.2671174808772459
49079,0.2779782881408139
49080,0.25886140779166456
49081,0.26582651160290627
49082,0.27225842699604
49083,0.29007120112540846
49084,0.32413881082132995
49085,0.2918211337120735
49086,0.2698074221126996
49087,0.2876728335934874
49088,0.27870574236277246
49089,0.2741886366129318
49090,0.26418134882220917
49091,0.3429483066652998
49092,0.24237237008811663
49093,0.2411470577666532
49094,0.26829710037282806
49095,0.31672757250971423
49096,0.32459870522884204
49097,0.3239780447082163
49098,0.2513049570636451
49099,0.30782806068062624
49100,0.27123517098603867
49101,0.34027069786125114
49102,0.2980937001060341
49103,0.30217523705414917
49104,0.28359995833994456
49105,0.256319569821266
49106,0.32378787291536787
49107,0.27403649283659026
49108,0.342904266003267
49109,0.29083778956076317
49110,0.30167994125522124
49111,0.3347641483891174
49112,0.32701652718453894
49113,0.2918264733790907
49114,0.27221061034775074
49115,0.27216140473293854
49116,0.2832361231134109
49117,0.3200412156457802
49118,0.26626582139322374
49119,0.32773171075736984
49120,0.33833579797649044
49121,0.29702772041115827
49122,0.2957296191127376
49123,0.28968183898886074
49124,0.2636797598010188
49125,0.28162023383097917
49126,0.32112109917674747
49127,0.3111228170719354
49128,0.24604396311650578
49129,0.3336995930522357
49130,0.3250012239638006
49131,0.33546515491729645
49132,0.29915598076133726
49133,0.3456770997148325
49134,0.30152862481866466
49135,0.2700968534750905
49136,0.31868607652188846
49137,0.31970898392002156
49138,0.27263168598497045
49139,0.30200272910531745
49140,0.31891228353710394
49141,0.3369989332561322
49142,0.30946311391718434
49143,0.3097686713819825
49144,0.2800583961705846
49145,0.34712929580268004
49146,0.311084926522319
49147,0.3154101010066409
49148,0.3015686261033133
49149,0.3386822065219229
49150,0.364479115369757
49151,0.2916627065080757
49152,0.26971931363179713
49153,0.2795151323791035
49154,0.3036665924846242
49155,0.28621047392405513
49156,0.3110646574333394
49157,0.2922986954530961
49158,0.30099329189944746
49159,0.2983101970713533
49160,0.31249373023165
49161,0.4033048812925091
49162,0.27653691581000256
49163,0.34910834368736543
49164,0.3279356196101306
49165,0.33558515242812237
49166,0.34999801523935475
49167,0.32862918321985657
49168,0.3708847404564005
49169,0.30607728622783203
49170,0.32979794669907947
49171,0.37348440533918503
49172,0.3363832994590254
49173,0.30526853037930807
49174,0.29636597487107585
49175,0.3477656883787892
49176,0.30346093048614536
49177,0.3372108045399036
49178,0.38850797147453947
49179,0.34486237910260814
49180,0.3235212968228051
49181,0.33784542123744166
49182,0.3641816055576028
49183,0.33289224757601876
49184,0.2935135202039222
49185,0.35631791623605574
49186,0.3383559196044282
49187,0.33604064648884596
49188,0.34044954408548633
49189,0.35371931288764613
49190,0.2945389342227094
49191,0.32565895844566706
49192,0.33940199936514537
49193,0.383773330608231
49194,0.36507738299656944
49195,0.30930623621151787
49196,0.3820409442140793
49197,0.35237800710360834
49198,0.37371090293023224
49199,0.3581886781732679
49200,0.34202421847717956
49201,0.3888971565276713
49202,0.2981818778679413
49203,0.3133229025709416
49204,0.31220829705207104
49205,0.32979205420104546
49206,0.3455338156986471
49207,0.31897074469922887
49208,0.3521628515842185
49209,0.329913092998386
49210,0.37715602648869007
49211,0.34172756862468856
49212,0.36464490464927907
49213,0.30270032079811043
49214,0.30839417252308715
49215,0.3571055681528749
49216,0.3469515874320419
49217,0.3575705733949709
49218,0.3241830517621799
49219,0.3431318430105377
49220,0.32047578813433425
49221,0.33322146827776117
49222,0.32490741251682126
49223,0.38847651064116007
49224,0.3362685437991058
49225,0.3147319686112048
49226,0.34523894989595166
49227,0.3253564647397138
49228,0.34838326356730653
49229,0.34519208081818353
49230,0.30559703877610217
49231,0.3853700340474341
49232,0.3925878510923489
49233,0.43201207790138446
49234,0.36055805316284134
49235,0.32440210026371036
49236,0.35379881552491727
49237,0.355080901327363
49238,0.35548897786245853
49239,0.36180470805188053
49240,0.43423841984557937
49241,0.381614853923932
49242,0.3468237422446081
49243,0.3835198678747294
49244,0.35592933813959066
49245,0.28010916126203533
49246,0.34636837924810726
49247,0.3528699812579131
49248,0.4052442728237999
49249,0.3419761188122443
49250,0.35722178961626677
49251,0.36500241048483606
49252,0.36152509405744515
49253,0.3501424272446122
49254,0.3554611344365776
49255,0.35980613530702305
49256,0.3603023660053551
49257,0.3445536404068766
49258,0.38148031682432243
49259,0.34476396831714484
49260,0.40328064143134046
49261,0.36135849857943375
49262,0.36357862810499914
49263,0.3488668770084867
49264,0.3536560470363109
49265,0.3507643061450206
49266,0.33372312309095553
49267,0.31954039492537695
49268,0.3152024628363441
49269,0.35785891109431117
49270,0.33324958667740473
49271,0.4080472243182696
49272,0.3675658388855098
49273,0.3544908077216871
49274,0.296799756496894
49275,0.37550956043138817
49276,0.3806726300381098
49277,0.38074665208177805
49278,0.3090226688990077
49279,0.32484101263472676
49280,0.386953708428504
49281,0.3405715247692401
49282,0.33284418673494065
49283,0.35807308595001386
49284,0.3870211753587771
49285,0.39013098705630084
49286,0.3394786031730283
49287,0.3861484629102294
49288,0.3498264917012682
49289,0.3658956362046244
49290,0.35619859691995576
49291,0.34784024492854804
49292,0.36562043446031406
49293,0.3367897017322093
49294,0.35937378051353375
49295,0.3526353559890634
49296,0.3387685895568179
49297,0.42740700072968857
49298,0.32986954910001665
49299,0.3788384413017018
49300,0.3459871645490381
49301,0.32086238453399724
49302,0.3578864512104224
49303,0.3713152632021856
49304,0.37827267766934897
49305,0.419082416428797
49306,0.33441020290075074
49307,0.3894909722279455
49308,0.3650878295400831
49309,0.36279438315902657
49310,0.3481740257845339
49311,0.35966143924311206
49312,0.40179693877279693
49313,0.3955692311547394
49314,0.37220618761465857
49315,0.3889936396725581
49316,0.3665171075136667
49317,0.37339900293459016
49318,0.33529333257960264
49319,0.36333566380543375
49320,0.4001078114653709
49321,0.3751208587415102
49322,0.3654047972721426
49323,0.3862514864142638
49324,0.38465913110314576
49325,0.34500620148883154
49326,0.3693566707378865
49327,0.35204452181641854
49328,0.36854072703972235
49329,0.3449447396454706
49330,0.31276285462937314
49331,0.36401709106896696
49332,0.3209066651724092
49333,0.363177710642115
49334,0.3504577124224005
49335,0.3666209866654648
49336,0.42753400039444484
49337,0.4338413480129154
49338,0.3770553876702319
49339,0.42109751632244335
49340,0.42383394163812615
49341,0.39743847403114785
49342,0.3978428172143126
49343,0.37599196519746086
49344,0.3381346541552051
49345,0.45348936181401067
49346,0.34963229367875154
49347,0.3589471940863812
49348,0.4030614264591833
49349,0.3575334155137279
49350,0.3207324441062885
49351,0.3866663248278485
49352,0.3567923155506636
49353,0.31911102035472216
49354,0.3409682465632978
49355,0.37706804301533514
49356,0.36613277606624683
49357,0.3826376486223216
49358,0.35929128109452957
49359,0.41188826007513946
49360,0.3940924778020918
49361,0.36064924126785003
49362,0.3165734287960559
49363,0.3611364546520768
49364,0.3500776936017548
49365,0.38732578429842124
49366,0.4051890085198432
49367,0.41279084756517753
49368,0.34201814017609633
49369,0.377989320790231
49370,0.44418289741981865
49371,0.42628754340120756
49372,0.33369629831368036
49373,0.3521953032419038
49374,0.32633877991140725
49375,0.3738847343834129
49376,0.3978927060475018
49377,0.3630045279355408
49378,0.36604171756009574
49379,0.41273508281644933
49380,0.3658579173957763
49381,0.3595360837864067
49382,0.4033106708683997
49383,0.36746568248879785
49384,0.40819718218181045
49385,0.4069378718905992
49386,0.39894808360793077
49387,0.327988735928354
49388,0.387843299932491
49389,0.4203690955029461
49390,0.33546797096205916
49391,0.43861217994389023
49392,0.3899734891582223
49393,0.4054162447184456
49394,0.4026235396538374
49395,0.4208204510668375
49396,0.3876928963883979
49397,0.34226847257989496
49398,0.40812116742123167
49399,0.37928150391350657
49400,0.35955768005927197
49401,0.4068638114386862
49402,0.39496631318650965
49403,0.3505297895667641
49404,0.35276274515640776
49405,0.32884933247061454
49406,0.37296939510799837
49407,0.3819900789470191
49408,0.3701933000679623
49409,0.3207628631335435
49410,0.41240160580689017
49411,0.4512153214908944
49412,0.40866908998914836
49413,0.3480406542549659
49414,0.41374855830791546
49415,0.38138295800602384
49416,0.4303228464045936
49417,0.43804225505510247
49418,0.39775825547786037
49419,0.35723946191706624
49420,0.40819236937684567
49421,0.40228766520549725
49422,0.363108467530809
49423,0.4056280377110793
49424,0.3545022519289872
49425,0.38437814986396746
49426,0.4156593344993494
49427,0.3645496905634946
49428,0.3716808066216161
49429,0.4263603275687501
49430,0.30275023915831206
49431,0.3996099267797124
49432,0.4048352792607794
49433,0.37031134422740136
49434,0.39140650780947933
49435,0.4148024216438278
49436,0.44532964999506836
49437,0.3759363258101544
49438,0.36494592519796615
49439,0.3891490386078494
49440,0.3930610942308054
49441,0.41264165498007643
49442,0.44568341688481683
49443,0.3703853842014049
49444,0.3529273740318965
49445,0.3658551021903389
49446,0.4341280574431471
49447,0.3930072318326657
49448,0.391549791163284
49449,0.4063490560448195
49450,0.4113898787748228
49451,0.3628984768289402
49452,0.41567556801733674
49453,0.36424081455231017
49454,0.37445025294895995
49455,0.3571115460167384
49456,0.3789805585124646
49457,0.4154846374384897
49458,0.3715958096280423
49459,0.3837810292662662
49460,0.3877657139654364
49461,0.3309512365804453
49462,0.3669840642638835
49463,0.3343217809179457
49464,0.3620836715918804
49465,0.3563138782120133
49466,0.39574359847195784
49467,0.39667469109899683
49468,0.38513043290160276
49469,0.41077359766108
49470,0.3940540083520565
49471,0.3782433757908583
49472,0.3823379043405244
49473,0.34844563480791024
49474,0.41138729858872275
49475,0.4065947516611986
49476,0.41629789622378494
49477,0.4134982965106692
49478,0.4180304017575472
49479,0.4444989908537298
49480,0.40466441435456835
49481,0.3705338655614743
49482,0.4196940795975899
49483,0.37031568683709565
49484,0.4291688169704222
49485,0.3870512399780135
49486,0.4099427197209581
49487,0.40310930773953624
49488,0.4177583691973681
49489,0.38634573984656234
49490,0.3216243116651597
49491,0.4156861317330903
49492,0.4167267121652002
49493,0.43784407943109194
49494,0.4114377192664776
49495,0.433100945957062
49496,0.36050745879993307
49497,0.40380852593145355
49498,0.3764879588676916
49499,0.4460001526111177
49500,0.37932366048122645
49501,0.44460431224483177
49502,0.4071746843852411
49503,0.39173055057895967
49504,0.40718646890554544
49505,0.3791904756718113
49506,0.3639377011271824
49507,0.4020631939172473
49508,0.4221795811731477
49509,0.35442693552634885
49510,0.3943182615938399
49511,0.42436011552510167
49512,0.33600686014602493
49513,0.3928521177655074
49514,0.38030296016589565
49515,0.4212456100609292
49516,0.3898744042504407
49517,0.38118843595956414
49518,0.41468755531730167
49519,0.4045383632119115
49520,0.35449872787897474
49521,0.3771832302037029
49522,0.4050265941150981
49523,0.4604525047804869
49524,0.36453510852480775
49525,0.4173942812756027
49526,0.40170792809151656
49527,0.37636290780882975
49528,0.41323303985260573
49529,0.3479506061071047
49530,0.3924378066886128
49531,0.3685104940205916
49532,0.3632487234897067
49533,0.32638113439057687
49534,0.3650187000866992
49535,0.41165956745575377
49536,0.4186061067724686
49537,0.40470899685038725
49538,0.34334659894134517
49539,0.376160352495441
49540,0.3609966510247384
49541,0.31139480435313294
49542,0.3981745605114938
49543,0.38103771675018455
49544,0.3614742640376272
49545,0.3865947536072984
49546,0.4196380242384125
49547,0.396815322347628
49548,0.4110415739125838
49549,0.4045728532004134
49550,0.4013895077996912
49551,0.36067857299731615
49552,0.4775117712904527
49553,0.44477957774167975
49554,0.3923921563862229
49555,0.3771735078228382
49556,0.4130068199759376
49557,0.36593365798909344
49558,0.40874857279156834
49559,0.4095268270477403
49560,0.3566665254268662
49561,0.4019226946467544
49562,0.4077463258977572
49563,0.40910844628745546
49564,0.3885545537745979
49565,0.3758486294653848
49566,0.37318027319225194
49567,0.40528903058159005
49568,0.42615266737649776
49569,0.38204690411387815
49570,0.3826935574274012
49571,0.4042708871150542
49572,0.388016086152352
49573,0.39019064323222
49574,0.40863781528003695
49575,0.39529417014501866
49576,0.38368995953251595
49577,0.4130430515210019
49578,0.39211480920994374
49579,0.4375170712160515
49580,0.3967256868683986
49581,0.39168186873893995
49582,0.35059962284097457
49583,0.3712543484235255
49584,0.3713891292185317
49585,0.391407685481996
49586,0.4221104722393652
49587,0.372189106875045
49588,0.4272828981682796
49589,0.3607411889917181
49590,0.3724962842606242
49591,0.3681894994412735
49592,0.3774980806342465
49593,0.4312917414447538
49594,0.4056177569237092
49595,0.43250509444124796
49596,0.3943837932246767
49597,0.4073926930330469
49598,0.40695913342385476
49599,0.3644414838537142
49600,0.43072330919624024
49601,0.46230460926097594
49602,0.434406861324462
49603,0.33745043255055274
49604,0.41836118915711407
49605,0.3422256546329999
49606,0.42413822934745654
49607,0.4091922019738529
49608,0.3617792441697115
49609,0.3894023863805551
49610,0.37923966335772524
49611,0.39776516267423423
49612,0.379133787084526
49613,0.39631451643429605
49614,0.3673810833632826
49615,0.3849730326720492
49616,0.40775365444648903
49617,0.3834933549467672
49618,0.3628708818941097
49619,0.4310307404576734
49620,0.4419886253213968
49621,0.3447785262178401
49622,0.3803181582569919
49623,0.42756848255704805
49624,0.3923067515995552
49625,0.4199330041810082
49626,0.35000409075618244
49627,0.3955938216882024
49628,0.42872550875624715
49629,0.4049563553037011
49630,0.39384370326932966
49631,0.43449206410209174
49632,0.43664890237952936
49633,0.38370136810422556
49634,0.43385960963815384
49635,0.4251604629350432
49636,0.36099466910926603
49637,0.40147588795612216
49638,0.4194503420075978
49639,0.36117068750634984
49640,0.3714315778714031
49641,0.3458973689498268
49642,0.39749432696026765
49643,0.38203749218307115
49644,0.4269776401430285
49645,0.4274794229161619
49646,0.3931076159227494
49647,0.4571883298501877
49648,0.3608842784445182
49649,0.4013279019729682
49650,0.35707898760333995
49651,0.37274648900408586
49652,0.39984469749856716
49653,0.4567315152727972
49654,0.3895816193227098
49655,0.4292096042536642
49656,0.3707005420727121
49657,0.37178295567570663
49658,0.36934174229246386
49659,0.3984770690409368
49660,0.4243734207752737
49661,0.3723204318248289
49662,0.4165109955801796
49663,0.39063497145692266
49664,0.43985214245529075
49665,0.3630618296130486
49666,0.42591295822113456
49667,0.4440212702632284
49668,0.38684162779565356
49669,0.3720425613977283
49670,0.39351971555086535
49671,0.40843836969700026
49672,0.45035235473723545
49673,0.38277999631060083
49674,0.4081950515934238
49675,0.4164610857773244
49676,0.3692341498390123
49677,0.34190935757308794
49678,0.40335021063314264
49679,0.3586697271405117
49680,0.3989648754182399
49681,0.40981299966418
49682,0.3942013976206694
49683,0.3902859467992101
49684,0.41217592993757185
49685,0.43006375059479646
49686,0.38343819947165997
49687,0.3875835736345222
49688,0.4117182631806933
49689,0.4093037198044095
49690,0.4094318099471737
49691,0.36839673974853493
49692,0.34890966098814113
49693,0.4559813994346912
49694,0.3914988998029032
49695,0.4054858542043843
49696,0.38233991551694346
49697,0.4025113959736144
49698,0.41099131484930634
49699,0.43491443320894285
49700,0.36763312853423735
49701,0.4661432318002716
49702,0.42406834420720924
49703,0.376812417066241
49704,0.4050689327589719
49705,0.39983820360697503
49706,0.3901279965353252
49707,0.42984792740282074
49708,0.4143040446061072
49709,0.3863677864183604
49710,0.3982435530200578
49711,0.35975787445267393
49712,0.3541491037598326
49713,0.37931736646543696
49714,0.4340091786897357
49715,0.3804802924275589
49716,0.42095340562615163
49717,0.3541242288448252
49718,0.38137542336826064
49719,0.41228821531788873
49720,0.40858367350728975
49721,0.35679415795213243
49722,0.45425909315323176
49723,0.44574790421543997
49724,0.40354368634429794
49725,0.3779522463157842
49726,0.40349139401958106
49727,0.3869613321514785
49728,0.33594961731459616
49729,0.37828884268958735
49730,0.41513098695228046
49731,0.39351706091056005
49732,0.4142403998415301
49733,0.3974615422488523
49734,0.4361101936325688
49735,0.37751434630809494
49736,0.4162993154113878
49737,0.3981778054572393
49738,0.3863765619451603
49739,0.42278997704140386
49740,0.4078526649461272
49741,0.43788615583134843
49742,0.4286279956128441
49743,0.4641310719229088
49744,0.43774321198543037
49745,0.4553201076987742
49746,0.45266005488062583
49747,0.3953435801436671
49748,0.4238350071317612
49749,0.3658803161144597
49750,0.39760839597819586
49751,0.3865944016140114
49752,0.4043256580224204
49753,0.37176676649307316
49754,0.39034633444709654
49755,0.4376017920588491
49756,0.4088279576378606
49757,0.3968220609143052
49758,0.3611127255725199
49759,0.4296065944538861
49760,0.41615097993308436
49761,0.39063136803573956
49762,0.37195040369385984
49763,0.38553867997492397
49764,0.3499729478842641
49765,0.37401463024865217
49766,0.42246647766030687
49767,0.43884226650396163
49768,0.37631651944091016
49769,0.42837821116645863
49770,0.35703927470343344
49771,0.3986532719240429
49772,0.3879730392342632
49773,0.3575609317997874
49774,0.45007597058626925
49775,0.37560757628462055
49776,0.46248905208327656
49777,0.3880839150771129
49778,0.48280182241075453
49779,0.4074652709607264
49780,0.41932880676887996
49781,0.4011955020685265
49782,0.3637714013286931
49783,0.4308629766835318
49784,0.4001115970021687
49785,0.4559319315538056
49786,0.4098417433325947
49787,0.41986070489912247
49788,0.384430048985138
49789,0.43364531841020376
49790,0.41168220796136606
49791,0.4084737964858106
49792,0.376684736915032
49793,0.38711857415290485
49794,0.4525925156317626
49795,0.3378908157648848
49796,0.35214636752103146
49797,0.3888217459965322
49798,0.37157662870973573
49799,0.4690521596677063
49800,0.3845785790642243
49801,0.3603373764720357
49802,0.4256219325031444
49803,0.3916179030018365
49804,0.4326960051751251
49805,0.37166293823814234
49806,0.39142853947956363
49807,0.41563913927668383
49808,0.42525224745005114
49809,0.3715855977723808
49810,0.40098728677082324
49811,0.41462311416155306
49812,0.38598370773501334
49813,0.47234692828716124
49814,0.3902185559570269
49815,0.4583903695756536
49816,0.37937653558474516
49817,0.3764348708355478
49818,0.41723886092803186
49819,0.40228607333310273
49820,0.4090267149341259
49821,0.40757834305171964
49822,0.3832963445686222
49823,0.4411034267779949
49824,0.4002603283868766
49825,0.3899588824511774
49826,0.34563432188862864
49827,0.4160561381525234
49828,0.3784443373676395
49829,0.3779593759129119
49830,0.3927850491703376
49831,0.3980151691180107
49832,0.3460259477708185
49833,0.4165102323415637
49834,0.42426447159902037
49835,0.4186274285413241
49836,0.3659294041210113
49837,0.4077712299604781
49838,0.4335625953470063
49839,0.3226212615313957
49840,0.39809827679852333
49841,0.39804156197453966
49842,0.3954385416279558
49843,0.38049831560043496
49844,0.42324450349918147
49845,0.4452619687993521
49846,0.38913683193676346
49847,0.4338402972693007
49848,0.43701487464694966
49849,0.4070161593626115
49850,0.3937178666582104
49851,0.41450378495520596
49852,0.39409470826466214
49853,0.4051164781707665
49854,0.43211595455997537
49855,0.3818274513048097
49856,0.45711704607709225
49857,0.394241628761807
49858,0.3672768712313321
49859,0.41773311762171944
49860,0.41946017673245967
49861,0.4143166909751735
49862,0.3945449009299466
49863,0.33743748589682454
49864,0.4228017900635486
49865,0.3767627953232865
49866,0.4040236722426967
49867,0.3961495975825989
49868,0.41870250385552266
49869,0.43446767644151885
49870,0.42259817314906345
49871,0.42529343939942493
49872,0.40593550531212635
49873,0.36949027825339137
49874,0.40759135382164885
49875,0.44657516380391626
49876,0.34922795894591047
49877,0.3659083834476358
49878,0.4142379570972883
49879,0.4392927675511306
49880,0.40626284192792605
49881,0.45159147108763814
49882,0.3993027877065706
49883,0.42678159913944314
49884,0.423506641457218
49885,0.34202498774119744
49886,0.4722551754323221
49887,0.4280227465952454
49888,0.38709937191010074
49889,0.3950114142920822
49890,0.4013529240539476
49891,0.3930216164957855
49892,0.41356932296927323
49893,0.3842868729841111
49894,0.42082275633113675
49895,0.4514159325591303
49896,0.42044151268395447
49897,0.41681265366492287
49898,0.39862461786394526
49899,0.3852578783313244
49900,0.39402215934890467
49901,0.43005471257277667
49902,0.3851522623049651
49903,0.3611764593956156
49904,0.38754371369701945
49905,0.39716883270340486
49906,0.42359974751359064
49907,0.4184436349526165
49908,0.3977259042629561
49909,0.4294334557452877
49910,0.41465082742165255
49911,0.358684329793538
49912,0.41743655434184085
49913,0.3965909233232285
49914,0.38878722532299304
49915,0.4412096064546606
49916,0.39238807195984343
49917,0.3505679341114391
49918,0.359729545211655
49919,0.4245636243900301
49920,0.43537354796013245
49921,0.4355934385750308
49922,0.42985614022168606
49923,0.39398489821055444
49924,0.43434968969980575
49925,0.39603815881839993
49926,0.3867977196458847
49927,0.4121104801493776
49928,0.3453809330938841
49929,0.44768013424006337
49930,0.4065987847807935
49931,0.4181575437973826
49932,0.3965834280291205
49933,0.41644943329200657
49934,0.43662989968500615
49935,0.39209782411078065
49936,0.40568404783499673
49937,0.4240145026512725
49938,0.4214505582156557
49939,0.4200467234183548
49940,0.3955035789166313
49941,0.39636233001592935
49942,0.416521335996208
49943,0.42385524040626665
49944,0.42886430237157513
49945,0.3779193268699264
49946,0.39356837319255167
49947,0.37487694999309423
49948,0.45686893920541843
49949,0.42999046341969793
49950,0.4146651066439667
49951,0.3570219644406124
49952,0.4490190297122192
49953,0.38276088215598414
49954,0.42820307707451755
49955,0.40643860167823637
49956,0.38994576760112926
49957,0.38927533361247535
49958,0.4213328620436189
49959,0.3898594785393517
49960,0.36953581805461816
49961,0.39246930939083396
49962,0.40432337621270265
49963,0.3672892668258959
49964,0.35770769686851944
49965,0.40665299901054486
49966,0.38776552795773855
49967,0.4587673456337343
49968,0.4001381751893557
49969,0.3983146494712676
49970,0.4226005490947061
49971,0.44585046351733987
49972,0.4400282135099982
49973,0.41424663179620613
49974,0.39096231503903234
49975,0.38689721898482105
49976,0.34734392158539557
49977,0.4092412400920382
49978,0.36957465349995355
49979,0.41742354440286805
49980,0.3920854000138459
49981,0.44356835484732915
49982,0.3821629650299646
49983,0.4067810450139741
49984,0.3898876503729634
49985,0.3918848057499495
49986,0.3951268908516275
49987,0.3215425029477913
49988,0.3872742543727662
49989,0.4129070471538977
49990,0.4297969491632901
49991,0.4184606578231457
49992,0.3911863978016597
49993,0.40150319986717276
49994,0.4214479013375085
49995,0.4123602884925308
49996,0.34871693202425186
49997,0.46509814819312
49998,0.376922740058185
49999,0.4008073065446739
50000,0.37416016382960565
50001,0.39856474372397405
50002,0.4623213103305982
50003,0.3968509627238444
50004,0.38125841101290525
50005,0.4337731258837117
50006,0.46143098780119685
50007,0.41103794113662434
50008,0.41634067496735044
50009,0.4109586635143974
50010,0.3992387834176776
50011,0.38896514270254084
50012,0.3940681260479483
50013,0.3426815988012634
50014,0.4444892200721972
50015,0.33412661672169824
50016,0.3814995455419723
50017,0.36060175780331477
50018,0.42464025474579703
50019,0.4110840032692345
50020,0.3721499768979419
50021,0.3763999490549629
50022,0.4222488820886609
50023,0.39902573298481947
50024,0.39621741580059094
50025,0.315808636306568
50026,0.37026131544990437
50027,0.4043213281794455
50028,0.3799844536026861
50029,0.4325758665019487
50030,0.40144147682553155
50031,0.4468069242724266
50032,0.46828944240492765
50033,0.4213528051917503
50034,0.41005843135441034
50035,0.4272415183698392
50036,0.43258368248264023
50037,0.4125233258902748
50038,0.4293700823866436
50039,0.3613915021310849
50040,0.32179560202386814
50041,0.3736281974074266
50042,0.39353188650451887
50043,0.3705602207135553
50044,0.39038881920618457
50045,0.3905256225507549
50046,0.41129001682190086
50047,0.4203686496042595
50048,0.34752705224975994
50049,0.41948166947867205
50050,0.4204468741846467
50051,0.43429663170963
50052,0.3782426554146798
50053,0.41410327628706695
50054,0.40005300330897176
50055,0.40356719484541964
50056,0.4178268720596078
50057,0.37297347734915115
50058,0.398262941509417
50059,0.41323434268534015
50060,0.4357954883437335
50061,0.38184608319758995
50062,0.41206081437531655
50063,0.4154561082514455
50064,0.42054268984126003
50065,0.4159856848920033
50066,0.4435608776324675
50067,0.43491117069443785
50068,0.4179373171206795
50069,0.4051081882805041
50070,0.41707426957464305
50071,0.4146665903734539
50072,0.39645018129411297
50073,0.3995626514550425
50074,0.41268513238884036
50075,0.397172118905066
50076,0.3608176422175347
50077,0.43510140255785124
50078,0.42386672156056326
50079,0.3578909565829634
50080,0.4297838931762672
50081,0.39877904127214325
50082,0.4022625126020592
50083,0.3191287833466237
50084,0.3893101563686119
50085,0.42083250621817986
50086,0.4114959280288595
50087,0.4018738777562791
50088,0.42463623912109044
50089,0.44300915981122524
50090,0.390283673726332
50091,0.4280909837136207
50092,0.33829829810764067
50093,0.5038927983021487
50094,0.40376306846153953
50095,0.3792126412421457
50096,0.4556921911196645
50097,0.3967721836193478
50098,0.4131989163512087
50099,0.4134696208138827
50100,0.4239547940275206
50101,0.3730924176799838
50102,0.4160411195894313
50103,0.4195929877418274
50104,0.3981869052554195
50105,0.4772504062971731
50106,0.4023791350085128
50107,0.4501520230811214
50108,0.4251014726731165
50109,0.45708998729840383
50110,0.39629196067401007
50111,0.365112433311144
50112,0.3839818513336012
50113,0.40071187195203234
50114,0.3968202403408005
50115,0.39512074950822945
50116,0.35399422936061004
50117,0.3918788879719983
50118,0.3965964914768175
50119,0.42602767870671043
50120,0.3145205227633165
50121,0.33476073506072035
50122,0.44914391112360086
50123,0.4119487921973117
50124,0.3815659140609169
50125,0.41512958170398917
50126,0.4388367207715113
50127,0.3903891141338526
50128,0.383709126759915
50129,0.39063095065880526
50130,0.49805354945285196
50131,0.405598278280399
50132,0.34352367959891905
50133,0.38276923354622494
50134,0.39269365501435216
50135,0.31685787284215644
50136,0.3748873746881157
50137,0.4164641738843773
50138,0.5102000058215981
50139,0.43433712829006477
50140,0.42617564885246356
50141,0.4394651155343987
50142,0.3368691535522643
50143,0.40637810881460085
50144,0.4230596804804035
50145,0.45125954508089866
50146,0.36456950907254715
50147,0.4183229541703132
50148,0.41859935725821523
50149,0.3932126227856125
50150,0.395111741835914
50151,0.43066606542398156
50152,0.43702244976998317
50153,0.31869174962305125
50154,0.39283150837919795
50155,0.3995412556846248
50156,0.4142648203064878
50157,0.40388551608617085
50158,0.38069143699368846
50159,0.3615230264326493
50160,0.3906536770371298
50161,0.4070404948521834
50162,0.38168534099688867
50163,0.3644476369289096
50164,0.37338692486100716
50165,0.41671498716975885
50166,0.3883055985106491
50167,0.37258412388360074
50168,0.4462015894055212
50169,0.45205337944101254
50170,0.3851790561477509
50171,0.3880547296444482
50172,0.4081176311088516
50173,0.3900433811827536
50174,0.41678007525752386
50175,0.41572286519188684
50176,0.4142244263307695
50177,0.3900262255648597
50178,0.3596539236513738
50179,0.40693847286785784
50180,0.3950826050358601
50181,0.40819843565674946
50182,0.36183469266402
50183,0.3920185198584291
50184,0.404485647049385
50185,0.39017192460783817
50186,0.4285024850133042
50187,0.41200918649220103
50188,0.3849351701762206
50189,0.37325693033779583
50190,0.466298447054114
50191,0.4438174993350345
50192,0.38886839065355105
50193,0.377253803215809
50194,0.34773551328929064
50195,0.41303132062657083
50196,0.42757725888034487
50197,0.4037831735768481
50198,0.38339122886414684
50199,0.44322731479597965
50200,0.36679122894517713
50201,0.3765617981119797
50202,0.36660394896142556
50203,0.4347556776369027
50204,0.35894704590223214
50205,0.4062156194577024
50206,0.43976965640400145
50207,0.40693451609300385
50208,0.4237962186898239
50209,0.37360210404026284
50210,0.42604835926203355
50211,0.3766264491061154
50212,0.31621431896775276
50213,0.3936869619743198
50214,0.4215764355866514
50215,0.3753285591551221
50216,0.36189852810998807
50217,0.43683517167567965
50218,0.42558472388103485
50219,0.4055458632784649
50220,0.39350307908445853
50221,0.37147320495917174
50222,0.3761168883670362
50223,0.4312171749059018
50224,0.40807713311009947
50225,0.44415717691783874
50226,0.38780523367313197
50227,0.42950154920753025
50228,0.33830250628397485
50229,0.3493979112086888
50230,0.37455739342115246
50231,0.37271426792644236
50232,0.40300790321498375
50233,0.46487715216842296
50234,0.39458563697093074
50235,0.3548903501073162
50236,0.3787480900767816
50237,0.349935407842616
50238,0.3624039487556025
50239,0.4307288460218615
50240,0.4398659976540529
50241,0.3775579894069305
50242,0.39419889952858644
50243,0.4154223308627485
50244,0.35865744956350903
50245,0.449644893223023
50246,0.34703169435595277
50247,0.39694385939486554
50248,0.47172542370000514
50249,0.4306321074719269
50250,0.4323673384539946
50251,0.4018481311485042
50252,0.41395646895166727
50253,0.39643560822159724
50254,0.3867069088732317
50255,0.4147990904008735
50256,0.3674485376740696
50257,0.40486500634330974
50258,0.40714950295586605
50259,0.4344821389169196
50260,0.3608454613991785
50261,0.4312621803144998
50262,0.40457167214447215
50263,0.37217589508147775
50264,0.37663803927950246
50265,0.4457974819880983
50266,0.4031230555001485
50267,0.43906978462001084
50268,0.38095267673220484
50269,0.38845677964141717
50270,0.33303920389525066
50271,0.32976694176492016
50272,0.38739900248887593
50273,0.422536030085178
50274,0.38349489827624417
50275,0.4299629250363605
50276,0.3621827821019269
50277,0.41455287776721533
50278,0.4103118429523379
50279,0.4263123053249023
50280,0.40560211538121715
50281,0.41750239998808136
50282,0.42210017266910477
50283,0.40204958189682904
50284,0.37132505704296254
50285,0.3536497170538087
50286,0.39986494517993704
50287,0.40269486162850465
50288,0.47513903990118106
50289,0.3923160959754608
50290,0.4173412567568197
50291,0.4391794045363552
50292,0.4278862712471911
50293,0.42284119244448265
50294,0.46212494136485727
50295,0.41184051793429843
50296,0.46488909988509175
50297,0.3853419742254216
50298,0.4001441609587203
50299,0.43700351052386927
50300,0.42448011647555056
50301,0.4098696541303241
50302,0.4388338010572257
50303,0.39497432219889655
50304,0.44673353247307407
50305,0.4436506978700988
50306,0.425064508513139
50307,0.38213595585035814
50308,0.3940538043622723
50309,0.40314465449627107
50310,0.4160416242504246
50311,0.4634273990247879
50312,0.4457717599194139
50313,0.3899164532787567
50314,0.37020815069208246
50315,0.412439341011513
50316,0.40044050317696506
50317,0.4326114387366723
50318,0.34349816069011274
50319,0.40020221208855516
50320,0.3716151737945757
50321,0.406017499141491
50322,0.4220127211734133
50323,0.41451060778032284
50324,0.41111907172577977
50325,0.36732769755193906
50326,0.3982083229287121
50327,0.41078657033836147
50328,0.4437769749599842
50329,0.35183861016211687
50330,0.3728779851753332
50331,0.40694721896778496
50332,0.44301416133636484
50333,0.4011387901559404
50334,0.4228058305931066
50335,0.46649830955301236
50336,0.425008507389578
50337,0.42385745539921516
50338,0.3515069795911405
50339,0.42630344814374155
50340,0.4442732596406629
50341,0.43936010763569033
50342,0.39109424624785466
50343,0.3882110019564843
50344,0.40797001589345094
50345,0.42648507245488065
50346,0.4521571309073268
50347,0.43762859584033614
50348,0.3922905388439384
50349,0.43902012193885
50350,0.35753370359008163
50351,0.42685334494172206
50352,0.38279713564887574
50353,0.38636786989647703
50354,0.41236217111676743
50355,0.3845170432786257
50356,0.42892912784798987
50357,0.4175172264507153
50358,0.4494148396398396
50359,0.40424941256161157
50360,0.325075615843738
50361,0.4421016884121824
50362,0.36480446102000125
50363,0.44773138407933
50364,0.3508313160698988
50365,0.4120096904969832
50366,0.4223438028418796
50367,0.36594611084904466
50368,0.375678412077896
50369,0.342215890596685
50370,0.373959853767638
50371,0.38918236983577204
50372,0.39663390105307866
50373,0.4058667190580413
50374,0.4078107756882035
50375,0.4461065481891855
50376,0.44818619240971963
50377,0.3919509158191059
50378,0.37052544066716514
50379,0.39253426974566596
50380,0.37454964649665984
50381,0.4314978961880864
50382,0.3774782873317962
50383,0.4327416645208464
50384,0.3867629538064466
50385,0.40901399065446653
50386,0.4269035236838037
50387,0.39774651876189043
50388,0.41960737148844063
50389,0.42018934007303865
50390,0.3989973789220427
50391,0.3643773818377177
50392,0.3982700764103418
50393,0.36537585097866426
50394,0.41376372265847466
50395,0.43721194359328597
50396,0.42350499649452694
50397,0.35632445906771176
50398,0.40261276375429433
50399,0.38457980249305895
50400,0.39657487301171657
50401,0.39935285044593116
50402,0.386053972313083
50403,0.3941797506819152
50404,0.38254919698765344
50405,0.46917110191170414
50406,0.41001820917212656
50407,0.40226408094869787
50408,0.4079214112106385
50409,0.3841198366774885
50410,0.36298041642353956
50411,0.4096084923601293
50412,0.39721287883325346
50413,0.395383781337767
50414,0.42572390614185857
50415,0.3822339950698744
50416,0.3907095585216095
50417,0.38534993207863993
50418,0.4322386857110413
50419,0.3599938607929111
50420,0.3582348631868404
50421,0.44427299631534906
50422,0.4223040148442489
50423,0.46413518937842724
50424,0.4449818886651097
50425,0.405024811967923
50426,0.4050693757345075
50427,0.37640955130101483
50428,0.4271837881824905
50429,0.3717950897544622
50430,0.45767148168260885
50431,0.4025946504447869
50432,0.41304184350189
50433,0.34515796320035536
50434,0.4600498504840384
50435,0.4159567054147482
50436,0.3431363542384716
50437,0.4363680690483661
50438,0.4350809209242978
50439,0.42362734692006476
50440,0.42861419797617384
50441,0.39095720293691844
50442,0.3950445515447085
50443,0.4172306184468484
50444,0.4242867620456863
50445,0.391555299619838
50446,0.4564352710403538
50447,0.4250507490261888
50448,0.35266288059782863
50449,0.39736072503149084
50450,0.36237811477178206
50451,0.42882033225850624
50452,0.43241067116623766
50453,0.3994569283435263
50454,0.40249117267916784
50455,0.4404244985430547
50456,0.40093221226986936
50457,0.37620562477916847
50458,0.3604782424980436
50459,0.3763180959179478
50460,0.4048338276109235
50461,0.4229334424027405
50462,0.4284218112403666
50463,0.4519275021433953
50464,0.38846915890170924
50465,0.3473495933162025
50466,0.42794440405651285
50467,0.39467192450445715
50468,0.3894489904058698
50469,0.40272920701483367
50470,0.3961425714464373
50471,0.4027865306534788
50472,0.4512000739105806
50473,0.39620971178442216
50474,0.399969061926593
50475,0.3862527779386903
50476,0.4333047026687497
50477,0.37520981056431807
50478,0.34745317628136035
50479,0.41151525393395216
50480,0.3822695268622086
50481,0.4121549760822758
50482,0.39822347413295645
50483,0.41586724926205176
50484,0.4017217499717663
50485,0.3814037631988079
50486,0.40136012993253245
50487,0.31723771135637224
50488,0.371592922241236
50489,0.4172291973609405
50490,0.427291197615858
50491,0.41801955666195684
50492,0.3979250779284621
50493,0.4661517219952523
50494,0.41166788948370575
50495,0.39407819710550257
50496,0.38447154030374464
50497,0.4903547754156173
50498,0.4156225594048699
50499,0.3807019845456423
50500,0.36856891679096965
50501,0.39851724251724807
50502,0.3853073882907114
50503,0.4139915661837175
50504,0.4513068218208732
50505,0.42527248928196654
50506,0.3876910619336868
50507,0.36984201566336883
50508,0.39791838602436164
50509,0.3870046559194522
50510,0.43310045721022994
50511,0.4253139571038929
50512,0.40225633683382606
50513,0.41344656499875826
50514,0.43307672404976627
50515,0.3803138638870631
50516,0.3696348737861112
50517,0.36286157070766045
50518,0.43956966332681796
50519,0.40929681890861364
50520,0.4411274864862466
50521,0.47205385838398106
50522,0.39047928304377105
50523,0.4050195106595312
50524,0.45111087780399106
50525,0.3929183979881926
50526,0.43243241921393494
50527,0.42430267151961415
50528,0.42085408282672776
50529,0.43289354168397964
50530,0.39399343318918234
50531,0.41726999766523076
50532,0.4288079355544526
50533,0.4012122157599676
50534,0.40423881055992
50535,0.3890566151613977
50536,0.3866217227844443
50537,0.3657567307764934
50538,0.43438836395824504
50539,0.3772137030160086
50540,0.3999686629298729
50541,0.434981311811837
50542,0.3340472227278295
50543,0.42484231482868284
50544,0.3913635256412486
50545,0.4105359445867278
50546,0.4144371851597058
50547,0.4192924630799505
50548,0.40279674802776394
50549,0.41347397756987814
50550,0.3960219232813801
50551,0.3698325462425124
50552,0.43080188226016675
50553,0.44180982198811347
50554,0.43052617553730216
50555,0.40246469708264876
50556,0.418508013109107
50557,0.4517322898476816
50558,0.3821546206280132
50559,0.3761635861211701
50560,0.41589733940716267
50561,0.36046000300736836
50562,0.3388865759592935
50563,0.4377845082040431
50564,0.367341089086524
50565,0.4523738963713009
50566,0.40911124249993047
50567,0.3911239930385013
50568,0.3889117348614258
50569,0.41940059179435907
50570,0.37883217537743297
50571,0.42716345212377993
50572,0.40646794991482327
50573,0.4420489876294644
50574,0.41254492954858873
50575,0.472417677154925
50576,0.42600934139877267
50577,0.400583156941257
50578,0.4480323944522628
50579,0.4126928932716515
50580,0.3944909763464371
50581,0.37504923043903216
50582,0.3836081227962149
50583,0.3959026493598542
50584,0.4469112096736586
50585,0.43352055507178083
50586,0.41535457346901394
50587,0.37100099881941473
50588,0.39582845908940323
50589,0.38037312347554114
50590,0.41190329327642317
50591,0.41641228479897374
50592,0.4230752651691569
50593,0.40347364119289325
50594,0.46293697306689063
50595,0.39513170262192643
50596,0.41609920036775194
50597,0.37352508864212364
50598,0.4178004268526241
50599,0.38438399923920813
50600,0.43912283243057243
50601,0.3662689097647193
50602,0.35579168927503513
50603,0.45322358940754776
50604,0.3804080450611235
50605,0.4349324039285172
50606,0.3672813338445806
50607,0.4099887932778467
50608,0.4036105340078264
50609,0.3546824522509281
50610,0.41548857311289095
50611,0.41260038649082376
50612,0.3959223392346125
50613,0.37689994442598135
50614,0.41284635277500475
50615,0.47083902185359705
50616,0.45581229839739
50617,0.4395926528591741
50618,0.40756568109542624
50619,0.3980324600051438
50620,0.43907474692920867
50621,0.394183808997413
50622,0.4074380409560394
50623,0.4025220824424007
50624,0.45081760809361754
50625,0.43889377814943853
50626,0.31806262746930225
50627,0.41305145525962655
50628,0.3939651787429161
50629,0.34832815989242777
50630,0.4813167649022929
50631,0.3958508268342687
50632,0.4458702742521064
50633,0.42941223616143454
50634,0.37090527038621113
50635,0.4366905150031202
50636,0.43272072988643046
50637,0.3876562213085403
50638,0.3514872534946164
50639,0.409036095307762
50640,0.3877404612978287
50641,0.39471540400071925
50642,0.42107728434443464
50643,0.3706741355721179
50644,0.38009103939546257
50645,0.43751226980375024
50646,0.3887939716985794
50647,0.35540272977406345
50648,0.4577259527949309
50649,0.373681237036568
50650,0.41396344401121116
50651,0.4137141059495021
50652,0.419314481598851
50653,0.3936350013995337
50654,0.39280832417179584
50655,0.49658100231226276
50656,0.4687056649625467
50657,0.3896039324486921
50658,0.41816460338178385
50659,0.43055530168153816
50660,0.4046851463431767
50661,0.41202183981889834
50662,0.388717564535169
50663,0.37641685925049556
50664,0.43317187551263525
50665,0.4201094110981677
50666,0.41545093427414503
50667,0.40415056380186976
50668,0.3778131843513107
50669,0.4496621448803241
50670,0.3934200949508647
50671,0.38268820922745267
50672,0.39364903476077395
50673,0.3969375860663245
50674,0.36748304766706563
50675,0.4540779978738774
50676,0.4214800654247201
50677,0.437912779659274
50678,0.40330391650927916
50679,0.4036911929666916
50680,0.3855022730139008
50681,0.4091426948480064
50682,0.4467053582712304
50683,0.47467704191371063
50684,0.3685199778488894
50685,0.38449693458048695
50686,0.3965705072137226
50687,0.3750954478419551
50688,0.4109877194521693
50689,0.4438053997846525
50690,0.34762999232025715
50691,0.406863565500497
50692,0.37022940200126436
50693,0.45017000443018323
50694,0.4301711039099054
50695,0.39653170191198506
50696,0.3548899224828473
50697,0.42318491326780067
50698,0.43552755150623246
50699,0.40862391300014156
50700,0.4170349500521099
50701,0.4215996444150447
50702,0.3982798827957274
50703,0.4300907845183575
50704,0.3480726753603107
50705,0.4154563570286034
50706,0.40210039833655353
50707,0.4525053167919918
50708,0.41147461671991303
50709,0.41052056282275534
50710,0.41389789699520857
50711,0.41265391493650794
50712,0.4317680294605286
50713,0.4250690640853643
50714,0.39490581816968046
50715,0.38145394792517606
50716,0.3549589381244751
50717,0.4025254785371211
50718,0.3479725770332567
50719,0.3952648277786147
50720,0.4024640098760031
50721,0.38434877313690513
50722,0.39924531108674954
50723,0.3934325228746523
50724,0.4122136506569345
50725,0.374383304424119
50726,0.4160140408458029
50727,0.4458599141863787
50728,0.4680220772119906
50729,0.3531793913504694
50730,0.4297938064743666
50731,0.38449838793953317
50732,0.35646166739552015
50733,0.39803850731458845
50734,0.38137729443411805
50735,0.4271180443059768
50736,0.45251390867044194
50737,0.4428615740345544
50738,0.46088716078927044
50739,0.4361803053135941
50740,0.4180850173360555
50741,0.41844109436405025
50742,0.43829231959074966
50743,0.4282336251007352
50744,0.3748093118202389
50745,0.39031543986115436
50746,0.37172824641903757
50747,0.3847398175486907
50748,0.37658396246314585
50749,0.3828393188408366
50750,0.39282612613672446
50751,0.4328608208014415
50752,0.39420310096725114
50753,0.4289752967668724
50754,0.41072934179717985
50755,0.39729796755112456
50756,0.41228875665687853
50757,0.4690110937664489
50758,0.39262519636604004
50759,0.39223413175262595
50760,0.41267369374694174
50761,0.4031680112782688
50762,0.4181705493440996
50763,0.373178136148853
50764,0.37468958618784537
50765,0.43712345291260196
50766,0.34420333425589855
50767,0.4561398800139643
50768,0.43140894083798453
50769,0.437431403413491
50770,0.42886805176953385
50771,0.40386546243130517
50772,0.40405552667968253
50773,0.37450248874649555
50774,0.42408666053872995
50775,0.38388217123445695
50776,0.4543239163851906
50777,0.37870768005131294
50778,0.42779486005265716
50779,0.422887201749134
50780,0.4005511737416611
50781,0.42528631020248125
50782,0.39317770016007386
50783,0.38246950687496273
50784,0.3686902605404152
50785,0.3622916840050431
50786,0.42112571948669875
50787,0.4567397625248753
50788,0.3976154543278991
50789,0.418960071025323
50790,0.451399651567984
50791,0.3969763278797483
50792,0.3841813118280642
50793,0.36074919746990475
50794,0.3719563192530812
50795,0.4579135735330214
50796,0.367780453813477
50797,0.4499398395646022
50798,0.4324044823928871
50799,0.3960750904312526
50800,0.3913411890591622
50801,0.3938434160326573
50802,0.39086213026012484
50803,0.34893019695360805
50804,0.40276339281439905
50805,0.3500503822740517
50806,0.3937433591274983
50807,0.41248740326433425
50808,0.35386584829969675
50809,0.4208650821237446
50810,0.4218798952462571
50811,0.39038062580750854
50812,0.41711944628091785
50813,0.35760368351986066
50814,0.3548356569554522
50815,0.40640912848611405
50816,0.4193715191997007
50817,0.39928612203822067
50818,0.36647126070106767
50819,0.4382957255489884
50820,0.3648586340480208
50821,0.35864404533136224
50822,0.4581785820800359
50823,0.4276908104953868
50824,0.3816792115890274
50825,0.48742850507969215
50826,0.41456076121693336
50827,0.43826023140033815
50828,0.39393366201976704
50829,0.4212011226358679
50830,0.43302606681030714
50831,0.41709261448165175
50832,0.40797341761350414
50833,0.4408569465437667
50834,0.4389229914767884
50835,0.37963743326370303
50836,0.4447634273548444
50837,0.391914283361917
50838,0.4594795423125502
50839,0.38032498387262365
50840,0.4167295180156084
50841,0.3890962443453679
50842,0.39011172506668335
50843,0.42280858120001613
50844,0.40872004263766804
50845,0.4059936658684748
50846,0.4291992982827789
50847,0.45743801486610997
50848,0.44121955627396287
50849,0.3718150870895105
50850,0.43013680858739967
50851,0.40578597726304594
50852,0.40937966755098093
50853,0.40168334472804146
50854,0.4007265605026012
50855,0.4656035600062054
50856,0.38041444969492577
50857,0.4528510353966532
50858,0.42080869563456463
50859,0.472531024886917
50860,0.43554197367004305
50861,0.4210433940120386
50862,0.426821396722326
50863,0.41498814380867227
50864,0.4288354960854062
50865,0.40103446919280883
50866,0.4184529889432016
50867,0.4193940537211276
50868,0.43263894330554986
50869,0.3874479447422692
50870,0.40489174397493727
50871,0.41433669468045176
50872,0.4065374054746189
50873,0.4141047997659865
50874,0.39796972979294515
50875,0.39804919774808134
50876,0.39547829853881444
50877,0.3806692290225205
50878,0.38723161336987066
50879,0.3790368962183952
50880,0.3684896959651576
50881,0.376829860074663
50882,0.38560737777244686
50883,0.4081262746031117
50884,0.42045692345135666
50885,0.3866665742300034
50886,0.41491518112917064
50887,0.3698699183954534
50888,0.42487936047588104
50889,0.42860486291435757
50890,0.430791875357892
50891,0.41609425900974145
50892,0.45797413974485823
50893,0.3918810495552908
50894,0.43388151876741476
50895,0.3983503459311784
50896,0.43842819277586265
50897,0.45746295760761707
50898,0.4423970946490377
50899,0.34825573721994185
50900,0.3743428928176599
50901,0.39229271730928134
50902,0.4522244269906489
50903,0.3919839985262022
50904,0.39082565700912686
50905,0.3793746213520962
50906,0.41651766917925376
50907,0.4820757472102388
50908,0.4037202245575819
50909,0.41715864593566476
50910,0.3947380811126616
50911,0.3852480303008686
50912,0.35469496928491007
50913,0.4094466258649164
50914,0.423245447205463
50915,0.3998317254799133
50916,0.3797743391451022
50917,0.4105089868231746
50918,0.42890138014805634
50919,0.3882200954030723
50920,0.41137011942554724
50921,0.4032844684746434
50922,0.4107694555403867
50923,0.3876853923119199
50924,0.38313171930952616
50925,0.4482542118039073
50926,0.38208690656102906
50927,0.36568134616759485
50928,0.43594420973902437
50929,0.362154837034527
50930,0.41954954945914996
50931,0.395868007529534
50932,0.4489572123214129
50933,0.4303031260525136
50934,0.3927995642313172
50935,0.4101893743656847
50936,0.41042618626479943
50937,0.41376021806203545
50938,0.40430155282205826
50939,0.4370683136374625
50940,0.4171409152061271
50941,0.38647897718312624
50942,0.374487114771702
50943,0.4534279343362754
50944,0.4131150833694116
50945,0.4287410511256097
50946,0.41227686705378763
50947,0.41881305572014155
50948,0.43252069875705434
50949,0.4066104581782243
50950,0.3655032831998577
50951,0.3937709617892329
50952,0.3583416687216574
50953,0.3875201326686636
50954,0.38238640406477253
50955,0.3631091803394807
50956,0.36954277789186424
50957,0.42157567515618644
50958,0.37610387996926053
50959,0.40395029038835734
50960,0.3981773976340774
50961,0.4463418609954213
50962,0.4257400017379569
50963,0.4567841758083314
50964,0.40472393849725874
50965,0.41665626112637144
50966,0.42583295678037963
50967,0.3943418451688873
50968,0.41351239873100165
50969,0.39901423688208665
50970,0.4103288494804316
50971,0.4125832555645935
50972,0.3997167259941904
50973,0.3549661871709014
50974,0.38066626243505186
50975,0.4590146494380686
50976,0.39680086295125655
50977,0.4601313580268947
50978,0.48612019426742525
50979,0.4388335843739845
50980,0.40713961139618626
50981,0.4304314435078424
50982,0.39222825322347554
50983,0.38022616755355776
50984,0.4183604287246767
50985,0.3935387663679236
50986,0.45809558518774085
50987,0.3747258669346466
50988,0.4033328786143598
50989,0.4359612862978178
50990,0.381741146068377
50991,0.429651792251203
50992,0.39842891737465785
50993,0.422755096066024
50994,0.38871143361458627
50995,0.3796493802005559
50996,0.406172161107487
50997,0.3815394308483782
50998,0.4042118812304682
50999,0.3591995246295321
51000,0.39597900021726534
51001,0.42773274717436716
51002,0.3980554109837551
51003,0.3935512376754433
51004,0.4024561277880742
51005,0.36902900617585777
51006,0.3933512730762871
51007,0.3314842827564191
51008,0.38746527707621936
51009,0.37289870880936565
51010,0.4206696930699317
51011,0.37494060269480617
51012,0.3651708853584831
51013,0.4213180225730918
51014,0.3940790660845551
51015,0.43791096276213165
51016,0.37271194922738426
51017,0.4283950252634425
51018,0.3890193809973065
51019,0.39859987112767875
51020,0.4285895267606542
51021,0.3668968375818811
51022,0.38289431784008693
51023,0.4080065988910846
51024,0.4290041133936329
51025,0.41175533893277283
51026,0.383703562911455
51027,0.41517982426288197
51028,0.36873678929896375
51029,0.3842263421087078
51030,0.4355063853687025
51031,0.4527080374107497
51032,0.3900251745509308
51033,0.4036212117490833
51034,0.40532643044695443
51035,0.41968434529818666
51036,0.41824069560633614
51037,0.4455242005010654
51038,0.3977181594626017
51039,0.42663989558670745
51040,0.4154779379513628
51041,0.40801448666625756
51042,0.39418088227303644
51043,0.44578107519647797
51044,0.35271498299625237
51045,0.4044396924204553
51046,0.3767543091639876
51047,0.4080460571678885
51048,0.41803599519309387
51049,0.40795493764421575
51050,0.3907591868694792
51051,0.3374628333848598
51052,0.373571824750513
51053,0.4465285598762012
51054,0.3788440489573843
51055,0.4283211177487666
51056,0.3621043130527044
51057,0.4442398772478001
51058,0.42663068354906886
51059,0.37856427351872757
51060,0.39919752091148664
51061,0.35641743982220614
51062,0.4590815868033821
51063,0.4154252149235854
51064,0.34345149132993746
51065,0.3845499549585032
51066,0.4770365590153601
51067,0.308426460564323
51068,0.36495853750630874
51069,0.39730709290801985
51070,0.37578685358513986
51071,0.3870457168771039
51072,0.4116266689534281
51073,0.4139003529148142
51074,0.435043583359348
51075,0.3551323410855778
51076,0.3827052825696942
51077,0.40258469372901845
51078,0.42208572440699604
51079,0.40328725556332334
51080,0.424573200385164
51081,0.3777217334270037
51082,0.3666243234666204
51083,0.38022707649560444
51084,0.4392171965721196
51085,0.44276259642265947
51086,0.3894471012019504
51087,0.4084075544394737
51088,0.3760687019025995
51089,0.46093897912938653
51090,0.4442355579706794
51091,0.4018110926553236
51092,0.4287728448787982
51093,0.39769001094510725
51094,0.40419108319344665
51095,0.422696662415073
51096,0.38703549716084606
51097,0.36602793627716723
51098,0.4169878770304394
51099,0.38539921802806926
51100,0.43149817648395566
51101,0.4103905410925213
51102,0.3954985538920371
51103,0.405745486239526
51104,0.42190819971443155
51105,0.40624537365709057
51106,0.3970433941078958
51107,0.38270696905318424
51108,0.3563249494872288
51109,0.459735156742264
51110,0.3836701095077822
51111,0.40727460274707683
51112,0.394979255892416
51113,0.4328686354339833
51114,0.43744928394918653
51115,0.49815641557691803
51116,0.3922324085582795
51117,0.46120605830325967
51118,0.4488132360283277
51119,0.40921941856575605
51120,0.4608688518628309
51121,0.40064734331635415
51122,0.42038108056816803
51123,0.35046314348668917
51124,0.4084368408881045
51125,0.39528539147867664
51126,0.41548634789115024
51127,0.4066198923060095
51128,0.427538968224741
51129,0.41243494479630355
51130,0.44715678721613455
51131,0.42930677751760365
51132,0.43482925295523706
51133,0.39795795539654794
51134,0.40411681237611563
51135,0.3672891283121629
51136,0.45353655060735776
51137,0.3659043863712105
51138,0.3788826981825554
51139,0.4070828012962363
51140,0.40930988456052986
51141,0.39765296290165375
51142,0.40101051155594464
51143,0.35418497452784614
51144,0.4205729579488409
51145,0.46056226865949096
51146,0.41561282170759034
51147,0.39143034303544194
51148,0.3875198356817767
51149,0.4309212798070517
51150,0.3991938664839512
51151,0.3949466344690725
51152,0.37100103228069803
51153,0.36965930121057633
51154,0.4723671127249567
51155,0.3947858525180275
51156,0.39517680330913735
51157,0.4499670709451073
51158,0.404943848031147
51159,0.3826537121591905
51160,0.404542396585409
51161,0.3905261052680005
51162,0.39635967624465723
51163,0.40056861077788036
51164,0.4318144166040937
51165,0.411420142525514
51166,0.4324091567416405
51167,0.3968402143594587
51168,0.42395192063753806
51169,0.38516912745424664
51170,0.3742103594940559
51171,0.4201626715565767
51172,0.40495821795069964
51173,0.40104611688513764
51174,0.38153008461698573
51175,0.39523564294118785
51176,0.4491654887454508
51177,0.36609778189545855
51178,0.38182961325221165
51179,0.4239151838268021
51180,0.3910978761681795
51181,0.3706428205738563
51182,0.39360614205164307
51183,0.39562657316008615
51184,0.39983679499005426
51185,0.4141408236173775
51186,0.3820103979991014
51187,0.386089611982934
51188,0.430527497384363
51189,0.4744894354547105
51190,0.43942070780278264
51191,0.44213249149758355
51192,0.3507783178661148
51193,0.3729281064403272
51194,0.3760605855472912
51195,0.384047330026433
51196,0.37822306165680225
51197,0.42689420690877
51198,0.39357179269754516
51199,0.3995534059403339
51200,0.4644448766574208
51201,0.4187631564278083
51202,0.4475309875036528
51203,0.44863630682607414
51204,0.4095466819403865
51205,0.38927292808040065
51206,0.4248745397884182
51207,0.45503180428594103
51208,0.45205434888639556
51209,0.35918148943658335
51210,0.38354922143183556
51211,0.3806131906162975
51212,0.4327423722871449
51213,0.37960967123241224
51214,0.395762633525177
51215,0.3813816461936754
51216,0.45909214448337016
51217,0.3663287813305829
51218,0.4238192738747359
51219,0.398063326343909
51220,0.35178551073192765
51221,0.41100922197303175
51222,0.456645814647999
51223,0.41307531596988706
51224,0.37448180936514336
51225,0.4236643594309191
51226,0.39157139678224245
51227,0.4118275683424367
51228,0.39335784851194516
51229,0.3849707389181401
51230,0.39889860599848087
51231,0.363736762203334
51232,0.38205309555949807
51233,0.4109957035845794
51234,0.3692234727036563
51235,0.4112165309940051
51236,0.43548754034018605
51237,0.3584845709685144
51238,0.3978751526421506
51239,0.4232797524255357
51240,0.46341591820239125
51241,0.3873244758295259
51242,0.4445604948579301
51243,0.4311185721542544
51244,0.43925595826807645
51245,0.44563737075691284
51246,0.43113007263735664
51247,0.41803166817032933
51248,0.40501912166789145
51249,0.41921474928081337
51250,0.35899401678840237
51251,0.4095104419337162
51252,0.38721111468976765
51253,0.35714686734206696
51254,0.39472927159328774
51255,0.39024126869970854
51256,0.4331649151102382
51257,0.40989013255683804
51258,0.42696134434945443
51259,0.4507380865875775
51260,0.4515973783467045
51261,0.435808456115377
51262,0.4283253501812077
51263,0.4152927533624977
51264,0.3722781380686653
51265,0.40171127006665375
51266,0.4202851023835362
51267,0.41338463079973176
51268,0.4340500203616488
51269,0.4462410294442677
51270,0.4344245396902578
51271,0.4159548259290186
51272,0.4111872407179149
51273,0.40412433381785556
51274,0.3741160320475198
51275,0.37750783380959135
51276,0.4176223654511689
51277,0.3926923468106981
51278,0.42147560386586774
51279,0.4049757632529669
51280,0.43596035459109034
51281,0.41782123408471156
51282,0.4258095380038848
51283,0.4336315730056149
51284,0.346911552276569
51285,0.394165246375637
51286,0.40225158101416425
51287,0.42390916518117144
51288,0.412704695549773
51289,0.42826355180651465
51290,0.39432504849543015
51291,0.47928157668641197
51292,0.36609009486252914
51293,0.41503811360914183
51294,0.4532833710743408
51295,0.4443398641780249
51296,0.4051376011440719
51297,0.42837266114498057
51298,0.3937310348370658
51299,0.3914062520335797
51300,0.4524483591442963
51301,0.4358059529725266
51302,0.3579298378950182
51303,0.40019442424216933
51304,0.36501166047755296
51305,0.4492598476257289
51306,0.41829881494902726
51307,0.423457833413307
51308,0.4181502604814245
51309,0.4127452676844481
51310,0.4326081743417178
51311,0.3607162762740639
51312,0.4269506083690208
51313,0.43594982067141297
51314,0.4385954858877326
51315,0.4077910833315303
51316,0.3930487735158788
51317,0.43403177259051273
51318,0.44013026653233095
51319,0.4000887480877285
51320,0.4202037913320074
51321,0.38506327260064
51322,0.4245807783307528
51323,0.4197959472281968
51324,0.44832674835639125
51325,0.45623642568522077
51326,0.38053970627663564
51327,0.43273279987266644
51328,0.43026811224499173
51329,0.4138702658447794
51330,0.39903974665633923
51331,0.4075125217365289
51332,0.3266118694171576
51333,0.424588112661378
51334,0.36076774433685155
51335,0.3858090811708126
51336,0.4167601567418222
51337,0.41463033749143674
51338,0.4173502244439628
51339,0.38175816835221243
51340,0.416549114481343
51341,0.41845114263698363
51342,0.4181221320518801
51343,0.4559719120794143
51344,0.38587695893801705
51345,0.38683304227104576
51346,0.3897361900330364
51347,0.4242245679226081
51348,0.3720057673076095
51349,0.40888194046872134
51350,0.344306777329245
51351,0.4192031967882744
51352,0.3888329182948588
51353,0.40590955118268923
51354,0.45681244709883634
51355,0.41278728331255987
51356,0.3824969359363119
51357,0.41113170487801626
51358,0.4179703592088322
51359,0.385565816881656
51360,0.39932752935514043
51361,0.3938743128430423
51362,0.4623528374771055
51363,0.36618251054001055
51364,0.4277815200642439
51365,0.4268417835422437
51366,0.3974230377531267
51367,0.4172992536873045
51368,0.35853529549371477
51369,0.44043368969206037
51370,0.4765011914613695
51371,0.38628969779875366
51372,0.4010645018694663
51373,0.4691585112317545
51374,0.3713371099792635
51375,0.4143789424550453
51376,0.3986120837724789
51377,0.43766327486039547
51378,0.41618773761744754
51379,0.418025097712603
51380,0.3732336882757554
51381,0.3779380434481014
51382,0.4236949459824976
51383,0.4325941674517147
51384,0.3765159492769142
51385,0.4254431983385338
51386,0.3721722919858355
51387,0.42996370655796934
51388,0.46552338554359274
51389,0.3664680405899739
51390,0.40870960039719434
51391,0.3622218216442331
51392,0.4275441382919462
51393,0.4043653472152588
51394,0.3280845667942735
51395,0.42355942711016914
51396,0.46872666536513646
51397,0.4286121554606215
51398,0.4415431824994759
51399,0.3566277902420907
51400,0.39243501628437866
51401,0.3851014394270654
51402,0.4344871069844056
51403,0.4157035218538893
51404,0.4218828148062721
51405,0.38559553410251884
51406,0.39497120200330915
51407,0.44445570083976516
51408,0.41095896874464366
51409,0.36926955969997616
51410,0.4092011355729762
51411,0.3622847544055806
51412,0.4041587153906552
51413,0.38843670301195865
51414,0.3763867418635566
51415,0.39042301355494785
51416,0.3808932287638578
51417,0.4075603597025549
51418,0.39687238242686673
51419,0.4121025639483261
51420,0.34317071061776844
51421,0.35669954078119737
51422,0.3966474619165356
51423,0.34992813103448206
51424,0.38450766191136126
51425,0.42387279571785796
51426,0.3889532454135309
51427,0.4132764851433162
51428,0.40280225857675434
51429,0.38172286059445726
51430,0.38873790793030844
51431,0.3972424016982907
51432,0.36994826637715683
51433,0.40560985555221224
51434,0.42565644445625395
51435,0.42545529747966765
51436,0.42281863423498994
51437,0.4560533423520027
51438,0.4316398867756549
51439,0.37643345878540774
51440,0.4070175122902126
51441,0.43660350758001965
51442,0.4093034944910453
51443,0.4498256055508488
51444,0.3958227867773417
51445,0.42143825884303304
51446,0.42351681051399725
51447,0.40161360549335534
51448,0.40218786807999574
51449,0.40355162633571473
51450,0.4384107501138954
51451,0.4538559643119477
51452,0.4388771602320501
51453,0.328112507671469
51454,0.4162783385373278
51455,0.39835022598971154
51456,0.4672483250877778
51457,0.36946176417225596
51458,0.40567427625132557
51459,0.4193252725924928
51460,0.42640633835512204
51461,0.3526498489934954
51462,0.41523547417074375
51463,0.4389030775410686
51464,0.4098867992056626
51465,0.43282580983872754
51466,0.40437090900575084
51467,0.4095305522910016
51468,0.39240658295923564
51469,0.3476088947145483
51470,0.44101500175320235
51471,0.41738676787031576
51472,0.3578976822481515
51473,0.45448922301795874
51474,0.4414922564163969
51475,0.4607271445603435
51476,0.3966476223891272
51477,0.42963829658666647
51478,0.412437617015594
51479,0.4050181373863764
51480,0.3925275590271972
51481,0.4607390561887471
51482,0.46977420560509314
51483,0.38087480313482935
51484,0.39208753489394943
51485,0.3872011541959939
51486,0.44536019104880437
51487,0.4129473853379862
51488,0.4411913487607655
51489,0.42200664418177386
51490,0.4432789444588089
51491,0.3699453241829372
51492,0.4333128586894601
51493,0.46121839317557195
51494,0.38583408253690327
51495,0.4256558030433052
51496,0.37506702639232625
51497,0.3632490049537908
51498,0.3770482612260457
51499,0.46523515775579277
51500,0.4393235528567948
51501,0.42388592348792636
51502,0.3860268421140135
51503,0.44142287069924646
51504,0.4266339630592675
51505,0.4289343335286256
51506,0.43588314804522993
51507,0.38025670125933847
51508,0.3712625625738629
51509,0.4443180267662229
51510,0.4391306593839359
51511,0.41553962747697537
51512,0.46751476166237466
51513,0.4425785116518151
51514,0.3857638607901959
51515,0.40334273431559764
51516,0.44662187919273794
51517,0.45961413874608226
51518,0.40967195107408577
51519,0.46084992055201773
51520,0.41404490805580296
51521,0.3515307988085299
51522,0.41543782270080976
51523,0.4454989472333677
51524,0.4268051344621142
51525,0.40358569762351
51526,0.3902769273589169
51527,0.3879638170973687
51528,0.3700282214571229
51529,0.3730435572174742
51530,0.3757168642442793
51531,0.43831886584834995
51532,0.4022717924490421
51533,0.37207942694161267
51534,0.40886495604459644
51535,0.3758666229444187
51536,0.43003418561281403
51537,0.4794913010101022
51538,0.4278914808115972
51539,0.35989256537177683
51540,0.3801634487070194
51541,0.42551353902938355
51542,0.4397221996830289
51543,0.30275373841967845
51544,0.4471897923936817
51545,0.42460962645810624
51546,0.3841989878321316
51547,0.3842437116414977
51548,0.42553390286285997
51549,0.3928037682014056
51550,0.4601407044104905
51551,0.44151650841287676
51552,0.4080097629411504
51553,0.4220253089342914
51554,0.4004578271895909
51555,0.41552748997437505
51556,0.4024258655238274
51557,0.4139755625268689
51558,0.45156963753720675
51559,0.3748244237284734
51560,0.35377200755593685
51561,0.40992251894819914
51562,0.4399169765626303
51563,0.41322994676920427
51564,0.4007976151584753
51565,0.42812556611068964
51566,0.45129696977088024
51567,0.3936689780552386
51568,0.4198293220992444
51569,0.39214701667342655
51570,0.42238793760051174
51571,0.37502722757136764
51572,0.42676618302976105
51573,0.3892764860440327
51574,0.4290015103681215
51575,0.38245434753945096
51576,0.3590818538849616
51577,0.416666837472892
51578,0.4337750178109912
51579,0.3971663515964721
51580,0.40120081261641466
51581,0.35471729999803825
51582,0.40989976572463843
51583,0.4204665872864382
51584,0.4036138688590956
51585,0.4261466355620885
51586,0.4140866305804381
51587,0.3689169946248899
51588,0.3812432222065631
51589,0.36797090565767077
51590,0.44349432908106573
51591,0.38996116380937645
51592,0.4222276398698592
51593,0.3846113091213396
51594,0.383021308766601
51595,0.43420971419748344
51596,0.42794952277371257
51597,0.38702129236996524
51598,0.39099030274722685
51599,0.38641225210852725
51600,0.4109995378198426
51601,0.44731551551441584
51602,0.37356731803685217
51603,0.37854720924577323
51604,0.4273125895807349
51605,0.3899142352235947
51606,0.4140785842808861
51607,0.4789476770814146
51608,0.48334787453481004
51609,0.3519618196950748
51610,0.340918693709304
51611,0.3930979897818247
51612,0.4156017751871134
51613,0.42475381684396624
51614,0.43485090206227595
51615,0.36549567051202814
51616,0.39442259436380617
51617,0.4399528564875597
51618,0.40067096501457383
51619,0.41142456161855395
51620,0.4415126320747361
51621,0.42893383993701795
51622,0.3755118401939177
51623,0.39482853085259223
51624,0.39071348527278615
51625,0.44261283986715216
51626,0.4162510717211073
51627,0.39974534245515775
51628,0.404180837061328
51629,0.39829815993319573
51630,0.4196628848308005
51631,0.43013956410051596
51632,0.39523295905141365
51633,0.42629907331821254
51634,0.3861177107296806
51635,0.38843147241100917
51636,0.3667689773196423
51637,0.371758522393716
51638,0.39238774518746977
51639,0.38917944692542916
51640,0.4387728959052118
51641,0.3617292601227125
51642,0.3913686639694379
51643,0.44080495862185876
51644,0.39826657221102835
51645,0.36865232995227737
51646,0.4168729908919801
51647,0.4628532295332124
51648,0.4236564103793351
51649,0.3526221174734771
51650,0.40555208328428755
51651,0.3963396140344207
51652,0.39027648534721815
51653,0.3820157662376592
51654,0.36522596509438265
51655,0.3930987030831386
51656,0.39819477950952636
51657,0.42512944117899065
51658,0.38520826114964823
51659,0.3777916595865472
51660,0.3909019386271937
51661,0.4402227776554296
51662,0.39453798421533076
51663,0.3558881337524187
51664,0.3614541712625844
51665,0.3786217165818046
51666,0.4054980136121831
51667,0.4242173775724994
51668,0.4416116257070114
51669,0.3948209247743823
51670,0.42205460846993986
51671,0.3861255244861182
51672,0.4601344528960344
51673,0.4137752189997628
51674,0.4020536178411596
51675,0.4655731205540299
51676,0.3927694684866094
51677,0.4253206629257115
51678,0.4815245000867012
51679,0.39748470080643006
51680,0.4567545066771702
51681,0.3741968898753883
51682,0.4115702884973025
51683,0.38495323094751727
51684,0.3738827387291495
51685,0.38866584388974595
51686,0.3818981779952418
51687,0.41212428382190003
51688,0.4425254019145245
51689,0.39392046833190464
51690,0.3772456359127343
51691,0.3748383366513204
51692,0.40329673253211074
51693,0.41882431758304384
51694,0.4126950345490178
51695,0.35846864219908947
51696,0.4104855888594501
51697,0.3940360297565121
51698,0.4119692783036863
51699,0.37350763202278553
51700,0.3652983050844321
51701,0.4403012372997837
51702,0.3425231743687614
51703,0.40613690770356675
51704,0.3686935417030895
51705,0.42104501074121253
51706,0.3822173448158829
51707,0.4742107843966181
51708,0.41895693158138747
51709,0.38271996218526394
51710,0.39513403576163064
51711,0.4410625278962233
51712,0.4224275721978874
51713,0.39291427636974113
51714,0.4098995169710978
51715,0.45258136823563844
51716,0.3965527867410688
51717,0.47405351223228304
51718,0.39927688260664956
51719,0.40352879613995807
51720,0.44158827019198155
51721,0.4375292134101084
51722,0.4063413174103558
51723,0.37870851708192005
51724,0.4789312351239923
51725,0.3672576594997869
51726,0.41143806857151655
51727,0.38494185665841835
51728,0.3825545838808823
51729,0.46084698130648877
51730,0.3950980508443146
51731,0.3781390367595563
51732,0.4574206745319035
51733,0.39300119006067624
51734,0.4284952872006398
51735,0.4141837846998257
51736,0.41638564180577353
51737,0.42705142689319164
51738,0.3975770135782603
51739,0.4547110935219111
51740,0.43389305003076545
51741,0.3830721718212057
51742,0.40626769539771274
51743,0.43323560379230325
51744,0.3720819740329766
51745,0.41416082137998683
51746,0.4309145151313279
51747,0.33484626647054894
51748,0.42943118432181915
51749,0.38575895400129134
51750,0.38262484923394574
51751,0.39580877957222693
51752,0.41093782732630446
51753,0.40922443904264416
51754,0.4222733717962348
51755,0.4236339644240029
51756,0.4555456264742211
51757,0.42730250875350617
51758,0.3969106330981203
51759,0.3955225673319221
51760,0.3368972482124778
51761,0.40963309497164213
51762,0.4347480111652788
51763,0.396948567466625
51764,0.4441930920950928
51765,0.4418458815440551
51766,0.3827314049249037
51767,0.3956303783262777
51768,0.34142884392943507
51769,0.4117404552189411
51770,0.36762265573489694
51771,0.3752634065125194
51772,0.44891263147166766
51773,0.4382329310429021
51774,0.36946252330702056
51775,0.4415646495022403
51776,0.3832676922774655
51777,0.4307634356561183
51778,0.38384746970335254
51779,0.44004120349151093
51780,0.4077727570487089
51781,0.4446149534985193
51782,0.4373356912234396
51783,0.367792831071603
51784,0.46002840844849197
51785,0.3746518485117152
51786,0.4690928642250305
51787,0.4020054677527137
51788,0.38842158217795003
51789,0.420355555641005
51790,0.36204301237350994
51791,0.38695368493113647
51792,0.42322556942856016
51793,0.43860633772209223
51794,0.40676709063184874
51795,0.42698317538135544
51796,0.40143249227937616
51797,0.39312588621938493
51798,0.4355037191335747
51799,0.3510911497115225
51800,0.401348224742317
51801,0.4329699393016399
51802,0.46184500777613147
51803,0.36372951359727435
51804,0.3918267765868865
51805,0.41222547117192165
51806,0.413831724438103
51807,0.4155097555292904
51808,0.40489419492771106
51809,0.3746011862201503
51810,0.4172790704983028
51811,0.39087352998840497
51812,0.3299515984626951
51813,0.40552426632075494
51814,0.4407081687063675
51815,0.4433053026519173
51816,0.37830384341904355
51817,0.33604486219741947
51818,0.4333360821989272
51819,0.3750425604664952
51820,0.419200014916807
51821,0.36793433816791565
51822,0.4085857237036154
51823,0.41221596418707457
51824,0.40033825669315465
51825,0.3936718990177977
51826,0.38364924585980814
51827,0.40895979036476315
51828,0.4323838061543658
51829,0.3850948618503977
51830,0.393541618653042
51831,0.33347401128155024
51832,0.3989881653855408
51833,0.44270911268696744
51834,0.4085475423058335
51835,0.43592147495299527
51836,0.37766935288534564
51837,0.39377233836801584
51838,0.398240285637548
51839,0.43054401569560624
51840,0.40686081186683515
51841,0.4356966456343511
51842,0.4158182695452523
51843,0.40619829576595207
51844,0.41459024497678976
51845,0.3907917128899913
51846,0.4174503977414264
51847,0.3393143873482354
51848,0.42769503282154975
51849,0.38004196868549417
51850,0.42357778414264025
51851,0.4112580197178118
51852,0.4296867674848673
51853,0.4310833767873611
51854,0.41296990007055334
51855,0.42596351420143513
51856,0.4429789102464464
51857,0.4663444865541413
51858,0.4562169868892787
51859,0.45721601526038114
51860,0.39347241554649587
51861,0.3944507072583223
51862,0.3949924168167749
51863,0.44832461909453336
51864,0.4098920514929674
51865,0.43234699437699464
51866,0.4223340346454838
51867,0.43258337205660735
51868,0.46691467075864257
51869,0.425867117396924
51870,0.45257151933533163
51871,0.3889059287278463
51872,0.3528184804667194
51873,0.4233081440736677
51874,0.4369489901693369
51875,0.4289820627250117
51876,0.43101004771393364
51877,0.40841647764127775
51878,0.385443352677463
51879,0.417736813408079
51880,0.43814067368971876
51881,0.39155702808976034
51882,0.3616976213323028
51883,0.4298763935962424
51884,0.4123789394888469
51885,0.3878263311849055
51886,0.42863433354928065
51887,0.4611421521776351
51888,0.4117213344055124
51889,0.3917510804105237
51890,0.43852917977656447
51891,0.42017056164741085
51892,0.403894949569498
51893,0.4467475202450053
51894,0.41998359628592025
51895,0.3851543186933309
51896,0.4319078289532807
51897,0.4210098915878303
51898,0.4580116089943935
51899,0.4985315242629765
51900,0.4411601694074548
51901,0.4268123637923448
51902,0.4187884631842452
51903,0.382437892734287
51904,0.42439092868398165
51905,0.38984709162079956
51906,0.4088123115055348
51907,0.4215118914696281
51908,0.39436419274961565
51909,0.4165029061026767
51910,0.4490554490899972
51911,0.3868561094468297
51912,0.47619141703087836
51913,0.4295372104301355
51914,0.36637418171351166
51915,0.3683035514286608
51916,0.35913822299410886
51917,0.4120476355275166
51918,0.44999801582052995
51919,0.3765733091759785
51920,0.3777508754848565
51921,0.4211877916267908
51922,0.4474815413959721
51923,0.3994371962026013
51924,0.4595889789286639
51925,0.4162601835474204
51926,0.4021837297895454
51927,0.46299918586016775
51928,0.37494426881115234
51929,0.4093676527330812
51930,0.4254342538198537
51931,0.4035354911265097
51932,0.4196012669273199
51933,0.39234525957139893
51934,0.44493725701801523
51935,0.3657401803449308
51936,0.3759580371300198
51937,0.4101076331603127
51938,0.4228449035366172
51939,0.43065904803085764
51940,0.40019808545889396
51941,0.4060459171258232
51942,0.4349604006734864
51943,0.36992692899390045
51944,0.399191444502198
51945,0.4083538815461149
51946,0.4257507564069992
51947,0.40451416455225075
51948,0.40853496948392326
51949,0.4298339681621223
51950,0.4330427292035958
51951,0.3798660624689148
51952,0.45232020103736487
51953,0.3946766957625109
51954,0.45687852984915417
51955,0.42966456978587614
51956,0.4358693074646407
51957,0.4232574530541992
51958,0.4517923497951437
51959,0.34616299181840604
51960,0.40959618104143347
51961,0.41733291442344383
51962,0.41905049693203
51963,0.41444321649384336
51964,0.4188349508598881
51965,0.3887798712040834
51966,0.41259444565302783
51967,0.46748110708095914
51968,0.4574694293883582
51969,0.3772855776898407
51970,0.4148009965927582
51971,0.4094031639758058
51972,0.3977313406509467
51973,0.41695947495623953
51974,0.38181365034201264
51975,0.4078911036842689
51976,0.4376680395553545
51977,0.4676066987512965
51978,0.4066313624340066
51979,0.413106112042694
51980,0.4057932051276683
51981,0.352176569939321
51982,0.4139602692975578
51983,0.40129299262732954
51984,0.4294543006810281
51985,0.41341757061178785
51986,0.416197444014802
51987,0.3462103643080356
51988,0.44553884198875676
51989,0.43330869382440135
51990,0.42949760861704783
51991,0.4042550632825594
51992,0.3977052906358448
51993,0.402190462202007
51994,0.39006210355398346
51995,0.4121546094607043
51996,0.42732383489075976
51997,0.4055605670088309
51998,0.4083453071879799
51999,0.4016067788998078
52000,0.476944018186353
52001,0.3821085013104907
52002,0.43789992531292626
52003,0.4119518313923753
52004,0.3957248317220461
52005,0.4358841029787965
52006,0.3522502707315929
52007,0.40065275599906874
52008,0.42051188429360525
52009,0.37823020448829814
52010,0.42640033406197864
52011,0.3920352724798684
52012,0.38711433227894376
52013,0.38440598623526134
52014,0.41027403236696214
52015,0.43984374473143656
52016,0.38792308580524376
52017,0.37842427127739864
52018,0.3389982154197264
52019,0.4404869461434817
52020,0.3758853113131029
52021,0.4010041961436485
52022,0.4005350480294468
52023,0.36378473048935045
52024,0.32274317915606654
52025,0.392410246943973
52026,0.3876538283979016
52027,0.48182611519715457
52028,0.39312469070694467
52029,0.44133132948196613
52030,0.4234462832850321
52031,0.3146871725311076
52032,0.4342076147602506
52033,0.4760709466469853
52034,0.3509853055051956
52035,0.407174862018778
52036,0.40917243533278685
52037,0.39859480548115006
52038,0.43952542876711476
52039,0.4076818742100396
52040,0.38314658239290833
52041,0.43174610757763354
52042,0.45475054204463927
52043,0.4040384687822152
52044,0.37861056086007405
52045,0.4543862191255878
52046,0.4235983826831274
52047,0.4027982435612492
52048,0.4183126438004344
52049,0.38596766244129604
52050,0.3880829743969107
52051,0.4396336150829211
52052,0.4366998161251216
52053,0.3934341532354714
52054,0.44816323046618994
52055,0.4319302859233983
52056,0.36951226713831276
52057,0.4256499391040047
52058,0.4246453079898368
52059,0.4279905715199228
52060,0.39275589828054575
52061,0.4382468150154001
52062,0.4062555192963313
52063,0.43772030905306913
52064,0.38250298119501985
52065,0.41227124541954263
52066,0.3843205102639683
52067,0.4216173852400005
52068,0.37058950947245883
52069,0.36020960758872456
52070,0.39667182512471816
52071,0.4426303233623794
52072,0.45745581342603026
52073,0.4243883465018545
52074,0.4455924937717277
52075,0.36762518276928585
52076,0.3912865573257761
52077,0.42491306412461094
52078,0.5062570384342235
52079,0.4589621242057459
52080,0.42516258023737935
52081,0.4145133762662383
52082,0.4234910168565109
52083,0.41893590722871066
52084,0.448460035713152
52085,0.4578199843959526
52086,0.41780971606173334
52087,0.38465597075218966
52088,0.3427515871548955
52089,0.38281494305746194
52090,0.3599240089301536
52091,0.3803587477137999
52092,0.38390288586973914
52093,0.365177765993249
52094,0.3806626849645924
52095,0.41094418168455105
52096,0.3998074657319141
52097,0.3999591176449342
52098,0.3736996204299959
52099,0.40240943984995337
52100,0.41215911351007006
52101,0.43665794534101715
52102,0.4206969921408638
52103,0.36896710494627627
52104,0.40939885906652623
52105,0.42375108162571024
52106,0.35672819693120816
52107,0.3993843460735977
52108,0.38180598983844316
52109,0.40888861529524106
52110,0.41990160813974575
52111,0.38847815225078697
52112,0.418623590555674
52113,0.4081466913441557
52114,0.4152900008151946
52115,0.4134310857067048
52116,0.4302898653900274
52117,0.3720382160396017
52118,0.4230668231599488
52119,0.43392996008610424
52120,0.4335187620130508
52121,0.3819420172932639
52122,0.39853644339184024
52123,0.40532333579821084
52124,0.41087597239544843
52125,0.3942887306759994
52126,0.4310483593951729
52127,0.356210860004245
52128,0.4524810130471627
52129,0.416455669289949
52130,0.4010207236646696
52131,0.43089565560749715
52132,0.4142739069128116
52133,0.44710393338026916
52134,0.3992768105050034
52135,0.38334846809104206
52136,0.41143522375896163
52137,0.46062168347265725
52138,0.40401440179035975
52139,0.4224036594137188
52140,0.4138856792456619
52141,0.38021009878449674
52142,0.4446459832129006
52143,0.38065410497034663
52144,0.4610422845973487
52145,0.42780498375415366
52146,0.38233288315987213
52147,0.4398375082496445
52148,0.48420817711235387
52149,0.4233489543156855
52150,0.40765755271754667
52151,0.3804328648890269
52152,0.4643312642208698
52153,0.41031267951257344
52154,0.44507146609901854
52155,0.336394321517673
52156,0.3840353577569454
52157,0.39510304908259714
52158,0.38651463375115536
52159,0.3782191946056016
52160,0.4213759429417517
52161,0.3764733106124013
52162,0.38995446515257554
52163,0.4250758548044686
52164,0.3923029310632975
52165,0.39555050905492956
52166,0.39064406992647277
52167,0.48063080054198326
52168,0.35929853610106766
52169,0.3941125907502116
52170,0.33409573693300487
52171,0.41231458403806936
52172,0.4623801833705988
52173,0.4118235649432685
52174,0.3722373453622724
52175,0.4622908891108283
52176,0.43454725242637454
52177,0.3819999019005969
52178,0.38261030806369356
52179,0.3915721053770896
52180,0.41961329514550694
52181,0.4023199519899533
52182,0.36729072577095645
52183,0.40630093043798493
52184,0.3783405010392873
52185,0.407406226160148
52186,0.3983774159381542
52187,0.42193857109112076
52188,0.4379001597385009
52189,0.38869555137691214
52190,0.37934812330487083
52191,0.4053077979452397
52192,0.42515514797335285
52193,0.44131783302205363
52194,0.43565865703766204
52195,0.38160767008483165
52196,0.3881564443917942
52197,0.4033157183934094
52198,0.39258717305584934
52199,0.42612950503435454
52200,0.4400806484273428
52201,0.4369887561739307
52202,0.41297907305803966
52203,0.3748916532219907
52204,0.4550410429689335
52205,0.40045250850721403
52206,0.40757236171353944
52207,0.3862076751619732
52208,0.41765197161375744
52209,0.42196604335787596
52210,0.4020766815264917
52211,0.43854021936992643
52212,0.4157134540180039
52213,0.3937601844706306
52214,0.45240762895065073
52215,0.39702995277008235
52216,0.4172284928954225
52217,0.36960988066182693
52218,0.3439680011955037
52219,0.41626305714980905
52220,0.3887073514294507
52221,0.38330092301109936
52222,0.37503648483301105
52223,0.3755636904738769
52224,0.3804970112565018
52225,0.4243755114292113
52226,0.38936859004546276
52227,0.3574444068343543
52228,0.4019720510387045
52229,0.41297679652528446
52230,0.43560050308742854
52231,0.42018556066800417
52232,0.4238388851106572
52233,0.4148638150555098
52234,0.3770937444391117
52235,0.42906226568560163
52236,0.3909124096319494
52237,0.4240988770650081
52238,0.46498915902878357
52239,0.4305796223652107
52240,0.41960381063854624
52241,0.4536791193382041
52242,0.42399141222360603
52243,0.4348913830123405
52244,0.40175057688032845
52245,0.4317858653387697
52246,0.43196576502657297
52247,0.4374862912293041
52248,0.4357749196592474
52249,0.3771582193476137
52250,0.43554585387965955
52251,0.437162684758915
52252,0.4160730440101775
52253,0.39127506801849316
52254,0.4563789732648841
52255,0.39875598091643694
52256,0.3985805945381383
52257,0.39533429674863585
52258,0.42015313966304896
52259,0.4213547137073724
52260,0.4654686914303404
52261,0.3919127970891885
52262,0.44603526046919056
52263,0.43869146146806115
52264,0.46895260617993045
52265,0.4184003558674553
52266,0.41080006773412253
52267,0.3606089310846604
52268,0.41434722311773126
52269,0.41509747229851657
52270,0.43675905752887145
52271,0.3957355099397081
52272,0.35936277397958344
52273,0.41330126888537555
52274,0.3939898463535263
52275,0.42043484901381073
52276,0.4267504133971905
52277,0.3768578421910126
52278,0.43455174725935475
52279,0.41697489139300187
52280,0.4116977081170685
52281,0.3432517022886763
52282,0.4179036998621077
52283,0.42620195493076823
52284,0.4125053504674449
52285,0.3981025089727203
52286,0.4457086978387119
52287,0.39396806679102186
52288,0.3896283864067025
52289,0.44919345176146197
52290,0.42863583506454916
52291,0.404610500989541
52292,0.4128261682258216
52293,0.4263702333874792
52294,0.4276466623369659
52295,0.40586183771714607
52296,0.3912455497364392
52297,0.3971071836989416
52298,0.4112333574823839
52299,0.35914326528999946
52300,0.381691858324751
52301,0.4188187766841098
52302,0.3927372656507985
52303,0.4390803821684151
52304,0.3572447638146447
52305,0.4144730374094648
52306,0.36449312112917
52307,0.482408993284804
52308,0.4178028592653049
52309,0.3905787191867215
52310,0.4223182728883278
52311,0.41473673403115596
52312,0.45551113218434686
52313,0.44033833016283197
52314,0.39586865051008147
52315,0.37042511848304666
52316,0.4300061416273832
52317,0.4080478759530991
52318,0.49697426302689374
52319,0.4372493510134375
52320,0.4710147399737157
52321,0.4050773958129425
52322,0.39314490679236025
52323,0.39553096803965226
52324,0.3979620873746188
52325,0.37782130299940614
52326,0.3932814421359807
52327,0.3864953598574837
52328,0.3899805217822251
52329,0.39065569026811603
52330,0.372800052463519
52331,0.4355271525911488
52332,0.35278948121918147
52333,0.4031064853249218
52334,0.39183628754627703
52335,0.41182556403625376
52336,0.40520959216974217
52337,0.3552632325388676
52338,0.4713625890744675
52339,0.40734253013644744
52340,0.42008844017280816
52341,0.4043499787934306
52342,0.3684584509781399
52343,0.40736629443947875
52344,0.4256440949508494
52345,0.42360970728086417
52346,0.3862216970695968
52347,0.4492610712273455
52348,0.42040293869472734
52349,0.41155442783639673
52350,0.3711618827362618
52351,0.42651541491051287
52352,0.39768264194270536
52353,0.423450646062226
52354,0.3983367825138969
52355,0.4147269137405646
52356,0.411248820976331
52357,0.42858828052725956
52358,0.4335260093323503
52359,0.4226066275173068
52360,0.37406815040491725
52361,0.42776704663457077
52362,0.3981751415897517
52363,0.40374059243229976
52364,0.4245112482199359
52365,0.42313984095528223
52366,0.4070580137849978
52367,0.41459894307385636
52368,0.3977647998045114
52369,0.42617664821895374
52370,0.4234912377082189
52371,0.45193981243054626
52372,0.4224917724277573
52373,0.3754655235035781
52374,0.4615606018478024
52375,0.4146015764154936
52376,0.4026252605596453
52377,0.4107738964251629
52378,0.4021251830621074
52379,0.4328928442911084
52380,0.43556695265240064
52381,0.4130446863621992
52382,0.4282923676891289
52383,0.36224433413514245
52384,0.455517977870066
52385,0.3900350754902971
52386,0.42347942661919163
52387,0.44562011021256687
52388,0.3382580315649565
52389,0.4574400265868467
52390,0.4146811333366694
52391,0.4464978066465617
52392,0.3743538987444738
52393,0.39888969383314177
52394,0.3995017222200866
52395,0.42448900347185214
52396,0.40509132940114717
52397,0.42429032006963074
52398,0.3971113041094499
52399,0.36558540778351795
52400,0.40260075738335516
52401,0.3742506753587507
52402,0.4189177325728601
52403,0.3890938738436458
52404,0.4169581634417533
52405,0.44804949408442446
52406,0.43456049911156713
52407,0.35319734632496597
52408,0.4534694239196393
52409,0.38855200499713843
52410,0.4036185352179356
52411,0.41422566917325404
52412,0.44784352447852205
52413,0.37977339112121
52414,0.3949403022573329
52415,0.4033027725545351
52416,0.40735620067333594
52417,0.38756715386899354
52418,0.40812874437867863
52419,0.42129297545815053
52420,0.40497752172681845
52421,0.39404708378158176
52422,0.3999963564772213
52423,0.4035393730982364
52424,0.46627719726420924
52425,0.43627202483287775
52426,0.3924112989788248
52427,0.4519628876627221
52428,0.44732234815680866
52429,0.4151655825393225
52430,0.4288097634345809
52431,0.41425469665631465
52432,0.4337748539695665
52433,0.40030197762732345
52434,0.45339447638190056
52435,0.3944894838541426
52436,0.4008611576295034
52437,0.376345233247412
52438,0.37612847032072416
52439,0.3620821800994183
52440,0.4579565141804973
52441,0.40329680482239333
52442,0.3990777190003824
52443,0.37963976023824886
52444,0.42365395032011577
52445,0.4196661217326475
52446,0.3697892129319989
52447,0.43254680301710335
52448,0.4119073535792233
52449,0.37403966187646015
52450,0.42530676568564163
52451,0.4266201744901819
52452,0.39412511730509486
52453,0.37595796807803566
52454,0.38287835730220443
52455,0.379640475429651
52456,0.3761586859141939
52457,0.4114264448287451
52458,0.4693071163411304
52459,0.45024204541724416
52460,0.38278733157250266
52461,0.43488353140998687
52462,0.4100468725457623
52463,0.42012138075348004
52464,0.4439504312121949
52465,0.4030980540793895
52466,0.39726177121733186
52467,0.4385743157524175
52468,0.41509174864469256
52469,0.41322654147219734
52470,0.4033599420232432
52471,0.47192601440236015
52472,0.37776931703567496
52473,0.39840230628067375
52474,0.43055673686510215
52475,0.3981584183822472
52476,0.41545239960699903
52477,0.4197458876063399
52478,0.42186610183307693
52479,0.4040425255578925
52480,0.4354403182183322
52481,0.4173264783299997
52482,0.39849096426030456
52483,0.37805829322816226
52484,0.4055379332383259
52485,0.39080775497453474
52486,0.3868957718510791
52487,0.4516921213879237
52488,0.37233372948906757
52489,0.4321284831645868
52490,0.3765299250903049
52491,0.4051971461075676
52492,0.42213188015616343
52493,0.40358813437027796
52494,0.427507200640337
52495,0.39156831861583596
52496,0.440692713949455
52497,0.4054570851399434
52498,0.4190160114535289
52499,0.3435104064451512
52500,0.3764730595208875
52501,0.4177263525653332
52502,0.4131180816905557
52503,0.38067383869607624
52504,0.37865869397256763
52505,0.45596203528772006
52506,0.4493283439509952
52507,0.4129433570624679
52508,0.45527290839716134
52509,0.42957138547659074
52510,0.4026115790097081
52511,0.3929705253932734
52512,0.43621885980971503
52513,0.42587385946539713
52514,0.40945141451110667
52515,0.413148515743653
52516,0.41324418529470464
52517,0.41271269285570816
52518,0.4026083019490831
52519,0.3878446332762174
52520,0.4432752642960525
52521,0.443758338091682
52522,0.42855494068294087
52523,0.40225053394743854
52524,0.4172530695132651
52525,0.36316288402346836
52526,0.43915597362895353
52527,0.4395717988513391
52528,0.3731955455732064
52529,0.4049039855512806
52530,0.4201967363909168
52531,0.38963628429876584
52532,0.43064438150295964
52533,0.3744346763239991
52534,0.4068685112324727
52535,0.46058754971483756
52536,0.4049315945785225
52537,0.3598993440177504
52538,0.43085395411370875
52539,0.4391860596101888
52540,0.38822238066807624
52541,0.4076109487262501
52542,0.3985566746468343
52543,0.3701320591055034
52544,0.4192382653563703
52545,0.40609077045289094
52546,0.3656973393249656
52547,0.48324832903187936
52548,0.36424021759503095
52549,0.4781794650177875
52550,0.4223850387124752
52551,0.3787154038161681
52552,0.4281588809001287
52553,0.4171862498628395
52554,0.42864463332253167
52555,0.4353269683673307
52556,0.4317735236019069
52557,0.43129957191394563
52558,0.4068676710487038
52559,0.4252749429777104
52560,0.39181203951057614
52561,0.42414227335151483
52562,0.42781304973185463
52563,0.38170165499624564
52564,0.4022065487028849
52565,0.43608847967730535
52566,0.4625401343258678
52567,0.3790122584055125
52568,0.4823775270321908
52569,0.4075615619462888
52570,0.36803470769031665
52571,0.4044779153535399
52572,0.4260664094959667
52573,0.3999265152590285
52574,0.4345639916060063
52575,0.4277052725670896
52576,0.4177011018775129
52577,0.44564271091093755
52578,0.4339811307751151
52579,0.43290426121560216
52580,0.4496115784691185
52581,0.4244261774142423
52582,0.43330557042744383
52583,0.43819435505654447
52584,0.38560015171734374
52585,0.4402230289834164
52586,0.3899964362296331
52587,0.4498093139985476
52588,0.44398710345192377
52589,0.4422526873204667
52590,0.3754975204451215
52591,0.37944829469838187
52592,0.3699397365246251
52593,0.37116194224338794
52594,0.42530482774999845
52595,0.36163068010902494
52596,0.3719058851618848
52597,0.40808281586478296
52598,0.4295297572130883
52599,0.38358644002618625
52600,0.3849154651920465
52601,0.380056635577888
52602,0.44992384531239005
52603,0.3922729746257636
52604,0.4429246044465006
52605,0.40366138717886896
52606,0.40823346607848915
52607,0.4009511359701894
52608,0.37151154848255485
52609,0.4905364389163708
52610,0.382185408366116
52611,0.35081732004211974
52612,0.43132529606237807
52613,0.4063155444962552
52614,0.43543172625446147
52615,0.40484049262539973
52616,0.42659903075715117
52617,0.38694597021887767
52618,0.3910466851170994
52619,0.454737676038616
52620,0.4039438105829671
52621,0.3310720914316608
52622,0.4221749345734879
52623,0.4166728338104375
52624,0.411609951941352
52625,0.4105284106973881
52626,0.39039572335929607
52627,0.403287547881519
52628,0.39530876166809953
52629,0.426255198486707
52630,0.42661367509689113
52631,0.3923976310212507
52632,0.38631535905997894
52633,0.4142778868191257
52634,0.4245874239466824
52635,0.38198423506546175
52636,0.3754047203234556
52637,0.3940836443750534
52638,0.42691079322157965
52639,0.36752044797313127
52640,0.39844971929418793
52641,0.4097338928724357
52642,0.4237721868891308
52643,0.36864906832934397
52644,0.4051449677193362
52645,0.4001477240843304
52646,0.41941160912541386
52647,0.34652765171663175
52648,0.3710545189950114
52649,0.42951004881323496
52650,0.4084045084777165
52651,0.4792619386264143
52652,0.390801331209421
52653,0.4242106647566136
52654,0.42533397428026826
52655,0.4066669123405156
52656,0.38184693547513854
52657,0.44604672376018606
52658,0.3957328180828123
52659,0.4378526317454969
52660,0.3805332029182114
52661,0.45790846183351364
52662,0.419222367833067
52663,0.4098462704701342
52664,0.4337287174275173
52665,0.4233396405255303
52666,0.4244581809317881
52667,0.4091143183240006
52668,0.39830490581190064
52669,0.39468366350913153
52670,0.41487436132147915
52671,0.49715255561833166
52672,0.3656601737404569
52673,0.38299662515392296
52674,0.41857155419573666
52675,0.4228582680252109
52676,0.43022900176180434
52677,0.40156726114433605
52678,0.4197674977689182
52679,0.3919785933114574
52680,0.36810086191155805
52681,0.4126668575896994
52682,0.4093523680896994
52683,0.3397598397282632
52684,0.42173896118616566
52685,0.3654526518803804
52686,0.3802207083442812
52687,0.43885143638979457
52688,0.408202780154167
52689,0.351944253442747
52690,0.396185537199649
52691,0.404463361923735
52692,0.44891802874646075
52693,0.374066589531832
52694,0.4452981866429856
52695,0.44313887878986974
52696,0.45885765885060203
52697,0.42723297180988845
52698,0.43193256162318755
52699,0.38415879252446505
52700,0.3878966971305197
52701,0.4552713951725822
52702,0.3638653151345348
52703,0.40616607986365644
52704,0.4598192805586915
52705,0.391914394748424
52706,0.47883206760187386
52707,0.40502664181677395
52708,0.4076448026607521
52709,0.4160537590453966
52710,0.3762023563312913
52711,0.391241561851594
52712,0.4094474344776787
52713,0.343173626935425
52714,0.3871461827200925
52715,0.39975154403655266
52716,0.44943927908484016
52717,0.38242511640420795
52718,0.4119057202389637
52719,0.37711205947839116
52720,0.4300624152237565
52721,0.37922824053927545
52722,0.36640639167140526
52723,0.4574824815747497
52724,0.38480353737009687
52725,0.3966768655001546
52726,0.4007788947013749
52727,0.4415686759983038
52728,0.4495016013572641
52729,0.42685099782188884
52730,0.41913163467621506
52731,0.35154465861342726
52732,0.4296306976933233
52733,0.38935516022697414
52734,0.44002769360907973
52735,0.4174001374938675
52736,0.4533169438247609
52737,0.4484490314559474
52738,0.4453760734192815
52739,0.4627475491728088
52740,0.4092913934770888
52741,0.43377534061429285
52742,0.40285872656105515
52743,0.41668696651225845
52744,0.4040345456948937
52745,0.4017594099881515
52746,0.44951815624932057
52747,0.4500864164605603
52748,0.41500372007526576
52749,0.43591724506905954
52750,0.3777148149153946
52751,0.43742136301241946
52752,0.4085347618386172
52753,0.4131825336945226
52754,0.4068494358060212
52755,0.4287797227909511
52756,0.45276137325505206
52757,0.4010900550299931
52758,0.40900833928730157
52759,0.4166447604575489
52760,0.3854887913242463
52761,0.39447099084755893
52762,0.40378593487497966
52763,0.4360765227743574
52764,0.39354017955615384
52765,0.4030568832622313
52766,0.38407889479567714
52767,0.41897391333841494
52768,0.39260878859545745
52769,0.40598563165345997
52770,0.4001373165396129
52771,0.35553065504717934
52772,0.3730428546294764
52773,0.3907926884501437
52774,0.4417204274188655
52775,0.4557707161974305
52776,0.4411776314219291
52777,0.4013829744554225
52778,0.41536451849634143
52779,0.4165848675838477
52780,0.41586373226189094
52781,0.4603307582904578
52782,0.39402062121378206
52783,0.4361061862733876
52784,0.3958536639411337
52785,0.4166203019977817
52786,0.41503235726367654
52787,0.4374870345662816
52788,0.4055423411295231
52789,0.40842996492727385
52790,0.45941239308000476
52791,0.37422121797936886
52792,0.4291013279487626
52793,0.41385375576487277
52794,0.42814852244754026
52795,0.43924601575149785
52796,0.41160446437067105
52797,0.41530373459174924
52798,0.4141768281634149
52799,0.45743575923257446
52800,0.4423664019782208
52801,0.39362056072294377
52802,0.43830559621700277
52803,0.42094256585402057
52804,0.38478075993295563
52805,0.4426806941938372
52806,0.4104240138269201
52807,0.3862857638281818
52808,0.41528410607018285
52809,0.4170333603349788
52810,0.3778436694079649
52811,0.418496006853653
52812,0.3919874517052141
52813,0.45412903605886507
52814,0.41376705043593953
52815,0.409230121858236
52816,0.4359333079317705
52817,0.3616748779194661
52818,0.3672393613946642
52819,0.40166553427370716
52820,0.44103042157692013
52821,0.3901583406855663
52822,0.43857294934664015
52823,0.43610829843402676
52824,0.39672660898613266
52825,0.4519663521988436
52826,0.4046918147439112
52827,0.3687181345185296
52828,0.3871460047224195
52829,0.4183923161950062
52830,0.39816752700498775
52831,0.42270535551953486
52832,0.4323841072555745
52833,0.39305459746691734
52834,0.41080297030982543
52835,0.41537669619893725
52836,0.39781420418882496
52837,0.41689856018311106
52838,0.40081938995471195
52839,0.3948328086794003
52840,0.41417223654988783
52841,0.41627523338538497
52842,0.3884205806793494
52843,0.42508345664943886
52844,0.4323454824876966
52845,0.46914049497402965
52846,0.4086546778588393
52847,0.38947382711568634
52848,0.33618543471394213
52849,0.4351612647107007
52850,0.44473636555906904
52851,0.3690747426801048
52852,0.39107367225569506
52853,0.3410758255699614
52854,0.4468460207166077
52855,0.3842382451766318
52856,0.41856029596625716
52857,0.3710243461051578
52858,0.43998507543079446
52859,0.46469165092152465
52860,0.39368690852746036
52861,0.41419402999699256
52862,0.4061897292455054
52863,0.3988984194830169
52864,0.4576452007494792
52865,0.4321636615663553
52866,0.34097600637686226
52867,0.4018010526652926
52868,0.40824421119380394
52869,0.3749182390336492
52870,0.40693515375579187
52871,0.42039641991329396
52872,0.44231063359560735
52873,0.38764003825877646
52874,0.4583853341746007
52875,0.43167760499705027
52876,0.41694152510329924
52877,0.47425969703951976
52878,0.43501280935267816
52879,0.42385288494895673
52880,0.42744871482504415
52881,0.4052104758352048
52882,0.40745658911846855
52883,0.39592730662321174
52884,0.3667574181240027
52885,0.4550464374342721
52886,0.40195254263138847
52887,0.4384790568662365
52888,0.4370913582654072
52889,0.37647160820050035
52890,0.4392218236033419
52891,0.46204286910810466
52892,0.4815739962806679
52893,0.39585631567157836
52894,0.37045459898019373
52895,0.39923165471298594
52896,0.40461276821243375
52897,0.35974930448948594
52898,0.4060635503115336
52899,0.4238593355433473
52900,0.41668616537103137
52901,0.3952330390906234
52902,0.4103303271948731
52903,0.40861556187302234
52904,0.35561295173178803
52905,0.375345596630898
52906,0.43215601846759255
52907,0.4049728731499111
52908,0.44826772096248035
52909,0.4156404095369018
52910,0.4105805561307108
52911,0.37514285013443605
52912,0.3249008333759205
52913,0.44808609376053277
52914,0.41692178431714394
52915,0.3757835063634144
52916,0.39740407622549073
52917,0.38602528336901776
52918,0.365691754239015
52919,0.4380198832113355
52920,0.37745173710241875
52921,0.41140996712947003
52922,0.39819310550108516
52923,0.36560622859054337
52924,0.35017668607679575
52925,0.4099879257608106
52926,0.3954176537034714
52927,0.40738561876458906
52928,0.46069033498537676
52929,0.397282239643092
52930,0.427186714914604
52931,0.43804601834768037
52932,0.4292067162385158
52933,0.4134147464044698
52934,0.4328950193033833
52935,0.4388954289768368
52936,0.3870662714836326
52937,0.365575277488078
52938,0.410659031276138
52939,0.40487646224907387
52940,0.3864496790142887
52941,0.4142477727689751
52942,0.43640924545133325
52943,0.39260637604367
52944,0.40383955310149666
52945,0.4054613535033731
52946,0.39240238033178043
52947,0.4156798348988719
52948,0.4289093721655279
52949,0.4353912200799033
52950,0.37747949250454127
52951,0.4144126551603204
52952,0.39935356116821225
52953,0.42309279979680264
52954,0.49111685206465355
52955,0.4189533539701561
52956,0.39367399071687886
52957,0.4190658378154258
52958,0.384722986419257
52959,0.41873409539622847
52960,0.4227797907367089
52961,0.42913414792978627
52962,0.37905353783994566
52963,0.4538156101947538
52964,0.39033390537898144
52965,0.4188290232582307
52966,0.41219261199217855
52967,0.47722877759342736
52968,0.42009688390048683
52969,0.427767253309057
52970,0.4428478131437123
52971,0.41544007644285924
52972,0.3928889216635855
52973,0.401116733019608
52974,0.4643369984472109
52975,0.42056001039969204
52976,0.427467587591341
52977,0.33590454450903345
52978,0.41990449902631316
52979,0.40068102654483856
52980,0.4183305757831466
52981,0.3980004250151161
52982,0.40084144254218806
52983,0.4679792767253826
52984,0.4463843174334093
52985,0.3838527750715358
52986,0.39348004662022185
52987,0.3697756193212325
52988,0.3951795556187675
52989,0.43561867846357294
52990,0.4006862980590177
52991,0.3933050418684604
52992,0.4142990094077008
52993,0.3804790962569018
52994,0.40703631015474667
52995,0.4282737703507453
52996,0.4067501703477101
52997,0.41284014783870243
52998,0.42760144007999656
52999,0.3969663282204018
53000,0.42140178714653614
53001,0.42630121275500177
53002,0.4547041241400192
53003,0.3898871783105717
53004,0.3705687994340256
53005,0.4328606218820461
53006,0.4202986255896969
53007,0.4272784110367163
53008,0.3635163781583699
53009,0.42266777372414766
53010,0.4008820932033657
53011,0.43290808785701707
53012,0.36486774172132125
53013,0.3895068521284641
53014,0.4272367232993158
53015,0.41479443918294545
53016,0.40934287589067436
53017,0.3985511507369635
53018,0.41331427484704825
53019,0.452051364454073
53020,0.41828857472257813
53021,0.41978741089173255
53022,0.3878037523472724
53023,0.4014669119943669
53024,0.40504818293469863
53025,0.3783633604165237
53026,0.42926020401150894
53027,0.3867977089795918
53028,0.36715001699065203
53029,0.42337957083670386
53030,0.4143570381599967
53031,0.4199052166896473
53032,0.4435693318376036
53033,0.4320624035058976
53034,0.36185671571967193
53035,0.4355348905426623
53036,0.36669342137992145
53037,0.3895845683844605
53038,0.3107152349306465
53039,0.38048778198016137
53040,0.44427342472981646
53041,0.36297583475625944
53042,0.37660601645568775
53043,0.45265427792231744
53044,0.46469624570126783
53045,0.4315156658960367
53046,0.44421959240848347
53047,0.4005495648997569
53048,0.3771317907880722
53049,0.4577811594914725
53050,0.4002305928026668
53051,0.37942493835419655
53052,0.4097109260850342
53053,0.42816261949881024
53054,0.4046616057812547
53055,0.3946364553069737
53056,0.44881034494987904
53057,0.43786540486471376
53058,0.4444372014356762
53059,0.4128413189174626
53060,0.4507751969685978
53061,0.43070026663099237
53062,0.42142414104999015
53063,0.4063234190227745
53064,0.4533887248741946
53065,0.41505991969567474
53066,0.44704168634068236
53067,0.388957728434469
53068,0.41911801743208904
53069,0.4294963844515404
53070,0.3812175564137125
53071,0.4587627237603732
53072,0.38218313886626876
53073,0.46327437627558243
53074,0.3950185050899308
53075,0.49099566813106255
53076,0.4496563693514571
53077,0.39364059849580085
53078,0.3299948490010757
53079,0.3345216364206687
53080,0.38626943748925313
53081,0.42186197025083083
53082,0.4232460390814763
53083,0.4190096914111152
53084,0.3390709090597346
53085,0.39949434511657045
53086,0.408081789100706
53087,0.4019672149867637
53088,0.39385744086443697
53089,0.42959769574884743
53090,0.3805414341362612
53091,0.3942891480129119
53092,0.47909456117750504
53093,0.4333656434800465
53094,0.3949353112400678
53095,0.4141518045995699
53096,0.3608035521609362
53097,0.428268523424937
53098,0.41784938663386695
53099,0.40528877268760155
53100,0.42520456106674265
53101,0.36339340536804643
53102,0.42725165776425605
53103,0.375927186881033
53104,0.44011183853268115
53105,0.41182120085452123
53106,0.39960542399789395
53107,0.4386930126129434
53108,0.4588588096177022
53109,0.41765098184552607
53110,0.4149580037947905
53111,0.4142575421803371
53112,0.3970063836815316
53113,0.4633304604158379
53114,0.3877249291660711
53115,0.4588190731302565
53116,0.4347645822698228
53117,0.44212882569241707
53118,0.4212523710169031
53119,0.4241941004770464
53120,0.39777002905926445
53121,0.4405162210140894
53122,0.4465987907728755
53123,0.4364476973807937
53124,0.3811877155473901
53125,0.4947311836630992
53126,0.3896264488024425
53127,0.397214607460579
53128,0.42158579553148073
53129,0.4097114352896814
53130,0.4418182882631099
53131,0.42609109060457884
53132,0.3689294310412224
53133,0.43810402052642716
53134,0.4069094493232865
53135,0.4342048869252267
53136,0.4341878019371249
53137,0.406129497953747
53138,0.3957816762588273
53139,0.34792776670885756
53140,0.4042644962095245
53141,0.37512627591174075
53142,0.39627099111077674
53143,0.4255026163811186
53144,0.42743937899576206
53145,0.4093019119478462
53146,0.43682738578998426
53147,0.4009699692682374
53148,0.3510147528414519
53149,0.35199704619393
53150,0.4246087398786629
53151,0.35255996472088336
53152,0.42495933751604487
53153,0.38912923258458415
53154,0.39002303088875045
53155,0.40511574661433847
53156,0.4190934487027092
53157,0.41562727049112147
53158,0.4203036929039809
53159,0.42332195799978967
53160,0.4258406830334383
53161,0.3813572447247209
53162,0.4374252522888476
53163,0.3966732807555041
53164,0.3718252606324902
53165,0.43062611377707966
53166,0.38985503287170725
53167,0.4528811133261398
53168,0.47518718968507556
53169,0.40188123118092434
53170,0.3910614726241967
53171,0.3923443816671045
53172,0.41134835527396746
53173,0.45121236603408593
53174,0.4082096118220276
53175,0.39262968634806816
53176,0.3879191011934889
53177,0.40733628960492646
53178,0.36678069900111615
53179,0.4427918275539414
53180,0.3885710250124911
53181,0.4522335219421946
53182,0.3693652410005978
53183,0.36735577760505017
53184,0.42668127890488855
53185,0.4624896067831938
53186,0.4109831240898096
53187,0.44089736251912165
53188,0.42627951163563177
53189,0.3907806593042039
53190,0.3959074268437592
53191,0.4246810002458136
53192,0.4192237995433056
53193,0.38751409952640703
53194,0.4850020265263965
53195,0.34721825272429185
53196,0.39810639223323824
53197,0.4000589501667746
53198,0.40702538510179354
53199,0.4146389330157071
53200,0.3789737068313809
53201,0.3847957197669423
53202,0.454516058354514
53203,0.4128512456707984
53204,0.4172698322008297
53205,0.4136058328230754
53206,0.431595180882612
53207,0.4304298795470654
53208,0.4878238333712001
53209,0.38682997129541774
53210,0.3979652403029472
53211,0.43746363906422286
53212,0.39226212288519036
53213,0.4446258131934272
53214,0.3923554330057428
53215,0.43114098404455126
53216,0.3953178289839707
53217,0.47010432469238495
53218,0.44639052533731616
53219,0.37681786372962955
53220,0.4285788848446647
53221,0.4267563130605137
53222,0.39594723921875663
53223,0.4044025002431903
53224,0.4263942885042839
53225,0.45437753694541255
53226,0.4452734856789184
53227,0.33227004460876725
53228,0.40632568872135655
53229,0.4162218933358176
53230,0.41223390681115
53231,0.38865289256426605
53232,0.4055446790008662
53233,0.3990530749103853
53234,0.42383379633896534
53235,0.43947247727718036
53236,0.41054350814663876
53237,0.3257769734853662
53238,0.4590302072210867
53239,0.415829470194368
53240,0.41153516891477726
53241,0.36363567898827287
53242,0.3580390986956373
53243,0.4135798284993227
53244,0.39212591764265753
53245,0.4442082510685938
53246,0.43816426635133804
53247,0.41528062196269866
53248,0.44118926220753046
53249,0.35886630347728177
53250,0.4830949461424682
53251,0.3463911065452808
53252,0.4313895361528507
53253,0.40608035429348255
53254,0.367185458218861
53255,0.38236030800937304
53256,0.38113933096041597
53257,0.40574563323008267
53258,0.40286625947320465
53259,0.42459962499953824
53260,0.3719468570066163
53261,0.43503566101569835
53262,0.4373606082136983
53263,0.41743540046549243
53264,0.4308073632391316
53265,0.4146223756583387
53266,0.37132375101391835
53267,0.4215880082949258
53268,0.40967204384264355
53269,0.35410519885118197
53270,0.44518416239905323
53271,0.43307054133365014
53272,0.4673982282977771
53273,0.45606454303241367
53274,0.42494873031662234
53275,0.4787845484585894
53276,0.39466851090752514
53277,0.4565270090471087
53278,0.3945695231867844
53279,0.43077034841175993
53280,0.423991655069535
53281,0.37745195285702904
53282,0.3812179670511421
53283,0.38060066740516807
53284,0.46845579184806696
53285,0.424562880890924
53286,0.4348185424014315
53287,0.4566686525848738
53288,0.40061810990590335
53289,0.44036540133620156
53290,0.3445580632279084
53291,0.38921874682600754
53292,0.4343504941611148
53293,0.4836451437829564
53294,0.38807795639021053
53295,0.4182316444603382
53296,0.4171852004439194
53297,0.4246779623823696
53298,0.41784900616406767
53299,0.3588315474074891
53300,0.4133614226217767
53301,0.3547273125429522
53302,0.4627096138035132
53303,0.42396607601155123
53304,0.39106194711058884
53305,0.4019875490941097
53306,0.4292276391654092
53307,0.4111709493346662
53308,0.4353484780808364
53309,0.35268537805285544
53310,0.4155311634238324
53311,0.4042693974709331
53312,0.3255504708734389
53313,0.4096063442884923
53314,0.39018083118668745
53315,0.417764374413629
53316,0.45523257412206386
53317,0.4293494683833338
53318,0.41926746690334904
53319,0.4516794292662632
53320,0.43762774419041844
53321,0.3585315500445066
53322,0.4370227307944736
53323,0.39402686242391294
53324,0.38788768189634215
53325,0.3810350151696904
53326,0.4054286137385311
53327,0.4236505039960922
53328,0.46723180426956074
53329,0.41147321777751555
53330,0.3767420429189103
53331,0.4290553364887863
53332,0.43311041474468637
53333,0.4374929821515184
53334,0.40099701152198164
53335,0.40845370637970924
53336,0.4102827191373535
53337,0.4547227220696143
53338,0.4492859664116735
53339,0.40295292985013687
53340,0.36085627806782156
53341,0.4463537257972388
53342,0.4419169889577685
53343,0.4234183419165889
53344,0.3534978523499493
53345,0.4161738124096055
53346,0.4435087266780266
53347,0.3798651053913243
53348,0.4282999342989831
53349,0.43891862882575755
53350,0.4573520041024681
53351,0.36590645995307014
53352,0.4124359672771033
53353,0.4384958843951782
53354,0.4377190088083837
53355,0.4103338377487161
53356,0.4043255860050702
53357,0.378377761876775
53358,0.374350565055371
53359,0.4591078422592597
53360,0.38778593628545466
53361,0.3605995260923921
53362,0.40040665266719655
53363,0.4483850545063335
53364,0.40675766317445616
53365,0.36827660731326844
53366,0.4454671897144215
53367,0.4036454228075118
53368,0.4237623573048349
53369,0.39597777477268126
53370,0.432964510781731
53371,0.4579271044017558
53372,0.47686098870882476
53373,0.4130268968293864
53374,0.426478019773205
53375,0.39288049733543157
53376,0.45751491809506306
53377,0.42922540793865777
53378,0.4034500416796235
53379,0.43816135459900646
53380,0.4086645416066837
53381,0.36517549709435615
53382,0.42227324549624756
53383,0.39388705263984114
53384,0.38197277765489956
53385,0.35314962207195966
53386,0.4291962741284157
53387,0.4097002469796593
53388,0.4425662930353394
53389,0.4355500997452665
53390,0.45298437487044224
53391,0.4407105309639547
53392,0.4574818816606393
53393,0.414651364793512
53394,0.3905412377254758
53395,0.41144856127916485
53396,0.41493909491442743
53397,0.39922920211903024
53398,0.42326391820460607
53399,0.431093773347701
53400,0.4067797877715236
53401,0.446883976768869
53402,0.4378753979945975
53403,0.41703116033848336
53404,0.38601561178327665
53405,0.4060203562617782
53406,0.4163859450120681
53407,0.384870183951774
53408,0.4290469353076182
53409,0.413933003585109
53410,0.398116589095107
53411,0.3878096587811765
53412,0.419100378823728
53413,0.4444240757334671
53414,0.4794560198191685
53415,0.4047638748818777
53416,0.39447416884067243
53417,0.4393571334415869
53418,0.4161244166048301
53419,0.37689555943874864
53420,0.3925061761990013
53421,0.4348023317727276
53422,0.41294226937497086
53423,0.3697891340126817
53424,0.40499460476937105
53425,0.39449852673514463
53426,0.40356147568226486
53427,0.46271627306428176
53428,0.4231585988092515
53429,0.40855071306919855
53430,0.4205189329289312
53431,0.44277982544018996
53432,0.4237113488307299
53433,0.4266254024053837
53434,0.4262129851667557
53435,0.4009659177138958
53436,0.4339288784716107
53437,0.4527478245730026
53438,0.4645659077108165
53439,0.4139124139931938
53440,0.48484521146564397
53441,0.40442528928861543
53442,0.4369166414453675
53443,0.40369725255286965
53444,0.41444791303149603
53445,0.40829336305841496
53446,0.3898352020152297
53447,0.42604444286682047
53448,0.3966825740284696
53449,0.4709405012535972
53450,0.3808238049959462
53451,0.4437597997366894
53452,0.3485915057635009
53453,0.4049411860878996
53454,0.41189493175465103
53455,0.42874987029674105
53456,0.36555620515233045
53457,0.43445949461958916
53458,0.4380231878788476
53459,0.3821510718594515
53460,0.4165043111452312
53461,0.4155124812060071
53462,0.4076611565347036
53463,0.393642209595339
53464,0.3820809714094953
53465,0.411968940747826
53466,0.3922234431719387
53467,0.4111676709965077
53468,0.39021723425327004
53469,0.39117460094748974
53470,0.41798630938195525
53471,0.40333511349898515
53472,0.3812402602974613
53473,0.3743941684602723
53474,0.37016363130124114
53475,0.42888262102650526
53476,0.3532521747796786
53477,0.37371374736626917
53478,0.3850690866884091
53479,0.3822163990673077
53480,0.4430699307732187
53481,0.3745566692402201
53482,0.41269504384432865
53483,0.38780642232267304
53484,0.46668028277092316
53485,0.37706755875717113
53486,0.4253794099725127
53487,0.39520240768245807
53488,0.4464899952053298
53489,0.4178467182503453
53490,0.44589088392837944
53491,0.3831673841580998
53492,0.42285426474454413
53493,0.4219798970587383
53494,0.42314437948983574
53495,0.4408058668172492
53496,0.4036083328771754
53497,0.3824515755763216
53498,0.4201932247134602
53499,0.4217755156181049
53500,0.39247879082169435
53501,0.4632263844175492
53502,0.4457511181810276
53503,0.42869826335365757
53504,0.4108702073541891
53505,0.41206191932371133
53506,0.39652208554294394
53507,0.4361296925529051
53508,0.4024697500792299
53509,0.42579401810443496
53510,0.4439277621880911
53511,0.4252922882841066
53512,0.4184673697243947
53513,0.3869865765641039
53514,0.41968564401472697
53515,0.4069744336967122
53516,0.43581113967633295
53517,0.4334577845428634
53518,0.461391342502107
53519,0.38314952586745804
53520,0.39133054256319844
53521,0.42964841741668147
53522,0.4332415712053047
53523,0.4338106844988572
53524,0.38884151947474443
53525,0.3783289531213941
53526,0.4462887910280916
53527,0.3938964180033119
53528,0.40971917904738786
53529,0.40950586095769637
53530,0.42311014996428775
53531,0.4295924697052775
53532,0.4275086248361777
53533,0.39656281728667764
53534,0.37352440892912
53535,0.4381969904704387
53536,0.41532244665773455
53537,0.382166629207493
53538,0.4120394622163455
53539,0.40628492395136073
53540,0.4047976142768937
53541,0.43074893975965706
53542,0.40429275686423416
53543,0.434850956674571
53544,0.46187459261003905
53545,0.38042017351191676
53546,0.42982210020259604
53547,0.4343671590340736
53548,0.3886286965083238
53549,0.38985991416609883
53550,0.4002905052798024
53551,0.46104335378689465
53552,0.37531113955318157
53553,0.42180154351832666
53554,0.40477931677897633
53555,0.4223727123241163
53556,0.3825645459419139
53557,0.43014360426644105
53558,0.4515686818773687
53559,0.43230199379726336
53560,0.43633598292876213
53561,0.44386239084196344
53562,0.44429223577400867
53563,0.42167487404598664
53564,0.44017530392191423
53565,0.34597849105599743
53566,0.4042991833696427
53567,0.37350608011423203
53568,0.406855250633157
53569,0.42987092412992606
53570,0.37994220168516546
53571,0.44436198687988243
53572,0.35120114529532603
53573,0.39416264805948426
53574,0.38998501115538314
53575,0.40934777554366725
53576,0.3954839406739542
53577,0.42434878326226133
53578,0.44511922975221374
53579,0.38159397484794677
53580,0.42374098157774476
53581,0.4068555102021016
53582,0.40185615513475903
53583,0.43721527383150366
53584,0.3763340047192592
53585,0.42598717097637756
53586,0.41737102525605463
53587,0.4004630288129527
53588,0.3991601785662426
53589,0.40672155809112354
53590,0.4585095488011703
53591,0.42889172836578426
53592,0.4217770494302112
53593,0.42545094586381954
53594,0.42773274575772213
53595,0.4367492331968249
53596,0.4267322658513985
53597,0.41801521321228213
53598,0.38687828803005225
53599,0.3444755034287851
53600,0.3923197274869217
53601,0.3475892715549534
53602,0.4318000367618538
53603,0.46608897208374855
53604,0.42311615337672
53605,0.37929969051621626
53606,0.4059391845585333
53607,0.4667189228450817
53608,0.41919684571259713
53609,0.3639459205143015
53610,0.4110091545631896
53611,0.43405009318889654
53612,0.4028470806187214
53613,0.38602178150844135
53614,0.4294507457609108
53615,0.4331715140022489
53616,0.4302878935068749
53617,0.42233873460323645
53618,0.4373300493270462
53619,0.39495189103488293
53620,0.3947314772388524
53621,0.4626278069330022
53622,0.3648972177898576
53623,0.39710938530639994
53624,0.4402614330372712
53625,0.43625715487906075
53626,0.35750865195473464
53627,0.33959336593460343
53628,0.38325220324768977
53629,0.37759935455720195
53630,0.4257930949411209
53631,0.4104253675880119
53632,0.4539447462952367
53633,0.3924144842279169
53634,0.38885525896358775
53635,0.42518491453724455
53636,0.4450803780378822
53637,0.3959094012777687
53638,0.46510194271297106
53639,0.447875548436522
53640,0.4286990171295278
53641,0.4240490209131844
53642,0.4063537400531164
53643,0.4145500946764325
53644,0.41809759541357705
53645,0.41852163624867145
53646,0.4482305521101489
53647,0.42715817964997344
53648,0.44114398862048754
53649,0.4172651039368687
53650,0.409493964128262
53651,0.42130524247299916
53652,0.46350641564816786
53653,0.3598643631894121
53654,0.4538829019049129
53655,0.4039054815729077
53656,0.4689273501240324
53657,0.3939217277045997
53658,0.40303209473348944
53659,0.3895529344900825
53660,0.39976749239823745
53661,0.46224041602124616
53662,0.4488262914019589
53663,0.447407184237493
53664,0.42917195975160644
53665,0.40415621912303995
53666,0.3509018972335859
53667,0.40154396134591386
53668,0.3961468778277691
53669,0.43150886985764525
53670,0.34080860525029005
53671,0.39900527016835324
53672,0.43907437185740866
53673,0.42443836136312335
53674,0.3732522367117058
53675,0.4301659402407537
53676,0.4141059943988541
53677,0.43883362012106364
53678,0.4129179270246648
53679,0.4115599354180596
53680,0.43649413689851485
53681,0.3990601289586569
53682,0.41419641299854343
53683,0.43571060266944683
53684,0.4707437476850739
53685,0.431144170920587
53686,0.43236937418751975
53687,0.4663882612809411
53688,0.4106904322862532
53689,0.43364672275986543
53690,0.40150340557626407
53691,0.40005407148933814
53692,0.4274258088595615
53693,0.4546798293663631
53694,0.46363910013990683
53695,0.42533899427188215
53696,0.4056083274534093
53697,0.4340052282515767
53698,0.3994045916178372
53699,0.37282521326316487
53700,0.4500323245419048
53701,0.4531594906692795
53702,0.39325078556665416
53703,0.4405868072287798
53704,0.4038787241565031
53705,0.41370171130609895
53706,0.390005307051507
53707,0.4204288423277803
53708,0.41020923391045483
53709,0.4071615803890101
53710,0.3976281952532762
53711,0.4525376206515041
53712,0.4407461425381228
53713,0.42543356202692995
53714,0.39259783967412715
53715,0.4124022606457712
53716,0.4398476171518207
53717,0.39433356228154093
53718,0.44150500447579755
53719,0.454995311735845
53720,0.3835117711606366
53721,0.40711844834405714
53722,0.40917633169035145
53723,0.4169890066943285
53724,0.4517208538170806
53725,0.42274323633744765
53726,0.43843819164393477
53727,0.4070839424356125
53728,0.41724605279934723
53729,0.43503329270766605
53730,0.41611302176870724
53731,0.394814074826269
53732,0.41443780402503366
53733,0.4047395054488881
53734,0.5022231651365674
53735,0.372819220787682
53736,0.4288543575476863
53737,0.42432557710688124
53738,0.38383783020940904
53739,0.41891430560915804
53740,0.4630552726124199
53741,0.45468530542922986
53742,0.41142650923362817
53743,0.38555024029737534
53744,0.39025137005454635
53745,0.4579069718164804
53746,0.3939855958329223
53747,0.43797607698209057
53748,0.4151180174150804
53749,0.4243188601704109
53750,0.4389032769625833
53751,0.4095237910497322
53752,0.46481441110002353
53753,0.42023113177231036
53754,0.39315459208365333
53755,0.39457282301920993
53756,0.49189282106215415
53757,0.38102515547971033
53758,0.3902806202728985
53759,0.4502951063535341
53760,0.37189446663914577
53761,0.43395622520092797
53762,0.43886757964054784
53763,0.34996434021678946
53764,0.413820753637442
53765,0.4222598002273322
53766,0.4406672720500777
53767,0.4072288182719293
53768,0.49841512512246955
53769,0.37436481959005724
53770,0.40990173625630516
53771,0.41913082110774846
53772,0.4110875556169514
53773,0.38385669506031656
53774,0.42433961110845325
53775,0.3914998167641145
53776,0.41760917846609696
53777,0.39696022364029154
53778,0.40694266024709547
53779,0.40405230791391117
53780,0.3298687136977323
53781,0.3641636140365084
53782,0.4248155816914974
53783,0.39917414183001976
53784,0.43481889846564986
53785,0.4433130436326158
53786,0.4582742932092712
53787,0.4273432402290942
53788,0.3631509566033993
53789,0.4286975264925609
53790,0.4082957275562797
53791,0.42222018428836433
53792,0.41531790600518625
53793,0.4143219437854315
53794,0.4207228459911163
53795,0.41364069843322593
53796,0.382591991521011
53797,0.3904758615541648
53798,0.4138811320945995
53799,0.39053458320334955
53800,0.3269708713697109
53801,0.3735167462597492
53802,0.3746049541933008
53803,0.4312951254522996
53804,0.3833097181672828
53805,0.37758741190469514
53806,0.45564434618450356
53807,0.39240770909902045
53808,0.39816334843008017
53809,0.4244932665537794
53810,0.41872332479584756
53811,0.39708259583872085
53812,0.4026732962639125
53813,0.37098233928189406
53814,0.453302318574303
53815,0.3714002364238308
53816,0.4136309162902296
53817,0.41557345023581094
53818,0.48132049064841814
53819,0.49773785013384014
53820,0.3470662540303973
53821,0.379381996392201
53822,0.4261086774705505
53823,0.4484908411617533
53824,0.4033927966584716
53825,0.4437828963083804
53826,0.38267925846891127
53827,0.4556761620457451
53828,0.4036843612569818
53829,0.46081560699438423
53830,0.4237163693125643
53831,0.38566012976707126
53832,0.3989746533841769
53833,0.4230752167341428
53834,0.42176661508694574
53835,0.4439355253107054
53836,0.37943409463837374
53837,0.4380863631349837
53838,0.37130190881263964
53839,0.4107337913748665
53840,0.4361773412395135
53841,0.42027334386061976
53842,0.38424438530429783
53843,0.37520985231034687
53844,0.4551184687233501
53845,0.4512218824194
53846,0.3919398625872761
53847,0.45567040329250486
53848,0.4488372097708144
53849,0.3946793987954751
53850,0.41552747334122997
53851,0.4067305350235732
53852,0.4519301368324123
53853,0.41458352584609925
53854,0.4349665310240086
53855,0.4134623863748579
53856,0.39854046983434843
53857,0.3799101909990313
53858,0.426172437338732
53859,0.42334241125053573
53860,0.3976922434347167
53861,0.4423982274173522
53862,0.4699290099206895
53863,0.39545545466032145
53864,0.329464260524499
53865,0.45401243227979493
53866,0.36330789443419015
53867,0.4009102493991192
53868,0.38798414772488754
53869,0.4584384544674082
53870,0.45994179978566974
53871,0.410739499873878
53872,0.37824693822971533
53873,0.4798709225959184
53874,0.47761114310057884
53875,0.37850395019915145
53876,0.3746022067582513
53877,0.4049191080299846
53878,0.38647871791961136
53879,0.4485695315119322
53880,0.42171712141963524
53881,0.39158689092091314
53882,0.40472373112654997
53883,0.43964198357836587
53884,0.4239758441888552
53885,0.44786047751216357
53886,0.4276529049850626
53887,0.4528682006331447
53888,0.37359838778975946
53889,0.3969190692344497
53890,0.4128359005916959
53891,0.37706220500447873
53892,0.41897947794658386
53893,0.40593308277310686
53894,0.4336814470187495
53895,0.41593157210008547
53896,0.4467655649514872
53897,0.3995743137398111
53898,0.4209753720309837
53899,0.38952691083232904
53900,0.4349670357611995
53901,0.4636752345692244
53902,0.42091905489918463
53903,0.3932519722729344
53904,0.4488401841032347
53905,0.44276658619188963
53906,0.4023950553061331
53907,0.4053431873600391
53908,0.4392353464152259
53909,0.3908195284002371
53910,0.438241112188362
53911,0.39728241619620486
53912,0.3642764315051785
53913,0.3958927814217665
53914,0.4275636898705674
53915,0.4244864621347256
53916,0.4372035337389238
53917,0.45971734001903997
53918,0.43151003105449115
53919,0.47182076750888957
53920,0.42223626336821063
53921,0.4280785958711842
53922,0.37238871061397555
53923,0.40471767509666023
53924,0.40046431562921936
53925,0.4173379214209085
53926,0.4497238296592569
53927,0.3846999549432634
53928,0.40308846940581744
53929,0.4296540442919173
53930,0.39225446605575703
53931,0.3907228408572647
53932,0.438700676574065
53933,0.4173924837540314
53934,0.43421582326045904
53935,0.3742373299457067
53936,0.4308652781864503
53937,0.4001262288858855
53938,0.4539262374691955
53939,0.3830219921929635
53940,0.3703768109498013
53941,0.4020848970843235
53942,0.425493362819807
53943,0.44006032451688454
53944,0.4159822599055643
53945,0.41881610402468816
53946,0.43090324302335997
53947,0.39979695415141797
53948,0.4095910794289237
53949,0.3786674197316351
53950,0.42791067051716153
53951,0.44247585392416355
53952,0.40946667374432044
53953,0.3769365308512064
53954,0.39920710254305475
53955,0.447836320529756
53956,0.3797991609673554
53957,0.460531563803759
53958,0.3676137666389061
53959,0.4470780184883059
53960,0.417803123299487
53961,0.45322159111221033
53962,0.44969218939924605
53963,0.40179245058790986
53964,0.4019502126259755
53965,0.3910167253475936
53966,0.38643074210531625
53967,0.39625591669687676
53968,0.4206260877761609
53969,0.41626617547011235
53970,0.4039123554221628
53971,0.4247952905219141
53972,0.41285030976084275
53973,0.4331229440018048
53974,0.46685476915710933
53975,0.407359495030717
53976,0.39443733973780865
53977,0.3946710674418878
53978,0.4207705579089482
53979,0.38293094757455465
53980,0.4206243833067479
53981,0.35328142003632174
53982,0.35762094370929115
53983,0.4407428189830541
53984,0.40925567566571175
53985,0.4128432290141921
53986,0.415213013331271
53987,0.3992864183803913
53988,0.40515148684786
53989,0.3987636696761616
53990,0.41037279602529586
53991,0.3844149043560519
53992,0.3990035565957667
53993,0.45610413331612265
53994,0.3973531470428268
53995,0.4199406544266388
53996,0.3849039112176602
53997,0.43919205723110244
53998,0.44857180531709906
53999,0.39069021135913024
54000,0.8018147573381701
54001,0.8030427514026185
54002,0.7827849666347435
54003,0.839809151505659
54004,0.794557873958311
54005,0.7375867828723248
54006,0.7894682852032572
54007,0.783989024145297
54008,0.7120961996392478
54009,0.7276416853600147
54010,0.7808932682357059
54011,0.7974906288930169
54012,0.7399758890700147
54013,0.7214702301327006
54014,0.7278888424968644
54015,0.780584179487149
54016,0.6758298952820444
54017,0.7710078091797564
54018,0.7510999485537184
54019,0.7378492330511828
54020,0.7263988292464183
54021,0.6855320536431083
54022,0.6428971778111209
54023,0.6561104453817912
54024,0.6730233640970127
54025,0.6883662380651228
54026,0.6773210849371776
54027,0.7009498467740888
54028,0.6194637512422809
54029,0.6287439994646367
54030,0.6262604227488758
54031,0.672953356115325
54032,0.6269903595785838
54033,0.592115063071384
54034,0.6078155346178307
54035,0.5901474221732091
54036,0.6541582539941261
54037,0.6596376634695538
54038,0.5936873856922202
54039,0.5408406538931341
54040,0.6122296399617948
54041,0.5964974154892378
54042,0.5937191334690556
54043,0.6147343334945876
54044,0.5596188409123177
54045,0.5986467482302499
54046,0.5510643392119039
54047,0.6424552865831552
54048,0.5513050176931236
54049,0.5692639950738265
54050,0.5900472413319775
54051,0.4982109207437043
54052,0.5664950529616465
54053,0.5405905430801228
54054,0.5510513824491495
54055,0.5672577464809752
54056,0.5457590333718947
54057,0.5811187525169026
54058,0.5614699384679048
54059,0.5157503779731806
54060,0.5382114176412136
54061,0.4649701237619851
54062,0.5135771466676996
54063,0.4737726910694763
54064,0.5488285321930438
54065,0.5524554383932275
54066,0.5028456728346014
54067,0.48968248836005107
54068,0.45971478250921755
54069,0.4806245394801052
54070,0.5774772467893827
54071,0.5170752483868672
54072,0.5029912734800295
54073,0.4704482744292296
54074,0.4749858432196911
54075,0.44278935402821673
54076,0.48573150270201615
54077,0.4625863456937126
54078,0.38924823482167303
54079,0.46399796883260747
54080,0.447444205158007
54081,0.4248472141571063
54082,0.4315381140185189
54083,0.472072547577828
54084,0.4621725073644304
54085,0.47053430636446336
54086,0.402603050029687
54087,0.42590101015274284
54088,0.4927723668296994
54089,0.4256880844981124
54090,0.4105197990457425
54091,0.392752177921768
54092,0.4342622589029023
54093,0.4655542920378268
54094,0.40371657416595935
54095,0.4750244990175948
54096,0.44694481532836683
54097,0.38537108283788096
54098,0.4221001048931245
54099,0.4386502854375203
54100,0.3941642130854185
54101,0.419498439077978
54102,0.4377740488991178
54103,0.429409758156543
54104,0.4244042339242735
54105,0.4042061831994632
54106,0.40925143209786313
54107,0.3828519677264344
54108,0.36568007259617474
54109,0.41445918541850263
54110,0.3518669203560872
54111,0.3778333985293369
54112,0.40372639801734783
54113,0.3731839635588394
54114,0.36513714429864436
54115,0.3982377353269274
54116,0.31798022936450926
54117,0.38803566631888814
54118,0.4212815422081031
54119,0.38000794447614383
54120,0.3482580413666412
54121,0.39542157067936007
54122,0.44413011295412563
54123,0.29492422071065094
54124,0.3580982231220006
54125,0.39198027433946897
54126,0.34151614809090153
54127,0.3663569772068351
54128,0.35354090892574297
54129,0.37049046962287896
54130,0.3676581447666697
54131,0.3857686471451073
54132,0.3177306039048795
54133,0.3676466583920384
54134,0.3132751476670588
54135,0.3922434657774929
54136,0.39324350467475216
54137,0.3405590377937909
54138,0.35296044362576556
54139,0.3424474359201315
54140,0.31621500548896453
54141,0.3826514405135669
54142,0.35446530432882756
54143,0.35813410264331097
54144,0.336252895616439
54145,0.3603905580298123
54146,0.3341917536533689
54147,0.3334270581739241
54148,0.32401177257379177
54149,0.34083705202814335
54150,0.33306629920626735
54151,0.331251787417008
54152,0.29462077677167253
54153,0.32601523034855184
54154,0.3149657646987418
54155,0.35681066262628836
54156,0.3244314692146458
54157,0.34264747775959925
54158,0.38936729773466205
54159,0.3460838677214162
54160,0.23964047539174171
54161,0.32882254521620524
54162,0.31949575777671546
54163,0.33151432258071734
54164,0.31033605557276844
54165,0.32745462456390195
54166,0.32790840782786773
54167,0.311518740800974
54168,0.2772017718900565
54169,0.3071072748235543
54170,0.31397066246349803
54171,0.2812900176539447
54172,0.3283587230762047
54173,0.32275531357907145
54174,0.3228835830265796
54175,0.265146165016643
54176,0.3144013373953507
54177,0.22017487746742787
54178,0.3121676721974585
54179,0.3432083889895159
54180,0.2643408875411079
54181,0.3362428805825434
54182,0.269746417199473
54183,0.27956142870638034
54184,0.3263974040895397
54185,0.2843424191244914
54186,0.3184639326177795
54187,0.31573330096352326
54188,0.3027392171449334
54189,0.2738315855005176
54190,0.3203665398942798
54191,0.2794840224140214
54192,0.307094109368009
54193,0.2969740298054725
54194,0.3039889796232104
54195,0.28658466652072356
54196,0.2761199719043229
54197,0.3105278097366195
54198,0.2968453322962644
54199,0.28389431547076804
54200,0.34535544753096314
54201,0.2789620918210451
54202,0.2876952880299074
54203,0.2662195819524356
54204,0.26131736689389057
54205,0.28020434799641647
54206,0.2704565827942731
54207,0.30751344756771715
54208,0.26767937707321954
54209,0.26038685804317896
54210,0.26892297996881187
54211,0.27902674929925503
54212,0.29040583389410896
54213,0.2633860760298322
54214,0.253438048186939
54215,0.2665655597810386
54216,0.28367376084711365
54217,0.2625122462144383
54218,0.27311129773565607
54219,0.2552316374320389
54220,0.2857674305210017
54221,0.27483183272497436
54222,0.2579151818215712
54223,0.2544836293055615
54224,0.22429940841502816
54225,0.27119446497807054
54226,0.2438793968845801
54227,0.25578917244293925
54228,0.19984789817278542
54229,0.26998249389013307
54230,0.22499532636513872
54231,0.24484294893025785
54232,0.2961728114940183
54233,0.31613375663503024
54234,0.28712461237876574
54235,0.30252056356225127
54236,0.2799174426411591
54237,0.295539085072585
54238,0.2636090874518089
54239,0.20674500579755176
54240,0.28585959812222095
54241,0.30147528944005525
54242,0.29292634120492883
54243,0.2155867668803823
54244,0.2862616419461618
54245,0.25371082217621804
54246,0.28338397617257494
54247,0.2681750110885857
54248,0.204439191424295
54249,0.2701712480673179
54250,0.17491070134459633
54251,0.2546326445240549
54252,0.2744321304589218
54253,0.2770828231428976
54254,0.18748284947732613
54255,0.2622664906100976
54256,0.2437618035153761
54257,0.28224008868786
54258,0.314401704251823
54259,0.2681795650718174
54260,0.23194552685067088
54261,0.21395800938338452
54262,0.30063953595662624
54263,0.2882763794027465
54264,0.2618376446391034
54265,0.2602769991343514
54266,0.2592148469785392
54267,0.26751028912150937
54268,0.27669339666980813
54269,0.21779793007462445
54270,0.20416127143121368
54271,0.24586804614693655
54272,0.23634514621110073
54273,0.24385775471521398
54274,0.22243892988959163
54275,0.177978621349559
54276,0.2664613821669636
54277,0.2697004252454649
54278,0.25244464007434636
54279,0.29058854946680474
54280,0.3364499242908381
54281,0.2832940238909442
54282,0.22368340548731813
54283,0.22934100695157728
54284,0.25426455510255797
54285,0.2907606381408774
54286,0.22490971737955703
54287,0.28760069398590543
54288,0.21404857912099973
54289,0.24710894261632507
54290,0.22301458759754597
54291,0.3108745489844616
54292,0.24038082544081632
54293,0.29279909704991636
54294,0.2869196009990351
54295,0.28579755555720104
54296,0.2217379503631335
54297,0.19769097213098416
54298,0.20439470255359632
54299,0.28840746557470526
54300,0.2803792957238495
54301,0.25998895097060315
54302,0.2285963268092816
54303,0.24856151121024156
54304,0.27251303226910784
54305,0.24634702094882574
54306,0.2779324545096906
54307,0.24822710099723158
54308,0.2533260690357109
54309,0.14176920247313374
54310,0.2627838890359464
54311,0.26614576059040274
54312,0.20305469791146052
54313,0.2342959489815888
54314,0.3140537036611975
54315,0.2484772657724529
54316,0.3059922833644314
54317,0.19843070483929406
54318,0.18036639237054092
54319,0.26346165525150983
54320,0.23193771525161608
54321,0.31365987673319856
54322,0.2797287850787558
54323,0.23409053017297177
54324,0.27762592677706904
54325,0.21412665607394465
54326,0.2957254663778016
54327,0.2879996669318217
54328,0.20749622696905656
54329,0.31079707255113437
54330,0.29608165233841205
54331,0.20603143051208733
54332,0.20636732717575462
54333,0.29885508179918663
54334,0.23932391533994413
54335,0.23756405124172003
54336,0.24520158117640364
54337,0.23111469150220568
54338,0.22951964372931644
54339,0.29121142730336175
54340,0.28372183873498436
54341,0.24913440350938967
54342,0.2840406857745408
54343,0.2324446060237736
54344,0.293851018199184
54345,0.207793136808702
54346,0.2540692674801616
54347,0.2614006402808881
54348,0.2823023993918172
54349,0.2846147527443499
54350,0.26425355268174816
54351,0.23392527295380683
54352,0.3077316157845041
54353,0.27937998360621025
54354,0.310832398062477
54355,0.2694145449401554
54356,0.262892870272238
54357,0.22623573741768
54358,0.24300106485307843
54359,0.31901333158480827
54360,0.285913864668407
54361,0.2903504102875086
54362,0.22500606554381744
54363,0.29551933792465385
54364,0.3098556914754059
54365,0.2837846243640126
54366,0.24882273218413392
54367,0.23808961187411487
54368,0.1778290703760514
54369,0.2403519203464628
54370,0.2829023545744508
54371,0.21117756327429382
54372,0.25092708215866877
54373,0.3444439751837284
54374,0.25672961034233144
54375,0.26423515122940056
54376,0.3133051494142765
54377,0.2504914848851619
54378,0.2564191193037782
54379,0.22740016320020545
54380,0.25578999423279913
54381,0.2437085396373525
54382,0.2714834193317216
54383,0.26322103936209496
54384,0.33346591812674775
54385,0.30414157150699933
54386,0.28438105112088874
54387,0.28154228319603264
54388,0.25421870037940913
54389,0.22144320966353884
54390,0.22296549475179336
54391,0.2917643868413954
54392,0.29405196417389967
54393,0.25653000081944727
54394,0.25853519769347244
54395,0.22921743617707074
54396,0.25300976251520574
54397,0.276944576360083
54398,0.25620312705535847
54399,0.2690077060787251
54400,0.23063114907715992
54401,0.25095085330079175
54402,0.2925275952848303
54403,0.29305666931241164
54404,0.2923069441816633
54405,0.27648525047513534
54406,0.24452543134795682
54407,0.28437581099259823
54408,0.24988452217983984
54409,0.2606341486341218
54410,0.24769377206788212
54411,0.29192624618842533
54412,0.23316564615668905
54413,0.27005395446164543
54414,0.25659793306609346
54415,0.32170400037819075
54416,0.23348845952637726
54417,0.2308502938134047
54418,0.28741592719792464
54419,0.23316289432225856
54420,0.26037607694098386
54421,0.25176255343514375
54422,0.24834295927693764
54423,0.23764214773780834
54424,0.2686541000683177
54425,0.29521944409001044
54426,0.25438892523819506
54427,0.2560841269920335
54428,0.2603240249291334
54429,0.2880061059068296
54430,0.2775161546206404
54431,0.23126000044346978
54432,0.29011239126482813
54433,0.29441616547751737
54434,0.2556910829378934
54435,0.2595312435050169
54436,0.28904664999658486
54437,0.29548139082509983
54438,0.28408978056260287
54439,0.2970866198262859
54440,0.271800495807077
54441,0.3121584271803479
54442,0.280230132116687
54443,0.305256281568213
54444,0.231090578814881
54445,0.27745409000914223
54446,0.24132706184501163
54447,0.26041972535678687
54448,0.2550040947055891
54449,0.2785572234877649
54450,0.28228097552092557
54451,0.18997580966202626
54452,0.2738630193753897
54453,0.26733868554723345
54454,0.2598736553796889
54455,0.3068341101126112
54456,0.2681257497414821
54457,0.23881661985811437
54458,0.26926640791049133
54459,0.2761673969581263
54460,0.23376825045324567
54461,0.3028900280626484
54462,0.2442017410632369
54463,0.25940070813798155
54464,0.24732355127843575
54465,0.29846935418461246
54466,0.2567104324837698
54467,0.2769640294113674
54468,0.26443669794524516
54469,0.2674597419070196
54470,0.2050093452737919
54471,0.24092864743708867
54472,0.30006987899909693
54473,0.321670270996985
54474,0.2311175657014871
54475,0.22561121817630891
54476,0.32211866756745056
54477,0.3045907831729985
54478,0.30073623004477146
54479,0.26495756403137377
54480,0.3748141391440172
54481,0.3069072353421582
54482,0.2505433197564394
54483,0.2774604944186142
54484,0.2552288275404465
54485,0.27350450907384727
54486,0.307904412959876
54487,0.33954081834856475
54488,0.28617836351279746
54489,0.35599655197631563
54490,0.29055036889610986
54491,0.35922798031900416
54492,0.28783388510818225
54493,0.27026567672321533
54494,0.3359592099959822
54495,0.28446567116582067
54496,0.25631093717963654
54497,0.2514903310196341
54498,0.3146438686802391
54499,0.3155470100434876
54500,0.2677639449723769
54501,0.32590932280026735
54502,0.2506415367692838
54503,0.3109909101431708
54504,0.282501643983985
54505,0.3060626649329202
54506,0.3236175667562595
54507,0.23436885269448193
54508,0.2794011216799752
54509,0.2784651211041485
54510,0.27117704251900776
54511,0.28531067355962464
54512,0.3203847088232333
54513,0.28517841933845234
54514,0.23714160758708075
54515,0.29279004772180983
54516,0.25330117446294925
54517,0.4138180859083951
54518,0.3025587296114502
54519,0.3365833670790638
54520,0.3291608893895878
54521,0.30453134807568133
54522,0.2741330418838297
54523,0.28956708261498865
54524,0.32716270816413096
54525,0.2573782705140252
54526,0.30184059734461594
54527,0.27861373028180875
54528,0.2716788729449909
54529,0.23611234859438343
54530,0.3125149411266721
54531,0.30257188923451517
54532,0.27752964049028034
54533,0.2906211942792017
54534,0.3351444460893436
54535,0.27322997314382197
54536,0.3281228092503391
54537,0.2908970202199688
54538,0.27701137571625184
54539,0.2561738169830865
54540,0.27303439342692903
54541,0.3065979829224386
54542,0.2981678765274796
54543,0.3023674472710232
54544,0.33327302021513566
54545,0.3041286072967089
54546,0.3323075371066109
54547,0.3149413194038029
54548,0.2641942880137333
54549,0.3471609754593456
54550,0.3556299549596953
54551,0.3280855452672799
54552,0.3237228584476103
54553,0.33553582719745123
54554,0.2817025619049129
54555,0.33840830337403555
54556,0.3018867450297963
54557,0.27457597968082015
54558,0.3175461667315133
54559,0.343344251221119
54560,0.2788515028838752
54561,0.32537747364854497
54562,0.29415866520491696
54563,0.3281632774331626
54564,0.21774455876921722
54565,0.24755601566233945
54566,0.27827219392262237
54567,0.32096590016592347
54568,0.23455810867067695
54569,0.34377557029133426
54570,0.3063987042819463
54571,0.31756491721745883
54572,0.2645317766768457
54573,0.3135466718486485
54574,0.23680494148716852
54575,0.29424721003910614
54576,0.37670429701532415
54577,0.2839970655723115
54578,0.3220130518991939
54579,0.3200957464310225
54580,0.2566491502386594
54581,0.3250282986522165
54582,0.2679299692070794
54583,0.30549801548556305
54584,0.30762853662500883
54585,0.32769412581017887
54586,0.31179894394846597
54587,0.33498352027784345
54588,0.3209620523963803
54589,0.32489317291431213
54590,0.31498377058116617
54591,0.36882045749984727
54592,0.31181839824251123
54593,0.36778708333686055
54594,0.33189652432549044
54595,0.32031677071040093
54596,0.2770474619283222
54597,0.29266584879619095
54598,0.343598697278447
54599,0.30295848911237006
54600,0.32898381497190027
54601,0.31838859494753613
54602,0.31007904591472146
54603,0.3440692937643359
54604,0.26977742401563554
54605,0.3397211085816644
54606,0.30878808764259996
54607,0.2839073673367651
54608,0.2839484419294452
54609,0.2960467424279928
54610,0.3129111062747884
54611,0.3146302870028496
54612,0.2701782708849714
54613,0.2820877608370859
54614,0.30821253950670285
54615,0.29111685602238435
54616,0.30252042659055034
54617,0.3079778563928531
54618,0.3181130427486173
54619,0.2927744725141867
54620,0.3160152569807124
54621,0.33916565334288734
54622,0.3342519660867055
54623,0.383422984386952
54624,0.2799925289253486
54625,0.30400054455312087
54626,0.3962588578282656
54627,0.32615590682842016
54628,0.312323217548981
54629,0.3203880627944662
54630,0.3148716278189226
54631,0.2511686217106716
54632,0.31408674135580905
54633,0.2977620301967151
54634,0.3270591168003347
54635,0.31571220739880257
54636,0.31012576749704923
54637,0.2856170669250083
54638,0.2933866937767117
54639,0.2988355542546699
54640,0.3378428045068947
54641,0.2729183903587982
54642,0.3471156576930494
54643,0.2618879201447355
54644,0.33581290312991796
54645,0.2533892886410789
54646,0.29375257668012145
54647,0.3111745231412486
54648,0.27992955488959187
54649,0.30541317628896986
54650,0.2852480641011329
54651,0.30759944026128605
54652,0.3547283430507145
54653,0.3558654027203667
54654,0.25006050718376005
54655,0.2821343601827698
54656,0.30616237671876134
54657,0.310935848777836
54658,0.31599771201656884
54659,0.32978870366444185
54660,0.36057467683928246
54661,0.33444293350535387
54662,0.3023990063921871
54663,0.3514309820641885
54664,0.30313546819781056
54665,0.2744205945760615
54666,0.3889149172908639
54667,0.35944057476734165
54668,0.3325507648168209
54669,0.3736394791222267
54670,0.3171308799952287
54671,0.366026407749958
54672,0.2964639308490812
54673,0.3653336731031439
54674,0.34234929678316683
54675,0.3079792907312934
54676,0.3234798128925672
54677,0.32789390571270727
54678,0.32049335531704354
54679,0.2985654564017289
54680,0.3008932128940766
54681,0.3412517766591044
54682,0.3504098930010759
54683,0.3215886635393259
54684,0.3065907303815977
54685,0.34111823097949934
54686,0.2750729693546733
54687,0.2770520831936061
54688,0.36120967740126997
54689,0.33554926493626935
54690,0.3192984115674422
54691,0.35829635742224675
54692,0.3723720737135767
54693,0.3166113714679575
54694,0.32112883708190626
54695,0.34074295689972844
54696,0.29296711971588774
54697,0.3553869649903378
54698,0.3225847918510142
54699,0.33206569373153616
54700,0.29157838570258166
54701,0.30580355428828015
54702,0.32219760825456323
54703,0.29715401061711905
54704,0.3025406782988512
54705,0.35182791638198896
54706,0.33526808630245025
54707,0.408709537472518
54708,0.3056898206728925
54709,0.3423902273117296
54710,0.35810744313475473
54711,0.2783128647037616
54712,0.3273842027262633
54713,0.2834668049271512
54714,0.3528430526682789
54715,0.33352146494142576
54716,0.2856368802877086
54717,0.3430588138062654
54718,0.3585535817910469
54719,0.3057233315020139
54720,0.36700760664259136
54721,0.2914700929715583
54722,0.3371667146342866
54723,0.3456284206841369
54724,0.3178610073471224
54725,0.34963249698311916
54726,0.30012452881725804
54727,0.36183218401357675
54728,0.33345786561318097
54729,0.32862120092655617
54730,0.35518852095922143
54731,0.35430324435260485
54732,0.3224734867035676
54733,0.3898681625822619
54734,0.3414269154977315
54735,0.3365263039192511
54736,0.30796055328298005
54737,0.33347726689535784
54738,0.381054358044455
54739,0.3015450539763234
54740,0.3379088843429875
54741,0.3288731087392979
54742,0.35354014912181264
54743,0.33097485995683673
54744,0.37914354822303403
54745,0.36395137392711907
54746,0.3689902369256652
54747,0.346609522745601
54748,0.3262665686576006
54749,0.3180906623224893
54750,0.3705801763249276
54751,0.3114605678897718
54752,0.2911682398210399
54753,0.26029045853829547
54754,0.31297546264762605
54755,0.29336222549919766
54756,0.37893999605105166
54757,0.3253248072835107
54758,0.31498839595126965
54759,0.2977025645536919
54760,0.324729601566569
54761,0.3781960144639693
54762,0.35708006660089575
54763,0.3983890789076656
54764,0.3125134240167343
54765,0.29509079901606194
54766,0.32534458427514457
54767,0.3639670239379013
54768,0.3379078313118599
54769,0.3656235172369429
54770,0.40770257361869466
54771,0.36762523904594113
54772,0.3105272602950514
54773,0.3138758596623662
54774,0.36351957365379883
54775,0.3081102165163937
54776,0.292837381967369
54777,0.35903200210805863
54778,0.3160497897486527
54779,0.34660925233848877
54780,0.33475970134445415
54781,0.3465747593085345
54782,0.2730464158761076
54783,0.321235004927423
54784,0.3576803018484632
54785,0.37385419766714595
54786,0.32062977284730265
54787,0.34547326680236917
54788,0.3765757567016456
54789,0.3902852936842148
54790,0.32287898171433327
54791,0.3283502313247849
54792,0.3434326399597211
54793,0.3748076631563884
54794,0.3505687798888882
54795,0.3620292198831564
54796,0.3480207708865852
54797,0.28666533614447115
54798,0.32621183236433937
54799,0.34559712087414707
54800,0.3680555435444874
54801,0.35072911458771905
54802,0.2998062364547823
54803,0.34264758955982094
54804,0.37677918015279366
54805,0.27905421286272036
54806,0.3200832837450635
54807,0.438208215447179
54808,0.35195030200183164
54809,0.3544356450812073
54810,0.3592717041105304
54811,0.4038330967206912
54812,0.3998539791522222
54813,0.35295337996470677
54814,0.3872166560456972
54815,0.4073781641756398
54816,0.3055108509382171
54817,0.3619722631408744
54818,0.3805866955385425
54819,0.35038424246687244
54820,0.30722043173841157
54821,0.3915878544239777
54822,0.33341513610586343
54823,0.37551023539189066
54824,0.294229683126777
54825,0.32827913981128093
54826,0.35106460293540137
54827,0.3552696041156571
54828,0.3333645582850818
54829,0.33801138796864244
54830,0.31291943196143385
54831,0.3457775162701097
54832,0.3345186993236241
54833,0.3547193114095006
54834,0.33385237165979803
54835,0.34565189064656165
54836,0.4045096531775311
54837,0.3567306973502403
54838,0.3787163779428474
54839,0.3546172660904129
54840,0.326743447939147
54841,0.36310848119654127
54842,0.3444422008202233
54843,0.3373693616842446
54844,0.39658225758390353
54845,0.38750818179573626
54846,0.3420128923580334
54847,0.3389664163440647
54848,0.35717366348531415
54849,0.3295949849340965
54850,0.35517786150775876
54851,0.34972328516070694
54852,0.3752675763735678
54853,0.30662554550543586
54854,0.37977694191199896
54855,0.31101129601940586
54856,0.343809020920309
54857,0.34979777143927326
54858,0.34000892405723404
54859,0.34408791633315383
54860,0.3355523825108123
54861,0.364007762401797
54862,0.28130171298736417
54863,0.3593360774053457
54864,0.33495379652931856
54865,0.3749746759636694
54866,0.4028520652934525
54867,0.35121182438362175
54868,0.34813777191690665
54869,0.28243422550873437
54870,0.3964882217307698
54871,0.3603110571324469
54872,0.35813007740496083
54873,0.3077128388209453
54874,0.4182149998213027
54875,0.36336320863617155
54876,0.3284293660458561
54877,0.3651729143416373
54878,0.3680949584312918
54879,0.3660231781685144
54880,0.3133641401099479
54881,0.333038129724771
54882,0.4020243809152668
54883,0.3638547836475319
54884,0.3569152540718603
54885,0.31830820880697486
54886,0.39792730707746676
54887,0.324536991606061
54888,0.34661251437562196
54889,0.3479609615884717
54890,0.3216537428183348
54891,0.3785735911726161
54892,0.3430273334467456
54893,0.3980267343205726
54894,0.36004910291376174
54895,0.35052455080365774
54896,0.32084756103983236
54897,0.34881259699252287
54898,0.3801707761113676
54899,0.35469962016005635
54900,0.36989692185760886
54901,0.3315568894196521
54902,0.33715246510821406
54903,0.381574409908886
54904,0.3555332088963211
54905,0.2883685297417458
54906,0.35517901758160164
54907,0.4076850846176886
54908,0.2786547866993912
54909,0.3736736916978187
54910,0.34751777806766854
54911,0.36283486607007237
54912,0.31322637681665444
54913,0.3753761783316296
54914,0.33857888722210344
54915,0.4054816843537389
54916,0.3680567041845389
54917,0.34275599872264045
54918,0.3719541655264634
54919,0.3296917618744321
54920,0.3542376873420134
54921,0.3186173320250603
54922,0.37647327359519156
54923,0.34228482784771214
54924,0.3181863413937512
54925,0.38379625301956455
54926,0.3612481143009619
54927,0.377395479174157
54928,0.3762017800983831
54929,0.2979318177390965
54930,0.33804504675487423
54931,0.3600491068342402
54932,0.35538656974601407
54933,0.34458101423239507
54934,0.36680614644192117
54935,0.37381478284719943
54936,0.3691271829121265
54937,0.3554910220358715
54938,0.34165526129323887
54939,0.3388418719409484
54940,0.3321001863067922
54941,0.3483653422994306
54942,0.3808311035595279
54943,0.4360584534078862
54944,0.3433994073933685
54945,0.34324724282550734
54946,0.3481096270468996
54947,0.3741906901687019
54948,0.3756486072624985
54949,0.3634082173630467
54950,0.36681978940019316
54951,0.35526263127649715
54952,0.3537043644217681
54953,0.32567464573339006
54954,0.381026052980804
54955,0.37872200331747424
54956,0.35479031207396616
54957,0.37799917494720797
54958,0.34245103278136185
54959,0.3429776239780031
54960,0.3695667793712194
54961,0.30895887522143334
54962,0.30009598862389353
54963,0.3246485584492947
54964,0.3831410789414244
54965,0.38594876174559306
54966,0.32058430743587124
54967,0.32800572921940135
54968,0.378380743272102
54969,0.38863330813602304
54970,0.30849117381427404
54971,0.3775107857691674
54972,0.344100167851506
54973,0.36010032088361166
54974,0.3334307949035534
54975,0.2952671595217835
54976,0.39420098267455905
54977,0.4042156525757632
54978,0.3838579821451064
54979,0.3606277327224324
54980,0.37575430943412247
54981,0.397067383317817
54982,0.3894420270227611
54983,0.3502858866217995
54984,0.3809457333044695
54985,0.42258687179342946
54986,0.37984532280554906
54987,0.391738683266776
54988,0.2872276718372144
54989,0.3777474283680998
54990,0.358927248515431
54991,0.3929547089734436
54992,0.38084855747441854
54993,0.38061625847069014
54994,0.3661637586282291
54995,0.33952909285392335
54996,0.3460812908874603
54997,0.4066189131871981
54998,0.3482677093208447
54999,0.388110507286338
55000,0.4023572655777287
55001,0.38936161838506994
55002,0.3666556710147326
55003,0.29908668437339614
55004,0.36955782831567136
55005,0.3522775400367188
55006,0.3437910095579376
55007,0.32728872776626666
55008,0.3484597139574677
55009,0.34560591312772104
55010,0.36853113162206197
55011,0.37582823826715134
55012,0.3796025510077037
55013,0.32560189278278207
55014,0.3873858721394014
55015,0.3291121990365781
55016,0.42206091380127697
55017,0.3302583145835847
55018,0.3644209641343549
55019,0.3627074361122833
55020,0.3403861376506937
55021,0.2530433717241096
55022,0.32553986373598587
55023,0.3522977240019225
55024,0.3054230661085677
55025,0.39301608767564655
55026,0.3707069383366981
55027,0.4001343902453565
55028,0.34550271669179594
55029,0.35984942552062954
55030,0.3892312907295199
55031,0.3448310604670026
55032,0.34554335577340967
55033,0.39370959790740323
55034,0.36672016011094094
55035,0.4104402671563916
55036,0.35315644066485685
55037,0.3477901394764265
55038,0.4219547800318552
55039,0.30804684177031716
55040,0.34449467690140345
55041,0.36283654925906117
55042,0.34150505099969153
55043,0.31336736527744846
55044,0.39735900754704734
55045,0.37299275634367585
55046,0.3774637747138077
55047,0.34229110093408227
55048,0.3689332425251738
55049,0.39145323860424835
55050,0.37962719066068945
55051,0.4077147199659102
55052,0.33783176585064323
55053,0.33816008881067705
55054,0.39446068079730917
55055,0.3898440097331845
55056,0.34562797880089735
55057,0.3548691242204062
55058,0.40036551149411187
55059,0.3552222234270066
55060,0.39819904787558535
55061,0.39306181250049915
55062,0.3961984231834585
55063,0.3872309289975403
55064,0.4139435569971601
55065,0.3471670247280037
55066,0.3526787545285772
55067,0.372405572540306
55068,0.4337369998320476
55069,0.4084220331143102
55070,0.3823357129620419
55071,0.3692915433964711
55072,0.39650914733806764
55073,0.4156472063676523
55074,0.4090504020911846
55075,0.3723239362365048
55076,0.37213523555313954
55077,0.4031395411394697
55078,0.39767787176675157
55079,0.3433300998465011
55080,0.35089543359662684
55081,0.3653099258391339
55082,0.40440323837247844
55083,0.40037526734654505
55084,0.3530405398520351
55085,0.3652631496493804
55086,0.3426148901524812
55087,0.38572943810824684
55088,0.3538521580123522
55089,0.36350614775349377
55090,0.34077230847063067
55091,0.3825616827479813
55092,0.4072375439395437
55093,0.38537966106747995
55094,0.3562001830504587
55095,0.3367893321094336
55096,0.37759130508993366
55097,0.36652344694113465
55098,0.3825255541817432
55099,0.40405709129052214
55100,0.3580663473953793
55101,0.42026952218888475
55102,0.3128331428146822
55103,0.39678632423719096
55104,0.3905886047881671
55105,0.4137135072637897
55106,0.3514350847936726
55107,0.35055507165580374
55108,0.35608559763785896
55109,0.3587321911802956
55110,0.34989091840616743
55111,0.35092808200684156
55112,0.35651027519968487
55113,0.37799070925260614
55114,0.38995046667539185
55115,0.33484125299250955
55116,0.37848784932929047
55117,0.3308176438333394
55118,0.37516938867983274
55119,0.36808244684171487
55120,0.38617152864280174
55121,0.3962986188594792
55122,0.3783325129019913
55123,0.38828423676408624
55124,0.34210377804442693
55125,0.365151531813886
55126,0.3642521195135176
55127,0.40514601175857484
55128,0.4065986650317038
55129,0.33340049110178366
55130,0.43145947715495736
55131,0.4219228701398621
55132,0.3931969656017604
55133,0.383965991055239
55134,0.43349803457743974
55135,0.3870893732608681
55136,0.4028295625219507
55137,0.3407947964440812
55138,0.29681324599424175
55139,0.40339275102919053
55140,0.4064780997984878
55141,0.4025094860039174
55142,0.34929359453090025
55143,0.3878482097651115
55144,0.38545193509196113
55145,0.34689299446820065
55146,0.34685651531043565
55147,0.37381925716698594
55148,0.3339251942653235
55149,0.38298761834544
55150,0.375070077092806
55151,0.3857626624804607
55152,0.36508358258051615
55153,0.3868414287254217
55154,0.36882214780784733
55155,0.43498460999252997
55156,0.3764856904751245
55157,0.3687569952015451
55158,0.4264887846266136
55159,0.41539683496010943
55160,0.41544680535239065
55161,0.4398036063710274
55162,0.38113246394790967
55163,0.4046481351186756
55164,0.38763036390756567
55165,0.3900375585641158
55166,0.3698265731567922
55167,0.4291331702012976
55168,0.370493568577886
55169,0.43305937807196115
55170,0.3534616244670797
55171,0.35628136037140035
55172,0.3712438159264444
55173,0.3859903272340854
55174,0.393096785284837
55175,0.3783054738003895
55176,0.3809793867232426
55177,0.3951373981045255
55178,0.4008384477877629
55179,0.38046958575579065
55180,0.3911912029439539
55181,0.3638193197619906
55182,0.3651851704741511
55183,0.38954943187927876
55184,0.3420621113077922
55185,0.35122292347479417
55186,0.36212212409311123
55187,0.38126282619460033
55188,0.382628331015847
55189,0.3689852481762787
55190,0.3851717345931063
55191,0.35755651446004116
55192,0.4040108083280917
55193,0.3495107026735792
55194,0.37433953228115
55195,0.35852445025733626
55196,0.3861647276797278
55197,0.41018911298561583
55198,0.35964056361456004
55199,0.31462882396859815
55200,0.34350948930796654
55201,0.4072216266935116
55202,0.3924826574858481
55203,0.38660948020569097
55204,0.3821487525851823
55205,0.32558445957527254
55206,0.35897503013656284
55207,0.41032761387734845
55208,0.4942460043193383
55209,0.37575705198853915
55210,0.3711644306763448
55211,0.46383351910943393
55212,0.4172668438324511
55213,0.4184175065837844
55214,0.37760091271896906
55215,0.383156590423925
55216,0.4229798809472598
55217,0.41259300040399094
55218,0.37951436986726245
55219,0.37438380175145075
55220,0.4206962915157661
55221,0.4418122291358581
55222,0.41195786062226725
55223,0.3485957596926226
55224,0.4069042553331457
55225,0.4009205010064925
55226,0.4013276921695275
55227,0.3526559647265043
55228,0.3718361605072577
55229,0.40411840199145327
55230,0.40780474875309447
55231,0.3888620379538287
55232,0.34734589348455436
55233,0.3542114340521403
55234,0.4066884535373776
55235,0.41535581231220753
55236,0.38232958817682317
55237,0.39458943449288847
55238,0.44914073042370795
55239,0.3953871866337404
55240,0.3929749477863685
55241,0.3627562679142491
55242,0.40807331623938414
55243,0.3837736783770717
55244,0.42664895085900834
55245,0.38478179599786844
55246,0.41979976983049005
55247,0.42242097876966433
55248,0.32397458567624493
55249,0.36576427833573166
55250,0.41165718550781
55251,0.40095113763167295
55252,0.3635760374112377
55253,0.36769728243962957
55254,0.42342225946922607
55255,0.3723103324672652
55256,0.3768656167438062
55257,0.33189164712401986
55258,0.4106403798485881
55259,0.34391522361241206
55260,0.3840399576478142
55261,0.3713127634468921
55262,0.3516428949563329
55263,0.34547042371460185
55264,0.4317758787541369
55265,0.36371887758676336
55266,0.39282544194883945
55267,0.435120906810062
55268,0.4095063190672943
55269,0.36473277566098106
55270,0.3838373338975741
55271,0.43441373113759796
55272,0.40327865221991416
55273,0.41257538396862725
55274,0.3954092085499089
55275,0.3882055454129891
55276,0.4263128030509474
55277,0.3723803562036205
55278,0.40536272009173285
55279,0.412040047054228
55280,0.3563354923994001
55281,0.37690462540394093
55282,0.4341990751457085
55283,0.43464985372349113
55284,0.42805504323431776
55285,0.3990655053903488
55286,0.42706084161067787
55287,0.424561645521155
55288,0.43320734778518966
55289,0.3717498991762255
55290,0.4208767763104107
55291,0.3901130828968561
55292,0.40960708132370394
55293,0.4557610849451532
55294,0.3827799667495389
55295,0.3525215214940535
55296,0.4468609749006697
55297,0.44410441937009415
55298,0.3469430691478785
55299,0.4415781411613565
55300,0.4321149268470831
55301,0.41884595311943257
55302,0.40371763686209633
55303,0.4017458323595893
55304,0.3809574751623775
55305,0.3659619015275474
55306,0.3960990153241251
55307,0.37995241890935066
55308,0.4304413901617465
55309,0.3896439058974681
55310,0.38699414733177967
55311,0.3791855677939183
55312,0.42899379604749727
55313,0.41430021368215364
55314,0.38646953471258555
55315,0.40146602154708344
55316,0.42549130889976455
55317,0.36276565231763974
55318,0.4237691925412741
55319,0.3806617442176622
55320,0.4213643041872945
55321,0.34709336015819836
55322,0.49047134559028704
55323,0.36384899768473383
55324,0.36676872631054563
55325,0.36539371395037523
55326,0.48014809230726246
55327,0.3695740360380517
55328,0.43015568606341975
55329,0.4278127375513896
55330,0.39645639320320974
55331,0.418532675663484
55332,0.43572326952981977
55333,0.4244423887698222
55334,0.4362772189286742
55335,0.37234915233553856
55336,0.41097570366364045
55337,0.35634434166392415
55338,0.38728206826232575
55339,0.39121811511478555
55340,0.4360222475436945
55341,0.3932752685704605
55342,0.4042529642895481
55343,0.38844508827867363
55344,0.3957956428679776
55345,0.4301010091490623
55346,0.36569858983066195
55347,0.3628498719699128
55348,0.3550023549035536
55349,0.4154139112062706
55350,0.3472437769293567
55351,0.3996665263068589
55352,0.37007688382650294
55353,0.39407618426036145
55354,0.3919548533501884
55355,0.3991432115759294
55356,0.3650007328463802
55357,0.44415573045108864
55358,0.4060104640650843
55359,0.38490549442254196
55360,0.4114634208172118
55361,0.3986294414334163
55362,0.3961177707620626
55363,0.4316762240642401
55364,0.339924690214657
55365,0.3431021277507705
55366,0.39359637488785904
55367,0.47974834700323166
55368,0.3973349979525418
55369,0.3892013853355563
55370,0.38916017253975727
55371,0.42226472241331037
55372,0.40621583435934794
55373,0.39818282470003413
55374,0.3760590452058245
55375,0.44131871592764993
55376,0.4022411944863854
55377,0.4322330372153279
55378,0.42207920694171347
55379,0.4025211955937314
55380,0.4227048272719409
55381,0.3980121332189371
55382,0.3623892532509762
55383,0.42698938755849547
55384,0.3976920590646376
55385,0.403809039811269
55386,0.3920660474078042
55387,0.39648907549066437
55388,0.3764971385610742
55389,0.41777048667569455
55390,0.4080335227515994
55391,0.3989699550626363
55392,0.41234846691621413
55393,0.37629645696157676
55394,0.4027468394475405
55395,0.44404799478071
55396,0.3808735671124792
55397,0.3977124281982037
55398,0.36348958946249205
55399,0.4464604195885684
55400,0.4306073178999774
55401,0.36324482855755347
55402,0.3717954932409783
55403,0.3975134317470447
55404,0.44462585658369225
55405,0.3480579640296279
55406,0.3920175906209042
55407,0.41734936822410207
55408,0.379695540777243
55409,0.3868310181016022
55410,0.4020003872427649
55411,0.39106131311759984
55412,0.37029397386048823
55413,0.3818883296811438
55414,0.4282106891880957
55415,0.39224298656499357
55416,0.4001383784125994
55417,0.3981362695592309
55418,0.41285553742036146
55419,0.40158093191209066
55420,0.4590506509750737
55421,0.4057486611098835
55422,0.37239319979366015
55423,0.4348018191233371
55424,0.41120968602773356
55425,0.4201842361697498
55426,0.4289541855612577
55427,0.3945320626830591
55428,0.43632913914494614
55429,0.4184231520411941
55430,0.39063251956387596
55431,0.4226114790378874
55432,0.3946295288345812
55433,0.4166825580430312
55434,0.4085967314514692
55435,0.46984753108603267
55436,0.3899170033823809
55437,0.44072407436594063
55438,0.46624403130636116
55439,0.4532326263096686
55440,0.3885351712324661
55441,0.4271580713762842
55442,0.40944284414134835
55443,0.3966380978976951
55444,0.3854475547008813
55445,0.41585043487689627
55446,0.43025192463393586
55447,0.38650984093648816
55448,0.3956935734471413
55449,0.46226514053984813
55450,0.36640750058524796
55451,0.4070136607662803
55452,0.40589431501506645
55453,0.43800000338211437
55454,0.44061539091257285
55455,0.4015822528460017
55456,0.39314428456668665
55457,0.4736422146239223
55458,0.36961062307877346
55459,0.37538797471483454
55460,0.4338308894394265
55461,0.3831831278267397
55462,0.4129105879305802
55463,0.4776414217052662
55464,0.42488531451017714
55465,0.45403904654137234
55466,0.3705724697263607
55467,0.37377586480247366
55468,0.41008361775795665
55469,0.42154075842338595
55470,0.42569048651191355
55471,0.3819418821398506
55472,0.40519815429175
55473,0.4424887806782882
55474,0.4004854004588149
55475,0.37682653034219
55476,0.39264314111937126
55477,0.4469343755835865
55478,0.48210168555809824
55479,0.4506251575229548
55480,0.3771975434120314
55481,0.42325997001030014
55482,0.42796667201369826
55483,0.4231030407581532
55484,0.4194372189150289
55485,0.3835661739070708
55486,0.39584952666036866
55487,0.4425656583230237
55488,0.43904550558878375
55489,0.4195848912399944
55490,0.41545356851629506
55491,0.3904630663891187
55492,0.35586460015768434
55493,0.43910530781308327
55494,0.40618752384721046
55495,0.4136776288863171
55496,0.4193412353443739
55497,0.3803306248010448
55498,0.35664155636323996
55499,0.45412598463669884
55500,0.31386037767300895
55501,0.380666931823454
55502,0.4107663449036488
55503,0.41339166918124093
55504,0.39130464826434097
55505,0.4778663056720222
55506,0.42334391613602673
55507,0.4692337096858642
55508,0.4417911978212383
55509,0.4098783398524664
55510,0.40692240143389286
55511,0.4208934152867408
55512,0.4365725709746354
55513,0.41389743459326367
55514,0.40472450835067875
55515,0.4594949526919539
55516,0.3672502816119247
55517,0.41195711814428193
55518,0.42329715547250785
55519,0.4167460125484633
55520,0.4020673359655476
55521,0.41227589603353454
55522,0.4263704803345061
55523,0.47207723012687974
55524,0.4056045966503273
55525,0.42378307249290426
55526,0.4005664901231565
55527,0.42926337583875634
55528,0.4306710713837565
55529,0.41641810122950124
55530,0.44122782182322834
55531,0.360299988343075
55532,0.43774728336312146
55533,0.39647503477152957
55534,0.39949080487270067
55535,0.4356442196252444
55536,0.39689628922118064
55537,0.4183724055407892
55538,0.37959530809980485
55539,0.4212375833652295
55540,0.4046221877295932
55541,0.4491308838381812
55542,0.4280933818834105
55543,0.43955211945637923
55544,0.4356937311146431
55545,0.399155300950705
55546,0.4587510553299482
55547,0.40419593398374853
55548,0.4084144675162484
55549,0.4411713522734621
55550,0.44211856012141265
55551,0.38625061815030326
55552,0.3896938001345527
55553,0.4016285302816263
55554,0.4510321214320006
55555,0.4392586925830824
55556,0.4842951941240172
55557,0.3743056303745613
55558,0.45692991759604035
55559,0.40560996747306255
55560,0.41321215822381263
55561,0.3771748817300427
55562,0.37694056456555125
55563,0.4215437806177989
55564,0.39557392900403593
55565,0.42685200287877
55566,0.4167056984934491
55567,0.44289639135495446
55568,0.4610929995413064
55569,0.40632206676601607
55570,0.42266737110208047
55571,0.45565273270631246
55572,0.43128484451273436
55573,0.39842656316466246
55574,0.4703755317640637
55575,0.4046905166878988
55576,0.45484419076365784
55577,0.41649165162389684
55578,0.4348622527167876
55579,0.45898128001998856
55580,0.41778966776973414
55581,0.41585605462455316
55582,0.4342378790265066
55583,0.40777042278208586
55584,0.3910823692998182
55585,0.43218858540166116
55586,0.4191577596829852
55587,0.4505571803141154
55588,0.44450372658887294
55589,0.4159561932809158
55590,0.4053980240317309
55591,0.3958899496064896
55592,0.4185658267245625
55593,0.46880842285725033
55594,0.42924485181159533
55595,0.43329754093000955
55596,0.457462528204187
55597,0.37947529492490456
55598,0.39424037107738463
55599,0.48016480283532725
55600,0.4575341637329282
55601,0.42366218840020115
55602,0.36084675407137173
55603,0.39313320025776677
55604,0.43931304546985783
55605,0.41368465284783384
55606,0.40401019407371425
55607,0.3973189611386199
55608,0.4281229154995329
55609,0.44058488262756795
55610,0.41043176154929784
55611,0.4639069953184336
55612,0.389210860418337
55613,0.39491373421125764
55614,0.3725306061075134
55615,0.4286118164794246
55616,0.364972369868305
55617,0.42331198249057445
55618,0.46142052590716237
55619,0.4210368036834643
55620,0.41363394276850907
55621,0.39160049689280196
55622,0.4560368870350077
55623,0.4599340238638357
55624,0.4194889698572096
55625,0.42193172778779675
55626,0.39383335090725047
55627,0.3970734896807257
55628,0.4764370610583978
55629,0.3747192754357569
55630,0.4140130019481219
55631,0.43833275629034113
55632,0.36464646435096804
55633,0.3984836036478195
55634,0.4182854599412861
55635,0.39111769165731053
55636,0.4229206336208924
55637,0.45708398312292775
55638,0.34104140870599314
55639,0.5020341059793876
55640,0.42067795002483277
55641,0.4151964712300008
55642,0.4331634607384892
55643,0.40334207226269725
55644,0.4263866274781067
55645,0.46773889416415837
55646,0.4472543507325359
55647,0.3575818938312156
55648,0.464066678194636
55649,0.40359375228353495
55650,0.43695477637787733
55651,0.3737836682379089
55652,0.41381553960172174
55653,0.44827903296922306
55654,0.4088551167506841
55655,0.42873980449481497
55656,0.4334986343383395
55657,0.4746941618662105
55658,0.43035612869153683
55659,0.4007960576228891
55660,0.4387095983202335
55661,0.372354138424549
55662,0.4445058679335708
55663,0.45467399870510816
55664,0.3791501892387377
55665,0.48689424066368103
55666,0.42657446092257334
55667,0.39712261485124256
55668,0.39895528562595084
55669,0.41448966144917054
55670,0.4344812186023696
55671,0.42516428310587434
55672,0.3902353777460982
55673,0.45072529454261206
55674,0.42237209133922365
55675,0.4486389871915753
55676,0.3921846141359385
55677,0.4155115214787023
55678,0.44893813687419537
55679,0.41278150080014153
55680,0.39769944938326907
55681,0.3842439110144219
55682,0.44050026806554937
55683,0.45480523628240643
55684,0.4283224294002102
55685,0.38060279663066987
55686,0.4239016274487377
55687,0.4260863608586921
55688,0.4013242100067025
55689,0.4315013055242888
55690,0.41393429989112146
55691,0.41287761101738785
55692,0.45024526667938225
55693,0.43225889545140417
55694,0.42096987341625136
55695,0.41742351963815744
55696,0.44078789432391324
55697,0.39837066973583374
55698,0.4557491488257778
55699,0.47031766568598554
55700,0.416575282169004
55701,0.4371055042428579
55702,0.46257561366972805
55703,0.43173625254867487
55704,0.4495576414045094
55705,0.39778261170350193
55706,0.37377513315838995
55707,0.40691060305244775
55708,0.39134445375238763
55709,0.47199826254837385
55710,0.4155110606552048
55711,0.44916472805901014
55712,0.3827726881611069
55713,0.4737783214334089
55714,0.40458299721342295
55715,0.44386732761247844
55716,0.38486281376530757
55717,0.42547113191239455
55718,0.4497450110250219
55719,0.3933627356335108
55720,0.43421047654212647
55721,0.4351160410761449
55722,0.39906057083571833
55723,0.4015585219891318
55724,0.37204351939797314
55725,0.408853315179752
55726,0.420894986428029
55727,0.43645346901961374
55728,0.4069074975663112
55729,0.41925932313039505
55730,0.4016264899079243
55731,0.41300430782644626
55732,0.3610290403810065
55733,0.3927342585830022
55734,0.46936458948546605
55735,0.4876981420084579
55736,0.4367567565456222
55737,0.43599682454803607
55738,0.4586278023708341
55739,0.4428833028087183
55740,0.4533936299759292
55741,0.4216373954558573
55742,0.4615382841394137
55743,0.45884262402776943
55744,0.42369510623762063
55745,0.4199469333024876
55746,0.41392437706797375
55747,0.4053237838962595
55748,0.4561845357023252
55749,0.43577416654301493
55750,0.4517293439941167
55751,0.4365220841704995
55752,0.41291523209946496
55753,0.44666910423317274
55754,0.392338741935235
55755,0.3850519193923153
55756,0.4235381633988064
55757,0.4629711927204696
55758,0.4144009891943864
55759,0.42774391007887635
55760,0.4393631268221099
55761,0.4504216615543163
55762,0.4230207566454137
55763,0.40755890565579495
55764,0.41809097876644447
55765,0.4737885562868631
55766,0.4639588326349795
55767,0.44623518997120726
55768,0.4591979374370626
55769,0.4086042288235991
55770,0.38368434066521356
55771,0.4117243416311816
55772,0.4662903089478362
55773,0.44779586962850354
55774,0.45388709135171823
55775,0.4352564306383445
55776,0.4538153482522026
55777,0.38535056355437397
55778,0.43019701911456365
55779,0.4055938878002555
55780,0.3978336209550197
55781,0.4260940110633068
55782,0.41739282564781316
55783,0.4828068827330364
55784,0.4552671575796584
55785,0.4384182194132211
55786,0.4533559103948792
55787,0.48117985661414864
55788,0.4119186101760911
55789,0.44393517143850664
55790,0.44901956936665777
55791,0.4028550854503684
55792,0.5074945082373008
55793,0.3986275492639548
55794,0.491199753982852
55795,0.4266061545990782
55796,0.44426735063902223
55797,0.435633507521133
55798,0.39430216553249253
55799,0.44474163304671854
55800,0.4287975222026758
55801,0.39598927690629593
55802,0.4245868428194878
55803,0.41427564876885803
55804,0.4295925737403223
55805,0.42938185385540045
55806,0.40354327658941436
55807,0.4641483518986327
55808,0.4726005126100627
55809,0.45472755187766095
55810,0.44205402315301234
55811,0.41924815761495965
55812,0.3832638843903694
55813,0.4327290714219971
55814,0.38933805967114404
55815,0.47983058159882985
55816,0.39112114016996474
55817,0.4312498251542564
55818,0.4616035241651518
55819,0.4378749850774426
55820,0.410705186920262
55821,0.43691404034791853
55822,0.38480621079368404
55823,0.4487011112009843
55824,0.42677735014392
55825,0.39602770161627676
55826,0.4098697662161139
55827,0.4412719841398698
55828,0.4421097755093919
55829,0.47816778170463636
55830,0.3920626299310289
55831,0.4084138160543038
55832,0.4380651220297064
55833,0.401191521079811
55834,0.4461901440583642
55835,0.46173612738235276
55836,0.42177953474816005
55837,0.4812073948313759
55838,0.4307252636814231
55839,0.44905447413113003
55840,0.4517648382348837
55841,0.4205306024163488
55842,0.4187283716782997
55843,0.4421820633774822
55844,0.41201635724412466
55845,0.4586463716154592
55846,0.4395825591163226
55847,0.45381476336950544
55848,0.4345930062277569
55849,0.437498919052958
55850,0.42289745847351645
55851,0.48257671884891173
55852,0.43970719198300023
55853,0.4730844525296613
55854,0.4226827896656792
55855,0.4264138635534169
55856,0.4221508911932317
55857,0.46991801081252804
55858,0.44882466473545085
55859,0.3795120898666766
55860,0.45876756303716454
55861,0.4496022491856668
55862,0.4750605708844465
55863,0.4575191158966879
55864,0.45569238815139546
55865,0.4332539169373878
55866,0.43571786606143303
55867,0.4159959387429176
55868,0.4040993636360927
55869,0.5067766592589215
55870,0.45522983840132064
55871,0.4347182854847973
55872,0.5012550802866615
55873,0.44016316411443857
55874,0.5119070335796869
55875,0.41715324168553897
55876,0.4199951766056149
55877,0.41548765000955556
55878,0.49081517191571994
55879,0.46076516685826585
55880,0.48530183642447633
55881,0.4540581589721175
55882,0.4946682569384436
55883,0.4558410702842849
55884,0.38278468457896314
55885,0.4640513555448397
55886,0.44331000440259516
55887,0.4287025565739341
55888,0.42783208088966357
55889,0.3968314799831839
55890,0.41572822071776167
55891,0.41141581655243037
55892,0.41202561439374497
55893,0.4571267610909398
55894,0.4209661477334957
55895,0.3825325962890017
55896,0.41773648016142434
55897,0.38890041873359926
55898,0.38130481408423306
55899,0.46465691632925477
55900,0.4729450780845785
55901,0.4118486182558468
55902,0.48224908077950446
55903,0.4710046893786013
55904,0.45491655523478686
55905,0.44368869730665333
55906,0.4794224256910544
55907,0.4346696505399915
55908,0.44610659556583326
55909,0.4682873614720905
55910,0.4354193307028835
55911,0.4235694259768625
55912,0.41923357130533123
55913,0.4721084185238798
55914,0.47335238552492065
55915,0.44913694371027363
55916,0.4249416235893346
55917,0.5063597903846083
55918,0.39746168216033034
55919,0.5080560061349512
55920,0.47151208170343234
55921,0.48258309338158256
55922,0.4145789322329877
55923,0.48515977172168273
55924,0.49697527080941345
55925,0.41607273795346567
55926,0.47664621775790883
55927,0.4683356452063432
55928,0.4722895576965685
55929,0.4566332434290541
55930,0.46665316388141254
55931,0.45624060377147435
55932,0.41673878542372905
55933,0.4178318944534822
55934,0.4340044002190729
55935,0.44640881867992027
55936,0.4173603538776597
55937,0.44020189929539977
55938,0.46080934107466587
55939,0.47277461606673754
55940,0.41979877594221676
55941,0.45993469085224054
55942,0.4390614547903176
55943,0.4492787829528202
55944,0.4191766925925487
55945,0.4588851527724828
55946,0.4505334599305026
55947,0.37593970921175285
55948,0.4387239250125466
55949,0.37059856323518825
55950,0.4208470536955174
55951,0.43699135566261615
55952,0.4379317715505544
55953,0.43115934317743754
55954,0.3935060635193419
55955,0.4489232434105108
55956,0.426318967148635
55957,0.4805526167466183
55958,0.42914573706425435
55959,0.4230495298812885
55960,0.4991865147239554
55961,0.40817679114246175
55962,0.4890186343259386
55963,0.4952728148170435
55964,0.4145605273878946
55965,0.4365624226488953
55966,0.46235509759814614
55967,0.4203248721959525
55968,0.4761301843343032
55969,0.44532343994325446
55970,0.4497844723966629
55971,0.49011346489141794
55972,0.4302750186909244
55973,0.45249978832783433
55974,0.476350497582012
55975,0.4977982093179206
55976,0.42122290933899803
55977,0.40116598363448486
55978,0.4590240190034742
55979,0.42201908368995145
55980,0.48001519459971786
55981,0.5062184760162466
55982,0.4343125449065617
55983,0.4168467021417625
55984,0.45725817376216804
55985,0.4767771143810352
55986,0.4681008833714131
55987,0.47122538524875857
55988,0.4505921730266329
55989,0.45864525496539227
55990,0.403050540788928
55991,0.4152235849457714
55992,0.47112671257999633
55993,0.4202636107019546
55994,0.4859436782785553
55995,0.42890509120995035
55996,0.4355047120324143
55997,0.43720163329820355
55998,0.4388648518208925
55999,0.4813279291885726
56000,0.4502889780378435
56001,0.47759548516711353
56002,0.4697575610541772
56003,0.42705371489152794
56004,0.43834007122541413
56005,0.4518701378171941
56006,0.4572907693566918
56007,0.4456423949223758
56008,0.4817725414948189
56009,0.4322626009445685
56010,0.4488803687529122
56011,0.4530408654530546
56012,0.420193393694633
56013,0.4367752850249513
56014,0.4482359711602561
56015,0.40879154647990096
56016,0.4608401473009679
56017,0.4468115316670848
56018,0.4408493675682625
56019,0.41717534673131024
56020,0.47148141355013695
56021,0.4630065093182265
56022,0.4740607169625399
56023,0.43296608232308825
56024,0.5045238614374876
56025,0.44439885807609236
56026,0.4701055679077217
56027,0.4610341698195242
56028,0.47551454465694815
56029,0.4548212544117714
56030,0.42465213274353003
56031,0.44636101625629226
56032,0.4799307619911684
56033,0.42040432017224927
56034,0.47274837378099904
56035,0.45740080701877406
56036,0.4687101878238052
56037,0.4922582231697834
56038,0.48005937098672535
56039,0.41009593949967005
56040,0.45049054907749986
56041,0.47481658443201225
56042,0.44920981535192794
56043,0.5268231856204203
56044,0.42568905065134516
56045,0.4203690966095603
56046,0.4761908426895072
56047,0.47094558709091944
56048,0.4343294089539391
56049,0.4560885117493146
56050,0.45028665837295734
56051,0.480928710212915
56052,0.4257472252687884
56053,0.40788875481784637
56054,0.4534258194082643
56055,0.4046641327234519
56056,0.4263465217770698
56057,0.4750746943328937
56058,0.47756200945548644
56059,0.5153354819520946
56060,0.43836688807929836
56061,0.4601013893056709
56062,0.4668757766217313
56063,0.5024325066026804
56064,0.48333108488282683
56065,0.4767366150359811
56066,0.43959415412260827
56067,0.5271470964800593
56068,0.4772095229192081
56069,0.460464474586024
56070,0.5085814194608176
56071,0.43852189541396147
56072,0.4758754903708894
56073,0.4474847964991824
56074,0.45560034754692447
56075,0.4112408386033166
56076,0.4536002183528847
56077,0.3997237344860692
56078,0.41617056783107936
56079,0.4671750856572892
56080,0.4261821796800345
56081,0.4281425774390517
56082,0.3859192642046072
56083,0.5000462384276114
56084,0.45121021656066534
56085,0.4715322214261373
56086,0.4373929184311527
56087,0.41465632984211015
56088,0.44350686388906013
56089,0.46494128613548413
56090,0.4516376892025433
56091,0.5067621750336408
56092,0.44300810829975923
56093,0.4740006240547118
56094,0.41487314413329235
56095,0.43850043858104465
56096,0.4364306956537664
56097,0.4057328542006629
56098,0.41142125746284575
56099,0.46136395725754903
56100,0.4542653733066507
56101,0.4530675872086104
56102,0.44820895633900854
56103,0.4896041524054266
56104,0.43168724061626557
56105,0.41076359972161464
56106,0.43632015694171733
56107,0.48980561690656266
56108,0.4520185986822485
56109,0.47348182272112677
56110,0.47817456685981885
56111,0.47150993083513504
56112,0.46943391161541553
56113,0.36580953886537393
56114,0.41213227281752235
56115,0.4597603648539313
56116,0.45186329349837395
56117,0.4524309993995132
56118,0.5007217075354424
56119,0.4622629068091298
56120,0.39582554808289344
56121,0.4342478750136442
56122,0.44029325580581824
56123,0.4465936743475154
56124,0.46698429371442296
56125,0.49545985488644756
56126,0.4184328454959306
56127,0.4466108571250586
56128,0.41667685564617835
56129,0.47096009875354794
56130,0.4106793834500253
56131,0.44812854964635507
56132,0.49924795507698316
56133,0.4801094269966896
56134,0.44574695684540655
56135,0.46185682102288883
56136,0.4578854436043481
56137,0.49350292106175797
56138,0.45883010177394085
56139,0.4604969877717805
56140,0.4578240280452955
56141,0.39065402949279165
56142,0.4493741472789801
56143,0.44472370384764104
56144,0.47962229380397786
56145,0.44737989542431095
56146,0.45572081154733457
56147,0.466334694970484
56148,0.46428772040314287
56149,0.4258688775820886
56150,0.5016813856164118
56151,0.46635485743813193
56152,0.48766710431810123
56153,0.530902651234127
56154,0.4255644908686406
56155,0.45839402074954083
56156,0.4736933556827671
56157,0.44753831303886776
56158,0.4727195048088732
56159,0.4485066759720112
56160,0.49856787500105515
56161,0.5088080591757739
56162,0.42151959452667886
56163,0.41818184499860717
56164,0.49428132918486645
56165,0.43912992165433823
56166,0.473243040053826
56167,0.45585392076054965
56168,0.4462776624426793
56169,0.4414391671505188
56170,0.45824064476985427
56171,0.47470344400365444
56172,0.525832873013521
56173,0.48593376932260063
56174,0.48406804219605776
56175,0.4656954375106829
56176,0.4815064733090092
56177,0.4604295057373943
56178,0.4949598543620839
56179,0.45880148245498703
56180,0.48874412173403897
56181,0.482439682696528
56182,0.4268624010066498
56183,0.45204608678610597
56184,0.4623924263353789
56185,0.43331727294692235
56186,0.4158360269759161
56187,0.4542284842134402
56188,0.5151809926299251
56189,0.4350783438839314
56190,0.4930297778082301
56191,0.4205916095528865
56192,0.4665439784194248
56193,0.3820871368254597
56194,0.4830359329707221
56195,0.4927988329905271
56196,0.4846611049093624
56197,0.5238082211313974
56198,0.4731345375893373
56199,0.4554141293252592
56200,0.41138797165977753
56201,0.4811803568454425
56202,0.41793880057611177
56203,0.46731850231846045
56204,0.4390152417842195
56205,0.449204116545554
56206,0.4625063570395906
56207,0.4452378961919503
56208,0.46889386084570306
56209,0.42441475098609566
56210,0.4759930378830044
56211,0.5052632720957292
56212,0.4535683322881808
56213,0.4683948238792823
56214,0.42940436525972936
56215,0.4996676936449834
56216,0.4064548433694328
56217,0.481795970119934
56218,0.453412873444735
56219,0.4438514328283325
56220,0.43289358877012757
56221,0.41190869661774066
56222,0.47835387249178263
56223,0.40234213759837895
56224,0.437979721073125
56225,0.5001395175110378
56226,0.5175267752225207
56227,0.46264195790955287
56228,0.47371101099453883
56229,0.49973668244818464
56230,0.4841296086442245
56231,0.46434158637154
56232,0.49855443317630055
56233,0.5015637127485546
56234,0.43933337282534607
56235,0.5110116825077526
56236,0.4933894635436814
56237,0.4500999015580597
56238,0.43838882878647273
56239,0.46504734258590386
56240,0.4523661838767168
56241,0.5131927558515393
56242,0.47018958277382666
56243,0.4445667541761764
56244,0.48157398035612364
56245,0.4511399827322941
56246,0.40866994353899533
56247,0.465314987601232
56248,0.4365297857686552
56249,0.40041979466603894
56250,0.45579031195688485
56251,0.42314874485949766
56252,0.521050267434136
56253,0.4478155730814836
56254,0.4586750217995415
56255,0.4663833363482168
56256,0.44034759530918055
56257,0.40761720102870225
56258,0.4777302262866406
56259,0.43544484449793536
56260,0.45923788990763864
56261,0.4604364790617449
56262,0.4705154811586208
56263,0.42272405350273456
56264,0.4537584977673167
56265,0.45360752830408324
56266,0.45115899924779423
56267,0.4281430873886411
56268,0.5104990081384038
56269,0.43038300209412805
56270,0.45507619680891837
56271,0.4470912404663688
56272,0.45804761128679866
56273,0.4618132746326697
56274,0.49036658558355434
56275,0.45369803107545775
56276,0.462897789789572
56277,0.4739534504819293
56278,0.49732459303681054
56279,0.5004661768125778
56280,0.4304991815809021
56281,0.4694169341152093
56282,0.48008659913641977
56283,0.4671184644933902
56284,0.44611883887898035
56285,0.4402565134726585
56286,0.4584799620377521
56287,0.428070539381566
56288,0.4532247265429681
56289,0.5368449414755604
56290,0.43242513941931
56291,0.47557537352278434
56292,0.46251811407939913
56293,0.45525551213200544
56294,0.4967613957337227
56295,0.4841647011925861
56296,0.43944847878462473
56297,0.4590625008256872
56298,0.5193773393705128
56299,0.48561863486174883
56300,0.4470245237290674
56301,0.5065043464454732
56302,0.5007459653041084
56303,0.438166778973826
56304,0.4502616994827268
56305,0.4474866572092756
56306,0.4584939669404934
56307,0.44049584850507834
56308,0.49061551242552975
56309,0.42641614720855525
56310,0.47239164231245695
56311,0.465692277429
56312,0.5118134225501196
56313,0.5030313031228302
56314,0.4819477361252996
56315,0.43868203330054867
56316,0.507076942414861
56317,0.41447109465140247
56318,0.5245765274164295
56319,0.4408661401472892
56320,0.49594623600071036
56321,0.5043941083959729
56322,0.4392831699187383
56323,0.4600471307835327
56324,0.4113653713987954
56325,0.4294432252050875
56326,0.4951778494160524
56327,0.490161023227293
56328,0.4814700258088649
56329,0.4679934244684923
56330,0.41492663511031797
56331,0.40253330662070913
56332,0.4405872980898155
56333,0.5163319342846949
56334,0.4518661716782142
56335,0.48474079188865876
56336,0.524900611760637
56337,0.4744687140407401
56338,0.4505669911979731
56339,0.45629826309291577
56340,0.49903801764121647
56341,0.46244305733335717
56342,0.4505297235166907
56343,0.4550845993866625
56344,0.451865125385678
56345,0.4410248921317187
56346,0.48171440884772193
56347,0.4605331797793046
56348,0.47151827140993485
56349,0.41648703260193193
56350,0.508575738277325
56351,0.47887737580261364
56352,0.45904359128021555
56353,0.4983795394026656
56354,0.46854974265646
56355,0.49093944117206656
56356,0.508412227642324
56357,0.44751507175178695
56358,0.4884310098240529
56359,0.4313521849851064
56360,0.4699893260144568
56361,0.4600256466975152
56362,0.4325646349859101
56363,0.5438732858155177
56364,0.4925627619338783
56365,0.4566201135865461
56366,0.4894177124103911
56367,0.4943128329763551
56368,0.4420163699436649
56369,0.4843553910933544
56370,0.4245710323454007
56371,0.4900793017294792
56372,0.5289802871801034
56373,0.4409174701011516
56374,0.5019739479556483
56375,0.4971284924745919
56376,0.4526139818382602
56377,0.47203676559107666
56378,0.4620889542440902
56379,0.47699985217086016
56380,0.5222627711036226
56381,0.44467197003141207
56382,0.48148559130585067
56383,0.48961864063973987
56384,0.4246832394050926
56385,0.4367368352131918
56386,0.4925488785114033
56387,0.48484180840466656
56388,0.4991591015229592
56389,0.5285792998536905
56390,0.45160071176898126
56391,0.4788535863426307
56392,0.5008114934543044
56393,0.5262481518204356
56394,0.4790759991222256
56395,0.4850976679166796
56396,0.48498495603997555
56397,0.4745277223202684
56398,0.4870081729547161
56399,0.44835260437272884
56400,0.4785552133155494
56401,0.49153214163468784
56402,0.47902945318916174
56403,0.42118506480251244
56404,0.48908861720599117
56405,0.4384831382421171
56406,0.5179398335793377
56407,0.4445510950650835
56408,0.4583377733957811
56409,0.5022631971757926
56410,0.4464082486981738
56411,0.4516208000442638
56412,0.43263010555734854
56413,0.4479862812694086
56414,0.48980873624675364
56415,0.46768710635751415
56416,0.4371963291083079
56417,0.5027063197395012
56418,0.42830611480261715
56419,0.48302603150162554
56420,0.47543000482070086
56421,0.4543934736151889
56422,0.5058868294416943
56423,0.4337926323659716
56424,0.5430480639456081
56425,0.5068887776271929
56426,0.5096554268193766
56427,0.4319800990412034
56428,0.48500328638172957
56429,0.45431324951197966
56430,0.4373978606260885
56431,0.5340743787535109
56432,0.4419615557214852
56433,0.49172318754352606
56434,0.4838766479969946
56435,0.5092580506116455
56436,0.4323585736066363
56437,0.5205200681229047
56438,0.49471906697498624
56439,0.5418521847184663
56440,0.4542047127769643
56441,0.48717582622828215
56442,0.44179237841054075
56443,0.4383146642230526
56444,0.5075437106960653
56445,0.4711142673494959
56446,0.43355549915084896
56447,0.5157343276834105
56448,0.4471667010545047
56449,0.45974406898087133
56450,0.5375029752240084
56451,0.5060554583232764
56452,0.4715660610535418
56453,0.45389956414793303
56454,0.5119209470372613
56455,0.5003896181609848
56456,0.4848339305084015
56457,0.4674141044190723
56458,0.48398299156496205
56459,0.5234306377893033
56460,0.4783445842636809
56461,0.47720873119517243
56462,0.4624655226756016
56463,0.4625612799363802
56464,0.47013539693266
56465,0.5019249038782543
56466,0.47191590661850397
56467,0.5003764249359965
56468,0.49972772833306817
56469,0.48614609849999185
56470,0.44631012671509324
56471,0.48198256441082354
56472,0.47763674269425466
56473,0.502255505771927
56474,0.43210159016122335
56475,0.48295023435141166
56476,0.4549214225832499
56477,0.4518347249011739
56478,0.5206555120270625
56479,0.48472552107433875
56480,0.4971896983198027
56481,0.54609356858905
56482,0.49162972212807904
56483,0.4876470514926268
56484,0.47868408596262974
56485,0.4781881307577226
56486,0.4733464297510271
56487,0.4483490883158463
56488,0.48993822322443237
56489,0.4549576421298853
56490,0.4525629459162697
56491,0.46009955863550034
56492,0.4731399465645164
56493,0.5125630018101849
56494,0.4398065776714004
56495,0.4749158451923391
56496,0.5306685386037182
56497,0.46687088279559813
56498,0.48182151883717333
56499,0.45419027691838976
56500,0.5154432327270742
56501,0.4827586287916262
56502,0.4751944383467325
56503,0.5114127572683099
56504,0.5169778562132166
56505,0.48925077011921225
56506,0.47127464306735317
56507,0.4729538088284502
56508,0.46849570632204957
56509,0.4969988123715039
56510,0.47608018361549403
56511,0.4637327733338148
56512,0.5250247281700136
56513,0.48381535324016184
56514,0.48949395751757496
56515,0.47956581372404694
56516,0.4833382794507457
56517,0.4401904207396455
56518,0.5443516730947596
56519,0.45769277187768614
56520,0.46754488708898695
56521,0.4646266860109997
56522,0.4563028919972262
56523,0.4837300474044986
56524,0.5099722611078309
56525,0.4784934777934778
56526,0.4890409779331864
56527,0.4966500847234468
56528,0.5706450188459036
56529,0.5051735576991535
56530,0.515833258478642
56531,0.46835016017393516
56532,0.4604387579930145
56533,0.4864524082227755
56534,0.44182969935568217
56535,0.4938091867209772
56536,0.42790411317809274
56537,0.49434453176880433
56538,0.4803021812955137
56539,0.4551652199638938
56540,0.4538885401780618
56541,0.4941108370706885
56542,0.48262031312748394
56543,0.4709840291645657
56544,0.547716999738928
56545,0.5166828319833369
56546,0.4832920406888511
56547,0.5289716771716294
56548,0.4679661124981311
56549,0.492674958179161
56550,0.4696113768235141
56551,0.4521185442719033
56552,0.5250009088397716
56553,0.4522867428580606
56554,0.46260642501978216
56555,0.47995290311208066
56556,0.4619770827884925
56557,0.490720430120025
56558,0.5047435155132894
56559,0.4380960559647737
56560,0.542396458745255
56561,0.4719100753694295
56562,0.4373483371065802
56563,0.40646911798999796
56564,0.48299983079008835
56565,0.4965248544482862
56566,0.44267174977538204
56567,0.5105678932982365
56568,0.41080111350282333
56569,0.4688448517511878
56570,0.4468837703390861
56571,0.5043291134946473
56572,0.492271430041039
56573,0.4785644837648794
56574,0.4605123045193953
56575,0.45655037855963154
56576,0.481833361521559
56577,0.47730039027839966
56578,0.5185621791094286
56579,0.48931702926621373
56580,0.5300777821874815
56581,0.43313927313615114
56582,0.416156942792621
56583,0.508820513434223
56584,0.47225953932893094
56585,0.5218783142579091
56586,0.5198686696285818
56587,0.5028285892245877
56588,0.4406842640209465
56589,0.5144897444609491
56590,0.51461007564267
56591,0.49303370197202995
56592,0.4422438536222003
56593,0.4743731392912561
56594,0.5267339921716961
56595,0.5303712559967427
56596,0.4864257180096326
56597,0.5069013552628934
56598,0.4775977278383809
56599,0.48281695542750025
56600,0.5213783162938316
56601,0.453606323534653
56602,0.48880602957177727
56603,0.5028706831528111
56604,0.46263543241580474
56605,0.48646451800296936
56606,0.5079747524742851
56607,0.5179522853386077
56608,0.5271928845327124
56609,0.47918628833805677
56610,0.49810694010722095
56611,0.458375106004604
56612,0.48258186505808115
56613,0.5141317206721472
56614,0.5343573790384468
56615,0.508700562403044
56616,0.5359886214391926
56617,0.4860181166197022
56618,0.5058854169586633
56619,0.45555802936276946
56620,0.4824042547104389
56621,0.4735489526977231
56622,0.5318023217029803
56623,0.4418251432723053
56624,0.46369140349010546
56625,0.47364599230175836
56626,0.5152898015507
56627,0.4584676376772114
56628,0.4831036617246404
56629,0.47534113593094046
56630,0.4879553571389369
56631,0.48507847406249827
56632,0.403002097621773
56633,0.47035114266189276
56634,0.5125678489978631
56635,0.5198214834605631
56636,0.49027889564550775
56637,0.46206392106957195
56638,0.4942316217242352
56639,0.5277466400268166
56640,0.43711189193815314
56641,0.4985449950933151
56642,0.48801197064438445
56643,0.5273745413420982
56644,0.5174384451659126
56645,0.498817370557307
56646,0.5298550022289744
56647,0.4498531214828151
56648,0.517663440904696
56649,0.4269537770498373
56650,0.4904952098259407
56651,0.4628992635585522
56652,0.4333961493396573
56653,0.5083788744502559
56654,0.4653927601904395
56655,0.4445072544477081
56656,0.45769631235073416
56657,0.526161473912258
56658,0.47690042551627476
56659,0.4806404866947159
56660,0.4644222999104129
56661,0.4543547532890341
56662,0.5087853712247784
56663,0.45047476270146647
56664,0.5442121331675177
56665,0.5059285572409185
56666,0.4544397145817625
56667,0.47154794236232495
56668,0.46133635006384455
56669,0.4955913586016797
56670,0.5139430933563119
56671,0.5317077896126688
56672,0.5164592360191919
56673,0.4786631291410722
56674,0.4803452814586241
56675,0.5139272884441192
56676,0.5058299913407523
56677,0.4840557934342296
56678,0.4915324140863228
56679,0.5495180332152863
56680,0.5042948635518733
56681,0.4951052827957468
56682,0.5228068171670606
56683,0.571543969729565
56684,0.4566385023990628
56685,0.5185609914757044
56686,0.5028290645574718
56687,0.5139409233342737
56688,0.5218753084197427
56689,0.5161992040249682
56690,0.4759184522359
56691,0.45692035142902215
56692,0.4761641469667823
56693,0.4965991424126996
56694,0.4967828018516073
56695,0.5059461871093395
56696,0.47151148480455335
56697,0.5250383779220963
56698,0.49795520219031786
56699,0.5357678306193092
56700,0.5496063092212434
56701,0.47694299067998086
56702,0.5074335385211104
56703,0.5105518117863392
56704,0.48607605918545355
56705,0.5162836128836205
56706,0.4727934480121943
56707,0.5263191266108282
56708,0.46058106852345
56709,0.4998994404469156
56710,0.5095221645742787
56711,0.46622184773713243
56712,0.5164833421212279
56713,0.4984249525925845
56714,0.48328255410470244
56715,0.46079531569666027
56716,0.48139021892953093
56717,0.4943198790776818
56718,0.3994445908272492
56719,0.5093459055760289
56720,0.47201223353553395
56721,0.48176128269180224
56722,0.4654580508924568
56723,0.45810433119922606
56724,0.4830485146516808
56725,0.4836726004535312
56726,0.45878713305765884
56727,0.4969348767150683
56728,0.4718773139620283
56729,0.5070712662595366
56730,0.47913628217866017
56731,0.5044647683252517
56732,0.5509676707939618
56733,0.5175876850991915
56734,0.4871638843265444
56735,0.506007325480184
56736,0.5481048660111774
56737,0.5002239030051012
56738,0.4885960097451806
56739,0.5478274948988479
56740,0.5288505432662669
56741,0.5024721163598476
56742,0.48517192840388285
56743,0.4643608180052516
56744,0.49892929861912816
56745,0.47899818959083
56746,0.4803785972322909
56747,0.515202507723056
56748,0.514823987119031
56749,0.521931402576068
56750,0.4405875706254697
56751,0.5762835215609566
56752,0.42006473265826294
56753,0.45957882331535144
56754,0.50469357658807
56755,0.5379580096178189
56756,0.5040239007775403
56757,0.482657164108647
56758,0.5122046727175031
56759,0.5560843835142821
56760,0.4251280145643231
56761,0.5426661702977277
56762,0.4701062004630676
56763,0.48215408080451966
56764,0.48212987530894086
56765,0.48857121503550593
56766,0.5253984863992551
56767,0.4804132290737253
56768,0.5201670974406573
56769,0.4801937295640936
56770,0.47106318254974233
56771,0.535369293190846
56772,0.4821209533949664
56773,0.46543571938501765
56774,0.4741594102530432
56775,0.4984125503369699
56776,0.449915782737817
56777,0.5113930213319274
56778,0.45107592387048295
56779,0.512821378927764
56780,0.5095864357146435
56781,0.5135356983242115
56782,0.4686735557406547
56783,0.5146654724636347
56784,0.4304926183359421
56785,0.5044071977160286
56786,0.5251681938204378
56787,0.4998329994721985
56788,0.5067721721908907
56789,0.5047163435779713
56790,0.45915842762288034
56791,0.5014474396050844
56792,0.5263513293855117
56793,0.5478628874035878
56794,0.5492816268228041
56795,0.4715311140291716
56796,0.547500426289131
56797,0.4981645821604613
56798,0.4833949819260829
56799,0.5079313280683895
56800,0.49247512483156564
56801,0.49334135176905514
56802,0.5094594893467314
56803,0.4740085797136405
56804,0.49577676362656803
56805,0.47230182364356366
56806,0.4845580886911979
56807,0.4847173785346466
56808,0.513237617105878
56809,0.5185123802709998
56810,0.5733110679838993
56811,0.5085425204691639
56812,0.46342912609236014
56813,0.5180193818972151
56814,0.4657058755648732
56815,0.47413216189133617
56816,0.4802740099234171
56817,0.5312125557010765
56818,0.49798929538656683
56819,0.5602027055000696
56820,0.4837631528995321
56821,0.4968881174700692
56822,0.48113208070477526
56823,0.5130634876122144
56824,0.4903980121058486
56825,0.4742408399263083
56826,0.5144214091178241
56827,0.5006760747044323
56828,0.5084839103205266
56829,0.46367778369500107
56830,0.554798772073541
56831,0.44351614300878006
56832,0.4869359069215629
56833,0.5115477098635971
56834,0.5114155601033324
56835,0.5307928147520318
56836,0.5191218674048965
56837,0.5235871003886182
56838,0.5099673308009313
56839,0.4644960871590167
56840,0.43851470165430745
56841,0.4416897182728503
56842,0.44987460317214534
56843,0.4936643261515633
56844,0.5742217880011748
56845,0.5139862947555507
56846,0.5326619270354895
56847,0.5112578149252528
56848,0.5239041289219957
56849,0.5130640376816493
56850,0.4983633110529414
56851,0.5228217732550514
56852,0.5029071499714503
56853,0.49738332124873486
56854,0.5099735290647968
56855,0.5157616240088635
56856,0.5093483661721294
56857,0.5159934965068635
56858,0.5874612822206597
56859,0.5118235402250383
56860,0.43212949253739225
56861,0.49871693881752527
56862,0.49508119900184183
56863,0.4918582104342777
56864,0.4951040932943965
56865,0.5039281324694801
56866,0.4776676001408454
56867,0.5055923725939002
56868,0.48041320355609024
56869,0.4854471677483514
56870,0.4788963332646607
56871,0.45896306290307143
56872,0.4844847897378821
56873,0.5146183895319965
56874,0.47244131912840637
56875,0.48230529665134
56876,0.47929160137224963
56877,0.5161570634413529
56878,0.5133887912564978
56879,0.507230392353377
56880,0.5076467488470923
56881,0.5068972321730698
56882,0.4905569069439968
56883,0.5508979945157944
56884,0.5307292396427641
56885,0.5282454651199417
56886,0.5227058881636253
56887,0.5445394719575216
56888,0.4964948337458807
56889,0.5025627861033519
56890,0.5011844263325576
56891,0.485102829201146
56892,0.5245753929777411
56893,0.5571712285664193
56894,0.48887602150693854
56895,0.4693207335426904
56896,0.4930171392602478
56897,0.4367496394818571
56898,0.4944699009112407
56899,0.4739533624638357
56900,0.5131418413068162
56901,0.5119672593285097
56902,0.49805051437672376
56903,0.5148221758452962
56904,0.5206052669263049
56905,0.5316942714889253
56906,0.49862196661534397
56907,0.4981033192219642
56908,0.5235725339740915
56909,0.4761061017376203
56910,0.4649490991832303
56911,0.5026691870302096
56912,0.479937064713476
56913,0.4983516966258051
56914,0.5046560118514756
56915,0.5472592088422238
56916,0.5307587178486253
56917,0.5017443767490644
56918,0.5116802366307268
56919,0.4567734667673503
56920,0.5145126786393261
56921,0.554965335953802
56922,0.4856235325561254
56923,0.5412107575025424
56924,0.44197224396413815
56925,0.4920738221731559
56926,0.5569151178486961
56927,0.5123242558146998
56928,0.4920042068192576
56929,0.5013848623898827
56930,0.5573454749648694
56931,0.45260158406835943
56932,0.49865816579766215
56933,0.4829512980293589
56934,0.5427746552262621
56935,0.505117131465602
56936,0.5298488624373637
56937,0.4877540381293131
56938,0.4879690156894152
56939,0.4945992480226021
56940,0.49050298154642225
56941,0.4431162612970636
56942,0.51428193200626
56943,0.4898842138816715
56944,0.5207259539377606
56945,0.5412706847349096
56946,0.537782553650125
56947,0.506311290183216
56948,0.51395770844661
56949,0.49239220313649773
56950,0.5595414781959015
56951,0.5037255355261427
56952,0.562551659789572
56953,0.4958218885599864
56954,0.4943542895024477
56955,0.5143206577832622
56956,0.540824275650815
56957,0.5617865322168459
56958,0.47213454315419345
56959,0.5159306216529953
56960,0.48993248397119676
56961,0.5171849793445594
56962,0.5087949341991208
56963,0.5026170473718219
56964,0.4796695414785199
56965,0.45539565847067487
56966,0.482197804965284
56967,0.4517325858815654
56968,0.5036639663458007
56969,0.5340738734308491
56970,0.46586691274086295
56971,0.508669980160446
56972,0.5425021799770852
56973,0.5118196710948306
56974,0.5445722582637561
56975,0.5055101101638642
56976,0.528161256814235
56977,0.5382809820557305
56978,0.49256296960769924
56979,0.4926117819970497
56980,0.4822818193681112
56981,0.5109007706386326
56982,0.5400955580939657
56983,0.4763452577352997
56984,0.5666974825749063
56985,0.5041195137572576
56986,0.5180754293218676
56987,0.543974796200117
56988,0.5183495336812199
56989,0.535176630537189
56990,0.4869392693452442
56991,0.49101408992512013
56992,0.48043424518941125
56993,0.5060837192907272
56994,0.4827318808604129
56995,0.4924565168408924
56996,0.5769740647881654
56997,0.5746743176681453
56998,0.5292197850642447
56999,0.5384450986213837
57000,0.4498980859438884
57001,0.5179132139789112
57002,0.4894355255170367
57003,0.5136133923027437
57004,0.5008664224594516
57005,0.48426775905729846
57006,0.5106294337492655
57007,0.458025591478459
57008,0.4666944372126228
57009,0.5493103697291959
57010,0.5660185413783365
57011,0.4970740913845932
57012,0.5521977688226214
57013,0.49004278166848625
57014,0.5802354015217959
57015,0.5420527765413334
57016,0.5089477816474234
57017,0.5123732361045149
57018,0.5226471580410198
57019,0.5056749341195249
57020,0.4897191111237695
57021,0.5109133506506668
57022,0.5200481109660812
57023,0.5287271488859844
57024,0.5105977783198504
57025,0.5356071426475609
57026,0.5364207075698222
57027,0.5247556725221578
57028,0.48314200161384324
57029,0.5444888970707515
57030,0.5372624968263874
57031,0.5503322942092309
57032,0.5574091584684454
57033,0.4909367678450484
57034,0.4975707162441689
57035,0.5254449242051589
57036,0.5003432051701763
57037,0.5481581483331555
57038,0.4617396900973905
57039,0.5307398195995727
57040,0.5106377066721322
57041,0.5069180651703726
57042,0.5227873546381249
57043,0.5004250747570711
57044,0.5151183799359151
57045,0.4964740457615406
57046,0.5132822617198947
57047,0.5373026434963455
57048,0.4668607878602893
57049,0.509090855167469
57050,0.5170856385944266
57051,0.5387645022242126
57052,0.552250752623167
57053,0.5128208316164974
57054,0.45588079222072875
57055,0.46226157222361947
57056,0.5034921329272785
57057,0.5182003198246059
57058,0.5114203626504631
57059,0.516449266851816
57060,0.4800522788128539
57061,0.4659049257640306
57062,0.525721231117893
57063,0.5210507438316871
57064,0.4864246164334818
57065,0.5446524484859115
57066,0.5618535211942841
57067,0.5028657741236854
57068,0.5099254253660964
57069,0.5347517304588572
57070,0.4729233806283831
57071,0.5182588127566199
57072,0.470181007498514
57073,0.5291629483591178
57074,0.5221984096147576
57075,0.5454957007699462
57076,0.5066196608523112
57077,0.481640352162808
57078,0.4986394895431525
57079,0.5040735430911085
57080,0.545955638836755
57081,0.5098308004789492
57082,0.5225274685735435
57083,0.5145326937695796
57084,0.4867388606394796
57085,0.49819614942266854
57086,0.5111079612902216
57087,0.5074796088241821
57088,0.48269993319169424
57089,0.4821928480826434
57090,0.5047856342179886
57091,0.48375773355548835
57092,0.4587210355862107
57093,0.4782889781217456
57094,0.5501425587150578
57095,0.5040788360343624
57096,0.5817548852819904
57097,0.4957684033068383
57098,0.5216489979262964
57099,0.5484782861656563
57100,0.4560964581339292
57101,0.5290043901937542
57102,0.4913995845135357
57103,0.5403809831505164
57104,0.4902140304668115
57105,0.5377629412194566
57106,0.5417842210096192
57107,0.5230055380064634
57108,0.4952921251624047
57109,0.4953095855784908
57110,0.5323743995522553
57111,0.4883633500658776
57112,0.44831666270308784
57113,0.5287421049696878
57114,0.5522990979239738
57115,0.4589622325357886
57116,0.5466708123838973
57117,0.4722961477790793
57118,0.46901181113800455
57119,0.4901297064219088
57120,0.4932635098412782
57121,0.5025609419122253
57122,0.48800033467666304
57123,0.4888905420849779
57124,0.47377280663911076
57125,0.5035232271177823
57126,0.49950035135106935
57127,0.5032836727452209
57128,0.4635223795337308
57129,0.546747642579726
57130,0.5360335666600982
57131,0.4760923421957979
57132,0.5618031799141285
57133,0.5119406343673469
57134,0.49675645800973367
57135,0.548583875509121
57136,0.5501515041912682
57137,0.5185403394448912
57138,0.5393893365982754
57139,0.5261626452698079
57140,0.4965551285940892
57141,0.4884438231527283
57142,0.47909824129169365
57143,0.4662343120250502
57144,0.4428330593437262
57145,0.49578911432614736
57146,0.5469036994122045
57147,0.5284188705209393
57148,0.5121628346131963
57149,0.5400944778762302
57150,0.516782789832468
57151,0.5031618415872593
57152,0.48864947518928764
57153,0.5236135387595734
57154,0.52404435408502
57155,0.4891683634246377
57156,0.5414220525304183
57157,0.5743623959609231
57158,0.561608166521116
57159,0.5011210065205474
57160,0.5128476966573233
57161,0.45122356511365636
57162,0.5527450919337217
57163,0.5595819124520037
57164,0.547875301745409
57165,0.5144286075725035
57166,0.5385169713931311
57167,0.53587812621909
57168,0.48834675004445727
57169,0.549785742240757
57170,0.5633912634522323
57171,0.4804799748098023
57172,0.5198827841785161
57173,0.4849159303188704
57174,0.5680931538860048
57175,0.5690882868376327
57176,0.47337847642237374
57177,0.5176427305769318
57178,0.5111093609561597
57179,0.5106685816718742
57180,0.5287942454715548
57181,0.49968112625941413
57182,0.5193968314993926
57183,0.5591851030381372
57184,0.5366892882513183
57185,0.5984176396598522
57186,0.5098055663805544
57187,0.5682015006713718
57188,0.5542358217877075
57189,0.4649102158553374
57190,0.548294515702481
57191,0.511639187769499
57192,0.5758441560060459
57193,0.5319303194104127
57194,0.5471245631415266
57195,0.5088587276010232
57196,0.5019767992275247
57197,0.47589595027821224
57198,0.5304000143183564
57199,0.5024323822938569
57200,0.5415482575659296
57201,0.5701173639721093
57202,0.5096256378167727
57203,0.5080695471720491
57204,0.5054223811570578
57205,0.47637160888543484
57206,0.5226784993439276
57207,0.5214544969751228
57208,0.5479378204148659
57209,0.5688034423794689
57210,0.5820909384246362
57211,0.49560118289750354
57212,0.5560593092031381
57213,0.5579285041452172
57214,0.537224923441911
57215,0.48822518111277213
57216,0.4662700632653052
57217,0.5370834769800135
57218,0.5144175922379476
57219,0.4997532190866527
57220,0.4746199101290757
57221,0.5362892091191305
57222,0.5323025791978471
57223,0.567205902552648
57224,0.49965168403050936
57225,0.4548563061410015
57226,0.5392265222503256
57227,0.5016262434087234
57228,0.5696485560541403
57229,0.5447771399216246
57230,0.5485362495010409
57231,0.46274961753407534
57232,0.5324677730809144
57233,0.5678556253697458
57234,0.561991318367799
57235,0.5490374749194744
57236,0.5394669344732985
57237,0.6068541410903964
57238,0.5638363950923728
57239,0.5035533765617476
57240,0.5243743136403279
57241,0.5105834921255009
57242,0.5047596692952915
57243,0.5502927846686063
57244,0.5387137602810128
57245,0.5431288337745929
57246,0.5093971338825607
57247,0.5301273528908819
57248,0.4959539505119834
57249,0.5402783235826552
57250,0.46358044174607926
57251,0.5137716639270729
57252,0.5413194762873088
57253,0.5022484802422211
57254,0.5326372720419574
57255,0.5872890045246201
57256,0.4952200842660919
57257,0.5083612845015019
57258,0.542912057807949
57259,0.5375297505047135
57260,0.48814911407129186
57261,0.5331943714525698
57262,0.5272637501430316
57263,0.5303507502838561
57264,0.4416486521438688
57265,0.5692797133695691
57266,0.4910689713553734
57267,0.5293428188954501
57268,0.5316300713268567
57269,0.531861191685236
57270,0.5131979608882816
57271,0.5251401023001274
57272,0.5269914576359136
57273,0.5082564381712221
57274,0.4695414939820884
57275,0.5294044360175039
57276,0.503961927360303
57277,0.5438365860984578
57278,0.5352498478118503
57279,0.5345452719572737
57280,0.5583205466127149
57281,0.5469691578840026
57282,0.5547855858867979
57283,0.4603042984861373
57284,0.5305637472749472
57285,0.5839697839468567
57286,0.4767043618035021
57287,0.5663192077378475
57288,0.5404826459627365
57289,0.47636215298345497
57290,0.5206442825216653
57291,0.5660001638943136
57292,0.5278291415017726
57293,0.5420191417902374
57294,0.5396019462464297
57295,0.4906536919786371
57296,0.547584639844169
57297,0.5465627413277807
57298,0.5434969412075469
57299,0.509274037474077
57300,0.48816941758361154
57301,0.504619518727755
57302,0.5146958153322114
57303,0.5526906370907608
57304,0.5200823035031937
57305,0.5207952177441387
57306,0.561831791555873
57307,0.5373645552820324
57308,0.5548796498776344
57309,0.5772856902308533
57310,0.49230595937227273
57311,0.49843024144990533
57312,0.5233791656333969
57313,0.5135410500353266
57314,0.5293561856381762
57315,0.5465064524706179
57316,0.5193513646768306
57317,0.5595661342846692
57318,0.5226873321492718
57319,0.5722107746746086
57320,0.5622205442291042
57321,0.5260671750327313
57322,0.5214954954970034
57323,0.5524217959709348
57324,0.5406278362127599
57325,0.5152458830019139
57326,0.5289618567826814
57327,0.49283665978547675
57328,0.5029817895897858
57329,0.5711344843075984
57330,0.5399056160434084
57331,0.5359093786915816
57332,0.5473706786205201
57333,0.5001045287187019
57334,0.6055316965377506
57335,0.5558429894208464
57336,0.5754573597583568
57337,0.5261837055009636
57338,0.5141927228284288
57339,0.5597492105724887
57340,0.4962201272579017
57341,0.5382236908072685
57342,0.5507193030312159
57343,0.5268575290969173
57344,0.5216637634583583
57345,0.5181560048556542
57346,0.5289445263281302
57347,0.5375397388320533
57348,0.5341830873899488
57349,0.4746010850621408
57350,0.5154524215320234
57351,0.4878483902338547
57352,0.558501710269775
57353,0.5199197345050607
57354,0.5232230042940186
57355,0.5088464353729691
57356,0.5402608395221865
57357,0.5436419401741897
57358,0.5430371786967447
57359,0.5630377005231422
57360,0.4706947491037228
57361,0.5317667767912259
57362,0.5086392259965781
57363,0.5579265915405694
57364,0.5300411081505416
57365,0.5385972284066203
57366,0.5275494643266917
57367,0.48236336428206394
57368,0.531206811926846
57369,0.5772937820278843
57370,0.5447685529303153
57371,0.5418003158850786
57372,0.561591413082466
57373,0.5217900417275723
57374,0.5194296133507046
57375,0.5260849428463918
57376,0.5693657138434459
57377,0.5344381196928994
57378,0.5162190807541471
57379,0.4566426187720266
57380,0.5244087320385672
57381,0.5447267114022284
57382,0.5465661410868494
57383,0.5467574971454942
57384,0.5512405612802731
57385,0.5416867167096779
57386,0.5263757326627391
57387,0.5521231974749811
57388,0.5233168972467962
57389,0.5126005932361329
57390,0.510612408876676
57391,0.4896266709033285
57392,0.46190767523006454
57393,0.5328977900345859
57394,0.528196466292842
57395,0.5172992555562994
57396,0.5229923577146254
57397,0.6112236522048503
57398,0.4767341866528769
57399,0.49897332814260476
57400,0.5236862313679962
57401,0.4937098008962506
57402,0.6006127488548648
57403,0.5527408019459175
57404,0.5256860859227911
57405,0.4879891778021617
57406,0.5011340372742281
57407,0.49218536869737983
57408,0.5151666729598726
57409,0.5426823712644944
57410,0.4992299646607552
57411,0.503222931357983
57412,0.5785344194399752
57413,0.515025830583804
57414,0.4672845979455124
57415,0.5235110932201912
57416,0.5474643057321339
57417,0.5697547624624774
57418,0.5287839586848168
57419,0.5360277050910017
57420,0.5876467833850313
57421,0.5536388988304294
57422,0.5504676683413582
57423,0.5137386612038339
57424,0.5111203024326422
57425,0.5411594015481371
57426,0.4931684346005576
57427,0.5515443679419181
57428,0.519784856934609
57429,0.4700358733962949
57430,0.5649544106833265
57431,0.5227568711993636
57432,0.5533983048720713
57433,0.5474732181931395
57434,0.5468709158946109
57435,0.4843270951001177
57436,0.5141098080493797
57437,0.5404355050889906
57438,0.5886785103860152
57439,0.5073419632489194
57440,0.5533407607337694
57441,0.4810854486084655
57442,0.5347988039948024
57443,0.5797523412846407
57444,0.5083693015170317
57445,0.505350293927772
57446,0.4875952575093416
57447,0.4795908604043034
57448,0.5574466766131971
57449,0.5096082590765127
57450,0.5332505601743895
57451,0.5409557113223805
57452,0.5439526025151318
57453,0.561076115519478
57454,0.5045481079688419
57455,0.5520359495722563
57456,0.5210023077086017
57457,0.5159218000086508
57458,0.5853966002131287
57459,0.49822860490979065
57460,0.48027599198703247
57461,0.5001673300999431
57462,0.500288886216978
57463,0.5478137192248024
57464,0.5506772650476137
57465,0.5143059282724077
57466,0.5436250829342426
57467,0.5058263990121913
57468,0.5172712084145341
57469,0.4786074364212312
57470,0.5642012656375347
57471,0.5590369446364298
57472,0.5402861479436067
57473,0.49581986462167255
57474,0.5281274296749425
57475,0.565317587975086
57476,0.5638481444573771
57477,0.5094941341118011
57478,0.48892049287733363
57479,0.5791459878651785
57480,0.48841475999985023
57481,0.5390066905346643
57482,0.5766773080958799
57483,0.5432365974881656
57484,0.5172647711392652
57485,0.5091420884704064
57486,0.5624954592063708
57487,0.5247698791917605
57488,0.5280290283203988
57489,0.523164331490193
57490,0.5536736350187466
57491,0.5092310446961216
57492,0.5114039907118421
57493,0.5635044892832431
57494,0.5888164368000116
57495,0.5059626515773429
57496,0.5127776655103911
57497,0.5453547397750015
57498,0.561752384305351
57499,0.5749715403958628
57500,0.5503061966570707
57501,0.4937007791137158
57502,0.5258728618844007
57503,0.5269806363153421
57504,0.5585864513133227
57505,0.5602729842802857
57506,0.5324694215090123
57507,0.5150617516005056
57508,0.4974140375371777
57509,0.4721588533451787
57510,0.5403210952152074
57511,0.5146080383415437
57512,0.5153481037209849
57513,0.5498086830749601
57514,0.5733405080182077
57515,0.5557077024714266
57516,0.5204775734746487
57517,0.5308689315780959
57518,0.5182597459771747
57519,0.545506524571818
57520,0.5521633801355322
57521,0.5034607675497291
57522,0.5856782296938705
57523,0.5564972839790265
57524,0.5591260259784366
57525,0.49175378742503684
57526,0.5116945707154118
57527,0.4945785108762255
57528,0.513994514250117
57529,0.6116679226814108
57530,0.5814012957890805
57531,0.5640961692050575
57532,0.5813150736855979
57533,0.5699223418818312
57534,0.48308808997062797
57535,0.5671743599563432
57536,0.5222400945417942
57537,0.4894530938539412
57538,0.5259777805013075
57539,0.4800217932876361
57540,0.5157867890160157
57541,0.5294777580765113
57542,0.49220364878159606
57543,0.5036693136059018
57544,0.5623546585886166
57545,0.5201995488215937
57546,0.5546744711399139
57547,0.5569311631325939
57548,0.4851937466267208
57549,0.5151834044202179
57550,0.5654258878280817
57551,0.5500600200237086
57552,0.5518031595629028
57553,0.5313890461859516
57554,0.5240547540260982
57555,0.5845969034867542
57556,0.5573558889628628
57557,0.5458680842188788
57558,0.5690720817795052
57559,0.5255237914264154
57560,0.543483173943651
57561,0.5293199220996688
57562,0.5804178660833561
57563,0.539325108781939
57564,0.5266213137397426
57565,0.5384199540676923
57566,0.49124299980116887
57567,0.5385088967603536
57568,0.5274917897485787
57569,0.5143305830751186
57570,0.4937792186786978
57571,0.5312171679545518
57572,0.6349398559323604
57573,0.533108474636834
57574,0.5162265921269877
57575,0.5312988163881459
57576,0.5529438001279241
57577,0.5502730384386276
57578,0.5382915440867696
57579,0.5821842195944816
57580,0.5645286606340967
57581,0.5499115577437863
57582,0.5389632975333284
57583,0.5219236694000245
57584,0.5733809842962453
57585,0.5136867691390732
57586,0.552816655549435
57587,0.5332999659888019
57588,0.5186105723617427
57589,0.566465730549713
57590,0.4897450242371497
57591,0.5626270214964487
57592,0.6148993824033999
57593,0.5638200280843493
57594,0.5318360657669919
57595,0.5330176497008485
57596,0.5423873942590647
57597,0.541789092711099
57598,0.5639608131068871
57599,0.5468057244647686
57600,0.5548852832584511
57601,0.5377899057024508
57602,0.5450414058595409
57603,0.5022341457162162
57604,0.5763802910111094
57605,0.4890403095322149
57606,0.5388410976588892
57607,0.5703217991879969
57608,0.5137753538329437
57609,0.515704416800144
57610,0.5435412295005819
57611,0.5630346130757293
57612,0.601168961403678
57613,0.5121883268207711
57614,0.5781165964193499
57615,0.5732442525425736
57616,0.529972385880061
57617,0.5417348276286825
57618,0.601638246233194
57619,0.5890907083523864
57620,0.5734188525231257
57621,0.5873297133488091
57622,0.5703363378355725
57623,0.5698997914608238
57624,0.5669881111421844
57625,0.5606306399349127
57626,0.49460112460271427
57627,0.4979675480779348
57628,0.5580169947413897
57629,0.5413583060412124
57630,0.5191158083850629
57631,0.5333515557387355
57632,0.5111698166816714
57633,0.5868630800829265
57634,0.5513419985116873
57635,0.521090640024451
57636,0.5446802607674839
57637,0.601906695117128
57638,0.5208475707610424
57639,0.5760879089834527
57640,0.5549040103194357
57641,0.5639742493963913
57642,0.6212518793939035
57643,0.5763520753943396
57644,0.5168083644310356
57645,0.5331454269819678
57646,0.5690988854206368
57647,0.5334454888758188
57648,0.5397084079993649
57649,0.5678664182541543
57650,0.5449764719194445
57651,0.5880725545475683
57652,0.5633707040422924
57653,0.5805741747346137
57654,0.5535171044113139
57655,0.5485555371818457
57656,0.518746591565221
57657,0.5327728347523243
57658,0.5506873554792224
57659,0.5311943798347083
57660,0.5110631506998635
57661,0.5051388702442614
57662,0.5555819639057807
57663,0.5986795138220874
57664,0.542716080415582
57665,0.5827655283970878
57666,0.5851691584405628
57667,0.5783859803017934
57668,0.5681789931472209
57669,0.5202515454365528
57670,0.5482068244224443
57671,0.5225227196495613
57672,0.5724458948225649
57673,0.5571492180375256
57674,0.5588797012856758
57675,0.5724664072428904
57676,0.5293917403506915
57677,0.5214424336349466
57678,0.5534303325032544
57679,0.59008274825003
57680,0.6033283467602906
57681,0.5617437945124041
57682,0.5319511294955503
57683,0.5710607504055283
57684,0.5446012301168748
57685,0.5391830637466926
57686,0.5615654541567558
57687,0.5346101955872458
57688,0.562428267143145
57689,0.5965668080226401
57690,0.533042835913046
57691,0.5062062762987272
57692,0.5907921388119852
57693,0.5227396494194669
57694,0.565154398597321
57695,0.5537145079361766
57696,0.5331322642981068
57697,0.5317772752579667
57698,0.5137458092717981
57699,0.5460373697053215
57700,0.5310542155826316
57701,0.5450242578334458
57702,0.5152660137071747
57703,0.5961789212210287
57704,0.5783343589408279
57705,0.5457428909154985
57706,0.4771697721304233
57707,0.5376588983068457
57708,0.49652547292713467
57709,0.5618504392773795
57710,0.5015815563085666
57711,0.566316575660384
57712,0.5464318760430705
57713,0.5099351089640299
57714,0.5522337410702649
57715,0.4636637484795463
57716,0.5272097586624618
57717,0.5212707535562653
57718,0.5626328620440104
57719,0.5151289083366731
57720,0.5768101391797865
57721,0.5524347023963367
57722,0.542074263236552
57723,0.5690290194210541
57724,0.5544075704691352
57725,0.5455849102270387
57726,0.5701501488950943
57727,0.445130553764288
57728,0.49522130342058496
57729,0.5195127137503791
57730,0.543737503891113
57731,0.5935702974328741
57732,0.5561072713057709
57733,0.5336220069444093
57734,0.5101454910914058
57735,0.5819189284903213
57736,0.5239003304783224
57737,0.5478370165390664
57738,0.5625049589398876
57739,0.5505145424902442
57740,0.5332947356386123
57741,0.5489253213666229
57742,0.5583850261264063
57743,0.5521566769441314
57744,0.6098643551202856
57745,0.5339927441337465
57746,0.5483903754404766
57747,0.5480316911581808
57748,0.5433040356047012
57749,0.5498620117033688
57750,0.5491764492698009
57751,0.5255226225247407
57752,0.5248612023336943
57753,0.5228480767137929
57754,0.5410785732292516
57755,0.5110390876602287
57756,0.5760543053180756
57757,0.5645851369056869
57758,0.5579033920846608
57759,0.5282254115983132
57760,0.5802331316931976
57761,0.5748093516997106
57762,0.534507058820895
57763,0.5015219624519786
57764,0.5560448943060811
57765,0.6166219904123492
57766,0.5956429379611247
57767,0.5128885235071005
57768,0.5518390201631809
57769,0.5480218723691281
57770,0.5362321058903686
57771,0.5627357465751622
57772,0.5646174088897253
57773,0.525379644560774
57774,0.502422856478283
57775,0.5492142580373298
57776,0.5706533179126314
57777,0.5407939461260148
57778,0.5377470444572952
57779,0.5528224012676289
57780,0.5365468235465372
57781,0.5874478510299392
57782,0.552084586190976
57783,0.5519630926172788
57784,0.5375748824239779
57785,0.5264026086426287
57786,0.5180012795191392
57787,0.5445887301378944
57788,0.5561245816756464
57789,0.5403200700670865
57790,0.5859938060771881
57791,0.5897216163538791
57792,0.5384679600072413
57793,0.5622739176507933
57794,0.5561936345970779
57795,0.486988550636753
57796,0.4959822366356848
57797,0.6132872158462326
57798,0.5955394478815609
57799,0.5723411032743863
57800,0.5248896607670127
57801,0.5512887203571596
57802,0.555214917935507
57803,0.5447556443705892
57804,0.5499388662170024
57805,0.5724216661776992
57806,0.5202574166890873
57807,0.5505552610390516
57808,0.528691802955025
57809,0.5220805227452037
57810,0.5585690471410943
57811,0.5732134912737424
57812,0.5790251439591766
57813,0.5136031564226258
57814,0.5242677220061702
57815,0.5664927936545696
57816,0.5156270373328672
57817,0.5929566380048753
57818,0.5451451860281677
57819,0.5295304689762551
57820,0.4590721215972213
57821,0.5837110597087024
57822,0.5819209175479638
57823,0.5540413783686547
57824,0.550497824219397
57825,0.5620111404295386
57826,0.5607948688522301
57827,0.5605748780785967
57828,0.5766361547690901
57829,0.5171829633202186
57830,0.5630411403370315
57831,0.5156718225615733
57832,0.5407273632399371
57833,0.5443609593533077
57834,0.5434943354940127
57835,0.5555107944773987
57836,0.5013012486115652
57837,0.5680703920793813
57838,0.5568000012605838
57839,0.5311729575814634
57840,0.5047169776912129
57841,0.5698515411807449
57842,0.5351500862560676
57843,0.556364731823136
57844,0.5943714693078598
57845,0.5868212746914199
57846,0.6069617334038729
57847,0.5905360563832007
57848,0.5607316772798344
57849,0.5561791975227418
57850,0.6041126086911472
57851,0.5440565696725527
57852,0.5113742208328641
57853,0.5696976186604824
57854,0.5590794620080661
57855,0.5252007241711409
57856,0.561092452013505
57857,0.5515889107763253
57858,0.5465631443375852
57859,0.5720107808359042
57860,0.5461129604365057
57861,0.632352581800481
57862,0.5825868674837892
57863,0.519852843374635
57864,0.5666611080068145
57865,0.5520765123737627
57866,0.5779552064152522
57867,0.5484403941282904
57868,0.49913073534432373
57869,0.573796577870197
57870,0.5436103670332119
57871,0.5544252387131426
57872,0.5717531414191801
57873,0.5303100029759041
57874,0.5490790504750296
57875,0.5717531013682056
57876,0.5340869150121953
57877,0.553060371821329
57878,0.5220031423560023
57879,0.5173972485160503
57880,0.6072414392484585
57881,0.5499192731358805
57882,0.5900936389575869
57883,0.5194991222617266
57884,0.5806131210184905
57885,0.5718730224071984
57886,0.532142610583546
57887,0.5811083770797751
57888,0.5741682911321325
57889,0.5449776480442347
57890,0.5324555094300015
57891,0.515684485213634
57892,0.6122668556183085
57893,0.6337772189899281
57894,0.5848631667173358
57895,0.5271830819274456
57896,0.5672720199640751
57897,0.5815932596808061
57898,0.5312929654507016
57899,0.5373902756645758
57900,0.5379261803458977
57901,0.5320361935090949
57902,0.6128268539626563
57903,0.5366577678202761
57904,0.5491531653566724
57905,0.5284264522147323
57906,0.5200495782552333
57907,0.5811025460599115
57908,0.5798451024081575
57909,0.5676639972002863
57910,0.5780389426430207
57911,0.5737280561090448
57912,0.5094163047476757
57913,0.48110346481242305
57914,0.5648924439946253
57915,0.5747730072390116
57916,0.5729111581150661
57917,0.5720244609646064
57918,0.592393887998133
57919,0.5552190080643228
57920,0.608780491928168
57921,0.5525855142000534
57922,0.5705683469955108
57923,0.5370078895231604
57924,0.5745044804943806
57925,0.5843919673898952
57926,0.5625825691481453
57927,0.5701739202006908
57928,0.5436093848758514
57929,0.5376529893008682
57930,0.5793358321383939
57931,0.5086297785135506
57932,0.50505841475513
57933,0.5477896208871413
57934,0.5413355100274899
57935,0.5447148497535199
57936,0.5759795787898954
57937,0.5092891392922726
57938,0.5689873442648864
57939,0.5224248899957331
57940,0.5750165895938749
57941,0.590818813483464
57942,0.5368464944114004
57943,0.6116399512678139
57944,0.5627246653952794
57945,0.5635434083390312
57946,0.5339616404220616
57947,0.5917918920126111
57948,0.5572623790041746
57949,0.5734754708127641
57950,0.5361962495119322
57951,0.527815358364341
57952,0.5596748109562999
57953,0.6151975219181118
57954,0.5627696004924083
57955,0.5534072842856976
57956,0.5626917806204214
57957,0.5967564708145575
57958,0.5855223566584913
57959,0.5520055860938912
57960,0.5510730697535308
57961,0.571448163312167
57962,0.5693290464820618
57963,0.5676217996818077
57964,0.5662563793776206
57965,0.5290393894498411
57966,0.5443411187691879
57967,0.5940694144449497
57968,0.5790643906936935
57969,0.5211984306589312
57970,0.5465168837483941
57971,0.626377109840739
57972,0.5444167518112197
57973,0.6017243955070439
57974,0.5975908169941807
57975,0.547086997668315
57976,0.5670255073971302
57977,0.5669378011116114
57978,0.5684724031139677
57979,0.576279025999091
57980,0.5551230610262301
57981,0.5149229482019533
57982,0.5933935437327947
57983,0.574478825572932
57984,0.5642214769807531
57985,0.5223663792899957
57986,0.574015706640609
57987,0.5628995171612365
57988,0.5075037269385547
57989,0.5512934223892249
57990,0.5367470482070593
57991,0.525861056161949
57992,0.5557181920411934
57993,0.585939295631945
57994,0.5353916229550989
57995,0.4894212616008087
57996,0.5754240355719032
57997,0.578506602616297
57998,0.592344715840609
57999,0.5791851593887065
58000,0.5654396476481426
58001,0.6227608806750192
58002,0.5786458803920644
58003,0.48946412909393233
58004,0.5630591248786332
58005,0.564324267029012
58006,0.5582344151315897
58007,0.5634900465002324
58008,0.5766598203067156
58009,0.5539011372377154
58010,0.5714958365206888
58011,0.5049237681915288
58012,0.5590587571460577
58013,0.5749370997867362
58014,0.5838935651867361
58015,0.5751235461760872
58016,0.6371162645129572
58017,0.5462697351529436
58018,0.588178759776768
58019,0.5705231907540478
58020,0.5471030823546781
58021,0.5463612884019808
58022,0.5831062826084454
58023,0.5624954483726199
58024,0.5235722032591399
58025,0.5978281293764642
58026,0.560560154638658
58027,0.5876515048978995
58028,0.5316753743680125
58029,0.5534700930746252
58030,0.5291327382573887
58031,0.5855135451315787
58032,0.5615808078919409
58033,0.5434192424653773
58034,0.5628106602484956
58035,0.579994613733763
58036,0.5912391359983905
58037,0.5712998874501908
58038,0.5342081583123907
58039,0.5815163229209285
58040,0.5812262364702192
58041,0.5934498286935753
58042,0.5393610896031035
58043,0.6196536794932058
58044,0.5301549719887299
58045,0.6280122943610399
58046,0.5725332874658629
58047,0.6181327049165726
58048,0.5384484073359171
58049,0.5645781627245465
58050,0.58483860191997
58051,0.569644429184596
58052,0.5723332125357891
58053,0.6251382725513696
58054,0.5300271713098756
58055,0.5692624383153047
58056,0.617806180209211
58057,0.5974876711407316
58058,0.5111348448964899
58059,0.5389844484064812
58060,0.5781430458215295
58061,0.5521717393157007
58062,0.533158088449804
58063,0.6299124715095664
58064,0.5367178652390483
58065,0.5731760198821119
58066,0.5598050261802516
58067,0.5589943426495568
58068,0.5505097637281546
58069,0.5608098849328821
58070,0.5529336664672939
58071,0.5208063799112471
58072,0.5583203713147008
58073,0.5492119592283394
58074,0.6313337639618379
58075,0.5635665139622333
58076,0.553715827993179
58077,0.5785460679295832
58078,0.5658405699120561
58079,0.6539914094760646
58080,0.562445379398516
58081,0.5071023173805621
58082,0.5751284278388913
58083,0.557347158506336
58084,0.5449333166100524
58085,0.6044608226469452
58086,0.5620236196780586
58087,0.5044630158026282
58088,0.5377453818163516
58089,0.5401835229233405
58090,0.5376758280817993
58091,0.5523745767762565
58092,0.6267884876835811
58093,0.5676954259620489
58094,0.5890518771208372
58095,0.5346980036254609
58096,0.6277105471862768
58097,0.609155096170143
58098,0.5803668298481228
58099,0.5786009692351977
58100,0.5708865453518018
58101,0.5787186682804446
58102,0.5438074142331338
58103,0.5426599551195384
58104,0.5797394096010408
58105,0.5945184178957562
58106,0.5238759145354067
58107,0.5993858545163836
58108,0.5603660433614728
58109,0.5779521513561714
58110,0.5235924100941516
58111,0.581569646607301
58112,0.5733976984565725
58113,0.5608476125884773
58114,0.5773564766211706
58115,0.5659170131929995
58116,0.6295239206531422
58117,0.5786679972776382
58118,0.5688451323060246
58119,0.53110405698498
58120,0.5952877927650578
58121,0.5922615363213787
58122,0.5994345225063231
58123,0.5354726923923737
58124,0.5607814848844942
58125,0.5531541778311183
58126,0.5206201565093499
58127,0.5741033079155105
58128,0.5841297843897674
58129,0.5603045024659393
58130,0.565341497201268
58131,0.5365481635757668
58132,0.5637187801950656
58133,0.5315697308531928
58134,0.5962906624734093
58135,0.6323703136851035
58136,0.5313758784145545
58137,0.5503038111869865
58138,0.5842291897642728
58139,0.5342336718564366
58140,0.5753405822253349
58141,0.5780033412895937
58142,0.5279998218527072
58143,0.5767823731638547
58144,0.5539196489907151
58145,0.5482980538149073
58146,0.6340130227211038
58147,0.5406457321939989
58148,0.6035739832179562
58149,0.574065980142885
58150,0.6064479955735282
58151,0.571348392481706
58152,0.5741058190484547
58153,0.5527306436565652
58154,0.528572605275279
58155,0.6264609662592207
58156,0.5253986842181155
58157,0.5930516020503555
58158,0.49609819444175
58159,0.5539214038084256
58160,0.5620986910014297
58161,0.5719570934032778
58162,0.5655548561441378
58163,0.5632976155448773
58164,0.5882571722677301
58165,0.5470984240706854
58166,0.602615490547354
58167,0.5858674984113658
58168,0.5884300091313448
58169,0.5927823044149352
58170,0.5723629693816381
58171,0.5723977097090509
58172,0.6027236644511499
58173,0.6055479077303392
58174,0.540744180725121
58175,0.5745748829846099
58176,0.4991750729355919
58177,0.5433549258002787
58178,0.5411408131846956
58179,0.537067032142179
58180,0.5233687727902219
58181,0.5572154943154575
58182,0.5993141019352688
58183,0.5715220797767854
58184,0.6203676385431193
58185,0.5761864933791315
58186,0.5353885616347036
58187,0.5583079446924756
58188,0.49168217948631576
58189,0.5581142079660646
58190,0.5855785315746982
58191,0.59601828809909
58192,0.5571454776436042
58193,0.6012543503404559
58194,0.5530889254601917
58195,0.592060960949514
58196,0.6048574810375935
58197,0.6247333902790941
58198,0.5287033570391378
58199,0.5499147046031675
58200,0.547108282302784
58201,0.5563009212369795
58202,0.5894875943596154
58203,0.5593365376646868
58204,0.5157683922843809
58205,0.6021465686553719
58206,0.5583543611173514
58207,0.5771213808585018
58208,0.5603163408327264
58209,0.5204441669432808
58210,0.5427764308697369
58211,0.5782540506747942
58212,0.5960193769944888
58213,0.5896761063559508
58214,0.6101012388250907
58215,0.5607917692358998
58216,0.5689478274064568
58217,0.5200912432436712
58218,0.5685239765552476
58219,0.5325884600521514
58220,0.5744432842906358
58221,0.5570462166408995
58222,0.5620693600922164
58223,0.6139096104747563
58224,0.6017740361392203
58225,0.5311979803232285
58226,0.5643426345691666
58227,0.625047105729382
58228,0.6188114254377697
58229,0.5586612825749202
58230,0.5742309162181711
58231,0.6163395959405564
58232,0.5724087147129028
58233,0.608192349861544
58234,0.5828996578359726
58235,0.5691892495724993
58236,0.5422174901913697
58237,0.5891237034447543
58238,0.56831867400527
58239,0.5730712209196899
58240,0.5594452672654044
58241,0.5955435884387412
58242,0.593554465522639
58243,0.6016484411730454
58244,0.5798265049890494
58245,0.5997709172081735
58246,0.6011421255076802
58247,0.5586486110931569
58248,0.5730855588810231
58249,0.6110731325075689
58250,0.5495247296651853
58251,0.6190319358194004
58252,0.5892441136629973
58253,0.5557925138989263
58254,0.6186118909229237
58255,0.5577874877460198
58256,0.5600202759071837
58257,0.54821405800738
58258,0.5492408958046835
58259,0.6073248050544626
58260,0.552486690500365
58261,0.5981599986212954
58262,0.60894898376562
58263,0.5831434195487304
58264,0.5362032006435051
58265,0.5359668438283773
58266,0.5607895646299672
58267,0.5716791820693494
58268,0.5562616323615471
58269,0.5571636009993557
58270,0.5557238517699488
58271,0.5690290673411637
58272,0.6197791044900746
58273,0.5767867708051625
58274,0.6014674612630921
58275,0.5633518787938423
58276,0.5702705115268167
58277,0.5682323409579424
58278,0.5844809069745335
58279,0.5841236101486107
58280,0.5616178364088322
58281,0.6011532878968766
58282,0.5684758280390897
58283,0.5530967297592482
58284,0.5810241630631449
58285,0.618546934682131
58286,0.5384893566273576
58287,0.5950025553711443
58288,0.562244472869072
58289,0.6149523924826052
58290,0.6474483603165979
58291,0.5537425721013226
58292,0.6143217332544135
58293,0.6265483351231831
58294,0.5403936398114892
58295,0.5612899603069192
58296,0.6041837388190571
58297,0.5575341019798956
58298,0.5719315752392296
58299,0.560413581477158
58300,0.5672781734411657
58301,0.613602734850343
58302,0.580496169125386
58303,0.5726556461573902
58304,0.5858412548434144
58305,0.5953183513863781
58306,0.5787873391216284
58307,0.5305302706679066
58308,0.5567421669696158
58309,0.5466283248913086
58310,0.559077210987935
58311,0.5595875430984054
58312,0.5881845445438351
58313,0.6119207193592299
58314,0.5902349806395796
58315,0.5690801088695797
58316,0.6053234378962429
58317,0.5519149449665726
58318,0.5837804555742953
58319,0.5216963142382315
58320,0.6209894666247783
58321,0.6300834772382973
58322,0.5924547338206699
58323,0.5933208920036409
58324,0.5953466697638462
58325,0.606886683613902
58326,0.5813382783134419
58327,0.5284450095402868
58328,0.5659707337912615
58329,0.6336678130666213
58330,0.5818278453116135
58331,0.5576626640162651
58332,0.6125756910092277
58333,0.5752107992730848
58334,0.582252439609073
58335,0.607172093576669
58336,0.551977715993289
58337,0.5802487352701817
58338,0.6180263762663013
58339,0.5425245497562101
58340,0.5767306241422693
58341,0.5459744412760478
58342,0.591174397128223
58343,0.5956271037267072
58344,0.5782257833249637
58345,0.5025349989757162
58346,0.5905530686884753
58347,0.5359781137933176
58348,0.5999844685491147
58349,0.5685233880948112
58350,0.5827768680576351
58351,0.5438741264500861
58352,0.5957287748978234
58353,0.562237869513623
58354,0.6315044989992743
58355,0.5915265713649941
58356,0.5352411859710362
58357,0.5915912181490423
58358,0.6229943506424702
58359,0.5875428447710265
58360,0.5786798215793013
58361,0.5667262268453999
58362,0.5408938900596147
58363,0.6259583866832685
58364,0.6186731876787768
58365,0.5949395587318589
58366,0.5624567844458013
58367,0.6255982934973469
58368,0.579848085683795
58369,0.6145831905975497
58370,0.5601697549413209
58371,0.6145015054737272
58372,0.5205448915480703
58373,0.5831782006328072
58374,0.6125503462753533
58375,0.6275839871277127
58376,0.615239011756522
58377,0.6147801544856024
58378,0.6245769244695508
58379,0.594831163557406
58380,0.5635152209443478
58381,0.5595419459522029
58382,0.5808939390977338
58383,0.6101299308959911
58384,0.6094310135421144
58385,0.5913212707937444
58386,0.5993737173570777
58387,0.618376744817651
58388,0.5764938374530149
58389,0.5423061298666952
58390,0.6485012079214793
58391,0.6095625035759313
58392,0.5314187160867403
58393,0.5886909441588563
58394,0.5686572950427451
58395,0.6061093573155316
58396,0.6292687097410246
58397,0.5873862422217959
58398,0.5889698664592331
58399,0.5897919671383115
58400,0.5564734595818992
58401,0.5765692266048104
58402,0.5943825421935023
58403,0.5964828529950557
58404,0.6015488651835966
58405,0.571220023514309
58406,0.5410310107113446
58407,0.617213458498446
58408,0.5864696097848875
58409,0.6375446968162896
58410,0.6044565188278338
58411,0.6163621347146585
58412,0.6238521950179184
58413,0.5951482833420431
58414,0.5754423134902044
58415,0.5571757375564959
58416,0.6098691785667198
58417,0.5914484136794853
58418,0.5379565805689787
58419,0.617070849075021
58420,0.5725549618555286
58421,0.5392789891425739
58422,0.5184829200114989
58423,0.6279040598123188
58424,0.6536776891856222
58425,0.5739451027968189
58426,0.5727624638801808
58427,0.560162697925948
58428,0.6079262397845414
58429,0.6012623117431617
58430,0.5167835135207521
58431,0.5708663013151114
58432,0.584263267936577
58433,0.5854776615384302
58434,0.5311572042832413
58435,0.6011267516410116
58436,0.5833338528758215
58437,0.5813127605968196
58438,0.5448565016816327
58439,0.6106534631703382
58440,0.5955956661610264
58441,0.6026466340363419
58442,0.6221367663137538
58443,0.5612059770511375
58444,0.5444626711545999
58445,0.6364149611889539
58446,0.620791073472695
58447,0.5924297592325496
58448,0.5258651825684182
58449,0.5473798977645524
58450,0.6017403710562879
58451,0.5324302596904905
58452,0.5285020632401353
58453,0.6176386805175936
58454,0.5839118538988317
58455,0.5903401559873804
58456,0.5680313087872251
58457,0.581181184466007
58458,0.5984559783079768
58459,0.6109199815284693
58460,0.5957784398675335
58461,0.6353076369374941
58462,0.6269585654501603
58463,0.6015621465675052
58464,0.5924494381505109
58465,0.5269204139905509
58466,0.5350793251912487
58467,0.6470318873874203
58468,0.6071264661396558
58469,0.5508218479827122
58470,0.5596254818804242
58471,0.5960114054222929
58472,0.6100520844616969
58473,0.6164947877316695
58474,0.5748112289629456
58475,0.5469816469317491
58476,0.5920028164725462
58477,0.5732506497814754
58478,0.587658588564682
58479,0.5139085508666764
58480,0.6315374091736312
58481,0.5989464796294323
58482,0.594618810337514
58483,0.6417153641403543
58484,0.6073000594811182
58485,0.6137264081550547
58486,0.5783838494152775
58487,0.576224028411612
58488,0.5543944274657528
58489,0.6141130464801471
58490,0.5608728427039498
58491,0.565033724876503
58492,0.6265814268557434
58493,0.5570425928835653
58494,0.5731175892644256
58495,0.610985079230379
58496,0.6094295776797842
58497,0.5720503811624849
58498,0.5511664230525734
58499,0.6224054496665374
58500,0.5311553943271148
58501,0.5324869226247868
58502,0.6453354492637373
58503,0.6007584420439397
58504,0.6429294836112167
58505,0.5555948147139089
58506,0.5719247583749324
58507,0.6149121647790994
58508,0.6189449747935096
58509,0.5621022563242315
58510,0.546496098076271
58511,0.5953690865938717
58512,0.5870828500722005
58513,0.5894713897980497
58514,0.6043558581705347
58515,0.6005024653183886
58516,0.561661835203756
58517,0.5367158916205934
58518,0.5909427870638079
58519,0.5438629980102578
58520,0.5996031562285336
58521,0.6088925269286517
58522,0.6401991227668551
58523,0.5719107506991329
58524,0.582875476467434
58525,0.5821796320578961
58526,0.563504611858396
58527,0.5839664379850675
58528,0.5732438964915162
58529,0.5088007058746883
58530,0.5979235023944236
58531,0.5350984595509654
58532,0.5619009713503094
58533,0.5603229297978385
58534,0.6217395651473009
58535,0.6042110427718496
58536,0.5820164248340247
58537,0.5968276585987896
58538,0.5803563144878625
58539,0.6001583405610584
58540,0.6167979383944584
58541,0.5610934156938605
58542,0.5882129967672243
58543,0.5897206441715281
58544,0.6274071656563736
58545,0.6035906712138166
58546,0.5670860094865172
58547,0.5620325578873222
58548,0.5740115508212529
58549,0.5670638329520418
58550,0.5551882897554986
58551,0.5894670404814959
58552,0.6151224680301831
58553,0.5235932981218279
58554,0.5781330454726697
58555,0.6036406691359052
58556,0.6269635126156952
58557,0.576541922748809
58558,0.6456062444944994
58559,0.5951144277237239
58560,0.5648833033188072
58561,0.5267449329339202
58562,0.6015020993122572
58563,0.575301006062011
58564,0.5944600392637447
58565,0.5749743529828392
58566,0.6621232691106511
58567,0.5754470349994708
58568,0.5984000820855925
58569,0.6201387963373889
58570,0.5739702818531098
58571,0.5646926363950108
58572,0.6142931363198182
58573,0.540120420786576
58574,0.5993071238604821
58575,0.5673251140608866
58576,0.6276926907499484
58577,0.5879564729756704
58578,0.5870576203077322
58579,0.6137291292381282
58580,0.6032625395234
58581,0.5766811725018741
58582,0.5844100802162095
58583,0.5677569944719063
58584,0.616893080712163
58585,0.6087176273720651
58586,0.5715278211881032
58587,0.5924079540658979
58588,0.6137723287611428
58589,0.5776454534309079
58590,0.575439354053295
58591,0.6094881880542846
58592,0.6041576785224637
58593,0.613580042621288
58594,0.5696803144833631
58595,0.5552539623037206
58596,0.5776287585872352
58597,0.5997670020476376
58598,0.5474092114149446
58599,0.6068012092064878
58600,0.582078369115315
58601,0.62123519449124
58602,0.6290229917328602
58603,0.5801287133813968
58604,0.6071252738498046
58605,0.559382341388754
58606,0.5594030878078672
58607,0.5483161702000561
58608,0.6026718514923375
58609,0.5324532056424273
58610,0.5675834208242678
58611,0.595619352430502
58612,0.6148655654477847
58613,0.6261847342382814
58614,0.5879800060728859
58615,0.5316958016543308
58616,0.5936632666793822
58617,0.5693645686216089
58618,0.5543549038315387
58619,0.5356378864509859
58620,0.5536763713798528
58621,0.5616602270067469
58622,0.5774017873908943
58623,0.5454471995174136
58624,0.574198439227367
58625,0.5738972465186111
58626,0.5418243863963076
58627,0.6045672193780678
58628,0.5966769060160665
58629,0.6302586269701944
58630,0.5904206070391149
58631,0.5679895422716531
58632,0.5306478178368438
58633,0.5934686727538323
58634,0.5516072067064159
58635,0.6167157580439786
58636,0.5901193578241087
58637,0.6033511872364511
58638,0.5857053382622425
58639,0.5687523684443585
58640,0.5746136880438297
58641,0.5827526558679949
58642,0.6044587703581201
58643,0.6004202493621601
58644,0.5561570275486502
58645,0.5636076915807353
58646,0.5840553056324925
58647,0.5468135887420114
58648,0.6151347477091872
58649,0.5734248362499121
58650,0.6430727331325682
58651,0.6100976255079844
58652,0.5993995111379079
58653,0.5941524249214608
58654,0.6012399079908066
58655,0.6327316525776383
58656,0.5473264069432254
58657,0.5774638679277142
58658,0.5760538393091227
58659,0.6358555865333899
58660,0.5745041455531725
58661,0.5488346570870357
58662,0.570872392521254
58663,0.5598923423181343
58664,0.618679086677455
58665,0.5862065548491842
58666,0.5858727263576019
58667,0.6491483548766976
58668,0.5962284628474144
58669,0.5916576340210782
58670,0.5889757592589563
58671,0.615690810300577
58672,0.6172149658867188
58673,0.6298240135857923
58674,0.5300751889031134
58675,0.594070767082004
58676,0.6122398311111701
58677,0.5816170646405362
58678,0.5714716850489923
58679,0.5938958388276581
58680,0.5788014534111177
58681,0.5406285431330298
58682,0.5684579177611548
58683,0.5971198818364217
58684,0.5900395485616022
58685,0.5894790947853326
58686,0.6229033449289376
58687,0.5899331922431021
58688,0.6179206910846802
58689,0.6287563651013959
58690,0.6045258016436298
58691,0.502701990988335
58692,0.5643430642566141
58693,0.6410450897599981
58694,0.6230592622637346
58695,0.5560620804822934
58696,0.5846518664335617
58697,0.6306656075836123
58698,0.5773149627756398
58699,0.5927991925501002
58700,0.5955036413576658
58701,0.5824459351087597
58702,0.5696586264026973
58703,0.5560873796669471
58704,0.5225701186975841
58705,0.5851749062344257
58706,0.5873064098523618
58707,0.5672543454772396
58708,0.5952978181445906
58709,0.584405398352078
58710,0.5550727785574551
58711,0.5775721809925737
58712,0.6027953176517441
58713,0.5747509230501144
58714,0.5639489211136254
58715,0.535017242945196
58716,0.562442435776965
58717,0.5750753158380156
58718,0.5581773208083021
58719,0.6034680879639521
58720,0.561324846814685
58721,0.5788794361151919
58722,0.6448209636607879
58723,0.6214003460932489
58724,0.6053086077132664
58725,0.6164068786639052
58726,0.5724738824082729
58727,0.6220902411947912
58728,0.6608412939092925
58729,0.6095114460938409
58730,0.6160715054375889
58731,0.5754918210376819
58732,0.5293121206538253
58733,0.5950019282225746
58734,0.5798211372183572
58735,0.5765782947422811
58736,0.5662660507315821
58737,0.6517529969646814
58738,0.6037001337682711
58739,0.5468053010688354
58740,0.5875146357138402
58741,0.5629985769344994
58742,0.5443529429222549
58743,0.5826964602187189
58744,0.6405869006055952
58745,0.6299496104068761
58746,0.5823405528748088
58747,0.5919087032297184
58748,0.6064066413706479
58749,0.596446355831669
58750,0.5742673097580397
58751,0.5812786988691919
58752,0.5716677216679548
58753,0.5900073382103922
58754,0.5959998825592926
58755,0.6009369748072382
58756,0.5884619829256937
58757,0.5653821865275486
58758,0.5690260195096568
58759,0.5685400987074615
58760,0.5998877632549928
58761,0.6401345747641266
58762,0.5957196164139306
58763,0.5737980360284776
58764,0.5638181553644189
58765,0.5234596107772354
58766,0.6310360786826414
58767,0.5728897717792985
58768,0.6003700068381551
58769,0.5855088778380356
58770,0.5593423637486025
58771,0.5823297292844407
58772,0.5846269051156072
58773,0.6295887913607473
58774,0.6016825931812598
58775,0.6477455371211667
58776,0.6240220129315198
58777,0.5562417876159126
58778,0.6026958526507658
58779,0.6176520260919429
58780,0.611167895105108
58781,0.6397465164711065
58782,0.555206263317549
58783,0.6434703755757656
58784,0.6058517490329208
58785,0.5628717774365859
58786,0.5227255800843471
58787,0.5523116347984266
58788,0.5849553012574692
58789,0.598710966448255
58790,0.5812667104481231
58791,0.5929596254791615
58792,0.6473504153632985
58793,0.6556949686252537
58794,0.5886827305236261
58795,0.595834046684001
58796,0.5934575136858263
58797,0.6402354364134835
58798,0.6278061315845829
58799,0.5900890834303427
58800,0.6355129044765838
58801,0.6019491809935139
58802,0.5620305572028321
58803,0.5997037534440232
58804,0.6088335290242933
58805,0.6470077295203398
58806,0.6223266268423632
58807,0.6117976569018047
58808,0.6037619754273988
58809,0.5591743732037839
58810,0.5989816543981731
58811,0.5521289145204142
58812,0.5967261972320234
58813,0.604493125100723
58814,0.6515305892128601
58815,0.6219543238028004
58816,0.6622847516873496
58817,0.5966308798444873
58818,0.6330089690653993
58819,0.5892908493882492
58820,0.5901600013558563
58821,0.5742365254186401
58822,0.5834302302622469
58823,0.5387800502998386
58824,0.6593787615362267
58825,0.5973187930781577
58826,0.6594989267098402
58827,0.5939565579783836
58828,0.6561517627997941
58829,0.5900692685063046
58830,0.6197541435426439
58831,0.6240793156888809
58832,0.610525729699888
58833,0.6133334933967438
58834,0.584507022139132
58835,0.580356774845381
58836,0.5533372482402872
58837,0.5754811914069112
58838,0.6374301509248353
58839,0.6008067788248993
58840,0.5782083076947109
58841,0.5855204487547241
58842,0.6039680540321039
58843,0.5831967638534729
58844,0.5414420476389333
58845,0.6836113639390328
58846,0.6374908214122567
58847,0.6002866664680528
58848,0.6342201217351541
58849,0.5905935343624441
58850,0.6346966606927946
58851,0.532632911843988
58852,0.5891253225097123
58853,0.632283366301368
58854,0.6149477457562131
58855,0.5602945488380159
58856,0.5868162035541593
58857,0.524336232594312
58858,0.6603117571860598
58859,0.6015345796743242
58860,0.5933889498195412
58861,0.6045907131930045
58862,0.5826192620592585
58863,0.6602756105663208
58864,0.6036070253363494
58865,0.6115773012849444
58866,0.6192119569114939
58867,0.5461683309321599
58868,0.603798708714041
58869,0.5893757476928544
58870,0.6247599752102151
58871,0.6712877397833914
58872,0.642085319326471
58873,0.597785555558901
58874,0.5721420436679345
58875,0.5571837025668798
58876,0.6336895750041941
58877,0.599797331274931
58878,0.6163984600712472
58879,0.6184235743286812
58880,0.5536464050551435
58881,0.556368018912195
58882,0.6374577825358139
58883,0.643888966884846
58884,0.6234756260563985
58885,0.6340291238159582
58886,0.6255433503104137
58887,0.5773813366782982
58888,0.5491798878286831
58889,0.6254037558937781
58890,0.6128273470618059
58891,0.6196741708320267
58892,0.5625836799829061
58893,0.5860493888925181
58894,0.5891403356408789
58895,0.6184290890200523
58896,0.6254291164183461
58897,0.613394764885742
58898,0.6378643630938441
58899,0.60674527531114
58900,0.6682331371545793
58901,0.6125585889691881
58902,0.571889020178892
58903,0.5901565963977012
58904,0.6190946378922135
58905,0.5848206957588401
58906,0.6336487163159229
58907,0.5876582339456581
58908,0.6507781117889679
58909,0.6114649410385506
58910,0.5740694337100128
58911,0.5679580976763426
58912,0.572411080500832
58913,0.6130734052302489
58914,0.5985037906757406
58915,0.5761606122822653
58916,0.61044029795149
58917,0.6199180197550701
58918,0.599059358386196
58919,0.6448638161525541
58920,0.6408412805334385
58921,0.638472614399203
58922,0.6276371373342934
58923,0.5328234294922436
58924,0.6340869566141517
58925,0.6336800094748241
58926,0.6107716539096543
58927,0.5713844858386032
58928,0.6383491890274231
58929,0.6209287121267757
58930,0.5937956745030484
58931,0.5994923007224398
58932,0.637396341421918
58933,0.6183817519804613
58934,0.61025324402652
58935,0.6399154645283466
58936,0.6177269482395792
58937,0.683481980219619
58938,0.589538656623609
58939,0.6041325244479212
58940,0.598265045425059
58941,0.6570556362802259
58942,0.5901473994211611
58943,0.5324262880658367
58944,0.5905098458413891
58945,0.5974283405372673
58946,0.6174253305333345
58947,0.5905010510468109
58948,0.6319525002798435
58949,0.6191300878979498
58950,0.5760596688426978
58951,0.6328197714715367
58952,0.6130856141762064
58953,0.6534542326974728
58954,0.5612017091370708
58955,0.609200325405008
58956,0.5905503470178193
58957,0.5524739169798508
58958,0.5930705559560819
58959,0.5435982581859488
58960,0.5167989002827221
58961,0.6222836424100154
58962,0.5540729382973532
58963,0.6248412970087316
58964,0.5983201025184722
58965,0.6123936598747557
58966,0.5717613355209193
58967,0.5810566324839993
58968,0.5510905173723847
58969,0.6079001845433571
58970,0.6197698984729186
58971,0.568781048150426
58972,0.6002530292229459
58973,0.5720808774732076
58974,0.5898707965541811
58975,0.6314543494229482
58976,0.5895388400090361
58977,0.6463018903010443
58978,0.5992559946778273
58979,0.6126382466879141
58980,0.657572272737948
58981,0.5577910524469452
58982,0.5723927426334958
58983,0.5831181175950451
58984,0.5870028443933798
58985,0.5719845647125364
58986,0.5510559530942929
58987,0.6016813243968112
58988,0.6141251123797159
58989,0.5777544149884658
58990,0.6095712585911653
58991,0.5735707077276374
58992,0.5999827531008878
58993,0.6110859338242466
58994,0.5961718185575439
58995,0.5623980946389922
58996,0.6149977971534352
58997,0.6209007229165621
58998,0.5916373672168177
58999,0.6500489227541412
59000,0.49046797966743966
59001,0.45101161778948534
59002,0.45293469247755586
59003,0.4370188160337478
59004,0.44351138403253565
59005,0.5001711754757356
59006,0.5230846872525613
59007,0.4798258490671461
59008,0.5296335935349531
59009,0.483066775283484
59010,0.562464026985478
59011,0.529229135346688
59012,0.5372625716545275
59013,0.5178958994472509
59014,0.5004818965312365
59015,0.5222477065306644
59016,0.5198992106029167
59017,0.5074514051224206
59018,0.5266926045311945
59019,0.5981007150180228
59020,0.5695800322311503
59021,0.508101560510862
59022,0.571821427670003
59023,0.5415623918263409
59024,0.5409588751492628
59025,0.6137858474806519
59026,0.5305197639811511
59027,0.5387671583935535
59028,0.5949323124308167
59029,0.6022044788103007
59030,0.6020257521657602
59031,0.5790894354084309
59032,0.5838819472284704
59033,0.5711927104831486
59034,0.6679419930266084
59035,0.585227931071361
59036,0.6110078948533849
59037,0.6265269642229743
59038,0.6563990113378246
59039,0.5653428434968124
59040,0.6551291309535072
59041,0.6530733902577283
59042,0.6481677334597867
59043,0.645637948602605
59044,0.600839018151487
59045,0.7027751579580467
59046,0.5991597287147162
59047,0.694142470107244
59048,0.6218356751964743
59049,0.6614572767489779
59050,0.6630581926831376
59051,0.6702959435806304
59052,0.7130527359645515
59053,0.6826361718183266
59054,0.651268953213997
59055,0.6508290357590949
59056,0.7051699178446055
59057,0.7281433139433415
59058,0.6333024841212457
59059,0.7035212166054472
59060,0.6680907454074448
59061,0.670448332562537
59062,0.7059562515145222
59063,0.6585600324886933
59064,0.6974320168941389
59065,0.7268876171254933
59066,0.7493571822270293
59067,0.7118324470514891
59068,0.637350433669186
59069,0.6889848991744365
59070,0.6731055117889917
59071,0.7031796233891648
59072,0.758725194505168
59073,0.6755296653434206
59074,0.7522858044442482
59075,0.7207061181403873
59076,0.6991980494162428
59077,0.768674511358929
59078,0.7523618263612735
59079,0.7806096850769917
59080,0.790811416021771
59081,0.775825652286447
59082,0.7266779548426435
59083,0.7600849919746094
59084,0.7181073264260202
59085,0.7782980442310583
59086,0.7827149254225533
59087,0.7927400286783463
59088,0.7821089505823904
59089,0.731412881241391
59090,0.7730182752699898
59091,0.7386618858205733
59092,0.7344971897806627
59093,0.8129048631910476
59094,0.7588178616190951
59095,0.7391381422546749
59096,0.7956620940903643
59097,0.7436246135203151
59098,0.7884800367449832
59099,0.7420361607772251
59100,0.7723092699517297
59101,0.7367356751495017
59102,0.7833330212258477
59103,0.8021373277626621
59104,0.820450936574167
59105,0.8527162278001015
59106,0.7945247583915319
59107,0.7574451172833032
59108,0.875624915955878
59109,0.8025997374635455
59110,0.8102919629478161
59111,0.8710293482145152
59112,0.8503823461939417
59113,0.8030551077318937
59114,0.8428903448852259
59115,0.8632433051247336
59116,0.812082072088878
59117,0.8305679952576158
59118,0.8315142412645482
59119,0.7734094576278946
59120,0.8565723447836121
59121,0.8088108883285625
59122,0.8085955144838697
59123,0.8327462212267225
59124,0.8085555901699932
59125,0.8906531050790125
59126,0.8383314906112171
59127,0.8126439564686827
59128,0.8533054364369681
59129,0.8724235106168678
59130,0.8531643330257421
59131,0.8719645663524991
59132,0.8252223496453047
59133,0.8680353961488579
59134,0.8475218499438577
59135,0.8577805622620265
59136,0.8385413124771438
59137,0.9306410999838376
59138,0.8465470612915523
59139,0.8441567914419456
59140,0.8761953529018514
59141,0.8868707531353728
59142,0.8522081935569913
59143,0.8935329068857587
59144,0.8640146768526299
59145,0.851425879877746
59146,0.8563585922719362
59147,0.8197569726790425
59148,0.8977873784897531
59149,0.9209179160909032
59150,0.924221464534341
59151,0.8858661362873267
59152,0.903747504896475
59153,0.9406337526588672
59154,0.9771414946412581
59155,0.8850619358727179
59156,0.9464790367396516
59157,0.8565738468463804
59158,0.8775222764826877
59159,0.9688514742850978
59160,0.8949726547983469
59161,0.9167103371757104
59162,0.9540665447335277
59163,0.8892370488457997
59164,0.931137545634796
59165,0.943668590373178
59166,0.9442608729780988
59167,0.9420267855800767
59168,0.9266613335866339
59169,0.9990249079547159
59170,0.9671365155868792
59171,0.9076947451407609
59172,0.929428956683566
59173,0.8896881267365302
59174,0.8868958910999819
59175,0.9436715768203515
59176,0.8813294422900952
59177,0.9715154306804666
59178,0.9547799059639389
59179,0.9629470913511186
59180,0.9301462653609109
59181,0.9288530169105357
59182,0.9125837244660774
59183,0.953240199564983
59184,0.9258674734179034
59185,0.895658291692347
59186,0.8680569720559357
59187,0.9049138904316996
59188,0.9710066274163808
59189,0.9779772805529929
59190,0.9076370279815615
59191,0.9459758124492688
59192,0.918897869842453
59193,0.9333312119094186
59194,0.902912079705942
59195,0.9865740202710962
59196,0.9156852731026462
59197,0.9925802821998344
59198,0.9512022595210867
59199,1.0098855800201991
59200,0.9174687183642702
59201,0.9215599741566939
59202,0.9833934590264414
59203,0.9478266808609962
59204,0.9803115259370163
59205,0.930777058886437
59206,0.9732042500539108
59207,0.9521337378677637
59208,0.9400973511201551
59209,0.9613156090909977
59210,0.987951341660712
59211,0.9864312969192357
59212,0.9984356201989752
59213,0.9320519529792646
59214,0.9559645512624498
59215,0.9585179492216223
59216,0.9849223585102865
59217,0.9732069418409544
59218,0.9548945262949761
59219,0.9719896089681199
59220,0.9162423474309994
59221,1.0166341776073642
59222,1.013365817675485
59223,0.9841857125828564
59224,0.986712117316441
59225,0.993589592092119
59226,0.9758373539482624
59227,0.9751240645804271
59228,0.9849204258834097
59229,0.9785677583542071
59230,0.978570072173991
59231,1.0136858306484449
59232,0.9953705239806272
59233,0.9403401375227369
59234,1.0309437247710294
59235,0.9801475985696341
59236,0.9525726145896337
59237,0.9909128240499059
59238,0.9593448958003485
59239,1.0619125177271551
59240,0.9821837463837463
59241,0.9548434722141826
59242,0.9793341813655412
59243,1.041458828811108
59244,0.9946517861015157
59245,1.00250292387617
59246,0.9696127628210883
59247,0.9918098320930321
59248,0.9800614837621787
59249,1.0497852589271188
59250,1.0376740289854416
59251,0.9939337328207887
59252,1.0027174286987823
59253,0.9975114965522645
59254,1.0609693969703444
59255,0.9579404564164512
59256,1.0199306044782819
59257,1.030540197910279
59258,0.978890516951754
59259,0.974519842032762
59260,1.0385587712299533
59261,0.984355122235089
59262,1.018929695978273
59263,1.032756305545531
59264,1.0228723207537276
59265,1.016800200438195
59266,0.9861004954669826
59267,1.0532312989420687
59268,1.00203237124653
59269,1.0904651476323046
59270,0.9741630529708107
59271,0.9912357537949327
59272,1.0300133585226137
59273,0.9877534023409622
59274,1.0235763393024033
59275,0.9318866832459505
59276,0.966257041478558
59277,1.0036497252213756
59278,0.9898762057981222
59279,1.019608513113295
59280,0.9381380087710242
59281,1.0665940903753715
59282,1.0331383836401442
59283,1.0381162118284002
59284,1.0064899955776532
59285,1.0444771836674307
59286,1.0070021822480064
59287,0.9979111841783279
59288,1.060504284199597
59289,0.9983796887594032
59290,1.0376891704851428
59291,1.077919980996602
59292,1.0094430081828214
59293,0.9950775984191528
59294,1.0329872603899741
59295,1.0105671832955319
59296,1.0564813253813823
59297,1.0207071729393598
59298,1.051580894779139
59299,1.0284347835920946
59300,1.0683562923068233
59301,1.0033364458569975
59302,1.017920399716827
59303,1.0411687365817959
59304,1.0335040839854364
59305,1.0106368549249412
59306,0.9749281793539969
59307,1.0282418281674004
59308,0.9715046138827028
59309,1.0837595071049393
59310,1.0393493181290319
59311,1.0158835765229803
59312,1.0159275485661055
59313,1.0716638124628717
59314,1.0514539904093665
59315,1.0398332134831747
59316,1.0179664178518428
59317,1.0453088398656063
59318,0.9978994749744228
59319,1.136148446717862
59320,1.054155333192943
59321,1.067425492717153
59322,1.0900605505980911
59323,1.068145570075477
59324,1.1020149440628286
59325,0.994658449377951
59326,1.060963228124837
59327,1.055100708181242
59328,1.0548339483983098
59329,1.0419343666376946
59330,1.0278326493263759
59331,1.0274271623187126
59332,1.0145011546886304
59333,1.0436402413974921
59334,1.0229734597801292
59335,1.0614368932829268
59336,1.0336840661310074
59337,1.0729378932399949
59338,1.0650871699547013
59339,0.9976779011023461
59340,0.9695462102081016
59341,0.9996742463085787
59342,1.1077527416927482
59343,1.0849903520548896
59344,1.0469221306071843
59345,1.067179632270432
59346,1.106742704307134
59347,1.0389904642610335
59348,1.045730889554782
59349,1.0610554818012354
59350,0.9904113416081607
59351,1.0777737270128107
59352,0.9658967661995245
59353,0.9957113074045384
59354,1.0211448646170294
59355,1.0174244736495748
59356,1.0324958500736638
59357,1.047985684955486
59358,1.0717069569713826
59359,1.027801460278673
59360,1.055848901435112
59361,1.0723939664621984
59362,1.0285985404668532
59363,1.0340349003778266
59364,1.0725193622545732
59365,1.0752195238723612
59366,1.0394452992757919
59367,1.0529525605785022
59368,1.0137640094316815
59369,1.0513268534748408
59370,1.1058880946757816
59371,1.1243347925741791
59372,1.0857078299580873
59373,1.0802839731848182
59374,1.0613930806069813
59375,1.0292682150219545
59376,1.1217815640898907
59377,1.0427151161903023
59378,1.0733254784265576
59379,1.0873698015540156
59380,1.085377940128042
59381,1.0908832113990596
59382,1.0966893674401685
59383,1.1257061193753284
59384,1.1000334462989108
59385,1.013280293587028
59386,1.0447340408435744
59387,1.0924111569752915
59388,1.0947896068607543
59389,1.0465721503217387
59390,1.0561708653664144
59391,1.0996236263068293
59392,1.092530496632121
59393,1.0595508878046904
59394,1.059916285555997
59395,1.086314504373458
59396,1.0645857997445571
59397,1.0561847161646973
59398,1.0142248752153296
59399,1.0849560833397098
59400,1.0875031915089348
59401,1.0385264339158569
59402,1.080150108179661
59403,1.0958424373254203
59404,1.057959302419882
59405,1.066889001046296
59406,1.0603524302766099
59407,1.094695309960119
59408,1.0648078908072593
59409,1.0406137966825286
59410,1.107905707344242
59411,1.0343769948924404
59412,1.0787263149543675
59413,1.0697899549130918
59414,1.0795151606938178
59415,1.041228736119888
59416,1.1037525116959428
59417,1.030483894327129
59418,1.0601645915412075
59419,1.0490243809008704
59420,1.0559016891569675
59421,1.0778762179856052
59422,1.1126594756169892
59423,1.0631918768243453
59424,1.055922514194957
59425,1.0986265688730172
59426,1.0777877469976633
59427,1.053827283383081
59428,1.0352387296481584
59429,1.1289690630662348
59430,1.0387953724654508
59431,1.1302736100473183
59432,1.0380766529865135
59433,1.0915156561561223
59434,1.0732690669337437
59435,1.1207023168121228
59436,1.0941381336497131
59437,1.0246761342423005
59438,1.0621322239975834
59439,1.100318768562854
59440,1.0791898464292922
59441,1.0552729937552896
59442,1.0727876423776335
59443,1.0675689382484133
59444,1.0746016797546047
59445,1.0804870584409942
59446,1.08681890686251
59447,1.0677582208862988
59448,1.0906646719556763
59449,1.091446875774226
59450,1.0937793490602317
59451,1.0869926319385903
59452,1.028854291049666
59453,1.1128502831096423
59454,1.0596437432953412
59455,1.1016136038609199
59456,1.1266096535616696
59457,1.1108834617069019
59458,1.069140056330154
59459,1.0720046771337224
59460,1.1111210818497108
59461,1.0704473838503596
59462,1.0574371841685308
59463,1.0749894954233377
59464,1.0617003538062135
59465,1.1235435049227072
59466,1.0579180920967843
59467,1.0802658061002914
59468,1.0628417036143898
59469,1.09023572526481
59470,1.0808228823707144
59471,1.114028353254468
59472,1.0632739352785965
59473,1.0595224362811195
59474,1.1030938874153817
59475,1.1174926475620797
59476,1.0969297301687262
59477,1.0723000826015645
59478,1.0504202274514898
59479,1.0425764400243422
59480,1.1311202624927847
59481,1.052985073566894
59482,1.1182331702474417
59483,1.0434631616397942
59484,1.0478604869785884
59485,1.1209314928940781
59486,1.0585716235491807
59487,1.081282557397464
59488,1.0164199878517202
59489,1.1197244135812547
59490,1.0659226645894528
59491,1.1367179264661451
59492,1.093834588355118
59493,1.0916154871065407
59494,1.1022775747759268
59495,1.074974223532392
59496,1.10164834170171
59497,1.0599720880414034
59498,1.08456231972365
59499,1.1513594938452487
59500,1.0852029671362382
59501,1.0346872657417043
59502,1.090824007720149
59503,1.112758414375729
59504,1.111742718887644
59505,1.1179220942786194
59506,1.0740171306407784
59507,1.0726005949692712
59508,1.1336907059089163
59509,1.0446042094879313
59510,1.1123333662695114
59511,1.1012041037711344
59512,1.0622552293595833
59513,1.1208956224035886
59514,1.0734122451178993
59515,1.1366861977030893
59516,1.091975094615992
59517,1.1081006186792113
59518,1.086055865707499
59519,1.0945865591795327
59520,1.0402878438105452
59521,1.0820548895496465
59522,1.039705620937056
59523,1.0676386518170757
59524,1.1120873149514259
59525,1.122262284069176
59526,1.086063548693975
59527,1.09893355484072
59528,1.0998376036088524
59529,1.1123596920919454
59530,1.0642309148738924
59531,1.084244394306012
59532,1.054016681846809
59533,1.0939154882655375
59534,1.0822524830823994
59535,1.0442536379821592
59536,1.0877127870915813
59537,1.0930374480145508
59538,1.0780639153679181
59539,1.0561209591263867
59540,1.0943809488089213
59541,1.1153277184623736
59542,1.0859369129573584
59543,1.1158963870290528
59544,1.093329836932132
59545,1.0969569597751605
59546,1.1273511665197549
59547,1.1179554516156762
59548,1.100410786443986
59549,1.1279769213825888
59550,1.0643654066448198
59551,1.013305045979586
59552,1.0672675544548051
59553,1.0890553914327405
59554,1.0958124478046192
59555,1.0968079461203528
59556,1.0762034630218185
59557,1.1287793727666533
59558,1.043273165237152
59559,1.019195550351415
59560,1.0949355489151298
59561,1.1003175226220507
59562,1.0741776107898051
59563,1.1526172379383155
59564,1.087835496286399
59565,1.086602400472167
59566,1.131144822403846
59567,1.0692769931889436
59568,1.0797760059535868
59569,1.1113420164399421
59570,1.118885818976574
59571,1.066806411868243
59572,1.0754333403439449
59573,1.1304569733069563
59574,1.048823964030023
59575,1.0707629866464936
59576,1.067569330884365
59577,1.0935893637315275
59578,1.1242013368094763
59579,1.1246036547687974
59580,1.0445333933434053
59581,1.106055746437439
59582,1.0679069924472941
59583,1.0937983044081236
59584,1.1054387525136378
59585,1.1340644833661406
59586,1.0581496898983331
59587,1.0609789527915896
59588,1.1051488011246478
59589,1.0717430683043747
59590,1.11106428318348
59591,1.101198279197542
59592,1.1359532012553193
59593,1.0610049549742286
59594,1.0987161864906365
59595,1.078795572118757
59596,1.1213585555113652
59597,1.1036043134400313
59598,1.1569312289226505
59599,1.1065674758873851
59600,1.1156071437824986
59601,1.0970137218973837
59602,1.1125157071292604
59603,1.1420540121305065
59604,1.0801098330635461
59605,1.116756367559664
59606,1.1153778503872391
59607,1.0614232189692503
59608,1.0697865528921957
59609,1.0720295992376703
59610,1.113109736258357
59611,1.0945363395722725
59612,1.0953538279937896
59613,1.1658727441642305
59614,1.092703243317934
59615,1.0581792619468353
59616,1.1106738456779546
59617,1.0557322421960567
59618,1.0831170612623617
59619,1.0760808040553191
59620,1.0898949373294464
59621,1.0564844440853816
59622,1.1109069828162952
59623,1.0942859879094433
59624,1.056035233877431
59625,1.0519223503478836
59626,1.095378924163595
59627,1.104765413276467
59628,1.0876813692269267
59629,1.0519828690975697
59630,1.1020190574279034
59631,1.0976271266251107
59632,1.087099683857203
59633,1.1056109796407132
59634,1.0684383913545417
59635,1.082483002414079
59636,1.1191292732243328
59637,1.0695989661106895
59638,1.0873843741724896
59639,1.1209883077696372
59640,1.0346103189769331
59641,1.1586930997629987
59642,1.074333206198122
59643,1.1241913250334845
59644,1.1009302210611256
59645,1.092918089942668
59646,1.0876114562659904
59647,1.105394974870757
59648,1.088867712898146
59649,1.0968142880602352
59650,1.0869001331172108
59651,1.0648470754937824
59652,1.1476278365529864
59653,1.0848583919574701
59654,1.11034824819722
59655,1.1890476740912321
59656,1.027940185008693
59657,1.1065622664314312
59658,1.0874004688243144
59659,1.1500037022254819
59660,1.0608017260988483
59661,1.1435839957089475
59662,1.1053964414770499
59663,1.1405005987849262
59664,1.1000559372775436
59665,1.1546576828004023
59666,1.1113281606681997
59667,1.1257752941519847
59668,1.1006810593794079
59669,1.0986492444599
59670,1.092618338876135
59671,1.1081209659014184
59672,1.1487581906452866
59673,1.084906954178923
59674,1.108512507628481
59675,1.023569455291387
59676,1.1219937769227781
59677,1.0926908830046036
59678,1.1253514907120743
59679,1.1170829409537397
59680,1.0923459540423148
59681,1.0976623669792256
59682,1.124953525940025
59683,1.0643253402410005
59684,1.0818390865840573
59685,1.1351294514582566
59686,1.0776470526116775
59687,1.0513228188126518
59688,1.115322541295517
59689,1.092328872534735
59690,1.0593593770460734
59691,1.117221122127618
59692,1.0846765263061593
59693,1.1136316305434788
59694,1.095288422473056
59695,1.0573341652719166
59696,1.0872270282265353
59697,1.1430847626700074
59698,1.0939127459870646
59699,1.0921487675556092
59700,1.1078551736485664
59701,1.0900329534814472
59702,1.0105139908235263
59703,1.125950040857745
59704,1.0801693488163155
59705,1.0996236863658193
59706,1.0973042326878297
59707,1.1263114819783713
59708,1.0812320009964995
59709,1.1225449540601449
59710,1.1052597639594024
59711,1.1466601253547275
59712,1.148193251123018
59713,1.0498191704472881
59714,1.0955361629832334
59715,1.108297198072987
59716,1.1158402429575929
59717,1.1069510530339504
59718,1.1159704586951353
59719,1.1052553129874574
59720,1.0970677256397776
59721,1.1066168007574013
59722,1.1288403222455479
59723,1.1222970613463366
59724,1.1034349639967824
59725,1.1081529670622177
59726,1.0955342823726881
59727,1.0926766633489717
59728,1.1087902022191682
59729,1.0669628892341636
59730,1.0515432420100956
59731,1.0668670747189875
59732,1.0999418538598593
59733,1.1559892692119762
59734,1.1228671993647248
59735,1.1401403847520541
59736,1.0657944717689187
59737,1.120836482292084
59738,1.1284111195936706
59739,1.1049251195928804
59740,1.1478301086097122
59741,1.0865038835142213
59742,1.1676401110425472
59743,1.0919308804344838
59744,1.128446968524287
59745,1.1091170740693146
59746,1.0869210422442879
59747,1.1235346701622224
59748,1.133530044995706
59749,1.0903030476083222
59750,1.1191438684622712
59751,1.1315340060868706
59752,1.1417330684614067
59753,1.098646404428866
59754,1.1181745252494426
59755,1.1262827734295695
59756,1.101446057119673
59757,1.0932217660689343
59758,1.103681904344752
59759,1.117705817137907
59760,1.0690085210266564
59761,1.0813116463965473
59762,1.1373000969515055
59763,1.1338801746743996
59764,1.1486102502361422
59765,1.0578925714772185
59766,1.1117702922513149
59767,1.1251480780917946
59768,1.1458820608160245
59769,1.0635655747688086
59770,1.0663530716073075
59771,1.0871370841815382
59772,1.079179680822222
59773,1.105655848718949
59774,1.094207639249747
59775,1.100807291731415
59776,1.100225340555123
59777,1.1387925205692535
59778,1.1084969584506064
59779,1.10350063262264
59780,1.0980775751792595
59781,1.1260133573239242
59782,1.0702150589478983
59783,1.0790941627886244
59784,1.1361666474608778
59785,1.1371856417214161
59786,1.1167974550476418
59787,1.0851589151197891
59788,1.0916788257530463
59789,1.1389081464709112
59790,1.0641345231555692
59791,1.0244228017308656
59792,1.1265605230920177
59793,1.0832227846822056
59794,1.121024873241063
59795,1.1374627412365657
59796,1.0654275604057344
59797,1.1779096694219575
59798,1.0886797171585505
59799,1.0966720925812214
59800,1.1208971988671241
59801,1.119917755681731
59802,1.13188349107864
59803,1.1372001275066745
59804,1.109885024299068
59805,1.1559135573577
59806,1.0754420717688173
59807,1.0964569431002098
59808,1.14319572762526
59809,1.0700963539807755
59810,1.1056322546334352
59811,1.0716920982572062
59812,1.0479339124914977
59813,1.088755947787032
59814,1.1059272028631633
59815,1.1297609404389282
59816,1.0795391797292502
59817,1.1171998239320404
59818,1.1139053139469834
59819,1.0586984490451983
59820,1.077992318580624
59821,1.080845898279033
59822,1.143150801167878
59823,1.1245711552804722
59824,1.1231671804087973
59825,1.0842580860677309
59826,1.0994976022026837
59827,1.0885683101086945
59828,1.1129643184084825
59829,1.0849001263021998
59830,1.118545952500232
59831,1.1231870170429565
59832,1.1348959426448262
59833,1.1458717787591368
59834,1.0727256875841826
59835,1.1078185273329382
59836,1.105573568872466
59837,1.1177122622458433
59838,1.1462856948377245
59839,1.0861131646437592
59840,1.103886574862735
59841,1.109137414838779
59842,1.1083504508586204
59843,1.036089456564237
59844,1.1045069521572337
59845,1.0828141726414928
59846,1.0560604008351158
59847,1.0816847730111303
59848,1.1158335071438057
59849,1.1244342522796693
59850,1.0867003411075062
59851,1.0650222482435308
59852,1.1282835544444731
59853,1.1156840843251172
59854,1.1375700543285712
59855,1.1674188760386657
59856,1.120897328883881
59857,1.1489875371157625
59858,1.1109762737121787
59859,1.1075542805490852
59860,1.0775047734065153
59861,1.0364259020730888
59862,1.1072570729949662
59863,1.069239392958677
59864,1.1135657816844118
59865,1.1353064072571304
59866,1.131696023935516
59867,1.0727147099720462
59868,1.0884028582457157
59869,1.1223722332411017
59870,1.1303787507808567
59871,1.0943145760047432
59872,1.1087864131412577
59873,1.1080316903694194
59874,1.1161999550594746
59875,1.0983708680277995
59876,1.126504350472974
59877,1.102808779643713
59878,1.137642403875336
59879,1.020256786066301
59880,1.068481284444146
59881,1.099309873744207
59882,1.1180383830849834
59883,1.103143794029729
59884,1.1609262301714691
59885,1.1052098623243471
59886,1.0774592935086142
59887,1.118359513581939
59888,1.1063866003082357
59889,1.0545118208139688
59890,1.082977328649682
59891,1.079326735444245
59892,1.068203953280015
59893,1.0860588035947278
59894,1.1538736507840166
59895,1.0867316788391745
59896,1.1303287313021377
59897,1.1299521363742688
59898,1.1589713323356257
59899,1.0562842528383065
59900,1.102277498172247
59901,1.123637190048727
59902,1.0845552918516341
59903,1.1346224694067535
59904,1.114263947560775
59905,1.112020115073745
59906,1.1104743783441273
59907,1.1499363927961919
59908,1.1177358250748943
59909,1.1352909204849164
59910,1.0655511402580073
59911,1.1027325451850751
59912,1.1338302849752528
59913,1.138877606387863
59914,1.10811592392882
59915,1.1040731677426312
59916,1.1209914816407611
59917,1.1177928377622408
59918,1.1463512372050868
59919,1.0891535061943851
59920,1.0955283330292296
59921,1.1107777746782512
59922,1.1000138408789353
59923,1.135936551595647
59924,1.1081857865697735
59925,1.1272738069496149
59926,1.061163055873563
59927,1.111318954242632
59928,1.0959838825420876
59929,1.0875380404418293
59930,1.055600251843106
59931,1.1443970590368266
59932,1.0721353710873587
59933,1.069061710807185
59934,1.1003813091168457
59935,1.1556603342770864
59936,1.1749424585232122
59937,1.0935165050192213
59938,1.108672393618511
59939,1.0616543189047023
59940,1.0491768536102948
59941,1.0993618450591938
59942,1.1209297602788626
59943,1.1362833421502985
59944,1.0782044580075683
59945,1.1764599590010303
59946,1.121535868816698
59947,1.0687694743771101
59948,1.0793929027001268
59949,1.1460122115345917
59950,1.0921680832697278
59951,1.1094701979477448
59952,1.0912298646509777
59953,1.0996035645814999
59954,1.1795550502944787
59955,1.0746597272422556
59956,1.0958947789268285
59957,1.1095466220802868
59958,1.1278748810765045
59959,1.0861806048833482
59960,1.1142089525925285
59961,1.1238382932633433
59962,1.1025008939104497
59963,1.1105445372496587
59964,1.1285587303396485
59965,1.0683245493101663
59966,1.0436324219800819
59967,1.1124058347131498
59968,1.1089707357543934
59969,1.1230446233882807
59970,1.1007213610061923
59971,1.0869885529607832
59972,1.0977031409729354
59973,1.1364132645909246
59974,1.118372844621093
59975,1.0914140421147052
59976,1.1200865361568022
59977,1.1312748949243514
59978,1.1292518912839782
59979,1.1203043054837856
59980,1.0752016478842392
59981,1.098841567003345
59982,1.1359361505087857
59983,1.1107337702432312
59984,1.1613841527166768
59985,1.0677320815515206
59986,1.0660656446894143
59987,1.0526909653685792
59988,1.064880647200272
59989,1.1125201499720638
59990,1.0809518409418004
59991,1.0999657586604068
59992,1.118003981270421
59993,1.117193699625438
59994,1.078248393273502
59995,1.0848689587070361
59996,1.0509101924633215
59997,1.1063390551878438
59998,1.075812520668447
59999,1.0711257417881297
60000,1.086210323541035
60001,1.1323966149406812
60002,1.0863792875277192
60003,1.1271130725932168
60004,1.117618271372137
60005,1.0642280360993295
60006,1.0795295470281636
60007,1.1002760822485775
60008,1.1163171872076298
60009,1.1441493166741943
60010,1.1077073354682128
60011,1.1130233236366731
60012,1.1464148798410672
60013,1.0738116895048198
60014,1.1154619571296087
60015,1.0655937841405227
60016,1.176809393048467
60017,1.158535445323851
60018,1.088065390282948
60019,1.1404375041780206
60020,1.0879783283111768
60021,1.1359553524330839
60022,1.105709351593047
60023,1.1471798017499133
60024,1.1159174789443267
60025,1.1380140537062948
60026,1.159678517447844
60027,1.095093105397987
60028,1.1495628508384845
60029,1.0821008318237992
60030,1.1927623058384664
60031,1.119750914709777
60032,1.1267440728321692
60033,1.1470554790271088
60034,1.0891775444785927
60035,1.1317062035930758
60036,1.0849443731727013
60037,1.1157439156980473
60038,1.1118446369801613
60039,1.1686818233127063
60040,1.094942810703475
60041,1.152207073448931
60042,1.119771991275131
60043,1.137018156160699
60044,1.0962813468188028
60045,1.0890733895408655
60046,1.1073569006354969
60047,1.1157040977959714
60048,1.1365708481947148
60049,1.0831988181189214
60050,1.1035789926993114
60051,1.1101653977218116
60052,1.0637234312011437
60053,1.142517462597701
60054,1.1241825510622145
60055,1.0743762618010646
60056,1.088119916561472
60057,1.1034426089216367
60058,1.1067542735048113
60059,1.0950480618872527
60060,1.0929100178859417
60061,1.0902363670464328
60062,1.1244684524301036
60063,1.1160009625574099
60064,1.1169051581913407
60065,1.1193940975064476
60066,1.0786968258884657
60067,1.1276028489235381
60068,1.1045593479084306
60069,1.10758806268083
60070,1.101378164082819
60071,1.121372902292769
60072,1.100425708156852
60073,1.127144300314178
60074,1.171063259842982
60075,1.0892962525652636
60076,1.1699863143225628
60077,1.0837451521030028
60078,1.1928575029251365
60079,1.1416521929747148
60080,1.116435354959269
60081,1.1511432019703949
60082,1.087645927407518
60083,1.095593140017083
60084,1.132747387582371
60085,1.1152324915672551
60086,1.1641483303649964
60087,1.0879572997954174
60088,1.142499086169769
60089,1.1629818597910762
60090,1.1451443574674123
60091,1.039071698383998
60092,1.128847932010402
60093,1.117485564371849
60094,1.1142830180198566
60095,1.130945427419227
60096,1.1392258281404697
60097,1.1495605087800933
60098,1.147254002504961
60099,1.1439238016230995
60100,1.1347456603735393
60101,1.0638918149743946
60102,1.086104594299865
60103,1.111118096633422
60104,1.0842688534650389
60105,1.1169843695078794
60106,1.0882064225178913
60107,1.07467322769587
60108,1.140517986699188
60109,1.105304175355681
60110,1.1352002849892897
60111,1.11336427134184
60112,1.0966350798416338
60113,1.106104940382005
60114,1.168406039649084
60115,1.1001674903889362
60116,1.0781069682859326
60117,1.085395499795539
60118,1.10976862768799
60119,1.1545232355711406
60120,1.113520416417523
60121,1.1100890372003904
60122,1.1384520815231143
60123,1.0463695376284279
60124,1.1197712991185134
60125,1.0993352722253864
60126,1.1134883157818158
60127,1.1095711459279947
60128,1.140021446558559
60129,1.1098934678505954
60130,1.1261547578755136
60131,1.0761933132684658
60132,1.0724255475080549
60133,1.0999079541866357
60134,1.0880278962095264
60135,1.1181496219735714
60136,1.0782025478990878
60137,1.0658036665298383
60138,1.0935597145959928
60139,1.1354188241037244
60140,1.1336386787286088
60141,1.1115358966506672
60142,1.0874589017937208
60143,1.1358022668660843
60144,1.1556224406725732
60145,1.1377346453911934
60146,1.1008531800648982
60147,1.1185289500904738
60148,1.1202837317357903
60149,1.111705564165391
60150,1.1182012739305713
60151,1.1255658314012325
60152,1.134933376513878
60153,1.161649831101387
60154,1.1149892201581681
60155,1.1406116816430087
60156,1.138668907477132
60157,1.163152688722635
60158,1.0640438621097907
60159,1.1595928369793607
60160,1.0859918125967312
60161,1.1050282656909411
60162,1.0987688632706367
60163,1.070475135235136
60164,1.1241571102793477
60165,1.1148864723215026
60166,1.1115674981577897
60167,1.103961022454708
60168,1.1530893259337316
60169,1.1236843665850107
60170,1.142762994254503
60171,1.1295572464334054
60172,1.1474914484093146
60173,1.145244760043634
60174,1.1207069030264272
60175,1.09222809021431
60176,1.123810611198546
60177,1.1006265022067223
60178,1.1049679289820584
60179,1.10848661976124
60180,1.136269194636328
60181,1.097129105484542
60182,1.0881230936383883
60183,1.092980234341825
60184,1.1096772444702245
60185,1.1012877158746353
60186,1.1298759430652843
60187,1.0605389762409398
60188,1.1336106118713287
60189,1.0845510300312242
60190,1.1579831939680454
60191,1.1446294080903252
60192,1.1387557153822192
60193,1.1545867593311796
60194,1.1366597285170814
60195,1.1270262879199158
60196,1.050962742043983
60197,1.1062199330773161
60198,1.1024056606501254
60199,1.0647433751180402
60200,1.0832093706731623
60201,1.1343587473626096
60202,1.0636534209768975
60203,1.1142007644842467
60204,1.0864541845638382
60205,1.117021117592068
60206,1.0976246504460585
60207,1.0813097107439988
60208,1.1381465702265001
60209,1.0931291887968764
60210,1.1441715341946495
60211,1.1076454911988096
60212,1.1174333585598726
60213,1.148088756090591
60214,1.1478540671538344
60215,1.0869880355227615
60216,1.0899495154776917
60217,1.1233830923710162
60218,1.1167174546374874
60219,1.0900654149328415
60220,1.085210271055963
60221,1.1373039068450193
60222,1.1364744650821588
60223,1.141638535185336
60224,1.1389683252756737
60225,1.1171028548055604
60226,1.0982216072873725
60227,1.0932176789977457
60228,1.104029904887416
60229,1.106257004823098
60230,1.1165109544145124
60231,1.0941973461767411
60232,1.1557117375091643
60233,1.1757701361222046
60234,1.1361710284080853
60235,1.1093453604561874
60236,1.1066350178436632
60237,1.131052621178754
60238,1.1145440000601359
60239,1.1389848307198134
60240,1.0843495427105818
60241,1.1460487074653054
60242,1.0921269152431918
60243,1.1175642161661996
60244,1.1356772693088575
60245,1.0704540111755232
60246,1.1220105682372377
60247,1.1574285752071212
60248,1.1144469593593966
60249,1.1073647899622054
60250,1.109355772420162
60251,1.0838131286707047
60252,1.1153048463219029
60253,1.1600041570040505
60254,1.0699014568666754
60255,1.1062771113748269
60256,1.159416585874552
60257,1.078703724599791
60258,1.0819665646573073
60259,1.1402488101911004
60260,1.1475992280582372
60261,1.1092320341717132
60262,1.0688693428323548
60263,1.1333872199822028
60264,1.063633552761618
60265,1.0786158530633148
60266,1.1499494550549014
60267,1.1225048817217234
60268,1.1068853276995387
60269,1.0703798610463608
60270,1.0503067187135533
60271,1.1042733030396328
60272,1.1279287896747434
60273,1.114442359783827
60274,1.0586352780171104
60275,1.0927679330318072
60276,1.0501823077851309
60277,1.1380360522624655
60278,1.0598786211284492
60279,1.1140760940962422
60280,1.1281204622699073
60281,1.2075620649307246
60282,1.1337173350633292
60283,1.1028868967015912
60284,1.1205339589640841
60285,1.1275170046123155
60286,1.103664580145687
60287,1.1569873392904555
60288,1.1213370021510802
60289,1.0926561613551604
60290,1.1459405934691211
60291,1.1346650835285153
60292,1.1232517868656267
60293,1.094952604957197
60294,1.1261439525957153
60295,1.1895425343273653
60296,1.0181953632840965
60297,1.097100673159837
60298,1.0905253318906338
60299,1.1474207214765364
60300,1.0892682941020957
60301,1.0993823763050061
60302,1.104095742917997
60303,1.0777919114448498
60304,1.1157134130704838
60305,1.1452587162216934
60306,1.1475087419886214
60307,1.085989090531959
60308,1.116429004225796
60309,1.1938523158834422
60310,1.1279969113147563
60311,1.1070927072530283
60312,1.065672562034661
60313,1.053626716402549
60314,1.044498198565607
60315,1.155418350026234
60316,1.124777487178141
60317,1.14388215909952
60318,1.0899800812875151
60319,1.0966195124306586
60320,1.1122912417986608
60321,1.0728211973942068
60322,1.1451118009670878
60323,1.1226583569443878
60324,1.0779506866388675
60325,1.0848144029451134
60326,1.1368778107878164
60327,1.0998360979587143
60328,1.1170560217102468
60329,1.0641957933191044
60330,1.1475560168753833
60331,1.1199881952153152
60332,1.1112326130089336
60333,1.0772912916771198
60334,1.1303481623834783
60335,1.0401017616285122
60336,1.1085931398340678
60337,1.1357369059972264
60338,1.0931209276869627
60339,1.175823087251655
60340,1.1007104068907692
60341,1.0770232283376502
60342,1.079287692011153
60343,1.1432167349303535
60344,1.0869700357217114
60345,1.1081725084663347
60346,1.103015241328708
60347,1.0758603383128584
60348,1.101209633738775
60349,1.1560978092894363
60350,1.0635691415548878
60351,1.1162228634835654
60352,1.1200713189122666
60353,1.1245845819906068
60354,1.0918443556046296
60355,1.1391256921088062
60356,1.1123177307838639
60357,1.083479403744667
60358,1.1177085129775863
60359,1.117850722868072
60360,1.134688385938256
60361,1.1383111208551544
60362,1.0679353602898585
60363,1.0787471927558285
60364,1.1320087182232659
60365,1.1257544574307334
60366,1.150313634273351
60367,1.1618167333301475
60368,1.1039731262470531
60369,1.050389957227912
60370,1.1136550305281456
60371,1.1275370947012588
60372,1.1093681698713451
60373,1.1230707630223413
60374,1.1545693849146499
60375,1.1274227324506483
60376,1.1181226272308642
60377,1.1178159556222966
60378,1.1165324629836066
60379,1.099450644457339
60380,1.1017055607215134
60381,1.1338567065239176
60382,1.1945069960514254
60383,1.1584729910040819
60384,1.1673479495737806
60385,1.1379595237789328
60386,1.0564848743213673
60387,1.0689109844004803
60388,1.107280436187455
60389,1.0877270376430168
60390,1.0582829907582874
60391,1.083432515775997
60392,1.0971557940683216
60393,1.0696727596218598
60394,1.1142099524691447
60395,1.1175019740900745
60396,1.1103460935365475
60397,1.1399681809193194
60398,1.138271994329862
60399,1.1381960806292566
60400,1.098274746172611
60401,1.1182352818044419
60402,1.1161120429294313
60403,1.0759097494346177
60404,1.092302109005128
60405,1.123423496850084
60406,1.1301725835835823
60407,1.1781190265232415
60408,1.1345197136290495
60409,1.1218701481257525
60410,1.133998534503653
60411,1.121878559404797
60412,1.168971143220085
60413,1.1312471981973855
60414,1.131483309037228
60415,1.153177672098547
60416,1.1477412599763566
60417,1.113837061742614
60418,1.1826875812574529
60419,1.1537145793627008
60420,1.1111904312034535
60421,1.1119488173338958
60422,1.088710064739834
60423,1.1737855741893035
60424,1.0570291448383542
60425,1.114312087673726
60426,1.08981453789563
60427,1.0932628604325836
60428,1.0485930615545678
60429,1.0613108495516645
60430,1.1352080611680317
60431,1.1091139679358568
60432,1.1098991031336485
60433,1.0950403459944489
60434,1.132785070571933
60435,1.099993705425811
60436,1.1177525683663327
60437,1.1403737803110974
60438,1.113086167828714
60439,1.1255042924077692
60440,1.1149792422497482
60441,1.0692334382125266
60442,1.0797560858220638
60443,1.1113917333753807
60444,1.147537745074827
60445,1.1263872505603796
60446,1.1147044888981923
60447,1.1453404643418046
60448,1.105947083526832
60449,1.0815842180625597
60450,1.1673691752583226
60451,1.087452286725636
60452,1.0941652569784495
60453,1.1488650765940127
60454,1.0814636039561516
60455,1.1087460454630775
60456,1.0892564706111465
60457,1.0962062908961254
60458,1.0198246491669667
60459,1.1458735446541797
60460,1.135547528499086
60461,1.1104226791271294
60462,1.104921319140686
60463,1.150201859270269
60464,1.12433645887774
60465,1.1748239532006333
60466,1.1661658607030403
60467,1.140192852369094
60468,1.0873560257495847
60469,1.1606858047130397
60470,1.0866211820682359
60471,1.1288968615814385
60472,1.1328981762339154
60473,1.1301021790992534
60474,1.1051623893618407
60475,1.1478765567829954
60476,1.0847765962884341
60477,1.1491939512948097
60478,1.1062764115779256
60479,1.1155105967506718
60480,1.1003604913664522
60481,1.1084580388356409
60482,1.1044744469636685
60483,1.1172275635939595
60484,1.0783803273013508
60485,1.0991890473618438
60486,1.0667835183678367
60487,1.092433120525516
60488,1.1036318541395218
60489,1.1686108183509438
60490,1.149093787190441
60491,1.1489280453726887
60492,1.156656191204562
60493,1.095078287127813
60494,1.1711504528285168
60495,1.1653504549602685
60496,1.0743794837941985
60497,1.1111317701454553
60498,1.0886926367764644
60499,1.1272122521344259
60500,1.155203802125133
60501,1.1333393419729971
60502,1.1574015295225986
60503,1.1488129120485895
60504,1.099648844331944
60505,1.1416037753173285
60506,1.1112075349920334
60507,1.1634740463468165
60508,1.0945675144683156
60509,1.1169342418002393
60510,1.1177391546583066
60511,1.0688348641063479
60512,1.1324023514537045
60513,1.1199318867430839
60514,1.016068207426037
60515,1.1179875334080487
60516,1.1026427803839738
60517,1.1221287640263435
60518,1.1339703362604325
60519,1.1105836470927408
60520,1.1235768820829506
60521,1.1321564539477122
60522,1.1586972387091785
60523,1.106400252079176
60524,1.0853196383882808
60525,1.0984059963369048
60526,1.1256357758915039
60527,1.1309978118857924
60528,1.1429310740817202
60529,1.1088752467368215
60530,1.0978914068052024
60531,1.119236461700654
60532,1.1197026342343472
60533,1.1310487626278403
60534,1.126742102233672
60535,1.1011523724672836
60536,1.1095464171789309
60537,1.0768491606037855
60538,1.1294967652130556
60539,1.1340536869693898
60540,1.1354325141535384
60541,1.1638207404671397
60542,1.0985409517678077
60543,1.0735837851395136
60544,1.1323792163922082
60545,1.1045577274368044
60546,1.155255525906249
60547,1.1545705514366833
60548,1.1201531715216384
60549,1.1240660011050498
60550,1.1294384377492859
60551,1.207913700952643
60552,1.106313161783311
60553,1.0747144960437318
60554,1.0848444677724918
60555,1.1283785223750733
60556,1.1576765716787987
60557,1.148048693598004
60558,1.0783249530326424
60559,1.1473983055789718
60560,1.0378825980369957
60561,1.1717843523311609
60562,1.0888630591559458
60563,1.1015364052905983
60564,1.0918147710939667
60565,1.0914156281724428
60566,1.0970423061425552
60567,1.1304780017721023
60568,1.096662520718039
60569,1.1307627412380474
60570,1.1143252749516852
60571,1.0940050532302372
60572,1.1330189334179814
60573,1.099511336861774
60574,1.105243987887999
60575,1.1160921521444997
60576,1.1268754394423306
60577,1.1193256019110913
60578,1.1454411125447705
60579,1.078752736156586
60580,1.1426376737258974
60581,1.114528705796463
60582,1.0924743333329197
60583,1.1310630725195787
60584,1.0833336450144568
60585,1.1228915571718634
60586,1.1214224423217887
60587,1.1290021209243586
60588,1.1071211535339462
60589,1.1335863327577276
60590,1.0968543965648925
60591,1.1068629694879375
60592,1.1075729365524776
60593,1.124892118849013
60594,1.0931730986058223
60595,1.1290387270345477
60596,1.1519387707374473
60597,1.1089935035292935
60598,1.1489467162544909
60599,1.1171616486634794
60600,1.1426933890157316
60601,1.186209399193819
60602,1.098836536402052
60603,1.090052070072242
60604,1.0947543382854563
60605,1.1323891946155973
60606,1.1487498488357555
60607,1.1188451899089507
60608,1.0958713383629013
60609,1.1254476078068285
60610,1.0676274595260993
60611,1.1373036971052704
60612,1.133772965851952
60613,1.1361500558210822
60614,1.1219132455672765
60615,1.1100788911595818
60616,1.1329376155587971
60617,1.0817665578374895
60618,1.1156533491823848
60619,1.1364948485902526
60620,1.103562243021405
60621,1.1061273655924633
60622,1.1071538725000345
60623,1.0893126499437258
60624,1.105035079985514
60625,1.0975730703592328
60626,1.131503178204241
60627,1.0998758472136723
60628,1.1467849712734908
60629,1.0626026987080643
60630,1.165454561215425
60631,1.1166745036955683
60632,1.0649522004577814
60633,1.1030443278006585
60634,1.1276356750965781
60635,1.0957777502951296
60636,1.113186099196943
60637,1.1314619348592267
60638,1.1355583051631133
60639,1.100573257553978
60640,1.130245025871804
60641,1.127367723512254
60642,1.1419250101745724
60643,1.12026722010549
60644,1.1423353473775437
60645,1.0883573275359146
60646,1.1292927300551354
60647,1.1434228770878005
60648,1.1003113549064993
60649,1.1127992661292079
60650,1.0841746095361984
60651,1.1173027112587715
60652,1.122783789363545
60653,1.106001994331566
60654,1.1707439655812943
60655,1.1108033098289622
60656,1.0939104870170686
60657,1.0592371768801672
60658,1.10681811477916
60659,1.1358165135081364
60660,1.0661661433024978
60661,1.1439440209231257
60662,1.0879524130523635
60663,1.0568313322253522
60664,1.1315440722169974
60665,1.1134672962373198
60666,1.0973350291914383
60667,1.105108390407869
60668,1.1737731004388479
60669,1.1209785625267121
60670,1.1929828037741101
60671,1.1070242849977836
60672,1.1007802662930128
60673,1.1307292487175347
60674,1.123985290212695
60675,1.0770129702457367
60676,1.121370580025164
60677,1.1192332758217245
60678,1.106423287496022
60679,1.0700802510260008
60680,1.1207894686495077
60681,1.1384504197062293
60682,1.133520732076797
60683,1.0764640647038737
60684,1.1498086806761585
60685,1.1168862607477847
60686,1.128841629788111
60687,1.1301000436438078
60688,1.0734582007384414
60689,1.1959337972624309
60690,1.0817226816755943
60691,1.0946899056850814
60692,1.0985626974481522
60693,1.1843742257851149
60694,1.139852017039322
60695,1.145746697363693
60696,1.0881613036300495
60697,1.113129259876292
60698,1.0803245830767219
60699,1.1168012207762368
60700,1.1313779030442808
60701,1.0803130691059275
60702,1.1485224438665327
60703,1.084087937445233
60704,1.118158764911057
60705,1.1178928267648132
60706,1.1072117159372545
60707,1.1308854227888085
60708,1.0468525946209293
60709,1.0951424359768656
60710,1.0974914424320807
60711,1.1575291994650734
60712,1.1250506190866476
60713,1.1694775954340741
60714,1.1323472579964646
60715,1.1653426512880418
60716,1.093606924637981
60717,1.1272833607948256
60718,1.1571756796681893
60719,1.1049051967152257
60720,1.1219114524533051
60721,1.1186213208693119
60722,1.1356927819214535
60723,1.103861932412489
60724,1.0659102551598432
60725,1.105275300451187
60726,1.089215770686853
60727,1.101328162730004
60728,1.1588204929608783
60729,1.1363864697804593
60730,1.1279862742741336
60731,1.110509670246671
60732,1.1754771789324232
60733,1.1232986997393224
60734,1.1319672238936276
60735,1.0948589058824985
60736,1.1056129647942332
60737,1.1575839892013642
60738,1.0793761533621606
60739,1.1060800443161891
60740,1.197978210547189
60741,1.0926049014774242
60742,1.0924913968702923
60743,1.1346068574799888
60744,1.1719333883470875
60745,1.0752184305571746
60746,1.1452551727777645
60747,1.1406882269972423
60748,1.1027587632232878
60749,1.1643148258302038
60750,1.094749573163098
60751,1.1105917007617083
60752,1.140554069778133
60753,1.1182869993760982
60754,1.137638994787933
60755,1.109281503036424
60756,1.1431188632875167
60757,1.0914845702647669
60758,1.1613162943557565
60759,1.121875904367016
60760,1.1261427392127192
60761,1.0835869454306846
60762,1.1619450320059899
60763,1.1493282449787994
60764,1.1365238600886969
60765,1.0757644034506055
60766,1.1296547927299148
60767,1.0940348293149473
60768,1.1390670826817166
60769,1.0786566892617329
60770,1.111170143642815
60771,1.056603598570796
60772,1.1008077284460946
60773,1.0996358325892719
60774,1.1111544188136329
60775,1.106862597482893
60776,1.1583840780871808
60777,1.104397545761754
60778,1.1538477830120475
60779,1.1014149186158926
60780,1.1109389420561762
60781,1.1261883360958673
60782,1.1130358911347245
60783,1.1130860672089167
60784,1.1025743232048149
60785,1.1350073214698375
60786,1.0814997520971639
60787,1.1181525850714664
60788,1.1081631216243006
60789,1.1144441982826159
60790,1.1590373723919039
60791,1.1501386520917198
60792,1.0719180814830476
60793,1.0753115831988758
60794,1.15210621126029
60795,1.1314916645565027
60796,1.137418776009876
60797,1.1416902480102324
60798,1.1491220486740235
60799,1.1288057549136619
60800,1.1104617221741329
60801,1.1055543554042224
60802,1.1287688030732363
60803,1.1302295076147326
60804,1.1366414635186342
60805,1.0870881555108585
60806,1.1033289152032388
60807,1.1364531632044685
60808,1.1450706479179011
60809,1.1211689183842912
60810,1.061920589399912
60811,1.126720122974616
60812,1.047178740485116
60813,1.1717401014758118
60814,1.1503594397861499
60815,1.2218352345304693
60816,1.1211777113873906
60817,1.1214403023599535
60818,1.1308877505772683
60819,1.0592704898011558
60820,1.105105057849545
60821,1.1880543914024033
60822,1.092477267047219
60823,1.1091247944141822
60824,1.097637220129294
60825,1.1542443965881422
60826,1.131232825168205
60827,1.0810359037592085
60828,1.128212930587564
60829,1.1083942663277193
60830,1.121881581467454
60831,1.1149893650148017
60832,1.1126916597112126
60833,1.1463888791373231
60834,1.0535995758470493
60835,1.0632485582456466
60836,1.1365289144260637
60837,1.1010931096393088
60838,1.170621682704007
60839,1.1393662968912242
60840,1.138866792092954
60841,1.1283105438135443
60842,1.131385690380626
60843,1.1161919924500892
60844,1.117990270918241
60845,1.1558221434935887
60846,1.0994132965320693
60847,1.0405888647181145
60848,1.122515930699102
60849,1.1400482979553004
60850,1.132492117514694
60851,1.133551858778646
60852,1.1765570763304274
60853,1.0729384336764725
60854,1.157581399328327
60855,1.0968326047567247
60856,1.1516646532126096
60857,1.0895870434452013
60858,1.1372115982418038
60859,1.122892063905863
60860,1.056578719475826
60861,1.1433213656727004
60862,1.1063988948764651
60863,1.1430598145710291
60864,1.0803004437137305
60865,1.1017515826402884
60866,1.1021913802218766
60867,1.1057747093229342
60868,1.1400089870153103
60869,1.1516125479106827
60870,1.1277307589625805
60871,1.1058988831981231
60872,1.0951552383429977
60873,1.0998652225830452
60874,1.1484191232571004
60875,1.1107508485249182
60876,1.1327922265035246
60877,1.1368411052085459
60878,1.1175730542597648
60879,1.063486665512921
60880,1.138715995940964
60881,1.0821818929192724
60882,1.1454855664632941
60883,1.1100928294974302
60884,1.0912641697596617
60885,1.1698167074204855
60886,1.1275065504398822
60887,1.1392614563769476
60888,1.0951630452403234
60889,1.1552210153776352
60890,1.142016494092235
60891,1.100949186899748
60892,1.12025651528423
60893,1.1428219307847032
60894,1.1210624161227996
60895,1.11336147356316
60896,1.1112989233052015
60897,1.1470485696869779
60898,1.142621038669366
60899,1.1430370316310456
60900,1.1259666577221574
60901,1.0847430347005074
60902,1.1064654841955401
60903,1.0950382248846016
60904,1.116419830387615
60905,1.0987893042404
60906,1.1381176752460118
60907,1.1290904763591643
60908,1.1513086325007444
60909,1.1346922499079715
60910,1.1039326147468838
60911,1.0882950674054577
60912,1.103434201780666
60913,1.111340733014806
60914,1.1618858658301414
60915,1.0625504374962067
60916,1.1588423377619517
60917,1.0760484072683103
60918,1.1162802363455557
60919,1.0840259632282836
60920,1.1736093577051623
60921,1.14093860802657
60922,1.1027174617458302
60923,1.1536260434472676
60924,1.085816106681797
60925,1.1032721196581885
60926,1.1277050722608337
60927,1.1493796492001396
60928,1.077790957946918
60929,1.125162242669719
60930,1.1160797532447413
60931,1.1002365994920242
60932,1.1744946380389742
60933,1.07516222549523
60934,1.0451046535175836
60935,1.1031343434621652
60936,1.1110004071014377
60937,1.1053369633630072
60938,1.1084931791152413
60939,1.1302181402307607
60940,1.1544720094249423
60941,1.1286251288494378
60942,1.1310744208270498
60943,1.0977119210983364
60944,1.125037204974756
60945,1.164238943814141
60946,1.1340549669713769
60947,1.134367729015096
60948,1.1144237354861193
60949,1.134532451670564
60950,1.1721889829180734
60951,1.1485232617409773
60952,1.1886904897487467
60953,1.1621575012553467
60954,1.1376122456271824
60955,1.12907119632809
60956,1.1199945507863673
60957,1.13937475474332
60958,1.0873581030414146
60959,1.1184359894490592
60960,1.1547321040032958
60961,1.1179210602266143
60962,1.161561409374849
60963,1.1300161067940135
60964,1.1424206308699199
60965,1.0862993947031463
60966,1.0819474137263931
60967,1.1898067643297086
60968,1.1081390776252178
60969,1.1505466572744238
60970,1.119226331096862
60971,1.2029821648724064
60972,1.0907805770600094
60973,1.1622030331420394
60974,1.105927881974012
60975,1.1230250356574918
60976,1.1806527460453762
60977,1.1469939293518157
60978,1.0845151014732022
60979,1.1581030430861985
60980,1.1600387950971063
60981,1.1408587469233724
60982,1.192579309988151
60983,1.1089333172639202
60984,1.0765464057379095
60985,1.1278489430298315
60986,1.1299058421147292
60987,1.1246652275219713
60988,1.1210877498506069
60989,1.1238624710282277
60990,1.1515877550113953
60991,1.1310777900531497
60992,1.091752920535684
60993,1.1159052724141894
60994,1.1157064766567881
60995,1.1401772779322494
60996,1.1558618554537403
60997,1.1072500109585173
60998,1.110720849217645
60999,1.173861692056804
61000,1.100144697727929
61001,1.1338851827346441
61002,1.1588669246642738
61003,1.1103502054096708
61004,1.203034011305763
61005,1.1078420579576749
61006,1.1395869582813123
61007,1.0558337301528506
61008,1.111706641977155
61009,1.0987859148955252
61010,1.1406965991407667
61011,1.131010216732401
61012,1.1138289135366348
61013,1.147764933132525
61014,1.0844342695436162
61015,1.1782039846946626
61016,1.1466316607430014
61017,1.1169757939474416
61018,1.103113107507833
61019,1.101267026513032
61020,1.1000436178823505
61021,1.1036302704598164
61022,1.1171305500289634
61023,1.115471317401167
61024,1.0825639652033412
61025,1.1369362098091782
61026,1.1597178461414503
61027,1.1135844730551463
61028,1.1439778433475738
61029,1.1288195386463322
61030,1.151023444910018
61031,1.1563070437453966
61032,1.0897032234930353
61033,1.1500531802207257
61034,1.1385880970971445
61035,1.0863082296324214
61036,1.0876164353099185
61037,1.0980305498676222
61038,1.1153779990732045
61039,1.1322310815188017
61040,1.089808139736565
61041,1.1365010340082096
61042,1.1203558623287302
61043,1.1378127364128996
61044,1.159213505996358
61045,1.0798234654790335
61046,1.1896732860823798
61047,1.1146448387514802
61048,1.1399975843919776
61049,1.0702406131873343
61050,1.1581699680544824
61051,1.110977694453832
61052,1.1428105136420754
61053,1.155086420000038
61054,1.0764303784856
61055,1.1192910099083293
61056,1.1061992816297586
61057,1.1192074954069167
61058,1.1583538575152852
61059,1.1780541940264628
61060,1.1272027411787229
61061,1.1218934770426359
61062,1.0807035176144424
61063,1.1081873313348654
61064,1.10002068165069
61065,1.1331373087421133
61066,1.116704339307751
61067,1.1477425726590322
61068,1.1294055882497038
61069,1.1434382530220253
61070,1.1308748404550157
61071,1.154110506977482
61072,1.105435742174945
61073,1.1680827868214236
61074,1.208466059908339
61075,1.1024035147249234
61076,1.1108761715516564
61077,1.1334250101881116
61078,1.084296266877448
61079,1.1489931047606488
61080,1.1717702710684434
61081,1.1104699184498605
61082,1.0729248342038278
61083,1.1300151090463275
61084,1.1352821644549227
61085,1.1244711352066858
61086,1.1580822694696962
61087,1.1069226464949307
61088,1.1546170137098386
61089,1.1211876808421153
61090,1.1152808490034463
61091,1.1527132778436007
61092,1.1188273642909488
61093,1.18695489344348
61094,1.1352218094884197
61095,1.0920551848045308
61096,1.1689158786233096
61097,1.1470313027808006
61098,1.1312295466248408
61099,1.1221061735472841
61100,1.1618114829682493
61101,1.1506425263396822
61102,1.1063653782237672
61103,1.1693442444940274
61104,1.1221435928922459
61105,1.136489812853153
61106,1.1825455648294199
61107,1.0629874201829799
61108,1.0903418201440072
61109,1.1259845443076701
61110,1.1514388119650196
61111,1.194800214256622
61112,1.1627542216052331
61113,1.1214534363967503
61114,1.182751859651277
61115,1.1674641806007915
61116,1.0971753402967925
61117,1.1830258075120388
61118,1.1161105330353918
61119,1.1078787998545436
61120,1.1465468437057256
61121,1.1027078755692705
61122,1.1170442351958596
61123,1.0770036450559948
61124,1.1270508534285943
61125,1.1153373863871656
61126,1.1616229074168476
61127,1.1265459958776778
61128,1.1772534556405236
61129,1.156275121706786
61130,1.1569765381237034
61131,1.1833797868219358
61132,1.150433629597874
61133,1.0760893423276343
61134,1.1169171058421317
61135,1.1891231445724402
61136,1.1396018838815363
61137,1.1520918843324692
61138,1.1398239061229896
61139,1.1436895625968944
61140,1.122401634832693
61141,1.1194640335840893
61142,1.1088171273612257
61143,1.1661083262611365
61144,1.114829202021619
61145,1.1251994734613429
61146,1.0518460070808655
61147,1.1662840858223704
61148,1.0766392291023374
61149,1.1466467443483739
61150,1.075304720566489
61151,1.135974332700808
61152,1.1205485141061422
61153,1.113412682944247
61154,1.1432753477408293
61155,1.1325178194388552
61156,1.1528946826586692
61157,1.1061224984440623
61158,1.1290515177172906
61159,1.1557939310388634
61160,1.185465112486159
61161,1.124675696593764
61162,1.1407834146909077
61163,1.107200366020572
61164,1.1588199438525646
61165,1.1556765872970767
61166,1.142291468745101
61167,1.1601457489312816
61168,1.1334285304761202
61169,1.1074673916143745
61170,1.084144894142541
61171,1.1941103030414852
61172,1.114425037549554
61173,1.1045626329507632
61174,1.115585681154977
61175,1.1476367077440095
61176,1.148578490959149
61177,1.1277270407795197
61178,1.1451888443950993
61179,1.141654192795841
61180,1.1714863365095447
61181,1.0729477233549842
61182,1.1303093292401183
61183,1.1615640801615068
61184,1.1166641979653948
61185,1.1723950485284707
61186,1.155640909403693
61187,1.1564757907963814
61188,1.1788707185414307
61189,1.1305475898794868
61190,1.1076260251077008
61191,1.09641364014922
61192,1.1525517053266188
61193,1.067223542403917
61194,1.1585225020628613
61195,1.1381206938621165
61196,1.1754307911390505
61197,1.1911416770360113
61198,1.1388179149737467
61199,1.1128711372808104
61200,1.1400639688665317
61201,1.1741420356675671
61202,1.132273963704136
61203,1.114527744081616
61204,1.133916651396173
61205,1.117587216433678
61206,1.1023944847589267
61207,1.119192750031266
61208,1.161505778746778
61209,1.1372157917027237
61210,1.134282626476
61211,1.1438938671367285
61212,1.147712986912762
61213,1.1133529891691163
61214,1.1298709936459341
61215,1.1128380454386309
61216,1.112702945004563
61217,1.1211972104807386
61218,1.1515944891941012
61219,1.1145499163880443
61220,1.1392396971981371
61221,1.1140496380046823
61222,1.1276296949539686
61223,1.1442666006179154
61224,1.15449054792558
61225,1.1384840910887268
61226,1.1257927328101072
61227,1.1521082571795784
61228,1.1371009956614402
61229,1.0947170500094159
61230,1.1432562107036799
61231,1.1563641590314386
61232,1.1941360651458437
61233,1.120203769602621
61234,1.16992017957176
61235,1.1639817244146657
61236,1.1261504123669024
61237,1.163424380272248
61238,1.1380660874365018
61239,1.1205937507355297
61240,1.1480433010666213
61241,1.1206747923851819
61242,1.0923307800237245
61243,1.1081405309723513
61244,1.1653260760288306
61245,1.1373027957194815
61246,1.1594149409657961
61247,1.0827417721695412
61248,1.100207445194494
61249,1.149271490885048
61250,1.0392638991544216
61251,1.1111003396029704
61252,1.1702826013980774
61253,1.1593809280843412
61254,1.103436010324952
61255,1.1344397786223186
61256,1.0979477003837368
61257,1.0726262840407272
61258,1.1228497325408962
61259,1.1455361608417227
61260,1.1496729603048728
61261,1.1596466733334505
61262,1.1342507979065795
61263,1.1382854169176932
61264,1.1607341320615006
61265,1.1034490071802756
61266,1.0891872491410768
61267,1.083723440676924
61268,1.1062879017969975
61269,1.1319618501873472
61270,1.1024117963334983
61271,1.1923123426120836
61272,1.1237665085022572
61273,1.0973254777409143
61274,1.1076638943293413
61275,1.100491806069848
61276,1.136012840547713
61277,1.1175629472295094
61278,1.134854996996175
61279,1.0862796351164268
61280,1.1598879265240047
61281,1.1029634943058186
61282,1.1634999925576976
61283,1.0979704102982304
61284,1.116736306565283
61285,1.1439108398525646
61286,1.1354415620983334
61287,1.0984062511023556
61288,1.0858834591950115
61289,1.1548716292865844
61290,1.1387185082559985
61291,1.1104312629397006
61292,1.1475790950785538
61293,1.1212162832840489
61294,1.1282113223681767
61295,1.1190943653482393
61296,1.13897905635004
61297,1.1478839402849967
61298,1.1158467925697613
61299,1.118423609403508
61300,1.2073035082465755
61301,1.0936807520009857
61302,1.2156802252267982
61303,1.1465111567429573
61304,1.0670790463678022
61305,1.1234580664107139
61306,1.1743950130411467
61307,1.0924426066508308
61308,1.1393488643990182
61309,1.148806531429843
61310,1.1530782661249281
61311,1.1432084511930678
61312,1.1102846590914375
61313,1.1428020004445487
61314,1.1167516473979535
61315,1.1122832217504708
61316,1.0833543128980618
61317,1.0988162184592998
61318,1.1343157291883113
61319,1.1564992058600376
61320,1.1389365221801078
61321,1.0888202858273865
61322,1.1131813467301412
61323,1.1263556945036433
61324,1.1355602465875005
61325,1.1066806576884645
61326,1.1055895733742358
61327,1.0802243258298212
61328,1.1880248083945701
61329,1.1136590679886922
61330,1.1030198946174667
61331,1.1536275594604914
61332,1.0830658303282141
61333,1.1304573084904739
61334,1.1361824646411038
61335,1.0770974071069284
61336,1.1376700379227231
61337,1.1352875333724906
61338,1.1671296994529916
61339,1.1164876617105695
61340,1.0862050883606964
61341,1.11773367249525
61342,1.133885016756228
61343,1.1940500344676255
61344,1.0968313866037644
61345,1.173341403393462
61346,1.1133379908436085
61347,1.1747531518867413
61348,1.1429524840395677
61349,1.118705078454302
61350,1.1982992310963898
61351,1.1420004091811256
61352,1.1181117672402243
61353,1.142674383460454
61354,1.1260524347886915
61355,1.1715179570565526
61356,1.1471836707387177
61357,1.1414178040661758
61358,1.166011052815852
61359,1.1293466206993548
61360,1.1704343828208577
61361,1.1005354666297893
61362,1.1546153633190346
61363,1.1241642662080094
61364,1.1394770286058271
61365,1.1230149098146895
61366,1.123417015171383
61367,1.1093474427891015
61368,1.1204921843553173
61369,1.1631559116652268
61370,1.130088926915485
61371,1.0841642001451386
61372,1.1847205083879613
61373,1.159888263826321
61374,1.1606076760534685
61375,1.0843419626426822
61376,1.1838336540201726
61377,1.1139583051722062
61378,1.1642550900554118
61379,1.1337495914514324
61380,1.1440256735090086
61381,1.1295364836125386
61382,1.152471062156833
61383,1.162010736932464
61384,1.1248783599028809
61385,1.095987507979145
61386,1.0974265592629646
61387,1.124425076997617
61388,1.1099685300680089
61389,1.1904333294313578
61390,1.1346978835827282
61391,1.0948323125422903
61392,1.142085278189081
61393,1.1149227861351647
61394,1.1614532112549205
61395,1.090041560009317
61396,1.1194760626292188
61397,1.0756538298047023
61398,1.089983596991258
61399,1.1279043106484214
61400,1.1136660259316662
61401,1.1425854397829505
61402,1.1477769430422347
61403,1.1434521021476847
61404,1.1529285642501412
61405,1.118681111154288
61406,1.1654542105531294
61407,1.126856778450833
61408,1.183822997251275
61409,1.1099350515121167
61410,1.108381071492103
61411,1.087906331457499
61412,1.1576076542974967
61413,1.1347281724094034
61414,1.1317717309694966
61415,1.0956703014357585
61416,1.1183515778425885
61417,1.1538056429823988
61418,1.117451133112904
61419,1.1342863668943577
61420,1.1293943891272038
61421,1.0998664146198833
61422,1.1638609387900967
61423,1.0902678717252285
61424,1.1584508686413713
61425,1.135482311087772
61426,1.1417410791160671
61427,1.1151154718245213
61428,1.1378514383607168
61429,1.1070611771933212
61430,1.1072226020156029
61431,1.1147050487737515
61432,1.1101891603364349
61433,1.1105205849517936
61434,1.095499133759366
61435,1.1307647691038287
61436,1.0466772963279587
61437,1.1397141762501395
61438,1.1344507338504324
61439,1.093859239955758
61440,1.16987220263211
61441,1.1261668010966965
61442,1.1498429531586891
61443,1.1065754080165588
61444,1.1328325988769898
61445,1.1479458040063535
61446,1.1497781695183515
61447,1.1343847067593746
61448,1.1228189226217655
61449,1.1418519606008295
61450,1.0974827398470846
61451,1.0812505594207649
61452,1.1181338272465848
61453,1.1543295196243473
61454,1.215891668553183
61455,1.1376798393213614
61456,1.1183463101996214
61457,1.130995966510493
61458,1.084238419385087
61459,1.06490326953481
61460,1.1521757560610522
61461,1.1144215789028509
61462,1.1439016390306878
61463,1.147420874569833
61464,1.1202543483008052
61465,1.141384814958892
61466,1.1454759947619637
61467,1.114922979614611
61468,1.0977385716166503
61469,1.14482942512191
61470,1.1414538394588556
61471,1.1660581514765713
61472,1.09590873392994
61473,1.1251208849245482
61474,1.1260086162995375
61475,1.080495333311659
61476,1.1522772163216113
61477,1.1130871407782956
61478,1.081178741871418
61479,1.137584333965494
61480,1.077679252096925
61481,1.1888940023719756
61482,1.1522536704135775
61483,1.1528655331805342
61484,1.1111022265168893
61485,1.1335058221187915
61486,1.0960671492882472
61487,1.132283560255109
61488,1.1112987323139611
61489,1.1017023376523558
61490,1.0959126874098652
61491,1.1459143892533445
61492,1.1616055054355983
61493,1.1561482360171438
61494,1.1186259607962277
61495,1.1200996868081847
61496,1.118397922849659
61497,1.1771192718693306
61498,1.16060089812594
61499,1.1151657505130452
61500,1.1353082118933564
61501,1.085426349518934
61502,1.1393490650841986
61503,1.124902737639271
61504,1.1064272733759446
61505,1.1170773173332953
61506,1.1700636998859635
61507,1.1798677408274563
61508,1.1310972001241937
61509,1.1578321294864606
61510,1.1093836847363763
61511,1.1566582603187858
61512,1.1206417842776981
61513,1.1388529079997314
61514,1.079586586402266
61515,1.1662638598807546
61516,1.0559960304709475
61517,1.0935387398892642
61518,1.163497400788172
61519,1.1478521550686802
61520,1.134345932967553
61521,1.173725266761262
61522,1.1634389777008025
61523,1.0956219258960562
61524,1.1416737845559701
61525,1.1366297441764852
61526,1.12818708917326
61527,1.1421373592922444
61528,1.176712600646598
61529,1.1495343148146369
61530,1.1562216161201075
61531,1.1258842650125114
61532,1.110186324528812
61533,1.0940192631000443
61534,1.101962810043367
61535,1.1145759430869138
61536,1.09746281643475
61537,1.1570779677002814
61538,1.0909209841386402
61539,1.172834230046283
61540,1.1312345682939502
61541,1.14806721820584
61542,1.0850599363505367
61543,1.1174056309504476
61544,1.120857132479487
61545,1.1247032317595682
61546,1.1983191037091492
61547,1.1536599305295565
61548,1.086610429909363
61549,1.129386608215019
61550,1.1490003483438023
61551,1.0984436680029293
61552,1.1481534179360602
61553,1.120410599793165
61554,1.1190811500922417
61555,1.213746712807426
61556,1.1096529933607635
61557,1.1212320850268171
61558,1.1425990741542482
61559,1.105093383551953
61560,1.1785480428708324
61561,1.08275355147181
61562,1.0571127319447897
61563,1.0261426819702772
61564,1.1207100253598368
61565,1.1810991199324468
61566,1.1195624360613272
61567,1.157959938943869
61568,1.114320089301231
61569,1.1173233117161496
61570,1.1460940055776547
61571,1.1686003517429386
61572,1.1847736699328184
61573,1.1327651561545686
61574,1.0834705617347582
61575,1.1348693456859604
61576,1.063235519786171
61577,1.1522792200945733
61578,1.1309916798656101
61579,1.1265920543675063
61580,1.1201219597174852
61581,1.1864774456115328
61582,1.0847581566226305
61583,1.1152413700459896
61584,1.1498507036054761
61585,1.1346609286645326
61586,1.1576972781035482
61587,1.1259313980761605
61588,1.1611896286229624
61589,1.119597611517644
61590,1.1000948890027449
61591,1.0830521894289995
61592,1.122054977731673
61593,1.137041988561365
61594,1.1812539854092372
61595,1.1809429590543756
61596,1.185207369018997
61597,1.1215981188157602
61598,1.1348147326391675
61599,1.113715273017608
61600,1.105175804623283
61601,1.159392498368493
61602,1.1132703428538138
61603,1.2049974982956695
61604,1.1169155403599693
61605,1.1904663290982178
61606,1.1341211414649652
61607,1.1180897545702875
61608,1.1001306255701047
61609,1.1292802481615107
61610,1.1064746010875115
61611,1.133804828882211
61612,1.1274529571906493
61613,1.167640989797844
61614,1.0890993115457852
61615,1.1081976570031764
61616,1.1298421528471372
61617,1.1348932374267744
61618,1.0632371979747328
61619,1.1538051453429239
61620,1.1548204483727065
61621,1.1674269732668672
61622,1.0619234187000868
61623,1.1155556508353335
61624,1.168633543629157
61625,1.1440991443557484
61626,1.0928349431728226
61627,1.1771972170826395
61628,1.1777812509475172
61629,1.1095991703205594
61630,1.104543662975301
61631,1.1422385428027053
61632,1.13779672879335
61633,1.1543045674375807
61634,1.1648968496494259
61635,1.1915184457820216
61636,1.1631814584899398
61637,1.1397881904731832
61638,1.1025461522179538
61639,1.142210443533626
61640,1.087611600698461
61641,1.1662067306516202
61642,1.1015710258047113
61643,1.1648182365868138
61644,1.1105342775514178
61645,1.1285736895662573
61646,1.137822116692606
61647,1.0800762275121962
61648,1.1404193799823432
61649,1.1143660657315733
61650,1.184981458907856
61651,1.1352518030448833
61652,1.0975103385266483
61653,1.1740108147402966
61654,1.1260067066293489
61655,1.141892427848626
61656,1.0905059665287316
61657,1.1308307763404015
61658,1.0943663636917267
61659,1.1124229359250255
61660,1.147902758408958
61661,1.1517742449027248
61662,1.1011754325097316
61663,1.0851356571157322
61664,1.1003152452403724
61665,1.1876688498399963
61666,1.142321922954717
61667,1.147238505078882
61668,1.1274253605556475
61669,1.0873966060007678
61670,1.0927122167694545
61671,1.122233988896973
61672,1.1145735709613227
61673,1.1414995323421022
61674,1.0968558220443743
61675,1.1891017923601548
61676,1.1447338408938823
61677,1.1071539663306869
61678,1.0988152244695815
61679,1.1860222278076389
61680,1.134374914431584
61681,1.1276535388189282
61682,1.1548955587766603
61683,1.1386239457124474
61684,1.13456090261169
61685,1.0955969731423096
61686,1.1219825764915283
61687,1.160786635517526
61688,1.1396113208438994
61689,1.1297642247651256
61690,1.1263730598354207
61691,1.1627775670942915
61692,1.1165980060703677
61693,1.135596208272256
61694,1.1087559951910826
61695,1.1085531674866784
61696,1.1222557227311742
61697,1.1479455613208733
61698,1.1922633531572997
61699,1.1338671980211814
61700,1.088166749336329
61701,1.130927076618892
61702,1.1216281038268312
61703,1.18455847194067
61704,1.1273412245188106
61705,1.168622709989853
61706,1.164453194817841
61707,1.1055785691836857
61708,1.0881199951520943
61709,1.1544190340490623
61710,1.1515046133871283
61711,1.136374687208247
61712,1.1227483932997542
61713,1.131164101759197
61714,1.1033111648156262
61715,1.1263178761342623
61716,1.1178787509320711
61717,1.0668744190113002
61718,1.1121783113403167
61719,1.1235237994116638
61720,1.0964298540349624
61721,1.1458128551866331
61722,1.1517006653430304
61723,1.166554573976655
61724,1.124379062544971
61725,1.1122637040486483
61726,1.1329907774168382
61727,1.1546008516262072
61728,1.1248452440996248
61729,1.1873888617195274
61730,1.1144426804518546
61731,1.1136395019741416
61732,1.0927666427090927
61733,1.1368337958165442
61734,1.0742716694241317
61735,1.0887945871226103
61736,1.1351647144492958
61737,1.107495385833225
61738,1.15123197818653
61739,1.2010391254499206
61740,1.140330652169431
61741,1.169933411014327
61742,1.1612051363940923
61743,1.18349299550945
61744,1.088244157261966
61745,1.120653631775571
61746,1.1017636213149773
61747,1.1094621680660754
61748,1.0947207473940899
61749,1.1351614952126863
61750,1.1108920616698896
61751,1.1108607839934108
61752,1.1652077206177218
61753,1.1331130611446762
61754,1.1485467326124152
61755,1.1962004352418727
61756,1.1023818034528006
61757,1.1431708663447993
61758,1.1117853719247845
61759,1.1239667466206475
61760,1.1285313065059548
61761,1.1752904514682436
61762,1.0791826534232054
61763,1.1597729010263154
61764,1.1378689366333088
61765,1.1788882545800319
61766,1.1605477913384434
61767,1.1356104098780526
61768,1.144259277135252
61769,1.1584181948562995
61770,1.1509736056706887
61771,1.1667880834477742
61772,1.1553754642758045
61773,1.1343122636354523
61774,1.116617835933593
61775,1.1173609347465263
61776,1.098954498083857
61777,1.1671866225557002
61778,1.1333854092650224
61779,1.152559675780789
61780,1.1131913490215408
61781,1.1549717152292642
61782,1.140177756189603
61783,1.1287564841300082
61784,1.1284760650655645
61785,1.1225776524341045
61786,1.1152587919616876
61787,1.1960843678050657
61788,1.1505796297233553
61789,1.1930647208755798
61790,1.094513040004523
61791,1.120679012023332
61792,1.1040347156000079
61793,1.1247946030299318
61794,1.1245327150242646
61795,1.1240919922340857
61796,1.1708892179915187
61797,1.1180697467235639
61798,1.1542948515787148
61799,1.1708691106671913
61800,1.14725630248199
61801,1.1834698654689875
61802,1.1260346323471495
61803,1.1210794479181307
61804,1.1621770396318645
61805,1.1360334756429948
61806,1.1253525234081103
61807,1.1490434928678583
61808,1.1385307464443348
61809,1.1159098462465802
61810,1.1341662171471592
61811,1.1341875827527934
61812,1.1037578383883642
61813,1.1505913884013697
61814,1.113139890920361
61815,1.1160205777436578
61816,1.1156404824745458
61817,1.1078093138837026
61818,1.1182857904321957
61819,1.124077858696823
61820,1.1753482644350581
61821,1.0908665210444215
61822,1.1637278711548686
61823,1.054008463740439
61824,1.0945486764651147
61825,1.11674248625338
61826,1.159691500571431
61827,1.1423844714297382
61828,1.1610810927953223
61829,1.132090931635179
61830,1.142124114606536
61831,1.1343523607733594
61832,1.1546095546148778
61833,1.1663369784132185
61834,1.0985815257943556
61835,1.1104625187097006
61836,1.1278904493894748
61837,1.1376064071432723
61838,1.142714416978261
61839,1.1264247751714787
61840,1.1161136549379982
61841,1.181307684585097
61842,1.110326396237821
61843,1.1101945677744647
61844,1.1286559981391473
61845,1.1614591418011782
61846,1.1595836373930337
61847,1.1376145889636362
61848,1.131244444907976
61849,1.167564773509074
61850,1.1323591105088895
61851,1.16629595691694
61852,1.1333024839347836
61853,1.170387159803419
61854,1.090785451184049
61855,1.2138508386219733
61856,1.1430284691450574
61857,1.1630847747675725
61858,1.0902795837950114
61859,1.1397449178729477
61860,1.159250959070984
61861,1.0943405366097736
61862,1.1112489524445297
61863,1.1192226664506753
61864,1.1245017348309447
61865,1.1344981553319002
61866,1.1504708364473657
61867,1.1262631319204255
61868,1.1639760442674993
61869,1.1582684230683247
61870,1.1670587797366632
61871,1.099686747516329
61872,1.1716579849284754
61873,1.1443359408734703
61874,1.1204346277803399
61875,1.2034009028546422
61876,1.1483183804771777
61877,1.1686225616914079
61878,1.137568927984039
61879,1.217315724602313
61880,1.1372653392646388
61881,1.1305712364719196
61882,1.1152068504513843
61883,1.1189053198274324
61884,1.1346657396051125
61885,1.1298759216566907
61886,1.1383450589615396
61887,1.109015414497338
61888,1.1265633067133074
61889,1.149710978301325
61890,1.1397625242321079
61891,1.1297080890727342
61892,1.1690283084515822
61893,1.1073205549320762
61894,1.1282553885519557
61895,1.1873198592792888
61896,1.106865913460126
61897,1.1477822223459777
61898,1.1771342296806588
61899,1.1923419652775762
61900,1.130459670552732
61901,1.1664639631991907
61902,1.1389379069730872
61903,1.1192312309908672
61904,1.1604424775516835
61905,1.1582754953482282
61906,1.1553995419275789
61907,1.1041020361877796
61908,1.1336427146814512
61909,1.1349899410554083
61910,1.0932263776392788
61911,1.0919702345655857
61912,1.1163068500475475
61913,1.1877592091683984
61914,1.1210389566520655
61915,1.0794966597695528
61916,1.1887812586932236
61917,1.1010724787529584
61918,1.1342075395977829
61919,1.1183168095218947
61920,1.1088697888626786
61921,1.1088748472241627
61922,1.172029604944369
61923,1.1266448583772275
61924,1.1031987165151598
61925,1.1538526927682555
61926,1.1399891249174974
61927,1.1629751326874749
61928,1.1177510007842142
61929,1.1304879569825876
61930,1.09844290995177
61931,1.1094739659102595
61932,1.0888740326085042
61933,1.085026725826471
61934,1.144735841514261
61935,1.1597923545886222
61936,1.085057382372907
61937,1.1375496077163587
61938,1.0838514956411354
61939,1.1768648163663455
61940,1.0879763642065832
61941,1.173021672464752
61942,1.1387955042190294
61943,1.1492241843370892
61944,1.1550241513078787
61945,1.1353479493513194
61946,1.0898530256177799
61947,1.1274882921953
61948,1.1118542077644344
61949,1.127848338104626
61950,1.1249341683573413
61951,1.1572061188856855
61952,1.2158610795267495
61953,1.1283207009016898
61954,1.1202992313480755
61955,1.0468414453599293
61956,1.0989717275149922
61957,1.1173575609162643
61958,1.1634917203031552
61959,1.1299449573490183
61960,1.132618332322807
61961,1.1278077349265678
61962,1.1665548409212878
61963,1.133510270915671
61964,1.1402314724529123
61965,1.0902688298891745
61966,1.072515972040696
61967,1.1300477824123787
61968,1.1358988412832876
61969,1.1033267388676862
61970,1.141459114974388
61971,1.082341521472086
61972,1.144957815936159
61973,1.0934971963926046
61974,1.1748906180804273
61975,1.1413997589893043
61976,1.1373889189651425
61977,1.136747041485404
61978,1.1494879770046744
61979,1.1664901837149546
61980,1.0905943711207016
61981,1.1340735413467131
61982,1.1411550560349417
61983,1.1503428769408284
61984,1.1400124431193077
61985,1.161652461160407
61986,1.1365886789310482
61987,1.1780128976759563
61988,1.1352102795768368
61989,1.1402231155538094
61990,1.165162195876345
61991,1.2075520452968354
61992,1.1553942248093914
61993,1.1383861398239805
61994,1.1529229999501793
61995,1.1585735689787193
61996,1.0474150047053565
61997,1.1286785977961846
61998,1.0982178127297282
61999,1.1274582747147015
62000,1.1232238609688179
62001,1.0933938519510795
62002,1.1509774578784022
62003,1.0910332458387706
62004,1.1301831605980157
62005,1.1125420477242922
62006,1.1477865837509804
62007,1.1149796150166666
62008,1.1507094949471977
62009,1.1825057091159585
62010,1.165611971633613
62011,1.147843130396385
62012,1.0877202029440058
62013,1.1542096178651227
62014,1.15308253198516
62015,1.166304207818498
62016,1.1679429489635822
62017,1.1233359841990431
62018,1.1476081556325741
62019,1.1761843993385528
62020,1.1504997390219476
62021,1.1180864168846085
62022,1.1239236629120284
62023,1.1212266200245042
62024,1.2047212681902884
62025,1.1550940756943744
62026,1.1424618201094126
62027,1.163541409863289
62028,1.0891393696132092
62029,1.1089836731152758
62030,1.1605658109691253
62031,1.1503746777916302
62032,1.097296135649556
62033,1.1477317900701827
62034,1.1814178664833854
62035,1.1465901556851135
62036,1.1220815246272073
62037,1.1748749235776648
62038,1.1758248203788175
62039,1.141126899252197
62040,1.1410391563675393
62041,1.1266435777436357
62042,1.1454666124891841
62043,1.1377827455949456
62044,1.133424670256128
62045,1.0807134414779727
62046,1.119005350590708
62047,1.1079782378295926
62048,1.130855818967335
62049,1.163506600826922
62050,1.1507344951984382
62051,1.1683344748961444
62052,1.1300987062921097
62053,1.1430989783326753
62054,1.1525126516732367
62055,1.143233272262209
62056,1.083371467132115
62057,1.128026173177651
62058,1.1696692400660889
62059,1.122730350250407
62060,1.0963177854986865
62061,1.0547724225447908
62062,1.2034443260025303
62063,1.1226162035419922
62064,1.1408320126495761
62065,1.1807687466831542
62066,1.1282256760602336
62067,1.1276744617042749
62068,1.1360660320598697
62069,1.1304663958231838
62070,1.1507714509111862
62071,1.117790250033072
62072,1.088320724293219
62073,1.127562511869829
62074,1.1839205039526515
62075,1.1354738706900775
62076,1.1450106306073817
62077,1.1386377710014968
62078,1.1405277494589976
62079,1.157130561812868
62080,1.1133984282805702
62081,1.1192994886950833
62082,1.1915147646237858
62083,1.1445942913563454
62084,1.0969320278111787
62085,1.1389586174694468
62086,1.1647694454180668
62087,1.0741724303095208
62088,1.1284831922114371
62089,1.0997633152863486
62090,1.1562343458097868
62091,1.1787107390631408
62092,1.1357188562657783
62093,1.1140593578878686
62094,1.1570528660804964
62095,1.1446239485580867
62096,1.094276103594864
62097,1.1413051837312191
62098,1.1213628470634147
62099,1.2091639504555183
62100,1.1666352181464206
62101,1.1466808329561096
62102,1.1115122027271056
62103,1.1324315844459647
62104,1.1759424029634515
62105,1.0857213903908083
62106,1.1590818465935548
62107,1.1462618664531161
62108,1.1319813190199637
62109,1.1729381376257755
62110,1.0587356144397508
62111,1.125683206099022
62112,1.1851785222356062
62113,1.1779312761496687
62114,1.1530772101279976
62115,1.1404536459369332
62116,1.161712697006663
62117,1.1050628218012053
62118,1.1246585208391355
62119,1.1631222035959043
62120,1.0996430410586437
62121,1.199761038602006
62122,1.0994148543612126
62123,1.136128510019382
62124,1.1595137374017708
62125,1.138110067823879
62126,1.0919609069163587
62127,1.1520287564281162
62128,1.1449425168917864
62129,1.1562464973841482
62130,1.178318419180406
62131,1.146182056168802
62132,1.119347666983736
62133,1.1256522435436813
62134,1.1161357036543385
62135,1.1239735357405345
62136,1.1594157608121811
62137,1.129016960698641
62138,1.13470875453163
62139,1.19597320108168
62140,1.1624492271519924
62141,1.1487195580490281
62142,1.1209204379058986
62143,1.1297712381893499
62144,1.1322132143620585
62145,1.0943974439840372
62146,1.1614974253291872
62147,1.14896598461772
62148,1.175738946342613
62149,1.1221635253922333
62150,1.1731390956837113
62151,1.2019181682477142
62152,1.098250238046054
62153,1.1841863155533001
62154,1.1718439094487594
62155,1.1487175509932195
62156,1.1330193005573401
62157,1.0857378546815053
62158,1.1292874022191508
62159,1.082124219789258
62160,1.1277106250710929
62161,1.1416378218551648
62162,1.158562644474439
62163,1.1437702650054942
62164,1.1156431526811412
62165,1.1287885616287023
62166,1.1733404688029345
62167,1.1436207476880256
62168,1.1348305521235638
62169,1.1470539617212878
62170,1.1430839551603864
62171,1.1426005708892473
62172,1.1625768833121863
62173,1.1432120967513972
62174,1.1681851449749423
62175,1.1297787070879672
62176,1.1314068151406182
62177,1.1073917830173525
62178,1.123036054098998
62179,1.1708134850622625
62180,1.1524271196909628
62181,1.172589372199457
62182,1.0655276608423707
62183,1.143527477351702
62184,1.1799847116510813
62185,1.1619308544796043
62186,1.132934562263017
62187,1.1466442813491418
62188,1.122307087649226
62189,1.1864193903558795
62190,1.1020047775279325
62191,1.1533076848886128
62192,1.1258261382586534
62193,1.1163402056926344
62194,1.1282691187823453
62195,1.1904842457694342
62196,1.136629055332186
62197,1.188112459964668
62198,1.122982250109479
62199,1.1126939629456707
62200,1.1020061824961236
62201,1.1934444263045738
62202,1.1683770509118248
62203,1.1267215219632662
62204,1.1825111254995773
62205,1.1126790534366298
62206,1.1553995418343426
62207,1.0860860905842324
62208,1.1241280800274676
62209,1.1226722243792404
62210,1.099502531374314
62211,1.1102852390038362
62212,1.1505936765093132
62213,1.138552109107987
62214,1.1576850519008897
62215,1.172713087744201
62216,1.0937998132928612
62217,1.1533430765853145
62218,1.197764027558868
62219,1.136975291679758
62220,1.1434577082603379
62221,1.1531393669113732
62222,1.1806009599152723
62223,1.1760877444979372
62224,1.152582264560508
62225,1.1424052309767851
62226,1.0915956923599024
62227,1.1369187765993922
62228,1.149134569750791
62229,1.1435362556606974
62230,1.1063764132749923
62231,1.1124700919332557
62232,1.1450770707063667
62233,1.1851125228766564
62234,1.1398883492206642
62235,1.1106220880391744
62236,1.1532048706738796
62237,1.140243444091207
62238,1.133033958726154
62239,1.1439684336674147
62240,1.1256135274926853
62241,1.1602833764650025
62242,1.1095385758232146
62243,1.1113735138492686
62244,1.1482926989711424
62245,1.175121517586674
62246,1.1343354974224102
62247,1.1480552268341566
62248,1.146208340169424
62249,1.120076787242337
62250,1.0813494589413983
62251,1.1675978239524436
62252,1.1263432308886998
62253,1.1553277121265286
62254,1.1678144957467442
62255,1.1101592679377468
62256,1.1724217012750966
62257,1.146020393110504
62258,1.1547493574907868
62259,1.1994376835698188
62260,1.1082085469063527
62261,1.1632753305452161
62262,1.1442089586947175
62263,1.139318143304938
62264,1.1311137203212067
62265,1.1323686004106646
62266,1.1430274022237117
62267,1.1888045766418642
62268,1.1625002688407247
62269,1.1754093473300826
62270,1.172805752453978
62271,1.1938742872836159
62272,1.132278498560861
62273,1.1649128649586744
62274,1.1326421809527845
62275,1.2005750957541643
62276,1.1021487875894935
62277,1.1009287373374883
62278,1.1350698899178728
62279,1.1324245585181814
62280,1.1334244886873333
62281,1.1308694744005037
62282,1.1829796142100644
62283,1.1608457674834196
62284,1.1369488565961925
62285,1.1507763354025682
62286,1.1061407706029014
62287,1.12320868073425
62288,1.1074015021846646
62289,1.1457151578317561
62290,1.1600438547821208
62291,1.1524467678070764
62292,1.1585922686704675
62293,1.1793498506638134
62294,1.1200558116565964
62295,1.157272116078206
62296,1.1173996225638392
62297,1.1862653555023606
62298,1.1197864780636908
62299,1.1280904358409936
62300,1.155640814406728
62301,1.155573593786363
62302,1.1494410350996744
62303,1.114913496623167
62304,1.1318878368014103
62305,1.1474766494510755
62306,1.1506542647575257
62307,1.1606867857543768
62308,1.1489539803136448
62309,1.1016384105017267
62310,1.1084476322319796
62311,1.1107033285622425
62312,1.163461614074883
62313,1.1421266758847057
62314,1.1243072181914608
62315,1.119567643994248
62316,1.1236765757215905
62317,1.1726616866564121
62318,1.1229135678763174
62319,1.159358813541863
62320,1.1903799096500731
62321,1.1218669011576954
62322,1.1646084687456073
62323,1.1720778645613545
62324,1.1371458113588813
62325,1.1370628963728064
62326,1.1822806465937337
62327,1.146698952032394
62328,1.1239211028832943
62329,1.0895682264423607
62330,1.1011380343419443
62331,1.1500680035634132
62332,1.1363500250105523
62333,1.1133213836613027
62334,1.1581228958702785
62335,1.166178929803293
62336,1.1193912635657557
62337,1.1658869594303223
62338,1.1448471852301234
62339,1.1700369445138437
62340,1.1128957760480862
62341,1.1462569423953055
62342,1.1363737506107896
62343,1.121732424044921
62344,1.197783670171924
62345,1.0943424904783783
62346,1.1372284496183758
62347,1.1731164502025146
62348,1.159492094636209
62349,1.2048205390085271
62350,1.1612095697648797
62351,1.1650574787018237
62352,1.090103635739594
62353,1.0749404206899973
62354,1.1805168039877274
62355,1.1407779323673488
62356,1.1386262371756841
62357,1.130925086071927
62358,1.1459573420421867
62359,1.1023285117758534
62360,1.1005956075027374
62361,1.1935497918291185
62362,1.1485126409987911
62363,1.1097506028936786
62364,1.15481917473411
62365,1.1293519237524532
62366,1.1732785477243723
62367,1.1502508460041632
62368,1.1427471412361156
62369,1.1351211724943084
62370,1.1884559898864446
62371,1.1097039987409285
62372,1.1427410827506026
62373,1.1465495922886808
62374,1.1731982485927248
62375,1.136126735854512
62376,1.156333876514131
62377,1.1528266316622178
62378,1.1737715498364185
62379,1.1711774949757958
62380,1.1224522431298531
62381,1.1248994607177243
62382,1.1306698325359337
62383,1.1065596631198866
62384,1.1759762461411676
62385,1.1832883927248012
62386,1.150780895224286
62387,1.1831207597893159
62388,1.1260541856271538
62389,1.152518171106489
62390,1.1120373917830897
62391,1.1539062375071947
62392,1.091477570079486
62393,1.1136162451369347
62394,1.1404282160470385
62395,1.1288004693078524
62396,1.1314846728291776
62397,1.1323885980211144
62398,1.1331189266737103
62399,1.1484747857622568
62400,1.1787196743571766
62401,1.1221296876958273
62402,1.138237595283305
62403,1.1282143635665949
62404,1.1413094752721231
62405,1.1286695957081827
62406,1.1180167372571703
62407,1.105660524809914
62408,1.1034774806540077
62409,1.1705070060792901
62410,1.1504554468739776
62411,1.1323322025570202
62412,1.1997884019405471
62413,1.1359794727873778
62414,1.1651290190562467
62415,1.1409044173608427
62416,1.1972278276858608
62417,1.1413132932973635
62418,1.150714459372222
62419,1.16381269835292
62420,1.1184445845851194
62421,1.1592616363946802
62422,1.1908105167244758
62423,1.1288902346205512
62424,1.1642152410457085
62425,1.1712458223866258
62426,1.213269838134896
62427,1.1698180470473898
62428,1.1735550678727475
62429,1.127762451295517
62430,1.1536197950658584
62431,1.1743302507570514
62432,1.159371557358428
62433,1.1507934648188791
62434,1.151969914663435
62435,1.1729766285444747
62436,1.1324161293817665
62437,1.1432396111246859
62438,1.2022798522077056
62439,1.138876081366501
62440,1.124903275388075
62441,1.2097712644279568
62442,1.1536975464056516
62443,1.0912481099416336
62444,1.1449153793489277
62445,1.1911683503800488
62446,1.1516178719362682
62447,1.1037590114779778
62448,1.1571298901911753
62449,1.161737993736587
62450,1.0978361685993467
62451,1.1094690500034734
62452,1.13996149756608
62453,1.1352158891112354
62454,1.1660758690207895
62455,1.0958819484821145
62456,1.1758857904073903
62457,1.1309478216734346
62458,1.1705418183029042
62459,1.1643940667122092
62460,1.1627448405889864
62461,1.154967728312407
62462,1.1088984696693063
62463,1.132269324341725
62464,1.1017378101946909
62465,1.1508299704712879
62466,1.1252960926351088
62467,1.164770712910771
62468,1.1703333086900112
62469,1.1711486063906646
62470,1.1460617567093005
62471,1.1486354278012023
62472,1.111383305869923
62473,1.139764089195205
62474,1.1881082297309484
62475,1.165579370807484
62476,1.1530489232112222
62477,1.0949485274109172
62478,1.1255285956570567
62479,1.1545919866000536
62480,1.145905358632532
62481,1.13415364721542
62482,1.175976754880595
62483,1.1665328250152351
62484,1.1492293945910124
62485,1.1632626959893093
62486,1.1280370844564482
62487,1.1264453166422994
62488,1.1878931460183093
62489,1.166802015887998
62490,1.138524074866092
62491,1.2208737201956128
62492,1.1610045856725832
62493,1.162458610177714
62494,1.121932376978359
62495,1.1756510638611533
62496,1.1236279914159426
62497,1.105062364239013
62498,1.156048629411518
62499,1.1214574929786951
62500,1.1484178243107586
62501,1.1704809523646633
62502,1.171562392824213
62503,1.1412070806280699
62504,1.1857304590629736
62505,1.138285475039826
62506,1.1683885052533753
62507,1.15916849123763
62508,1.1258138686072539
62509,1.0974978338247587
62510,1.1200404361525895
62511,1.0873079005986832
62512,1.1770271285508211
62513,1.1088167582026658
62514,1.1968724010943914
62515,1.1326107934629552
62516,1.1219279075420125
62517,1.1869399286183082
62518,1.1417590762503529
62519,1.1475276451102572
62520,1.1761309847688768
62521,1.1910317856967971
62522,1.1400068527899785
62523,1.1629825169381778
62524,1.1723502817706897
62525,1.1185140941362135
62526,1.1642568236288788
62527,1.144485528169102
62528,1.1308400349523098
62529,1.1674795331154249
62530,1.160173080813619
62531,1.1202227517918957
62532,1.1372692647566365
62533,1.1627389209141712
62534,1.127907495717893
62535,1.145001404122679
62536,1.165953096007517
62537,1.1144031471670073
62538,1.1829623530290563
62539,1.1100691478687885
62540,1.152877420421139
62541,1.1854818352679095
62542,1.1139247365655354
62543,1.1409931836544864
62544,1.1344864558057015
62545,1.1345014771290607
62546,1.1223109807507619
62547,1.1232907215445367
62548,1.1690355604619218
62549,1.1504562311473223
62550,1.1012259804897944
62551,1.1180595099213475
62552,1.1802071416430135
62553,1.1735764705989904
62554,1.2199826792972717
62555,1.167086686114414
62556,1.1685641517543615
62557,1.163236066291602
62558,1.130062847516269
62559,1.1418682314138375
62560,1.193262461634474
62561,1.1341489895243724
62562,1.158252874170915
62563,1.11089487404193
62564,1.1455066179295967
62565,1.159561247127832
62566,1.1598019381614644
62567,1.1959867156781243
62568,1.1858462550380775
62569,1.1092817177816963
62570,1.159765407339539
62571,1.1618536543091715
62572,1.1171241376672094
62573,1.1538607196047852
62574,1.1400221206757077
62575,1.1429934392980858
62576,1.156821482131868
62577,1.1192400538193605
62578,1.12150558227122
62579,1.1881784000451758
62580,1.1625032288772952
62581,1.1286518279362663
62582,1.1237855386703948
62583,1.1580121698144588
62584,1.1323776753357557
62585,1.1921609036259013
62586,1.1753832284342816
62587,1.1588123896878793
62588,1.1598228869280438
62589,1.0998075620420764
62590,1.1121845728263158
62591,1.1811313346594878
62592,1.1462174587600293
62593,1.1809814983626612
62594,1.1353720188561849
62595,1.124869541991211
62596,1.1774237678543023
62597,1.1641940262055785
62598,1.1446220355464778
62599,1.1381270590652766
62600,1.172123050544568
62601,1.176620368767417
62602,1.1316208821043936
62603,1.212320935248105
62604,1.1138926601994483
62605,1.1411128582940908
62606,1.1965211436297394
62607,1.149041156804395
62608,1.2057327032990388
62609,1.0816209197805489
62610,1.104398417060623
62611,1.1830216514628071
62612,1.1534802493807261
62613,1.1298080890516005
62614,1.142571131110045
62615,1.1379208773253615
62616,1.1518883838914549
62617,1.1253224566770548
62618,1.1781346411616584
62619,1.09899269030853
62620,1.1099214345565198
62621,1.113815692714158
62622,1.1800176704829908
62623,1.133689064066517
62624,1.137631566574928
62625,1.1102059322259135
62626,1.0966094846165448
62627,1.1429239039229788
62628,1.1259250388737911
62629,1.1760610506371865
62630,1.1340827301675152
62631,1.1827436117049277
62632,1.1439579818464571
62633,1.1500540832449713
62634,1.1986476415639271
62635,1.1632694206378167
62636,1.1957089284300093
62637,1.1613308222766983
62638,1.1753108657455262
62639,1.1719790294957972
62640,1.1604762725073532
62641,1.1162056945053884
62642,1.1540807455178796
62643,1.1371676517101847
62644,1.1376933003854544
62645,1.2034494758056489
62646,1.1127341985817896
62647,1.1494012373157685
62648,1.1418860506544466
62649,1.131639560478597
62650,1.147599960160103
62651,1.184460857115164
62652,1.0842429137491776
62653,1.1333760601824712
62654,1.1511095194058967
62655,1.1711430625241743
62656,1.1756091581688008
62657,1.1627202942121366
62658,1.160130160983758
62659,1.1681663301292349
62660,1.104822970594163
62661,1.1308591470220324
62662,1.1936273046053079
62663,1.201289184849299
62664,1.116779450108833
62665,1.1191926929469507
62666,1.1700515267601463
62667,1.1471029394319663
62668,1.186281288973516
62669,1.1421257273433827
62670,1.1019101453675504
62671,1.167146561857127
62672,1.1238965175611284
62673,1.1936916486507638
62674,1.128532209818767
62675,1.1254475592385433
62676,1.19899367174093
62677,1.1470540991262654
62678,1.1605413204188897
62679,1.1175065483933149
62680,1.169998078374842
62681,1.1580290077629545
62682,1.1059849631562688
62683,1.1626922581782666
62684,1.2191935735419357
62685,1.0993242362835283
62686,1.1999364895288047
62687,1.1162008752928758
62688,1.1356163120714498
62689,1.0862328962834908
62690,1.1530813284751458
62691,1.1162055044528951
62692,1.1493392893439216
62693,1.102880231502749
62694,1.1404307425267985
62695,1.1334279451823301
62696,1.1172762713031628
62697,1.0547771442942036
62698,1.184353419153122
62699,1.186289138113559
62700,1.1661136476767402
62701,1.116477680889974
62702,1.1517736277433253
62703,1.1665522337256882
62704,1.1482402336281523
62705,1.174051367955425
62706,1.136100221389743
62707,1.1071660616906163
62708,1.1475791357992433
62709,1.097964423414112
62710,1.1509799173528001
62711,1.1232709115260633
62712,1.171629830230013
62713,1.1504644984528414
62714,1.1686003314101152
62715,1.1559561278148587
62716,1.1760139845667366
62717,1.1295225300240606
62718,1.1148167978493124
62719,1.1053699776600752
62720,1.123284981966844
62721,1.2184150215150475
62722,1.1727617877872563
62723,1.1325221267571202
62724,1.1780459560041046
62725,1.2140806708155611
62726,1.1900206701045193
62727,1.1567104168232456
62728,1.1151560290846394
62729,1.1511567244433858
62730,1.151346055981279
62731,1.166640110916487
62732,1.1251009701146748
62733,1.2191633781209394
62734,1.1572401545044695
62735,1.1240389034325275
62736,1.2063721316409386
62737,1.1241915974126409
62738,1.1613041548821132
62739,1.18326951882458
62740,1.1310286082938825
62741,1.1573854194532145
62742,1.2273843130769528
62743,1.1951530468560736
62744,1.2221553978028652
62745,1.1638645474332194
62746,1.1732876805824426
62747,1.1283240034231128
62748,1.1692760609958606
62749,1.135364874486676
62750,1.1676475326826563
62751,1.1798287811715151
62752,1.1640215515431696
62753,1.1395493990113568
62754,1.1348802597441807
62755,1.148383232278438
62756,1.1713981012178385
62757,1.2194887170419062
62758,1.11352505814506
62759,1.1212336909684977
62760,1.2012109506382407
62761,1.140720610597761
62762,1.1448247839952
62763,1.1602757734784876
62764,1.0776556889554767
62765,1.1335369356955034
62766,1.1523049188279368
62767,1.1572561991281052
62768,1.2194577652769483
62769,1.1559224548855362
62770,1.0741470916900724
62771,1.1947488071837706
62772,1.1632819469978457
62773,1.1415937561588134
62774,1.1800515405924497
62775,1.2019433544469915
62776,1.1938033629510842
62777,1.1871976779445714
62778,1.176173162513034
62779,1.2220047730961454
62780,1.1845645062006442
62781,1.1461800656517167
62782,1.1857588029175579
62783,1.1426066081540946
62784,1.1632850004523774
62785,1.1640686851138586
62786,1.0794355533444138
62787,1.1804245053593425
62788,1.1374282390023345
62789,1.1854612481448557
62790,1.1477148782587507
62791,1.1362836486697026
62792,1.1465050211991112
62793,1.1805848473194154
62794,1.1419004908331658
62795,1.1629290096254592
62796,1.1519940596768068
62797,1.0952650408996827
62798,1.1121909665980452
62799,1.1600356984611835
62800,1.1421000598838107
62801,1.1994924995395295
62802,1.1446372080215212
62803,1.1017155961173055
62804,1.2081110935540167
62805,1.091670096774518
62806,1.2283688150190992
62807,1.113490953551524
62808,1.1510987779338546
62809,1.1588648974634006
62810,1.1905046861301014
62811,1.1359865180008928
62812,1.1260403881352072
62813,1.149145548560677
62814,1.1246988396654458
62815,1.1299341688475557
62816,1.082410881141683
62817,1.1090134756092696
62818,1.15503254337699
62819,1.1160837599403497
62820,1.1359305127442894
62821,1.1092316716642618
62822,1.1814867068426869
62823,1.1551970863867198
62824,1.1664018024503762
62825,1.119756720274717
62826,1.0805769587815957
62827,1.1487777587586852
62828,1.1598726282538483
62829,1.1861931391866778
62830,1.1929097620163913
62831,1.1314392511377118
62832,1.1420943545916022
62833,1.181124890477854
62834,1.1744248868824607
62835,1.1778140541518156
62836,1.1914024787883757
62837,1.1609230135751163
62838,1.139650517869495
62839,1.1417382615273364
62840,1.1791458180925256
62841,1.1480694498446393
62842,1.128397633463798
62843,1.1659305063687153
62844,1.1368346101829594
62845,1.1459360917410817
62846,1.150201554651007
62847,1.2176484488380228
62848,1.2045132709589619
62849,1.104528526065823
62850,1.1478267074947155
62851,1.172143587852326
62852,1.1450003878946804
62853,1.0813752559098642
62854,1.121534576381575
62855,1.0944018264982822
62856,1.186407872438118
62857,1.1541677526263583
62858,1.1484985376316943
62859,1.1591744657430227
62860,1.0825798900702026
62861,1.1674942924792913
62862,1.1729948684438745
62863,1.1028574253192882
62864,1.1932025582701085
62865,1.1440448993928052
62866,1.1744299029121603
62867,1.1483022526593878
62868,1.1949008812864357
62869,1.1406703106053735
62870,1.1760240094650494
62871,1.1584655921007334
62872,1.135113411386172
62873,1.131219626002204
62874,1.183585952505311
62875,1.159852732950006
62876,1.1315166293493513
62877,1.1825005443406424
62878,1.1295028240642877
62879,1.1398574256075722
62880,1.152726034328022
62881,1.0812790492734932
62882,1.1846684906418938
62883,1.174951186652242
62884,1.2037294549991717
62885,1.1448606263006034
62886,1.12393604399197
62887,1.1558877639638294
62888,1.0909218707329573
62889,1.1742452873674125
62890,1.181075577351292
62891,1.1411555414632544
62892,1.2211780166354542
62893,1.1627503663663246
62894,1.1519777028434321
62895,1.1589200319151682
62896,1.1418520851683183
62897,1.136969042978827
62898,1.1843838066908245
62899,1.118326329140828
62900,1.2102941405060483
62901,1.1644799530052692
62902,1.1000188937131379
62903,1.1980494849325043
62904,1.1508915889305196
62905,1.1231344875989369
62906,1.1590984690792656
62907,1.1710904400232678
62908,1.1532588440308824
62909,1.1629383877717745
62910,1.1719854293954308
62911,1.205372970246095
62912,1.1179864082193232
62913,1.1429545074138312
62914,1.1808911703086966
62915,1.210435734591629
62916,1.1654575901313775
62917,1.1418728187347078
62918,1.0933561102441332
62919,1.2030835451782471
62920,1.1419305374148272
62921,1.1410467671329716
62922,1.1639845076090134
62923,1.164321831842042
62924,1.1945202758159885
62925,1.1787351994447357
62926,1.1490598768116218
62927,1.1582462813786245
62928,1.158929663914662
62929,1.1965846630791646
62930,1.1704534985630064
62931,1.1262342507065386
62932,1.1993429714836452
62933,1.1407319726173395
62934,1.139313383590912
62935,1.1478593549993048
62936,1.1209929061757222
62937,1.1236637160011498
62938,1.1356643944245495
62939,1.1642592815495783
62940,1.1473007026607112
62941,1.1730164713854463
62942,1.1964766298276208
62943,1.2147507142120613
62944,1.1612527877043357
62945,1.1000334504095723
62946,1.1727924766616682
62947,1.1619601254570133
62948,1.1657704047827968
62949,1.1768657667523859
62950,1.1492441698257465
62951,1.1682694782454084
62952,1.1925961562223586
62953,1.1262464599503075
62954,1.1550756625614997
62955,1.1283580159804565
62956,1.215515289874036
62957,1.1596431662201407
62958,1.1951963506085626
62959,1.1750446184262429
62960,1.14248725769267
62961,1.150176742022254
62962,1.1148749709867016
62963,1.1498072252777507
62964,1.2180270646089475
62965,1.2070130760551832
62966,1.149688589780833
62967,1.0946949126323162
62968,1.19855580988462
62969,1.155232971857295
62970,1.140427115602442
62971,1.2176305466571267
62972,1.1251296667609634
62973,1.1234897011648637
62974,1.1212555057502407
62975,1.1429187563253533
62976,1.1725115857395798
62977,1.2068834627923715
62978,1.209152354122825
62979,1.181300504395772
62980,1.1849959515425226
62981,1.1184341274972451
62982,1.1376101015784439
62983,1.156486410277676
62984,1.1821589110872366
62985,1.1058165066464951
62986,1.1653710255953806
62987,1.133568061066932
62988,1.1121987742303903
62989,1.1354612090845613
62990,1.11220898510078
62991,1.119351880706669
62992,1.113704784454461
62993,1.1890531354211906
62994,1.1585474930014834
62995,1.15014508505368
62996,1.1539115685146184
62997,1.1127886184389055
62998,1.155621984081854
62999,1.1247557686089436
63000,1.170444453952572
63001,1.1705813665005051
63002,1.1951051940920503
63003,1.1501363887160045
63004,1.145392721121395
63005,1.124954381943188
63006,1.1378676103419838
63007,1.1725995974436103
63008,1.0869494931949621
63009,1.1300252360590513
63010,1.198771211250392
63011,1.2137486014262595
63012,1.2089632112766495
63013,1.157085797134147
63014,1.1297464003962285
63015,1.181015883653209
63016,1.1649487732243067
63017,1.1909729386393957
63018,1.1340599347561788
63019,1.188162045528311
63020,1.1757905463665876
63021,1.1469235934547988
63022,1.1242988487058188
63023,1.1559907156669496
63024,1.1179829089961466
63025,1.1594527266885923
63026,1.169052276740248
63027,1.1404751869957088
63028,1.1226074260802095
63029,1.1571052635727395
63030,1.204871443806484
63031,1.2000665585268342
63032,1.1371392013977104
63033,1.129811073100274
63034,1.1646706725918305
63035,1.1590915768131722
63036,1.112977539574194
63037,1.148226123596922
63038,1.1564935910607899
63039,1.1828802645813419
63040,1.1468869886989168
63041,1.16716349190603
63042,1.1349259985559377
63043,1.1475118145407923
63044,1.1483000425009287
63045,1.1410352424878833
63046,1.1420649201936623
63047,1.1551682927745606
63048,1.1322453865980746
63049,1.1348439908288395
63050,1.1893585056601281
63051,1.1441580906231619
63052,1.1514530473832292
63053,1.1520436645884342
63054,1.1623770217160712
63055,1.1065583208095895
63056,1.2120759737574727
63057,1.147360524955459
63058,1.180951408332898
63059,1.1519490346346832
63060,1.1549588963147968
63061,1.21371886300301
63062,1.1836207080871397
63063,1.177071946708675
63064,1.1419816441453645
63065,1.1538136472494858
63066,1.1396940959588713
63067,1.1934319388032775
63068,1.217884986366505
63069,1.1670522981717872
63070,1.1745925299319406
63071,1.1014335366282286
63072,1.17581612711478
63073,1.1428969282986454
63074,1.1689491241018608
63075,1.1625741689986717
63076,1.1749637689780914
63077,1.1629298896993534
63078,1.1550803275106893
63079,1.2024805692610734
63080,1.2016807941704697
63081,1.1321278586304722
63082,1.1905236870276918
63083,1.1641980745176679
63084,1.189311607835769
63085,1.1381698116826655
63086,1.1641968220233538
63087,1.1636277355775646
63088,1.146306050767629
63089,1.1445342465102188
63090,1.0481983373922736
63091,1.153477723859016
63092,1.1404722858063083
63093,1.1622219938116158
63094,1.1195579224248309
63095,1.1784992355976796
63096,1.1364954300014034
63097,1.158187038561147
63098,1.14964465280647
63099,1.1571904651032543
63100,1.186881019474649
63101,1.182022857394729
63102,1.1242751604774093
63103,1.1114275498017427
63104,1.118545101380784
63105,1.136819384878559
63106,1.16740598583424
63107,1.1773362408790538
63108,1.1344473035100289
63109,1.1735385325376275
63110,1.1457567839770033
63111,1.1576231231384226
63112,1.137801922062716
63113,1.1659202537791038
63114,1.1862494986542589
63115,1.159453817662245
63116,1.1455889579992524
63117,1.154245193161925
63118,1.145314554983909
63119,1.1608237594292146
63120,1.171262503463327
63121,1.1863129811371604
63122,1.1991747053306143
63123,1.2060572892538144
63124,1.1763145916095854
63125,1.1353216835675892
63126,1.2237447487232127
63127,1.16045823406357
63128,1.2217823093290805
63129,1.1168204147319623
63130,1.1498648610702693
63131,1.1288581443156671
63132,1.1913393607774394
63133,1.1252295985071534
63134,1.1557541274443712
63135,1.1348893414579404
63136,1.1812518639975713
63137,1.2030883056260013
63138,1.1918375653102045
63139,1.1445535602039705
63140,1.1138507276957565
63141,1.1473593085693115
63142,1.1870115712998464
63143,1.166492434794377
63144,1.1590855692932704
63145,1.1177119340049948
63146,1.1933020675562567
63147,1.1050459305770366
63148,1.1581887120133219
63149,1.1499115553204442
63150,1.1643375351521217
63151,1.1096064377477757
63152,1.136386691703699
63153,1.1432645920845685
63154,1.1689467727129519
63155,1.1733656732469715
63156,1.1489427296762258
63157,1.1406922419441452
63158,1.1247187914401024
63159,1.1564690459250049
63160,1.1698525912742468
63161,1.2121853703429049
63162,1.2028864595989261
63163,1.1700594905256376
63164,1.14647801980875
63165,1.1838046324197535
63166,1.1955721125601928
63167,1.166073027808089
63168,1.1878150031837724
63169,1.171919980742324
63170,1.1349133645081646
63171,1.2001713531843041
63172,1.1447703908451037
63173,1.1594518059944061
63174,1.1519901007295879
63175,1.1633105319266799
63176,1.1588554147167403
63177,1.1834625670412757
63178,1.1702913630658598
63179,1.1176779598127458
63180,1.1711844279588153
63181,1.1187092650625867
63182,1.1275317993457372
63183,1.0994950378079926
63184,1.1408302141722444
63185,1.1472730143090761
63186,1.153919678003563
63187,1.138563497307647
63188,1.1520062915988165
63189,1.17619168205805
63190,1.1964125536124468
63191,1.1490060942957923
63192,1.1854083151752306
63193,1.15233031306682
63194,1.1061149960934873
63195,1.1782653909776355
63196,1.1519791696845048
63197,1.1372681649970335
63198,1.2042525618981408
63199,1.170910014881288
63200,1.1450243189414677
63201,1.134929839925187
63202,1.1089568123029532
63203,1.150839720263648
63204,1.197979410548088
63205,1.1217457124994772
63206,1.1061439842386855
63207,1.1158484803888038
63208,1.1823309332111995
63209,1.1600718606881446
63210,1.117755126909486
63211,1.1034003023562082
63212,1.134524711193688
63213,1.1593200169504865
63214,1.1392641624660977
63215,1.149378480311515
63216,1.186286393102789
63217,1.1361688239319034
63218,1.1691897272804739
63219,1.2102681759139637
63220,1.1254224392502084
63221,1.0951378348586909
63222,1.1682312087004076
63223,1.1014713721881102
63224,1.1773673502245527
63225,1.1626862259849529
63226,1.1419649357628041
63227,1.1645193699280247
63228,1.1854919111672775
63229,1.1500834147885168
63230,1.165524297657607
63231,1.1367598281726394
63232,1.1905190132918149
63233,1.1270473666523226
63234,1.1792523411254838
63235,1.1877094219472448
63236,1.150671729485698
63237,1.1500673754892878
63238,1.174769825453342
63239,1.1978613963897247
63240,1.146943485107275
63241,1.1719933844398862
63242,1.1981328283551322
63243,1.157235922004418
63244,1.188222799226088
63245,1.1506604514907783
63246,1.233669437880396
63247,1.1822972472105024
63248,1.144053202310872
63249,1.210172176832149
63250,1.1076446044707262
63251,1.1199683043559592
63252,1.1953486812756031
63253,1.1859338002156623
63254,1.1298352560570704
63255,1.141833762231421
63256,1.1476635605958916
63257,1.1290739240044818
63258,1.123843712819209
63259,1.1388176763896358
63260,1.1877955765825645
63261,1.124502129703036
63262,1.0789695413447031
63263,1.1088398403158495
63264,1.1895195040087745
63265,1.1518626207129814
63266,1.1508512985714157
63267,1.1738319427408037
63268,1.2013714368106252
63269,1.1823537210584758
63270,1.1931382344086896
63271,1.1441759674334924
63272,1.1557377523100578
63273,1.1502098171338442
63274,1.1607997799014833
63275,1.167853034224079
63276,1.1000653259863322
63277,1.1279130200463796
63278,1.1315846267674872
63279,1.156104357209593
63280,1.1847745169937025
63281,1.1829568142691669
63282,1.1418362914237017
63283,1.1882493520213888
63284,1.2056990994468224
63285,1.1747514911493062
63286,1.176385103566024
63287,1.1425637937810444
63288,1.1334925308986834
63289,1.144998537140024
63290,1.1590710009447287
63291,1.1543946451013283
63292,1.134409690116276
63293,1.2373413419075814
63294,1.1380237888815257
63295,1.1588910336225315
63296,1.2101040316492708
63297,1.1519703718413679
63298,1.1892094854205078
63299,1.13382777750072
63300,1.1486824324187233
63301,1.2096858643494555
63302,1.1266108645868802
63303,1.1869028469980671
63304,1.1826113363115807
63305,1.1304068535399125
63306,1.16477068737114
63307,1.1669174626713765
63308,1.122387588699554
63309,1.1945663249299177
63310,1.1487698855290969
63311,1.1330394285912397
63312,1.1502337478998965
63313,1.1683711433713695
63314,1.1795201641128772
63315,1.1276027415136205
63316,1.180949703895594
63317,1.1822258502919583
63318,1.124341606946915
63319,1.152602397132865
63320,1.1812809721733417
63321,1.1522215914442755
63322,1.1427296174792876
63323,1.202343332223717
63324,1.1150626197134839
63325,1.1289353549261996
63326,1.1251178899500411
63327,1.1324483726197248
63328,1.1460976801962268
63329,1.157102397282936
63330,1.1979871378142066
63331,1.121363742487268
63332,1.158580309839595
63333,1.177681958635523
63334,1.1425709761158638
63335,1.1457678585180655
63336,1.177306524056268
63337,1.188592633145198
63338,1.178251959799209
63339,1.1888634257685144
63340,1.1767771758961825
63341,1.1880301796228154
63342,1.1605661634211908
63343,1.1456329127885094
63344,1.1899478332127489
63345,1.0960912786029773
63346,1.1857128219074664
63347,1.1771278319410017
63348,1.1505323829751632
63349,1.138934375180347
63350,1.1357253585912805
63351,1.1252810016519115
63352,1.1013985766906655
63353,1.120852147856314
63354,1.1608519696797392
63355,1.139328383990122
63356,1.1741555517805808
63357,1.1179109499090487
63358,1.1456266193684521
63359,1.1506114512852639
63360,1.140116639221975
63361,1.1378810033765845
63362,1.1231406593370825
63363,1.1395590911569968
63364,1.1566462699257622
63365,1.2378103048234996
63366,1.1816846905660503
63367,1.184189497894183
63368,1.160871909040203
63369,1.1721192641008729
63370,1.1884278760329006
63371,1.2282965692202639
63372,1.2009039943564122
63373,1.1604015123431675
63374,1.1543144168493003
63375,1.1719390355740373
63376,1.1902150868941186
63377,1.1664028164440383
63378,1.1072035564378813
63379,1.135664549180782
63380,1.1711326240084179
63381,1.1902015765090699
63382,1.1422553814046836
63383,1.2352471751608962
63384,1.1623203628972982
63385,1.1222917810180986
63386,1.1111751677344945
63387,1.1708043808430404
63388,1.1653025627895046
63389,1.162593717997876
63390,1.153710721604736
63391,1.1092249171184576
63392,1.1462791085042234
63393,1.17141231196388
63394,1.1738930198458584
63395,1.1746229334361937
63396,1.176541268419279
63397,1.1364504495668228
63398,1.1724578991183896
63399,1.1738996598060873
63400,1.1325415724702914
63401,1.180798348400586
63402,1.1296860753693247
63403,1.1812954284404789
63404,1.1846921378584683
63405,1.17167125223508
63406,1.1732583534571779
63407,1.1730774051952815
63408,1.1417451564334833
63409,1.133854406511481
63410,1.1492859644408422
63411,1.1971777165975293
63412,1.2070150600931806
63413,1.1639205535169315
63414,1.1401507160510622
63415,1.095930818108278
63416,1.130336415070708
63417,1.1550348712615668
63418,1.1353019961200577
63419,1.1664226589856852
63420,1.125404092822186
63421,1.1890862261780113
63422,1.222067389431263
63423,1.1683752441261246
63424,1.159915777485721
63425,1.1233557469006152
63426,1.1532162398311245
63427,1.1833404735652941
63428,1.1552116610433059
63429,1.133342139457981
63430,1.2088764497218856
63431,1.1876007029950286
63432,1.1392425149696426
63433,1.159772487698679
63434,1.1796169186089647
63435,1.1319634394259777
63436,1.2336114064050672
63437,1.1239722133720123
63438,1.1881967614685396
63439,1.2308848339101246
63440,1.1696860776385702
63441,1.1926784167265405
63442,1.174576734606507
63443,1.1109823738480489
63444,1.204612022862388
63445,1.176390291812804
63446,1.2163607631545061
63447,1.1756574364929662
63448,1.1780521199528489
63449,1.1556622886923247
63450,1.1367916568054028
63451,1.1742253409802765
63452,1.1962571528077857
63453,1.1688372463226582
63454,1.1663211069903576
63455,1.1403358649988582
63456,1.2130197137862262
63457,1.1692366978205029
63458,1.1574337055521196
63459,1.1462607221957164
63460,1.1609316421631233
63461,1.1905307180790807
63462,1.167701663116424
63463,1.1298388151268104
63464,1.2079423030634655
63465,1.1405581895579384
63466,1.1386951852711027
63467,1.137058754493836
63468,1.1004504713024128
63469,1.1874268408783386
63470,1.1461211382728982
63471,1.173988873290371
63472,1.1352687068087517
63473,1.1379699046811922
63474,1.1757897691529549
63475,1.1790100877705736
63476,1.161793261502408
63477,1.1577204529050646
63478,1.2305254925897842
63479,1.1370180464096575
63480,1.0737955144482603
63481,1.1648635527485474
63482,1.1246287086187603
63483,1.130440797055407
63484,1.1532427862379577
63485,1.1576583979432888
63486,1.1573874868405658
63487,1.1713366035478154
63488,1.1633700551170474
63489,1.1837242136770432
63490,1.1944708899041858
63491,1.1511013507252117
63492,1.1852343635811917
63493,1.1645285084763555
63494,1.1687549431585855
63495,1.1088921173853348
63496,1.1264624513110095
63497,1.1890966128672313
63498,1.1090640010491597
63499,1.1986151553345972
63500,1.1582507912357283
63501,1.2048625046575918
63502,1.1657811773891626
63503,1.163244175293412
63504,1.172302399000712
63505,1.18340428800205
63506,1.1739151590978854
63507,1.1771956200013067
63508,1.0902597503034768
63509,1.1604793181530784
63510,1.1406290848938945
63511,1.1929214465721958
63512,1.107286533772349
63513,1.1816823368954723
63514,1.1996798150585959
63515,1.1869520968964957
63516,1.1821533515755847
63517,1.1631667019279481
63518,1.2274157299620012
63519,1.1678327904594734
63520,1.1781984497910007
63521,1.1261036576374885
63522,1.1140134487985502
63523,1.1852436976709977
63524,1.1607503490661488
63525,1.2418538362329297
63526,1.175832244445484
63527,1.2083115095900197
63528,1.173224135140182
63529,1.1268555097852173
63530,1.1335063681526074
63531,1.1552185735642801
63532,1.1378213567412205
63533,1.1357246751568022
63534,1.18439291238192
63535,1.2058419872729673
63536,1.1481002580440014
63537,1.1472544090160193
63538,1.1464806073261231
63539,1.1793844981125363
63540,1.1994841890063934
63541,1.1570291716105567
63542,1.206568261303106
63543,1.1233587525070026
63544,1.1859083817056137
63545,1.1520884188873906
63546,1.1745581209896283
63547,1.1668874894963763
63548,1.1290101084816566
63549,1.1612595835437511
63550,1.2127468430512753
63551,1.172295008611229
63552,1.1287319348571698
63553,1.1380913800799728
63554,1.2090312094050737
63555,1.0925749925440724
63556,1.1886113657881323
63557,1.1794513165508917
63558,1.1331264695779593
63559,1.1756790241810728
63560,1.1693774928949021
63561,1.1591791392988924
63562,1.173074262978802
63563,1.1590711368546995
63564,1.088756984362136
63565,1.207331675753385
63566,1.1815972748314731
63567,1.168685725456696
63568,1.1500570550043177
63569,1.1754636360302555
63570,1.186307272342048
63571,1.1479878397849965
63572,1.1654065542746546
63573,1.1734760336903272
63574,1.1758576143464632
63575,1.2015169125177134
63576,1.1446769912162424
63577,1.1163582923222788
63578,1.159240711938705
63579,1.1674743050213698
63580,1.1238712570732183
63581,1.1132798284108498
63582,1.1431975572208406
63583,1.1380383276730053
63584,1.1815428677611528
63585,1.1714879061521408
63586,1.1520516713547504
63587,1.1942301746840895
63588,1.1899658959747064
63589,1.2054793389304583
63590,1.1114576819605464
63591,1.174799502810308
63592,1.1415735944965335
63593,1.190617929602608
63594,1.1328282977271285
63595,1.1442612010328328
63596,1.1766132921973997
63597,1.1669306497532121
63598,1.1608131691023735
63599,1.1782963566809372
63600,1.170979179674366
63601,1.1802205648537603
63602,1.1387126112022568
63603,1.1177082522726836
63604,1.126496820048948
63605,1.1709893528640665
63606,1.1126550962535855
63607,1.1635719504001443
63608,1.0979038355412731
63609,1.1706722391488826
63610,1.1533067053281139
63611,1.1324902132364676
63612,1.1593519371140457
63613,1.199231469310114
63614,1.1657836847998675
63615,1.1781607272163765
63616,1.122462685248861
63617,1.156372385319681
63618,1.2071788445248022
63619,1.1555829410019796
63620,1.1428616572456363
63621,1.2175780907731972
63622,1.1558087070759038
63623,1.1771453056661076
63624,1.1442081289582902
63625,1.132655608118686
63626,1.153715872521212
63627,1.179701278067586
63628,1.1558349001924797
63629,1.1493593924826964
63630,1.1905879723820576
63631,1.1684683745750708
63632,1.1810621648440738
63633,1.104491153947512
63634,1.1738791171169478
63635,1.1893729546904876
63636,1.1557771552468872
63637,1.144547862461686
63638,1.1801538271457686
63639,1.150293870944214
63640,1.1562241751059132
63641,1.1163042250112478
63642,1.1921334413875673
63643,1.1684601398539767
63644,1.0942165411393219
63645,1.1533648271032468
63646,1.1418264563122933
63647,1.1634094084536708
63648,1.1759085251547898
63649,1.1909312304424204
63650,1.1846981432020416
63651,1.1833799280987511
63652,1.2053909267708447
63653,1.1389351030443597
63654,1.1626407876612261
63655,1.1886904598128458
63656,1.196121255910002
63657,1.1658404930825839
63658,1.0926917668300284
63659,1.1771580412170353
63660,1.1581593284548275
63661,1.198533244037614
63662,1.1919029948241247
63663,1.1441486879002856
63664,1.1840192601693822
63665,1.1827422184752623
63666,1.1755948783496903
63667,1.15117262002245
63668,1.1318308914499198
63669,1.1500535968117191
63670,1.1754751634659448
63671,1.1511375238953707
63672,1.0921885966590663
63673,1.1854883342346518
63674,1.182194851673799
63675,1.194457250984156
63676,1.1621738313262902
63677,1.209823865802765
63678,1.1407225419863252
63679,1.1085078763355454
63680,1.171466653969045
63681,1.2195191220141726
63682,1.2053593321264493
63683,1.149086902269343
63684,1.1660675970592584
63685,1.1764543399711869
63686,1.1765948983747228
63687,1.1551838198579434
63688,1.162038294434987
63689,1.1338063313871558
63690,1.1891413725067468
63691,1.150668421630453
63692,1.1829926154704138
63693,1.1364004855116443
63694,1.1626771951655965
63695,1.1253536070420727
63696,1.1331519935259051
63697,1.1658278306550378
63698,1.158353490884965
63699,1.108011986854898
63700,1.193490387518629
63701,1.165807873521398
63702,1.2167715448100398
63703,1.1687724689256276
63704,1.1769664124915122
63705,1.1476601527203583
63706,1.1354548772726616
63707,1.1639925202800947
63708,1.1206306880925385
63709,1.1683478883426135
63710,1.1002502259317901
63711,1.1486688824623301
63712,1.1971725223776868
63713,1.2236345733468705
63714,1.1262044953379198
63715,1.197020644979236
63716,1.1860831702226946
63717,1.1834892061027642
63718,1.121058435437345
63719,1.178931271488104
63720,1.1831014630197603
63721,1.1549609988758092
63722,1.164608669052538
63723,1.1537606267127747
63724,1.1651750452573006
63725,1.1787997735268525
63726,1.1568437241787748
63727,1.1599267059290008
63728,1.201775633495147
63729,1.172615662720629
63730,1.171195797194504
63731,1.1950373571313957
63732,1.1899928242385938
63733,1.1671299960529056
63734,1.109698399006266
63735,1.1629805726476834
63736,1.175911414642436
63737,1.1689364038666017
63738,1.1979053050936477
63739,1.1531570572196803
63740,1.1940831378668315
63741,1.1562460953637557
63742,1.164850724151633
63743,1.2072097192678062
63744,1.1738548175727541
63745,1.1651831889692812
63746,1.1108493095801284
63747,1.2098296573089333
63748,1.1807853378391278
63749,1.1965951059239728
63750,1.1520658400783754
63751,1.171923668564543
63752,1.142048713931465
63753,1.1499823695685005
63754,1.1400519194115815
63755,1.1375735241232754
63756,1.1717569981288647
63757,1.2022505497223646
63758,1.157825397126253
63759,1.1476642810762576
63760,1.2210124387111168
63761,1.1814214341075495
63762,1.1556957074905738
63763,1.1619580423174993
63764,1.176045031219687
63765,1.133431421087575
63766,1.1654558914398907
63767,1.1630680623602079
63768,1.1830286815915125
63769,1.1205142431973716
63770,1.1276030908718622
63771,1.17571980298835
63772,1.149115770015927
63773,1.1643809803232592
63774,1.1774089588818017
63775,1.1759103335587486
63776,1.166692064559033
63777,1.1785204384661887
63778,1.1098815171053096
63779,1.2003910720590227
63780,1.1146011934608333
63781,1.1597837153297088
63782,1.1418982985737316
63783,1.1684261000614515
63784,1.1796129720973811
63785,1.2408877568546641
63786,1.129187584641776
63787,1.1788473289934842
63788,1.1560284362236777
63789,1.1936076683118046
63790,1.1263895628891858
63791,1.1416032331724348
63792,1.1386668569302738
63793,1.167122317386777
63794,1.20329805695038
63795,1.1451256673016943
63796,1.1212428101363292
63797,1.1268053497847286
63798,1.1297884117368457
63799,1.1871970697511554
63800,1.1994212219426705
63801,1.1712339301068875
63802,1.1682370312238155
63803,1.1726039790969485
63804,1.1864915582029254
63805,1.1490402022966097
63806,1.1488139279620262
63807,1.1238194465466511
63808,1.1860917227517829
63809,1.1176976312861717
63810,1.1958309197561854
63811,1.1656926299794372
63812,1.159467948922473
63813,1.1857346044522101
63814,1.180090717980565
63815,1.1658737314701522
63816,1.2175129521067682
63817,1.1760326365239337
63818,1.1979167234825654
63819,1.1404327710910942
63820,1.1548788498226892
63821,1.2121550825929717
63822,1.1232243513958533
63823,1.1540471357415032
63824,1.2068048344159243
63825,1.1929492523147776
63826,1.1183378277384772
63827,1.1789361701385526
63828,1.1303852463467916
63829,1.1682223223733195
63830,1.1205233882464256
63831,1.1879421550342881
63832,1.149327711744547
63833,1.148190835528954
63834,1.1684850672708285
63835,1.1738733153098437
63836,1.134140762435
63837,1.1573389231033837
63838,1.1413784464118937
63839,1.1344541194407143
63840,1.1737566895270863
63841,1.20240110136359
63842,1.165231978883614
63843,1.1570836185937743
63844,1.1484294380051199
63845,1.109289892846915
63846,1.1635515443040858
63847,1.1373685954787618
63848,1.1909790644500273
63849,1.1216056774426397
63850,1.153678337221291
63851,1.1935343932939597
63852,1.1357368855591914
63853,1.182043683524868
63854,1.1439418968317723
63855,1.1476676715568894
63856,1.192168015611554
63857,1.170528186170258
63858,1.1428007400459481
63859,1.1434362010332109
63860,1.1553903424320204
63861,1.2005910068423713
63862,1.1907162069313588
63863,1.196164849600317
63864,1.1270682176264804
63865,1.1853317131002048
63866,1.1560908177199238
63867,1.2105354282431482
63868,1.126910641911067
63869,1.1853577080788467
63870,1.1898626987335612
63871,1.1249416681060205
63872,1.058749741299123
63873,1.1951108915604205
63874,1.1800653671034245
63875,1.2024497314713514
63876,1.1546164409166004
63877,1.1735700530087814
63878,1.164250916136373
63879,1.1951636202253604
63880,1.1044089697357091
63881,1.1629195870647717
63882,1.147487806067598
63883,1.1463784838357218
63884,1.1356207636292823
63885,1.170067480730566
63886,1.148589179577933
63887,1.155376828990981
63888,1.17437995484024
63889,1.1046559159766403
63890,1.1949188083760633
63891,1.214031767484306
63892,1.1515172482523057
63893,1.215189829693518
63894,1.184161880223194
63895,1.1743884676562222
63896,1.1508568308798104
63897,1.1654727326684386
63898,1.1737509622502826
63899,1.1404745104262901
63900,1.1517399737628229
63901,1.21547296537088
63902,1.1601381921978107
63903,1.1688984490077892
63904,1.1754042658538575
63905,1.1497375361815934
63906,1.165051817048598
63907,1.1714676499232406
63908,1.1770661713899568
63909,1.173111870368497
63910,1.1158845578662
63911,1.1231356229070462
63912,1.1646680460486567
63913,1.1913213971735357
63914,1.148581253589572
63915,1.2147261696388432
63916,1.1291136028510522
63917,1.1889445209616725
63918,1.1691308756518553
63919,1.1707675734207983
63920,1.195247047152556
63921,1.189126303626604
63922,1.1349420641676062
63923,1.1608617001151222
63924,1.1866023714092542
63925,1.1516309159379876
63926,1.1179890905695395
63927,1.1195809106491463
63928,1.129665027369281
63929,1.1849544181671112
63930,1.1671566756703706
63931,1.1477211001073633
63932,1.188466889231034
63933,1.1246835510974915
63934,1.1552773095684312
63935,1.1899674894512018
63936,1.2075767632719676
63937,1.1804420413260315
63938,1.172196945321501
63939,1.1860777293020552
63940,1.19364075364128
63941,1.1455111679614878
63942,1.1579243797356298
63943,1.1333486754402182
63944,1.1740902907249038
63945,1.1259950356725845
63946,1.1774962784344183
63947,1.1658679458427095
63948,1.1472480990653933
63949,1.1782498214345496
63950,1.157879602567035
63951,1.187911853705148
63952,1.1820621881258637
63953,1.1744509812736161
63954,1.1699403855114106
63955,1.1161858501171464
63956,1.1583243729393697
63957,1.2098290499633906
63958,1.191253061798364
63959,1.1965844314912215
63960,1.1240187737395857
63961,1.1775076317556041
63962,1.1463810562588046
63963,1.1590716933240002
63964,1.1807457627043407
63965,1.1742369095081882
63966,1.2136015290993047
63967,1.1490047018310194
63968,1.2065059372225504
63969,1.1758322098697738
63970,1.1533404597178896
63971,1.1074169616905816
63972,1.1969169625830343
63973,1.1844372845814592
63974,1.1969098763199897
63975,1.1409081918266344
63976,1.1670677012705681
63977,1.1927948906686798
63978,1.1601377915181779
63979,1.1467610262793437
63980,1.1596099583574242
63981,1.2114741362983945
63982,1.2246013289319173
63983,1.1845809433466283
63984,1.1707227873747192
63985,1.1487893795550195
63986,1.1605752484161993
63987,1.14944945237262
63988,1.1579616429150232
63989,1.1655685916929335
63990,1.176564343877433
63991,1.2221903152013038
63992,1.197588085258285
63993,1.1444772412229494
63994,1.1733191975963564
63995,1.1576443455428507
63996,1.195114476209309
63997,1.167416704799998
63998,1.1611173041540137
63999,1.209357423328174
64000,1.8952190091281713
64001,1.8413390330726234
64002,1.8683175468535678
64003,1.8349716118672803
64004,1.8501765545781497
64005,1.824927860354963
64006,1.8076128825411208
64007,1.7686178857466284
64008,1.721307475279696
64009,1.6946542335502284
64010,1.6871830191987138
64011,1.634451196248547
64012,1.6542700805493706
64013,1.578949221100156
64014,1.602882082336909
64015,1.6009813044119108
64016,1.6135637730480554
64017,1.5278584970515419
64018,1.5255404632011593
64019,1.5006033577020372
64020,1.5057433484502618
64021,1.4609177751790505
64022,1.4469016159724062
64023,1.461961868590302
64024,1.4834853169310895
64025,1.4503850814625512
64026,1.379650258330412
64027,1.359022827067842
64028,1.4011393664495333
64029,1.3049994458407648
64030,1.3163101203477212
64031,1.3571102952153016
64032,1.2545848362217855
64033,1.2536847109304001
64034,1.26446149936948
64035,1.218963893376526
64036,1.2648230130758014
64037,1.2186054312337777
64038,1.2044414200630555
64039,1.1456183136796432
64040,1.1747543520389732
64041,1.114787463357582
64042,1.1748597574766038
64043,1.1692343474437026
64044,1.153434343522308
64045,1.093936620054069
64046,1.0780183172643154
64047,1.079310750419337
64048,1.0603418982728414
64049,1.0828323641640587
64050,1.1345617245596153
64051,1.0385394611946992
64052,1.046246618887283
64053,0.9994623825155913
64054,0.952720695203479
64055,0.9889274226000792
64056,0.9772933993285952
64057,1.0034166854026865
64058,1.0351026847851532
64059,1.040077792234037
64060,0.9664001073389182
64061,0.9778193787776925
64062,0.9053382282144531
64063,0.9154173051632558
64064,0.8945662712903889
64065,0.904413579339894
64066,0.8760904724711295
64067,0.8770910364801322
64068,0.9067178583116781
64069,0.9056741608427328
64070,0.818934245771838
64071,0.8740986117293532
64072,0.8259517486770439
64073,0.84973976440963
64074,0.8332536728827402
64075,0.8354931805264127
64076,0.8397396926713283
64077,0.8443548374612051
64078,0.8091448572043103
64079,0.8137117743755957
64080,0.7665897625372637
64081,0.7745578803249263
64082,0.8061294463848049
64083,0.7680924578632016
64084,0.7691738107306438
64085,0.750486885195654
64086,0.737555012591238
64087,0.7637517654643071
64088,0.7557273608615149
64089,0.7015225721084192
64090,0.7371554452432725
64091,0.6724848227577485
64092,0.7361790069870776
64093,0.7165363798330842
64094,0.6645672530042118
64095,0.6648862602511069
64096,0.6862768490862541
64097,0.6712791776655899
64098,0.6669064117817646
64099,0.6486181534685646
64100,0.6387211797967558
64101,0.6635251662492729
64102,0.7003127468674294
64103,0.6768308401558696
64104,0.6142503551513447
64105,0.6753092395218617
64106,0.5959677784413181
64107,0.6102333066229059
64108,0.6296489776476186
64109,0.6195706156412629
64110,0.598449828673073
64111,0.5999849872806039
64112,0.6284216516299748
64113,0.561855117272111
64114,0.6299221041777956
64115,0.5904938126983481
64116,0.5889571749145563
64117,0.5759572370343029
64118,0.5692860411909955
64119,0.5584259591046393
64120,0.5357868501034598
64121,0.5503997598463926
64122,0.5558862312823344
64123,0.5784272475958017
64124,0.584426149623043
64125,0.5596144772600948
64126,0.5209403740860666
64127,0.5187061762953227
64128,0.5028390511569667
64129,0.5373480484700578
64130,0.5275558245240407
64131,0.5027340666189534
64132,0.4619821994879977
64133,0.5577040403806786
64134,0.5281393947245895
64135,0.49800742755931093
64136,0.5710408527149099
64137,0.5325594384456925
64138,0.46329044307458966
64139,0.5104716581682454
64140,0.5304753661010574
64141,0.4845105077896318
64142,0.47107882128192696
64143,0.5577940207383217
64144,0.4492559394598883
64145,0.5444992384180687
64146,0.49045968958524727
64147,0.4919313341156474
64148,0.5222328309090424
64149,0.4626844381406667
64150,0.5389854550258568
64151,0.47121347875799263
64152,0.4626544570767349
64153,0.5352150381850282
64154,0.4735420031397344
64155,0.43989432870332074
64156,0.451866639151476
64157,0.498323423507892
64158,0.4122559810576376
64159,0.3967820377232716
64160,0.43751539742868883
64161,0.4795991028107041
64162,0.4786955844535824
64163,0.4243470139552578
64164,0.45924217628736275
64165,0.4297457636857059
64166,0.46671637409177336
64167,0.4341538552332478
64168,0.440231405008922
64169,0.398350958423047
64170,0.46477400796653107
64171,0.43914200998670055
64172,0.4062488262698614
64173,0.46470707536227196
64174,0.40666895357185084
64175,0.44574116733922076
64176,0.40590207721949856
64177,0.40241351768120726
64178,0.4058417102325205
64179,0.4515846400296632
64180,0.38720951103997997
64181,0.37397859253810023
64182,0.402331443999119
64183,0.4420142433549016
64184,0.42847951566154574
64185,0.4257492706534601
64186,0.38666860084450533
64187,0.4337222116636284
64188,0.4176863166794861
64189,0.35392297042661297
64190,0.42627465814563364
64191,0.4065368612375896
64192,0.40036380777795777
64193,0.39967694111866897
64194,0.36244980758914136
64195,0.44915537523070315
64196,0.3910146232382002
64197,0.3777810986415486
64198,0.40592445403636035
64199,0.4084882391851548
64200,0.40093865807280543
64201,0.4151985335655476
64202,0.3601631129790448
64203,0.37186872486874273
64204,0.43304272678591793
64205,0.4301201905000269
64206,0.31582181040643087
64207,0.42002788454762396
64208,0.3810722069179053
64209,0.4013815036053285
64210,0.3930944309519169
64211,0.35106216265084517
64212,0.3860256194161093
64213,0.3200163891539528
64214,0.41948406468421834
64215,0.37993985881663317
64216,0.364318231903074
64217,0.408617341625417
64218,0.3734089945680695
64219,0.4240353246128208
64220,0.3271066076355012
64221,0.3752097556587387
64222,0.3984191369899828
64223,0.3369954674703261
64224,0.4083088714358667
64225,0.379826328584397
64226,0.37780287577893173
64227,0.3998254322645937
64228,0.39490501636312364
64229,0.3830094291591537
64230,0.33495172832314324
64231,0.3796712857363857
64232,0.36980363631054414
64233,0.35422953220943326
64234,0.3943786885975412
64235,0.37269564161341934
64236,0.39120353521203277
64237,0.34905491688971496
64238,0.36092495955316706
64239,0.2784918654202414
64240,0.41489451199859784
64241,0.34828549849540924
64242,0.3754417033904978
64243,0.41167088849895905
64244,0.3989270624209047
64245,0.36196460655679064
64246,0.3902497612358337
64247,0.4270310239915984
64248,0.39737100087253063
64249,0.41217488435273275
64250,0.33987702567949096
64251,0.3121758272087455
64252,0.323045540349222
64253,0.3310143211546885
64254,0.3522333937842156
64255,0.36566359960244066
64256,0.4171564919719629
64257,0.396201222346273
64258,0.36532136562681383
64259,0.33130318674244247
64260,0.35360363660847666
64261,0.31433606885846244
64262,0.37791878653240796
64263,0.34683649071593237
64264,0.3539176555919461
64265,0.34946058604482455
64266,0.34890087233572525
64267,0.29372816312962025
64268,0.34561045138622515
64269,0.37633683868617757
64270,0.37798261730674165
64271,0.3821015405733362
64272,0.3673868263268686
64273,0.355776107108999
64274,0.314157182044682
64275,0.4026528113393622
64276,0.3856426712729434
64277,0.4002833542742894
64278,0.3860723806042363
64279,0.3453506407474626
64280,0.3664863715206643
64281,0.33067197107439894
64282,0.37215743336263646
64283,0.4107339477695301
64284,0.2895515756737813
64285,0.29067040009310957
64286,0.35494833880481336
64287,0.3318887989064926
64288,0.3423921826446719
64289,0.3545125865920156
64290,0.33719102470658613
64291,0.31841146365166784
64292,0.33336146685064977
64293,0.34545510987272265
64294,0.3960495682092036
64295,0.34732115130950186
64296,0.3399632437158378
64297,0.358488354654423
64298,0.37354204849120076
64299,0.41378226590058886
64300,0.3641140849924502
64301,0.33779832118832726
64302,0.3708575209189025
64303,0.3369187456584805
64304,0.3528273973681476
64305,0.3473470077840566
64306,0.3907517209345072
64307,0.37126207574896747
64308,0.33792284016724317
64309,0.3598720356056236
64310,0.36399829507572845
64311,0.3792206841433396
64312,0.32689260868840486
64313,0.2784909948668642
64314,0.3656452487687054
64315,0.3690907010286782
64316,0.35512004807714836
64317,0.3703309381337951
64318,0.3532939506267322
64319,0.33017430016257276
64320,0.3798144050004659
64321,0.31700858768796936
64322,0.34354582045233917
64323,0.30206095528385785
64324,0.3366609652489625
64325,0.30212097919844905
64326,0.36147166596172914
64327,0.31575653277622845
64328,0.3624900685904442
64329,0.3698959854980727
64330,0.36614145074025806
64331,0.412099889877698
64332,0.36264046599771876
64333,0.29978222451022013
64334,0.36111149396795567
64335,0.40073845534501723
64336,0.37440691668620607
64337,0.3192962563100087
64338,0.40015280307907836
64339,0.39547004431342603
64340,0.38262515870779834
64341,0.3814483735967557
64342,0.37640646485405543
64343,0.34882452403335407
64344,0.4355824061857712
64345,0.3605113828543463
64346,0.33856441884548105
64347,0.3469975649939468
64348,0.3431562920193826
64349,0.35124686301372665
64350,0.37214413058065265
64351,0.36169799342190867
64352,0.32447328255698565
64353,0.3426050075316855
64354,0.3821459638145187
64355,0.3315759551426255
64356,0.36060132060365263
64357,0.3704825496408296
64358,0.36920366685131634
64359,0.39591953780933736
64360,0.3467664044553071
64361,0.35301157951496104
64362,0.37024499811740724
64363,0.34148009917351235
64364,0.36906912624104654
64365,0.37077449736261
64366,0.2912978110685063
64367,0.3746841299192217
64368,0.31326548766174833
64369,0.330544925304404
64370,0.4184381245456224
64371,0.36076856674270624
64372,0.36882739654024993
64373,0.330717087282431
64374,0.3301560907522013
64375,0.37187139402342606
64376,0.34995465233481016
64377,0.35985146346028324
64378,0.32823842268138453
64379,0.3394764938352985
64380,0.38447336054042147
64381,0.4163787049654409
64382,0.30880766261931697
64383,0.29960519237502964
64384,0.34926186949202176
64385,0.35833635346870313
64386,0.32818263295566824
64387,0.4149152416240885
64388,0.3618571486871331
64389,0.2987860718327208
64390,0.3305837863663819
64391,0.3388762708530127
64392,0.35117834370709117
64393,0.3471165626226498
64394,0.35500281921187715
64395,0.35220160917207854
64396,0.30029555992809515
64397,0.3275676918202633
64398,0.39341039349747603
64399,0.38979321548830603
64400,0.3619744438109288
64401,0.41000388845073044
64402,0.36223754299260125
64403,0.36182810745411165
64404,0.37187177095515633
64405,0.44069431414288174
64406,0.3937348886633414
64407,0.3901145253145025
64408,0.37101541103459684
64409,0.35382349246114203
64410,0.3763415817349551
64411,0.314816202853033
64412,0.3262990612556294
64413,0.36908755086658823
64414,0.3559649345103649
64415,0.34756405725981465
64416,0.36402792270521533
64417,0.3825857450637024
64418,0.3778172984245186
64419,0.312359008309573
64420,0.3832418171521018
64421,0.34696869464406016
64422,0.43258326044480067
64423,0.3627069572992939
64424,0.3993732530377277
64425,0.35046282948589635
64426,0.4310100040876465
64427,0.37551524062553354
64428,0.37458905839552326
64429,0.3704680227155054
64430,0.40170986499060657
64431,0.4088908628922375
64432,0.374305316524176
64433,0.3955526062798299
64434,0.3572942205800184
64435,0.36318384285078203
64436,0.39327691955578925
64437,0.31218790680068464
64438,0.4408109774393301
64439,0.331186267413153
64440,0.3401333048086054
64441,0.36487310756011543
64442,0.3420110945043942
64443,0.39303428613043934
64444,0.3204796742898901
64445,0.34007530973471967
64446,0.355760951513838
64447,0.3624055968746231
64448,0.4243737928653737
64449,0.3512216858896574
64450,0.3861155024247824
64451,0.3551506133130475
64452,0.34506184122531125
64453,0.33894618067203014
64454,0.3422054053182113
64455,0.42972414130461023
64456,0.3995457773511279
64457,0.37490285502112
64458,0.3418703966860028
64459,0.34149785610012096
64460,0.33389374534410055
64461,0.3247094388269056
64462,0.3403630197362611
64463,0.4487703856205154
64464,0.39835408234044234
64465,0.36711558137386713
64466,0.3302964527981612
64467,0.4021351987168681
64468,0.3788896960873392
64469,0.41523197156451513
64470,0.3301696892857949
64471,0.38454707160397866
64472,0.3552685437539391
64473,0.3466755778412686
64474,0.4086622051001016
64475,0.4052526645555672
64476,0.3290810779922984
64477,0.4005320849774799
64478,0.3803179302238813
64479,0.34415376319309327
64480,0.37666463474049816
64481,0.3745575088080786
64482,0.3648442912448057
64483,0.3812848055555989
64484,0.3618464611490967
64485,0.355772539634365
64486,0.39069673426678325
64487,0.3721956438987741
64488,0.3790755617464882
64489,0.3558375536366175
64490,0.37226310071755514
64491,0.39309209325688077
64492,0.3834317601774639
64493,0.3677601066446005
64494,0.4049506504761801
64495,0.41604725403352844
64496,0.3132987656939934
64497,0.36689225768729883
64498,0.3863033225261455
64499,0.3923392718475132
64500,0.4173372484273186
64501,0.394219123512001
64502,0.376280180796125
64503,0.3628331134430418
64504,0.38172081513153616
64505,0.38831204841482003
64506,0.43028343793211526
64507,0.35226749573189836
64508,0.34290644272052845
64509,0.40660378703550065
64510,0.41219772240978536
64511,0.37970979505585534
64512,0.39327690124097714
64513,0.37757893026910705
64514,0.40215923352141375
64515,0.38558818019743685
64516,0.3689305707335106
64517,0.35177129078118985
64518,0.35770651943401827
64519,0.3677286860602238
64520,0.37595534104605455
64521,0.37986954438625126
64522,0.37668263214215575
64523,0.36116314941081906
64524,0.40943102016151217
64525,0.3588216751447806
64526,0.3830464982663548
64527,0.4150369032638129
64528,0.3710611197868973
64529,0.42068494060507045
64530,0.40380691061787294
64531,0.33861107666888907
64532,0.3990767412136793
64533,0.3997075852144036
64534,0.4321348471376042
64535,0.45025944595759754
64536,0.4085562140443981
64537,0.4122156080624165
64538,0.38372348599000056
64539,0.3854740452040808
64540,0.3782007046590967
64541,0.40555637296009106
64542,0.37202145968241207
64543,0.37549102142744556
64544,0.33634974634200143
64545,0.40823237579448646
64546,0.4244181078375081
64547,0.39115105113296467
64548,0.40336609604337076
64549,0.3434638828196582
64550,0.413359951829519
64551,0.34981460123088925
64552,0.407472109128914
64553,0.4198425151048
64554,0.3334671834940718
64555,0.34472927108373497
64556,0.3484636533097428
64557,0.4158853388235739
64558,0.3728596509597402
64559,0.43463496572205224
64560,0.41531219378693285
64561,0.39228993784264793
64562,0.3708667039039861
64563,0.3442301330184211
64564,0.44725326345191213
64565,0.388933344850628
64566,0.3676254917012367
64567,0.3858970046460745
64568,0.31841326751879023
64569,0.35600406561757003
64570,0.38852400519926933
64571,0.37775512575377235
64572,0.3956269270177126
64573,0.39934740096134946
64574,0.43376801569922696
64575,0.36993682444917386
64576,0.43488842079567613
64577,0.3673212100147138
64578,0.3717069042421265
64579,0.417469565202469
64580,0.4004847018866851
64581,0.4223661008685008
64582,0.3877374402466598
64583,0.36189612453215475
64584,0.4112990668061182
64585,0.4078432623569144
64586,0.42266517212521243
64587,0.4207232064570797
64588,0.36970173523439265
64589,0.4240744131188602
64590,0.41070186716665
64591,0.3597861828253874
64592,0.3881467760259713
64593,0.3829850617468719
64594,0.40080220327344296
64595,0.4229914372182039
64596,0.40665403718750576
64597,0.35966796358521574
64598,0.31598245522185897
64599,0.40771548066113017
64600,0.3433908391456799
64601,0.4089820655394609
64602,0.4412318471740335
64603,0.39441592408341836
64604,0.3813814734159893
64605,0.3819377271017971
64606,0.3868560576177316
64607,0.37848697571387435
64608,0.391326901966428
64609,0.3806813602906001
64610,0.39907554760405495
64611,0.42357428851461887
64612,0.3919304829067271
64613,0.37855437151160753
64614,0.4114993951601279
64615,0.4298731904903276
64616,0.41760937140891785
64617,0.377136384083262
64618,0.4071764864707352
64619,0.4170105426883163
64620,0.4471036459374007
64621,0.38295902212758803
64622,0.3686364965432154
64623,0.43310891888643327
64624,0.36713160215938095
64625,0.4145043596589523
64626,0.42361973647591145
64627,0.36032715624255895
64628,0.37722062914580745
64629,0.36587164004184497
64630,0.38843059092078974
64631,0.3894865247870251
64632,0.4262321512302005
64633,0.36987024427086335
64634,0.36586148624192927
64635,0.38895335355678967
64636,0.4075116589190278
64637,0.3601435209768984
64638,0.3846879679486502
64639,0.3342429415765925
64640,0.40162848220833564
64641,0.4409826747631225
64642,0.4147576941084501
64643,0.4338837233156383
64644,0.34623791297521056
64645,0.4054936841104869
64646,0.3571269298402989
64647,0.38185340450675176
64648,0.36285695879038443
64649,0.3924715924888618
64650,0.3909606779338035
64651,0.36413377937463903
64652,0.33259101243859523
64653,0.4213172237105264
64654,0.397352537198055
64655,0.3470181802091197
64656,0.4119922146333975
64657,0.4080563017933527
64658,0.4011015547518595
64659,0.4101931718665866
64660,0.45364827315514894
64661,0.4486328420313769
64662,0.40359304773846516
64663,0.4101844171530259
64664,0.3802472033904273
64665,0.4332593563305226
64666,0.4341475064916277
64667,0.3820860695138056
64668,0.388984560317221
64669,0.43534799028488336
64670,0.3555661977241979
64671,0.42562195739417
64672,0.4254915197208508
64673,0.41114840699071387
64674,0.3816369833185597
64675,0.37705559793286847
64676,0.3623528103120859
64677,0.3709058030995677
64678,0.3932014942469802
64679,0.41282559308727335
64680,0.409294645751148
64681,0.3736366458803567
64682,0.38485207049516623
64683,0.37090114412193903
64684,0.33912381237916533
64685,0.3694358362240161
64686,0.41330519004432353
64687,0.3933991622651076
64688,0.4238663868654929
64689,0.42789264531933535
64690,0.40018680868743667
64691,0.3849891362992086
64692,0.36765179431091494
64693,0.38819577202750144
64694,0.3940051538426575
64695,0.38112994560774793
64696,0.41240827285708503
64697,0.40194463173851064
64698,0.35741994502093616
64699,0.4074343312296767
64700,0.39358808973854587
64701,0.4055019999540711
64702,0.36736699486077723
64703,0.38103223000554576
64704,0.41261567045759046
64705,0.3995145664082441
64706,0.41001758508519914
64707,0.3595745234766792
64708,0.3946789479622498
64709,0.42824413628763636
64710,0.4516581428665218
64711,0.3878399158801908
64712,0.36439134198271367
64713,0.43935102642808344
64714,0.37327195469800917
64715,0.41768832676126105
64716,0.37072350269951526
64717,0.3927745079664732
64718,0.39295048358370566
64719,0.3588457569538368
64720,0.339773404662955
64721,0.38394433051528026
64722,0.3875942954349504
64723,0.4126245338076113
64724,0.3163110789086572
64725,0.46774785282399467
64726,0.4265622611197687
64727,0.40968503784349547
64728,0.4106016240699088
64729,0.4437073297900455
64730,0.5087034502798717
64731,0.37407507409222596
64732,0.422618237590657
64733,0.33811951442898686
64734,0.41725030444980893
64735,0.39140631258038433
64736,0.4056454868097193
64737,0.31342504857665104
64738,0.37476521161832643
64739,0.4189438363406123
64740,0.42731680591042254
64741,0.3717579244473284
64742,0.37677822397627825
64743,0.4276590905001577
64744,0.3899360495822442
64745,0.38794396903990735
64746,0.40410745495603645
64747,0.39716286819119073
64748,0.3563495399020808
64749,0.4125024252605194
64750,0.4053495757174723
64751,0.39616108356293717
64752,0.37368137073314533
64753,0.3854458850115824
64754,0.4357736416006653
64755,0.42155248182732213
64756,0.3991410712716584
64757,0.3931569443920295
64758,0.3843061122818136
64759,0.3893166058569968
64760,0.35839362370569494
64761,0.3997296852899638
64762,0.41792387670167697
64763,0.32473437845753617
64764,0.3987635120034164
64765,0.3962023601424649
64766,0.435050914912259
64767,0.38600841995846247
64768,0.3915119806998549
64769,0.43093979562676354
64770,0.4402553136836276
64771,0.44904702081807846
64772,0.4159111293842067
64773,0.400249607854923
64774,0.3701978764350414
64775,0.4111847237057682
64776,0.34769176698107873
64777,0.4075038065441236
64778,0.4318207805291504
64779,0.40829849182386924
64780,0.41196501312518696
64781,0.3832786292064878
64782,0.39025513963000436
64783,0.4376339511631696
64784,0.39784889196339335
64785,0.4225324591909225
64786,0.3936086780745358
64787,0.3894674207575753
64788,0.37630359536550934
64789,0.3641508151872014
64790,0.38679098994062727
64791,0.3912813723099692
64792,0.3984449239717965
64793,0.4118132887978181
64794,0.4317951804829623
64795,0.4063640821763812
64796,0.370617154018572
64797,0.4241826503503686
64798,0.4320514970093903
64799,0.4240276182407153
64800,0.4030008787067144
64801,0.36842942309688453
64802,0.3839020724009161
64803,0.3569150300772113
64804,0.40957787088400016
64805,0.394224905109598
64806,0.47490706545894273
64807,0.39711243439221655
64808,0.3943655363425848
64809,0.3902933583087557
64810,0.42132170613310854
64811,0.3919102607049584
64812,0.3976327180457173
64813,0.33389355308350177
64814,0.3790214125605673
64815,0.37766939921606846
64816,0.4106696063097912
64817,0.37216024050418706
64818,0.44062138108735777
64819,0.39232007631753885
64820,0.3957306527446887
64821,0.3684017289400924
64822,0.3822923066803168
64823,0.39713183615577324
64824,0.4450489477555946
64825,0.424812479418317
64826,0.4082085280793407
64827,0.3861518516592368
64828,0.40736059055655954
64829,0.4377440730795359
64830,0.4266991933602203
64831,0.40243727483008657
64832,0.37822494916650873
64833,0.32828907267103136
64834,0.3862328108754647
64835,0.41067489328419127
64836,0.45136012147301796
64837,0.40777680763119994
64838,0.45225691344655405
64839,0.4135849969141368
64840,0.3698785872715736
64841,0.36875755166765256
64842,0.3528953862741767
64843,0.40027313765813827
64844,0.3718221123444192
64845,0.4368755178334605
64846,0.46111922014347795
64847,0.38033229542417546
64848,0.40021626387632714
64849,0.4171650179067408
64850,0.4093558930056587
64851,0.44645626039430836
64852,0.39132501774363887
64853,0.33465423910356296
64854,0.3817459442669129
64855,0.44137898289215577
64856,0.41217216861585904
64857,0.3713385297175079
64858,0.40806354048047366
64859,0.4052984375040995
64860,0.42641949183398614
64861,0.4014887492026423
64862,0.4013408678606051
64863,0.3928784234065439
64864,0.3674601372728544
64865,0.3552093364055357
64866,0.3552695148313077
64867,0.3956369116668423
64868,0.36581573627374564
64869,0.3746279447426591
64870,0.38306343357716943
64871,0.4088857269532421
64872,0.3786244767396364
64873,0.3573781390741184
64874,0.4396664425698368
64875,0.43726310296636006
64876,0.42249857920474176
64877,0.3608945504587893
64878,0.3428774847115913
64879,0.3534193999019892
64880,0.39054751265996646
64881,0.34288313321339
64882,0.42097002374644443
64883,0.4269842880268626
64884,0.32880767277939393
64885,0.4123871472938339
64886,0.40041323388577965
64887,0.3883033643483887
64888,0.3869793900524285
64889,0.3857407813775832
64890,0.4170484107392851
64891,0.4408927193226083
64892,0.4112317730196735
64893,0.3768110809418828
64894,0.4038252211884664
64895,0.39717585641090686
64896,0.41837730338977763
64897,0.3818721516365804
64898,0.4030299778423392
64899,0.3735454018420435
64900,0.3962886829349929
64901,0.4785103648173952
64902,0.38697851515460435
64903,0.3891223778099341
64904,0.43208066246065124
64905,0.4338740740023117
64906,0.42988374676756
64907,0.43439017478577935
64908,0.40863882686962394
64909,0.4009710182422178
64910,0.36218648466895786
64911,0.36438564983112487
64912,0.44853872538105966
64913,0.41232364034040947
64914,0.3838218593879742
64915,0.36875698116765143
64916,0.4553678473553305
64917,0.4396342706368777
64918,0.38124164207966377
64919,0.3780916126629934
64920,0.4655061400054056
64921,0.4269201495494292
64922,0.42904790089220246
64923,0.4091356954418026
64924,0.4076378130705782
64925,0.40512582353877524
64926,0.4179619578174276
64927,0.37211324129149337
64928,0.40021304618124254
64929,0.3886373546216331
64930,0.35268690777897393
64931,0.434252611598015
64932,0.41724239674166197
64933,0.4393483059439861
64934,0.41395470276316115
64935,0.41677870239049786
64936,0.413755719771221
64937,0.413621600650323
64938,0.39295435507784154
64939,0.3649672959398711
64940,0.41293942979314724
64941,0.36169106194312994
64942,0.3665387054379905
64943,0.45629273211048516
64944,0.4466304636157471
64945,0.42455955069651286
64946,0.470325518069949
64947,0.40885804604717313
64948,0.3626990602369986
64949,0.3744431279142279
64950,0.3400787331759997
64951,0.3578299062058561
64952,0.42149046762614356
64953,0.36022552919332723
64954,0.4556414986630587
64955,0.3982721351025072
64956,0.3802727700084793
64957,0.4261818299414096
64958,0.41107115304693914
64959,0.38908733307678145
64960,0.4072796478446852
64961,0.4093533174542843
64962,0.39419557962352575
64963,0.4112853563104065
64964,0.40747988430677756
64965,0.38011225623825856
64966,0.43523439200873926
64967,0.39990016751243485
64968,0.3781864071302461
64969,0.38062184703652086
64970,0.36016117655090163
64971,0.43637220288665746
64972,0.388478140189835
64973,0.4249900747050625
64974,0.38730174219907837
64975,0.3833845759871862
64976,0.40347716427721025
64977,0.34585440658791156
64978,0.3746847025675584
64979,0.3731364852822717
64980,0.3578478698306707
64981,0.36015258824593455
64982,0.4030098498515974
64983,0.45378957063998493
64984,0.404795178533006
64985,0.31720789125906174
64986,0.40245994804070045
64987,0.37493387221985625
64988,0.41370203029262237
64989,0.43249358635494867
64990,0.36984926969924004
64991,0.39938524556629657
64992,0.3493159950869479
64993,0.3936670605632989
64994,0.39258646068717
64995,0.4667327439111535
64996,0.3269183780604627
64997,0.4180721614337318
64998,0.3607453275887683
64999,0.38783129724812093
65000,0.4271244062300806
65001,0.3968915436230307
65002,0.36155631930320337
65003,0.40620803031470476
65004,0.4424767566677905
65005,0.39520740023656586
65006,0.4333843357939496
65007,0.4112186293607904
65008,0.3974825571542052
65009,0.39678345337300835
65010,0.4141247803582061
65011,0.4602026071333093
65012,0.4222609465692007
65013,0.3983006693270781
65014,0.4318303807786596
65015,0.35834853529339755
65016,0.36333135646035514
65017,0.35148898956217256
65018,0.43732999440242404
65019,0.39133623801117645
65020,0.38732407202062924
65021,0.3824216966583832
65022,0.41343388912675716
65023,0.468467296974314
65024,0.4453652440536997
65025,0.4119190565421846
65026,0.38003274926659114
65027,0.3939917504001115
65028,0.39795076308142535
65029,0.4155083620199288
65030,0.4240996010377772
65031,0.426470364633072
65032,0.4524647893659815
65033,0.4244212525377948
65034,0.3705241764815126
65035,0.42874285304779886
65036,0.39352068223276826
65037,0.4252535157627424
65038,0.35692933474360855
65039,0.4131664217422999
65040,0.384459655412357
65041,0.40321694294539345
65042,0.38322304779467536
65043,0.4567009360986721
65044,0.41590012799754494
65045,0.4047920763738611
65046,0.40412476631519345
65047,0.38242719949366477
65048,0.4362521003672039
65049,0.4317508839301511
65050,0.4107436578314159
65051,0.3768351028927564
65052,0.400617567137695
65053,0.399433636075746
65054,0.4242049505025853
65055,0.36494160038295825
65056,0.42862205986715424
65057,0.4233246730836446
65058,0.38202239982199815
65059,0.41568369623586576
65060,0.36601463663342376
65061,0.38847742948862174
65062,0.4395964347024558
65063,0.36723208273986413
65064,0.4007119053764781
65065,0.3647945643537463
65066,0.42943699686341846
65067,0.44891375724676486
65068,0.37585886006453234
65069,0.423060733633718
65070,0.3949284715616054
65071,0.4249986739898407
65072,0.44677158036607345
65073,0.39681351747591503
65074,0.3853979990296742
65075,0.4342180514487581
65076,0.37810901201172614
65077,0.3844959320799618
65078,0.4112782347254742
65079,0.33601907027209343
65080,0.3859055166514306
65081,0.4028069710749656
65082,0.378951615157029
65083,0.37615875034535806
65084,0.4151608650114306
65085,0.4101694007726533
65086,0.44818164179700803
65087,0.3757779365530545
65088,0.3720486611240933
65089,0.37740288225840746
65090,0.39690062821991284
65091,0.3958366393905178
65092,0.40163469359595005
65093,0.3688796111099282
65094,0.3865367980046931
65095,0.3869962108747739
65096,0.4024078627060898
65097,0.39459861417024844
65098,0.381360681691041
65099,0.4383652728346077
65100,0.3766057638703341
65101,0.3852828986767709
65102,0.38026316341790983
65103,0.3791993254805186
65104,0.42242926215377113
65105,0.4527677649584296
65106,0.40525764177106227
65107,0.390189443277017
65108,0.3772593628905746
65109,0.4268918968124207
65110,0.35041587441305455
65111,0.39685044722671325
65112,0.38101832121352364
65113,0.38910526043947663
65114,0.3964427640209633
65115,0.3826731293675425
65116,0.3713846389591584
65117,0.3597898426973221
65118,0.4093149508138864
65119,0.3698400769462804
65120,0.4104021266998968
65121,0.3693674774742771
65122,0.42532836628825643
65123,0.42240078974938894
65124,0.39380023957830657
65125,0.4637465552235639
65126,0.3899181563951601
65127,0.34746754628291765
65128,0.42334331397095
65129,0.3978273532286312
65130,0.40799264460300205
65131,0.3921994112920235
65132,0.37931064175070106
65133,0.40297035947864224
65134,0.4093083671523745
65135,0.434840872697505
65136,0.4066433207869259
65137,0.36199522263633443
65138,0.40668730937726016
65139,0.3872166270273139
65140,0.4100733067307164
65141,0.4662741068342746
65142,0.4133558927897289
65143,0.41879183252564367
65144,0.47341892212708125
65145,0.3999991975098641
65146,0.4482474292135226
65147,0.3654162560734774
65148,0.3940737509349884
65149,0.49497969708849954
65150,0.4034745734020241
65151,0.38357530218745944
65152,0.4235075549959104
65153,0.4086469941868627
65154,0.4212707914801862
65155,0.4384855535489173
65156,0.42232569861177205
65157,0.35403934747948773
65158,0.42004510715812954
65159,0.3828759615092623
65160,0.38971049275461656
65161,0.4309114616995654
65162,0.3908221038089283
65163,0.4395779953399651
65164,0.3967422980210579
65165,0.3993643397156937
65166,0.37841979223753797
65167,0.37668964699124485
65168,0.3954226730528211
65169,0.383644046066693
65170,0.4462267610851827
65171,0.41058664138275763
65172,0.35385030983829185
65173,0.39499114144642167
65174,0.39633072106793477
65175,0.39402769351064293
65176,0.36562241726656874
65177,0.4478183027046773
65178,0.4102017083801999
65179,0.4601285373143687
65180,0.4307912180624545
65181,0.41057957088862257
65182,0.3524567759987839
65183,0.35806599592230864
65184,0.4105985855425207
65185,0.399894075828191
65186,0.336555590165787
65187,0.4206634405118319
65188,0.37405301231061705
65189,0.3651617632174853
65190,0.39181189445915066
65191,0.39754471280796816
65192,0.39140721250351795
65193,0.4029421752087816
65194,0.3917899761413167
65195,0.41540921568240985
65196,0.3992043589018481
65197,0.43531178515501634
65198,0.4113387598329391
65199,0.38187365633068504
65200,0.4069009532960567
65201,0.42583518305057205
65202,0.40187696395149597
65203,0.42585938298099596
65204,0.4012856437035763
65205,0.45354840321412654
65206,0.41248606592775394
65207,0.34721810263745595
65208,0.40626245877718364
65209,0.3607165919618154
65210,0.42375483163822075
65211,0.4023305975244588
65212,0.35065141968519953
65213,0.4088230270206042
65214,0.46532019889415865
65215,0.37237784255093115
65216,0.4188769174736796
65217,0.3889342519631349
65218,0.39358643593073905
65219,0.3404781737354184
65220,0.4324274822639977
65221,0.3886135222738137
65222,0.3770268112738733
65223,0.4330427902983657
65224,0.3908137970720291
65225,0.3933502386118647
65226,0.3425700333530298
65227,0.3681539845180203
65228,0.3816962623764271
65229,0.4729473570542674
65230,0.39563854459534087
65231,0.41192786372875834
65232,0.40368968774513514
65233,0.3886402989728308
65234,0.4243816856492263
65235,0.46635685605843546
65236,0.3831610282103429
65237,0.38500259946960996
65238,0.4308865704251415
65239,0.41395824669885894
65240,0.3782063053037861
65241,0.4347415774226994
65242,0.4059014047204899
65243,0.3902979870972662
65244,0.4298116551570379
65245,0.3471509864612204
65246,0.38988177810683666
65247,0.37447983095575077
65248,0.4377100251669023
65249,0.4119571127259454
65250,0.4463736729079093
65251,0.44919667205489144
65252,0.42341541808268607
65253,0.3378737919801125
65254,0.3646998151506149
65255,0.39558196564126263
65256,0.42278177455526195
65257,0.3855627227156462
65258,0.3690181592327122
65259,0.4309945374722327
65260,0.3668022059345132
65261,0.35252094742398726
65262,0.34954397375930096
65263,0.39258704521158744
65264,0.38750211679407404
65265,0.3580596510364077
65266,0.3800423597617224
65267,0.3855876724978529
65268,0.40692400184608224
65269,0.42247227915726826
65270,0.36636067487543705
65271,0.3872806019764669
65272,0.4218020414900742
65273,0.406895717063976
65274,0.44641965861927824
65275,0.4169531405605851
65276,0.4040571950176362
65277,0.3844504035395257
65278,0.4318632832102423
65279,0.4098116955630791
65280,0.4469177058059258
65281,0.3704493465418888
65282,0.42570310156873253
65283,0.4650539281623626
65284,0.35934300013220466
65285,0.3976837307484314
65286,0.3655838999756406
65287,0.4920302144977229
65288,0.3765301533703845
65289,0.41395339337439363
65290,0.3800811578376555
65291,0.3492047451455844
65292,0.40327339722202565
65293,0.3823398232112114
65294,0.37367331421309724
65295,0.4031201338747298
65296,0.4507062718994658
65297,0.34361716527455777
65298,0.4139022802270723
65299,0.37076857413420256
65300,0.40129241299612683
65301,0.36709331361980163
65302,0.4261452405675158
65303,0.3997202157602609
65304,0.372423539430876
65305,0.34137604798327215
65306,0.46434751658025875
65307,0.35832256835479814
65308,0.3937415863636311
65309,0.43904547507631836
65310,0.3992367659654438
65311,0.3828815967552647
65312,0.4168224266902308
65313,0.37852306121562396
65314,0.4198994749050771
65315,0.395392288361066
65316,0.4275073418453922
65317,0.40489212655300977
65318,0.3916006178299951
65319,0.411564158858216
65320,0.3993809930019511
65321,0.3845152542940535
65322,0.40063946857487603
65323,0.4528683315009556
65324,0.3821220812146478
65325,0.3955440722611294
65326,0.4058618628997395
65327,0.42244218847120674
65328,0.41658570437717934
65329,0.3822153273611782
65330,0.4304652245253698
65331,0.36942533838324937
65332,0.3958895555540438
65333,0.4270373197464261
65334,0.3693325500447878
65335,0.43913602968071097
65336,0.3553055517109248
65337,0.39819268136212
65338,0.3887841373555919
65339,0.4001704419769851
65340,0.3395222540440827
65341,0.4323176250457694
65342,0.42023869197459024
65343,0.4289796020514066
65344,0.4073557653379729
65345,0.41229073835266306
65346,0.34899379272179787
65347,0.4123107471336353
65348,0.43032284878575483
65349,0.42144447923298756
65350,0.364167593222602
65351,0.4230514666154091
65352,0.41236555177172757
65353,0.3672423681340291
65354,0.38799740233637325
65355,0.4335701910120645
65356,0.45392711321366747
65357,0.3802167196987035
65358,0.43787687153665383
65359,0.38859914093069414
65360,0.35779736104466986
65361,0.4027123848906616
65362,0.4150258655602557
65363,0.3946172955199635
65364,0.3978934379535045
65365,0.36386005692390366
65366,0.41062125548681544
65367,0.3723354208726445
65368,0.36855539060952813
65369,0.38361987044582113
65370,0.3563177321027659
65371,0.40385680709050753
65372,0.4497074767548553
65373,0.35943326672499465
65374,0.3795078482201597
65375,0.3282777805929586
65376,0.41007836481769655
65377,0.40307114779847986
65378,0.41933649097444636
65379,0.45615350966438867
65380,0.4081457829905388
65381,0.38437970800446775
65382,0.42407864564606684
65383,0.392026953485098
65384,0.3400255147622569
65385,0.39519819050460875
65386,0.39108684323116566
65387,0.37334775152232813
65388,0.3793334863303295
65389,0.3649798689116884
65390,0.38292166020502266
65391,0.4099779880758337
65392,0.3679891694265747
65393,0.3607046532792067
65394,0.39063139501844113
65395,0.38593237465984975
65396,0.415586774410461
65397,0.40036644572570357
65398,0.45498561436849994
65399,0.36684824242735226
65400,0.4242687291150286
65401,0.3730022655030242
65402,0.3422810570987405
65403,0.4140508213805193
65404,0.39357004960454295
65405,0.39437825783072117
65406,0.4093574733503481
65407,0.33022854369010934
65408,0.43348382665804797
65409,0.3816194693002303
65410,0.3714365900904673
65411,0.39679733628571867
65412,0.3993559521302876
65413,0.3949196001854751
65414,0.4104267176172168
65415,0.4002675760325349
65416,0.3504501213930573
65417,0.39353282184229893
65418,0.4269255348055226
65419,0.42710125089676754
65420,0.3475159968473647
65421,0.37187332802575745
65422,0.3350156090397603
65423,0.3943080881034973
65424,0.42664052742665254
65425,0.4020241726689692
65426,0.3930602150036528
65427,0.4373647086364412
65428,0.4234168279775223
65429,0.4207065720218169
65430,0.40063370960440403
65431,0.4121331572957174
65432,0.3624191589868594
65433,0.40219194795963886
65434,0.40213372179338375
65435,0.41198465098941783
65436,0.4365046478940794
65437,0.37363797046078284
65438,0.4020105625789618
65439,0.4140997291833009
65440,0.3779120417907886
65441,0.433150110303508
65442,0.4302889295251186
65443,0.39241225316392936
65444,0.4539131859238862
65445,0.3245186071116582
65446,0.377115874821908
65447,0.41561195883068286
65448,0.39351981086102134
65449,0.39388120645894403
65450,0.3708333791216755
65451,0.37769171422117237
65452,0.43413022000374535
65453,0.4273125513367879
65454,0.37499884110281656
65455,0.4212193072252872
65456,0.4146438850301857
65457,0.3516047676427818
65458,0.41702949462884426
65459,0.38928357834419597
65460,0.36844798382062754
65461,0.37165452624029344
65462,0.3924711826757755
65463,0.43101993901752395
65464,0.41526511330383603
65465,0.41088371664043255
65466,0.3786907144627951
65467,0.40911699527580203
65468,0.4230315594785402
65469,0.39574588762818486
65470,0.38743757344225394
65471,0.42423640512527083
65472,0.3863714147649472
65473,0.36836306915645844
65474,0.37975104406018834
65475,0.3548091598413185
65476,0.3338419576269501
65477,0.3447912284509068
65478,0.3924994166400195
65479,0.4227961272156085
65480,0.4380095664273859
65481,0.3552840777305365
65482,0.40264882735041857
65483,0.34725861537414926
65484,0.41762963054056407
65485,0.38576611048736126
65486,0.36353615250352667
65487,0.4280826817619415
65488,0.37950111571619516
65489,0.4869414677868613
65490,0.46080410190306004
65491,0.37693838081021713
65492,0.3986470764968628
65493,0.40963629500449295
65494,0.3616095743825558
65495,0.3736588631415557
65496,0.4375108256680649
65497,0.4036939425348872
65498,0.40660163623558376
65499,0.3674767740567164
65500,0.3624807827823419
65501,0.3539428322784905
65502,0.3786966097659299
65503,0.31615631404345645
65504,0.3875001256898101
65505,0.41250868760571474
65506,0.44136664016867677
65507,0.37755021955940643
65508,0.46190669859731054
65509,0.35656180650225816
65510,0.3698184725033261
65511,0.35351442149574763
65512,0.366759025230251
65513,0.3844102904745711
65514,0.41560945450195075
65515,0.471306906236166
65516,0.3782940126121688
65517,0.41340454329874693
65518,0.4223113198191731
65519,0.4087887532079677
65520,0.39413429488900276
65521,0.3908556817664715
65522,0.3533588359047074
65523,0.4051238510874497
65524,0.40701237918766225
65525,0.34023280613538565
65526,0.36537294069662896
65527,0.41537323350657684
65528,0.3952913980060899
65529,0.4259805693042308
65530,0.35656694173912573
65531,0.36650557087008884
65532,0.4644093421859986
65533,0.389181720523632
65534,0.3838240401865472
65535,0.4253745457782308
65536,0.36617721946276965
65537,0.3907645553019345
65538,0.40776985029912144
65539,0.3779237430536774
65540,0.3580399693551612
65541,0.3890319072194696
65542,0.41767790869126153
65543,0.3860501391499766
65544,0.3815955919126056
65545,0.4343688646864984
65546,0.35906483987677607
65547,0.3622274427819884
65548,0.3653285950905004
65549,0.37241416060448296
65550,0.3925081193783636
65551,0.36741511839917207
65552,0.36566953116646317
65553,0.37283900056858005
65554,0.36508734765156725
65555,0.41016746496984763
65556,0.41432468967568803
65557,0.40750182589412226
65558,0.36996209402481717
65559,0.3635036695379456
65560,0.39382377630868254
65561,0.35779216214762105
65562,0.3648237212690848
65563,0.4425768498924937
65564,0.41647634898869096
65565,0.41918266367282436
65566,0.43656236483026517
65567,0.39923724566866686
65568,0.38478052938191765
65569,0.4085358348850939
65570,0.3941871754556271
65571,0.39917891722742976
65572,0.4088582172373149
65573,0.42602629429953964
65574,0.3853286553813223
65575,0.35319640694985155
65576,0.37937239623669006
65577,0.35240605278357345
65578,0.33038134618317894
65579,0.35600582941728315
65580,0.402455809177286
65581,0.3977022846849226
65582,0.3989321136712081
65583,0.41285247832044086
65584,0.3866694556457806
65585,0.4182805592385862
65586,0.37202120470186645
65587,0.3885474495071292
65588,0.3683155618137976
65589,0.3863537224217259
65590,0.3814912089322167
65591,0.366638558908442
65592,0.357435361296355
65593,0.3927246720391809
65594,0.36292375649211567
65595,0.42312214735321335
65596,0.38837354881396396
65597,0.4281804250011365
65598,0.34027005296719726
65599,0.38663993941892705
65600,0.3982874689605913
65601,0.4212901432349502
65602,0.3568170330471278
65603,0.3470305930927795
65604,0.41452759435830133
65605,0.36718191813874546
65606,0.3676161354208212
65607,0.4131036468096217
65608,0.4420607065582384
65609,0.42913944447462293
65610,0.3653907454756234
65611,0.35952947139965974
65612,0.36380714671739917
65613,0.3809468351797969
65614,0.4081661118050733
65615,0.42234837982019297
65616,0.43856625448039294
65617,0.3935185226569989
65618,0.41627475275309145
65619,0.3981922634612109
65620,0.354526925406248
65621,0.3432797581907138
65622,0.37586462983585284
65623,0.3826805891042022
65624,0.4076590181843998
65625,0.39071912526114333
65626,0.38585751203746027
65627,0.3852024157711855
65628,0.3132207165017475
65629,0.40575579313664994
65630,0.38757735851734365
65631,0.3828884735981552
65632,0.4404857469349429
65633,0.3503877323979542
65634,0.3575805767576929
65635,0.3706222566394499
65636,0.3479483345808033
65637,0.4614420351491292
65638,0.40722151590102157
65639,0.39515331530540737
65640,0.38975715653474313
65641,0.38209954060482265
65642,0.3420358033428311
65643,0.4076633770028169
65644,0.4002216783516926
65645,0.426235091493213
65646,0.3800311371706583
65647,0.4232057856041316
65648,0.3939766558985546
65649,0.3700729373172083
65650,0.3833443736020138
65651,0.4260785965087293
65652,0.4179303270478844
65653,0.37095305614899776
65654,0.34518662107488707
65655,0.40739197359457485
65656,0.41605545123706683
65657,0.374163752368629
65658,0.4151440881978853
65659,0.4082727190192065
65660,0.35251823226351164
65661,0.4023359442847445
65662,0.39839469057119087
65663,0.4298533358256467
65664,0.39038339969572594
65665,0.42386330421982793
65666,0.3903326612277002
65667,0.4140491268193148
65668,0.3474809783351291
65669,0.4164437202824572
65670,0.31949299451297364
65671,0.4108992313777387
65672,0.3922894924631531
65673,0.3573571013758001
65674,0.41882688842681387
65675,0.4102840485120429
65676,0.3933330446611145
65677,0.42765881637431274
65678,0.3527230433348622
65679,0.43036729120543493
65680,0.4267984454987088
65681,0.3592398327471887
65682,0.43720974333332013
65683,0.4071066066433137
65684,0.41890244834347556
65685,0.37329352785239145
65686,0.4009241028762294
65687,0.3792321808398918
65688,0.37243506154221034
65689,0.39465541934864573
65690,0.3757524011161629
65691,0.38416455574195163
65692,0.41076652478517406
65693,0.40214786546792963
65694,0.3982068531099643
65695,0.3717380859212864
65696,0.3769564736908846
65697,0.35939676214366895
65698,0.389169858233197
65699,0.35430381233175023
65700,0.37516786176945105
65701,0.37826212037377804
65702,0.4018148982190479
65703,0.3976608607313511
65704,0.33034339352598663
65705,0.41847007932137387
65706,0.42504318811049446
65707,0.3513500359466184
65708,0.36893377600304067
65709,0.37415931781768247
65710,0.39118080116729137
65711,0.4196704819112725
65712,0.4157138858934861
65713,0.3937351618943283
65714,0.3960031226652639
65715,0.4058440966122676
65716,0.4204376445141355
65717,0.4037478037175176
65718,0.4023314554583161
65719,0.41484201061735565
65720,0.4168870600679188
65721,0.3907291738368365
65722,0.3326251336112338
65723,0.38971504874841223
65724,0.36371461973837843
65725,0.41535865500810404
65726,0.40363526515319303
65727,0.3985901427564262
65728,0.37491144555006206
65729,0.41285783698926126
65730,0.4091408037120101
65731,0.3630307391923195
65732,0.37231011374690304
65733,0.3917343368673796
65734,0.29834481530309725
65735,0.35472208709429
65736,0.38253455742380543
65737,0.44575577528134924
65738,0.3582699043486084
65739,0.41160915967681067
65740,0.37370931354124076
65741,0.37822787473831254
65742,0.3874113275790915
65743,0.3575846992607423
65744,0.3531461713679559
65745,0.4416971239916547
65746,0.3944767356607185
65747,0.4029317204466736
65748,0.38423632704473554
65749,0.38605980978661925
65750,0.4075605830443809
65751,0.33500787241833996
65752,0.4110033814966687
65753,0.38151663052283247
65754,0.4170825569688143
65755,0.3931050188077158
65756,0.3942957303885346
65757,0.4191636046239056
65758,0.423844848306719
65759,0.38724636912577015
65760,0.38031636381701617
65761,0.37923927694028603
65762,0.3802856267360863
65763,0.3085520515653468
65764,0.3534110022617811
65765,0.4175423010008528
65766,0.41521482575721436
65767,0.425073640743362
65768,0.39355203735592725
65769,0.37708611518604795
65770,0.41872423127020575
65771,0.3911367795323371
65772,0.3830721318846217
65773,0.39150653742081076
65774,0.3741200016336813
65775,0.4361577683994658
65776,0.3968947686115245
65777,0.4060590246900227
65778,0.38504971709026137
65779,0.4041367500195652
65780,0.3806432152991603
65781,0.43336671428664464
65782,0.399835967390293
65783,0.4358187838963125
65784,0.4308362238087659
65785,0.42200333860085876
65786,0.3746471986709757
65787,0.37194091631052256
65788,0.4247674813520243
65789,0.40532258278869127
65790,0.4066184273552122
65791,0.3811268804599916
65792,0.43239143573153666
65793,0.42985178741424457
65794,0.3661571019965681
65795,0.3910297249422484
65796,0.3804868355307632
65797,0.36861593510249124
65798,0.4066243709331382
65799,0.36227571730843644
65800,0.3630482168164035
65801,0.39127508756195095
65802,0.3061970723770252
65803,0.3925653192862568
65804,0.4195590693864084
65805,0.3940606300004994
65806,0.41953528103146354
65807,0.34352940006246246
65808,0.40886580758032404
65809,0.3797874698835939
65810,0.3270752477610592
65811,0.4034828492683453
65812,0.4216770679122763
65813,0.41865208144717825
65814,0.35647752373693203
65815,0.38624287068422963
65816,0.3975948007178696
65817,0.39851233328572033
65818,0.39246996054744887
65819,0.41160075302970095
65820,0.3624793643948976
65821,0.3997561867776854
65822,0.3876103231075677
65823,0.39586272743784373
65824,0.3890695870022839
65825,0.3485439837712511
65826,0.4091390874012674
65827,0.3679826112830197
65828,0.39306225377513926
65829,0.40127457419413376
65830,0.3951805360953302
65831,0.4315603508345945
65832,0.35735655270378686
65833,0.40791273359073127
65834,0.3909624715530686
65835,0.43546788263046177
65836,0.3958624014240524
65837,0.4501582485317285
65838,0.38733627555482736
65839,0.4192297561044808
65840,0.3546044030668938
65841,0.43612218452415064
65842,0.33511589789499946
65843,0.37386914392325504
65844,0.3955772525054614
65845,0.409697593250208
65846,0.39075511845819555
65847,0.4201020264275578
65848,0.437924608561018
65849,0.4397684525154697
65850,0.3483287212715672
65851,0.39368348427276045
65852,0.41121950022185527
65853,0.4033234958666078
65854,0.36201443128438454
65855,0.38957160787342626
65856,0.34981473151101705
65857,0.43377085127804227
65858,0.37450786111583667
65859,0.36439381919699704
65860,0.37148122504164915
65861,0.39098802262231924
65862,0.34375359795120003
65863,0.4242728269393146
65864,0.4004961913984062
65865,0.4439215587195669
65866,0.3130831814966846
65867,0.42436324406010656
65868,0.32892737305915387
65869,0.3923213769939864
65870,0.34017754904223635
65871,0.3744320815035498
65872,0.3664902526572479
65873,0.39198796773056854
65874,0.3798847156598264
65875,0.39705196358262607
65876,0.3865338831812952
65877,0.3657437307817422
65878,0.3872014070227126
65879,0.39201827316424087
65880,0.4055765488185629
65881,0.37625634499617994
65882,0.41220460740550696
65883,0.400712336751208
65884,0.3759446571831542
65885,0.37433020410370765
65886,0.402338389285025
65887,0.39430027899418657
65888,0.3967298476833685
65889,0.4419589107142815
65890,0.3833313320802979
65891,0.3919926987576909
65892,0.37579945642933404
65893,0.38959186341431656
65894,0.34405247722537113
65895,0.3823308572019889
65896,0.34669569059202776
65897,0.469485809121887
65898,0.3973346777430219
65899,0.3953422166453037
65900,0.4107822007216292
65901,0.34222922797605637
65902,0.41960955488484286
65903,0.3921007723050893
65904,0.325195757425018
65905,0.41971654166169625
65906,0.35704767281907956
65907,0.4172044809751868
65908,0.4084682312978625
65909,0.38606103570220324
65910,0.3841358293331952
65911,0.42352568600307117
65912,0.38985812505922346
65913,0.42271188980191154
65914,0.3856410890088297
65915,0.41048922231619017
65916,0.4211255625989928
65917,0.33980948096407126
65918,0.327530300221132
65919,0.3933058384941309
65920,0.368491951313851
65921,0.37305731227044164
65922,0.3882209081851051
65923,0.3761338460393114
65924,0.3639986348133666
65925,0.4305555518539889
65926,0.33097286865326675
65927,0.4082685048612671
65928,0.38623299383193926
65929,0.3910782683076641
65930,0.39393157927015016
65931,0.4143248453186014
65932,0.3776693060043974
65933,0.30064415083310825
65934,0.34337443863144546
65935,0.3995327088446455
65936,0.3798105809342433
65937,0.3882545511847127
65938,0.39595669910764514
65939,0.3532491462555187
65940,0.36674192292642027
65941,0.3673004182206694
65942,0.3893445696018309
65943,0.3426653626651168
65944,0.3984864142831266
65945,0.3727763208473956
65946,0.38482989551328717
65947,0.3611430513503063
65948,0.3923387832587404
65949,0.36798688860741596
65950,0.40479385425727027
65951,0.406881218763387
65952,0.3823645967599204
65953,0.33729222755715377
65954,0.4175144454435258
65955,0.399747329580751
65956,0.3948222316428122
65957,0.40504627781785846
65958,0.3905392560805205
65959,0.37563350857855937
65960,0.39465756336729196
65961,0.4008451217735753
65962,0.3593279075695341
65963,0.4502281538895254
65964,0.40568193828058174
65965,0.4063659812889452
65966,0.3952884701088076
65967,0.35943923676720796
65968,0.40373732812277896
65969,0.34916472016879824
65970,0.40887102561948335
65971,0.35332647119691063
65972,0.3929582800294581
65973,0.3954085411723351
65974,0.3584549564689851
65975,0.4026664969528535
65976,0.3866149486623965
65977,0.4158790249764636
65978,0.36123079776854083
65979,0.3370185144417758
65980,0.40939338099308253
65981,0.3368805100647139
65982,0.3652718693414846
65983,0.38391907906017614
65984,0.35648666121678474
65985,0.38275638438736787
65986,0.4141960464740068
65987,0.34641020019498026
65988,0.3559517493984239
65989,0.33449923409266363
65990,0.43950643565918845
65991,0.39289920429946096
65992,0.4684510587425754
65993,0.3425843223614777
65994,0.39009881090553133
65995,0.3594501899355395
65996,0.40433501629570495
65997,0.3834909981161188
65998,0.4174015790338947
65999,0.36800581472863103
66000,0.3973318207758337
66001,0.3470179930937153
66002,0.41193006127723925
66003,0.40067719233154037
66004,0.37291295755410475
66005,0.3789403921466726
66006,0.40299075658366645
66007,0.3517159667287252
66008,0.4304460254125727
66009,0.43297812307931594
66010,0.3337363493021853
66011,0.3858525865074434
66012,0.3851423020727832
66013,0.4463671181176138
66014,0.3822202101869201
66015,0.4086519914584411
66016,0.41711456868070995
66017,0.3785264194783066
66018,0.407177902470939
66019,0.3951163705918115
66020,0.4097333396352651
66021,0.36135264723575566
66022,0.3651020512701532
66023,0.3237287998169922
66024,0.3421371104491021
66025,0.3310759985784719
66026,0.3329853991602468
66027,0.37213596589354764
66028,0.3795845371602693
66029,0.43110742114170947
66030,0.39495758614313536
66031,0.3678512362644886
66032,0.4012810603547994
66033,0.4123166646257771
66034,0.4053210099622585
66035,0.40535108914100393
66036,0.4112404740213405
66037,0.398025940059334
66038,0.37583610801278855
66039,0.3210774061902019
66040,0.3647293187548536
66041,0.42842784819228885
66042,0.3423109683845149
66043,0.36646693682909665
66044,0.37742632619690375
66045,0.4025106823589581
66046,0.34990547782393777
66047,0.40118246387843204
66048,0.42338156764409574
66049,0.4166013530411182
66050,0.35777842248485114
66051,0.39143234109422204
66052,0.3434762888320171
66053,0.33444883266969033
66054,0.4182412032373514
66055,0.3840966710437108
66056,0.36398468204647105
66057,0.36578078250155655
66058,0.42395618466934676
66059,0.4344791555310907
66060,0.4351682165492212
66061,0.40030079403368785
66062,0.3196565135405225
66063,0.41768911273149656
66064,0.32187874470997724
66065,0.345630570338661
66066,0.39250946150003524
66067,0.39387916431500136
66068,0.3924007507663905
66069,0.29179112680279956
66070,0.3814380752560053
66071,0.38459515218106993
66072,0.4132184965012352
66073,0.38531380500488277
66074,0.36374361719175674
66075,0.3495806927788902
66076,0.46176672472237046
66077,0.3913744146973587
66078,0.3910932594837163
66079,0.3723392258481266
66080,0.3502762311243133
66081,0.44778525121761203
66082,0.41940637211318466
66083,0.3751607901057706
66084,0.3920538173351897
66085,0.3977376031629517
66086,0.38773339243584254
66087,0.3665810961014514
66088,0.4114266991656467
66089,0.409373009195453
66090,0.408214135576904
66091,0.3565299653030366
66092,0.3680820886193795
66093,0.4052494236776226
66094,0.36870007381533476
66095,0.39778799850931773
66096,0.426274022019076
66097,0.4249206976477258
66098,0.3938162249315907
66099,0.37353258876725093
66100,0.37777180409275024
66101,0.36043484418519506
66102,0.38319777168169017
66103,0.34545225905293453
66104,0.3827180425382678
66105,0.4130187355730995
66106,0.46466779680553366
66107,0.3908142210223297
66108,0.40965441924285484
66109,0.4229870814175359
66110,0.3980585537950614
66111,0.38888220218418207
66112,0.3964471057947472
66113,0.39577127303066106
66114,0.4152018506939675
66115,0.30579015868696396
66116,0.3848830095709923
66117,0.4263520030714673
66118,0.39466123523037694
66119,0.3308028639100218
66120,0.37504204591809603
66121,0.4309475042822836
66122,0.3689292710793394
66123,0.39363670283219443
66124,0.40831467675745625
66125,0.38934623159464965
66126,0.3645932655340393
66127,0.3758865761892946
66128,0.42499733301210585
66129,0.3699033238811179
66130,0.3999813797983632
66131,0.35967682128773265
66132,0.3359370616533372
66133,0.31597695926130465
66134,0.43291287077155194
66135,0.3974719657175614
66136,0.343371324219758
66137,0.3958062973887192
66138,0.3288680416186494
66139,0.4301424980910264
66140,0.42105189421422645
66141,0.3645090912545607
66142,0.3930244815183265
66143,0.3458548111292261
66144,0.39096529912972317
66145,0.40178751406979857
66146,0.3289421584761667
66147,0.3394147104343501
66148,0.40814072935628365
66149,0.4040991967626862
66150,0.3785250827618905
66151,0.4235514856080873
66152,0.37021026682048364
66153,0.3886530095570278
66154,0.33185155539171307
66155,0.3483146589626037
66156,0.42548524305633867
66157,0.36224098086223394
66158,0.3604994990437481
66159,0.4045369710716068
66160,0.3314627773294002
66161,0.40001638455394506
66162,0.40255805499794767
66163,0.35666054532602115
66164,0.39029573080354285
66165,0.4410293288905978
66166,0.36292614751263597
66167,0.3811081264327625
66168,0.32771241143467084
66169,0.37881579627743134
66170,0.4082535846145404
66171,0.40393720145101203
66172,0.3550432524011286
66173,0.33082074746848256
66174,0.3858345495239318
66175,0.37463680890589296
66176,0.3141339704272411
66177,0.4172969081784688
66178,0.3493470881977144
66179,0.3823422694527943
66180,0.3342666377389898
66181,0.3979188827213646
66182,0.3663762673052165
66183,0.41709443742210783
66184,0.3572768099711773
66185,0.33779663999768156
66186,0.40059125065976897
66187,0.3463607128723285
66188,0.36316856149252297
66189,0.3662678835276644
66190,0.3641348083807395
66191,0.3928841890820668
66192,0.4017402385530257
66193,0.3315772511832161
66194,0.34432893123079816
66195,0.38464506989429886
66196,0.4593888441601882
66197,0.36160645655189305
66198,0.35462377485890867
66199,0.321133769946138
66200,0.36292770651244277
66201,0.39165660825657156
66202,0.3843600245014329
66203,0.3395157092079404
66204,0.4099941446263631
66205,0.3513931651518086
66206,0.4312541692143311
66207,0.3465912247038817
66208,0.3947648223575043
66209,0.3884721637887723
66210,0.38511801770850895
66211,0.36592747467337217
66212,0.401054632404142
66213,0.35809319897411734
66214,0.4326672914739505
66215,0.384340049646449
66216,0.31273417456925723
66217,0.38371598492755976
66218,0.3730726126936475
66219,0.4004609773247483
66220,0.367205924482075
66221,0.38744604613736877
66222,0.4245246802528021
66223,0.35622640256187477
66224,0.3879995161636255
66225,0.3769780562231633
66226,0.43077389306827113
66227,0.38176421014246703
66228,0.4563561410468754
66229,0.3942444650843345
66230,0.36811407514488237
66231,0.37503163984973736
66232,0.3652546576798725
66233,0.4107533633950815
66234,0.37620466473274083
66235,0.3854659507410468
66236,0.370691367074204
66237,0.3657936955517543
66238,0.3975683693165854
66239,0.3785356445369507
66240,0.4014295777307585
66241,0.3836314473104973
66242,0.4284794414528021
66243,0.4114467363498511
66244,0.3664965974737345
66245,0.3523214099929596
66246,0.39183775142171284
66247,0.3616276770086075
66248,0.34192386794868174
66249,0.42978523413417286
66250,0.384418777028582
66251,0.3333952015174293
66252,0.3960349634190949
66253,0.37975104465838383
66254,0.36522591535695514
66255,0.3696669162186053
66256,0.3535268418725186
66257,0.3907269031383331
66258,0.4383085978528023
66259,0.3450195414470119
66260,0.3668363916974669
66261,0.3822549775452188
66262,0.35786087693016316
66263,0.457412475548825
66264,0.4302501678535423
66265,0.407503620103685
66266,0.3422661507188899
66267,0.42998965304721387
66268,0.41099853737217296
66269,0.3799642420258423
66270,0.36615734604729394
66271,0.3895155763859365
66272,0.39638042387684513
66273,0.3821447067211976
66274,0.4113697152125433
66275,0.34613723265764296
66276,0.3588149691230649
66277,0.38098492216783286
66278,0.3903050825196588
66279,0.38853104216921774
66280,0.44468508750874153
66281,0.3581859569378069
66282,0.33385514411405326
66283,0.3922647475291202
66284,0.4086048020058487
66285,0.3882966314646485
66286,0.3552986506406816
66287,0.37935239503503915
66288,0.34792479514289376
66289,0.3841142246319068
66290,0.36826794383606726
66291,0.44206441700483323
66292,0.3970551378258319
66293,0.4018324486277302
66294,0.3606383128173581
66295,0.30784639813792875
66296,0.30613015776371305
66297,0.3993563693495697
66298,0.35262569831376483
66299,0.41610665636117955
66300,0.3474371776687342
66301,0.39106884677509995
66302,0.36937883015185796
66303,0.4043822400160437
66304,0.38754136443837905
66305,0.3714422692378237
66306,0.40033020559835825
66307,0.3465283363975218
66308,0.3743136673944104
66309,0.3766009861440433
66310,0.3836973682987887
66311,0.38520542488204235
66312,0.3764883029183817
66313,0.32715633828787005
66314,0.3939519493138974
66315,0.40468463442178665
66316,0.34704389562491506
66317,0.3554292454722175
66318,0.36327446577645145
66319,0.387990175166976
66320,0.40421860726052433
66321,0.3777766581815638
66322,0.36727984303725497
66323,0.41499908496680454
66324,0.44132777341080986
66325,0.3742491130013367
66326,0.4227576533055781
66327,0.3140843579454344
66328,0.3651432820459486
66329,0.34992536959423026
66330,0.33131372641000634
66331,0.3835698984333615
66332,0.4087994579542347
66333,0.39024269216773705
66334,0.35982768638588764
66335,0.4021119567296235
66336,0.3952718589302513
66337,0.38315198710492426
66338,0.34753689695631995
66339,0.4177870983887017
66340,0.4460217736964419
66341,0.3968601421871348
66342,0.3849571495424976
66343,0.36481182133783113
66344,0.36930087384811844
66345,0.3567498879779073
66346,0.35269301753971527
66347,0.4077881963997524
66348,0.4217829204627356
66349,0.40621965461554865
66350,0.35888743368739373
66351,0.42302847225066653
66352,0.35334368815602535
66353,0.41410968301384754
66354,0.38166018152957937
66355,0.3585072328397674
66356,0.4128143016950474
66357,0.35908966620821037
66358,0.34615691037380925
66359,0.3850305530766895
66360,0.38574348164079614
66361,0.35509563593655213
66362,0.36863359132377493
66363,0.40299300145552996
66364,0.36925551072406587
66365,0.4328748496979108
66366,0.377045085577544
66367,0.3660925322602257
66368,0.41021003032266057
66369,0.3893526778262445
66370,0.3761006643873109
66371,0.3405527943105756
66372,0.3823349472402702
66373,0.4090053643607517
66374,0.36061226957998976
66375,0.3673258124973682
66376,0.37293380915863494
66377,0.3922381473920231
66378,0.41189437939570933
66379,0.3881088668697973
66380,0.3253403391725144
66381,0.38946395324278765
66382,0.34642988660439644
66383,0.40893456829973396
66384,0.3776670131529976
66385,0.30490296931489264
66386,0.4163950613548862
66387,0.34601083138383687
66388,0.317385572482555
66389,0.3913578137361355
66390,0.32212866769455745
66391,0.3660829465325961
66392,0.37087516142724775
66393,0.3714634058658382
66394,0.3781839008941482
66395,0.32457792280749453
66396,0.40955703745451527
66397,0.3676949984716625
66398,0.3943429234934726
66399,0.3702783172460179
66400,0.33887611157743813
66401,0.4469989779227147
66402,0.3709965720212058
66403,0.3666671971502756
66404,0.3727735420506591
66405,0.40277750458267175
66406,0.40533808109466507
66407,0.38901307022990855
66408,0.4241316949638893
66409,0.3804557858982668
66410,0.3922096330862616
66411,0.3864563712506933
66412,0.3597756008970795
66413,0.3792729119898476
66414,0.39004937564951647
66415,0.3754082287193496
66416,0.3582071047249612
66417,0.37219796216790835
66418,0.39398559911327274
66419,0.37399606077485287
66420,0.4104413459600122
66421,0.37540176371830963
66422,0.42041639174474815
66423,0.4096779512963957
66424,0.38105439269529523
66425,0.3650646301550709
66426,0.3480123386067178
66427,0.3574646408324025
66428,0.359258933023734
66429,0.379981402504464
66430,0.39026179699759733
66431,0.3878062226818748
66432,0.3913159803427468
66433,0.4271364836914561
66434,0.37693915819271107
66435,0.375439369419861
66436,0.3401505745030825
66437,0.3899152732862587
66438,0.3475171053894626
66439,0.36401143337420505
66440,0.34275561994695636
66441,0.3420825490344625
66442,0.3774276462033437
66443,0.37094682580294897
66444,0.4046488788371772
66445,0.39642459034221117
66446,0.36730165579510127
66447,0.3720774737517375
66448,0.4354170684569717
66449,0.3657865476901899
66450,0.36130105691432657
66451,0.3916258323462028
66452,0.4265344048503478
66453,0.448994313779383
66454,0.33194334156777955
66455,0.4081916664431709
66456,0.3775729574320179
66457,0.36914775259381194
66458,0.3259828885931513
66459,0.37235721098059255
66460,0.37056494162819775
66461,0.36076710935118367
66462,0.3898202262103141
66463,0.3854671956805612
66464,0.3871460537102189
66465,0.3939777878459543
66466,0.3339503148835522
66467,0.3758607216883926
66468,0.3687659013199549
66469,0.34974612602709804
66470,0.3974854257347246
66471,0.3685641256623696
66472,0.3824610015828807
66473,0.3600550157326518
66474,0.3621500041241171
66475,0.37555280572088184
66476,0.3659631901536462
66477,0.32911403550790613
66478,0.3419543795199894
66479,0.3426609796539107
66480,0.36704625397073987
66481,0.3407751297442341
66482,0.38577627385696284
66483,0.38217578779675065
66484,0.37017311431618266
66485,0.44630180251956153
66486,0.386958921524559
66487,0.3838610154488553
66488,0.41363703262063367
66489,0.36540082790061007
66490,0.3732885198869099
66491,0.40003324220877573
66492,0.3568303185923292
66493,0.3677585157773947
66494,0.35048128800965245
66495,0.38589900528836796
66496,0.3495247261590943
66497,0.4250670698683072
66498,0.37076290586599725
66499,0.3652264798191361
66500,0.4030947840091042
66501,0.3333609717202899
66502,0.4426670088751672
66503,0.38802709164369165
66504,0.3654087088864749
66505,0.38944456605561456
66506,0.39518986745511436
66507,0.4451433901026973
66508,0.3140812238809161
66509,0.3644453441875994
66510,0.365126222403287
66511,0.35270448421575573
66512,0.41782141583938126
66513,0.3746794637377398
66514,0.3722285414896504
66515,0.36192044310298566
66516,0.39684361849926764
66517,0.3540932003455222
66518,0.36067929644483354
66519,0.3621072679200554
66520,0.393692244907318
66521,0.3651440139062933
66522,0.393983339136423
66523,0.4194042464741211
66524,0.38645512236033075
66525,0.3342541970822475
66526,0.35856386028506604
66527,0.3604781632744558
66528,0.3711375042441351
66529,0.37616997723140916
66530,0.3383985587116934
66531,0.39506042130621616
66532,0.4108455877605818
66533,0.30049707479213894
66534,0.4197748489147455
66535,0.3994529599357735
66536,0.4335649808311148
66537,0.40810178684225407
66538,0.4345309198970309
66539,0.34789404271214436
66540,0.36458112584509583
66541,0.42243992400561503
66542,0.391995018333504
66543,0.3825713134050462
66544,0.40149273202243624
66545,0.37846961151334596
66546,0.3988164739106527
66547,0.4184995733081673
66548,0.4021605021031883
66549,0.4033274931967764
66550,0.4005757384995827
66551,0.3732718748108415
66552,0.390848979326238
66553,0.3852830749053785
66554,0.4138616667992811
66555,0.36565310121560646
66556,0.37755112670099017
66557,0.3455235302637273
66558,0.3422762558996677
66559,0.36370211590203816
66560,0.4125326014533404
66561,0.37030733700536894
66562,0.3844380737410678
66563,0.35465993495152826
66564,0.412639417929166
66565,0.4312974978723341
66566,0.33562001267268216
66567,0.39127113259843505
66568,0.3941047937413232
66569,0.3953373883635021
66570,0.3266876145015139
66571,0.38744286153817975
66572,0.40576643171481525
66573,0.3892043260970623
66574,0.409152364164522
66575,0.3648051905965991
66576,0.4194156436497199
66577,0.31680031125236585
66578,0.2997368891163093
66579,0.33320508315004826
66580,0.3243041895391723
66581,0.34428309737576285
66582,0.35545247909901173
66583,0.3847199739997704
66584,0.3936055048271657
66585,0.42943778060439763
66586,0.3135505725129473
66587,0.32074487346616276
66588,0.33507942261712903
66589,0.40273221452852775
66590,0.41795201123233405
66591,0.3361772827383623
66592,0.3427761435862695
66593,0.3729004481299022
66594,0.3581442266808893
66595,0.389731289554388
66596,0.387883267589384
66597,0.33751486695828037
66598,0.38834169917299466
66599,0.37459660019089647
66600,0.33695407182356046
66601,0.3749128673414545
66602,0.3150425338734622
66603,0.3044566891298976
66604,0.38734151048415544
66605,0.40208920529747155
66606,0.3796235873805171
66607,0.38256273142854846
66608,0.3807568776361224
66609,0.3806311984500165
66610,0.3778848968264019
66611,0.36960690449074124
66612,0.38295222660228856
66613,0.34797364549763926
66614,0.33909300661566744
66615,0.32058693556156376
66616,0.3670403628008126
66617,0.36249341668721696
66618,0.33504836175381075
66619,0.41231278974022356
66620,0.3857954940209858
66621,0.397640825421765
66622,0.3578888209338339
66623,0.40433724966093015
66624,0.37606532585236313
66625,0.360259757732739
66626,0.3183481119253345
66627,0.38536385296904047
66628,0.38246405708140657
66629,0.28543915185589097
66630,0.3655509751660764
66631,0.3723962371495618
66632,0.3459109041265625
66633,0.34647918883729745
66634,0.3764589092474909
66635,0.35259994925252625
66636,0.3946530469679763
66637,0.392130988881473
66638,0.354792227636041
66639,0.35906809493910624
66640,0.34737945745353904
66641,0.39607459449807714
66642,0.3869891049511875
66643,0.3752453303909131
66644,0.2939315145851839
66645,0.34862424292447997
66646,0.41006602374053847
66647,0.3512628058648458
66648,0.35608310057470305
66649,0.33354224660538584
66650,0.4200916494828513
66651,0.33275942943636616
66652,0.37210556182173227
66653,0.3422688824387219
66654,0.3531418021483713
66655,0.32866660905968187
66656,0.43606057886458865
66657,0.3764251317464037
66658,0.35496748716611903
66659,0.3723469403203744
66660,0.39179327599588776
66661,0.3888857060155986
66662,0.3898066059977133
66663,0.4558951673536094
66664,0.36082629709972486
66665,0.354888436218746
66666,0.33641417828365405
66667,0.3571768164261626
66668,0.3909025195784139
66669,0.4296307173505353
66670,0.3740429043160573
66671,0.394619396513228
66672,0.329319811826227
66673,0.3830897145230403
66674,0.3994107387614377
66675,0.4104918467656724
66676,0.374975407225701
66677,0.40749716330888763
66678,0.3757717377922946
66679,0.3966468346454133
66680,0.38382570143158007
66681,0.4056595344617843
66682,0.34635800874951517
66683,0.37095502314079004
66684,0.3905152614744328
66685,0.40429060378685533
66686,0.43102079117048697
66687,0.31988648504830125
66688,0.3732463330368593
66689,0.3554176006514935
66690,0.39852923273110863
66691,0.36632290690023794
66692,0.376183565006187
66693,0.3775010428446751
66694,0.41575568098339466
66695,0.3792267213024204
66696,0.373799709357335
66697,0.3314035476400981
66698,0.38914005076783587
66699,0.3769539846981419
66700,0.32867534801928094
66701,0.32775730747423204
66702,0.3874607859332399
66703,0.3628907262366289
66704,0.35515285412536834
66705,0.36799171135880115
66706,0.3951309888345316
66707,0.3847614712580653
66708,0.3770586477215561
66709,0.4006499774496342
66710,0.4340685240538906
66711,0.27658963884778426
66712,0.43549085081793043
66713,0.36681277712416177
66714,0.3793774528571744
66715,0.3869319579674478
66716,0.35860657525215006
66717,0.368781867469823
66718,0.34094952220986474
66719,0.33873740954963505
66720,0.4095727572691002
66721,0.4199614731452993
66722,0.3844558444428295
66723,0.3345579194189257
66724,0.36992284784456764
66725,0.3632943335481589
66726,0.3807868182047548
66727,0.3116993574525983
66728,0.38670055358565303
66729,0.3611589381119433
66730,0.37857017848612157
66731,0.3782023985347206
66732,0.3468298330700727
66733,0.37218622821258246
66734,0.38274441900476713
66735,0.3646447518349494
66736,0.379954721813305
66737,0.3486132332171593
66738,0.4236742293518131
66739,0.3444193670897205
66740,0.4238665905936405
66741,0.37542588588693715
66742,0.37234700259623116
66743,0.3304427353675103
66744,0.30606371475851507
66745,0.3863718842337754
66746,0.3945103720315033
66747,0.34798915546047876
66748,0.3672413708887321
66749,0.3591579681107064
66750,0.32742171983550844
66751,0.4112107988306384
66752,0.38273168986621203
66753,0.37409093593010845
66754,0.38054126467612914
66755,0.37543967789028876
66756,0.39082203946526883
66757,0.40885267532488095
66758,0.4100479967058059
66759,0.3597375915805873
66760,0.3639622899612792
66761,0.38828255969032827
66762,0.38087003550964077
66763,0.383511679229795
66764,0.3893887380262466
66765,0.379594591456562
66766,0.41690987962516013
66767,0.395569193487966
66768,0.330278746233925
66769,0.3454767429727165
66770,0.3541250743092288
66771,0.39157982017194043
66772,0.3473251366888328
66773,0.3458644722810356
66774,0.37927887161537954
66775,0.3610864674949966
66776,0.39208645455394503
66777,0.4169199764402335
66778,0.3771361210122145
66779,0.3766846161309554
66780,0.37168744529473474
66781,0.41200264314254004
66782,0.3554669936671854
66783,0.3594762570679135
66784,0.35722874406487837
66785,0.3759812635126746
66786,0.3634374206140233
66787,0.3440970294324863
66788,0.3585302845935607
66789,0.41590881241290323
66790,0.37100315476215473
66791,0.36172829009929036
66792,0.3797664084201069
66793,0.35962441283081703
66794,0.4101563725232641
66795,0.3812670594139163
66796,0.41006846821389126
66797,0.4160270673144613
66798,0.4103448639106417
66799,0.3231137647134789
66800,0.3208209339688348
66801,0.3064712042786692
66802,0.3935502594029491
66803,0.4022845670344459
66804,0.38556371028045383
66805,0.4032012496273008
66806,0.42184486027691703
66807,0.3623608483578284
66808,0.3523842931119238
66809,0.37031665383297235
66810,0.3482866763865063
66811,0.3192277410541741
66812,0.35337466180643834
66813,0.4288734855236482
66814,0.387677392660026
66815,0.3497320810009784
66816,0.3601253963633148
66817,0.38330711527238764
66818,0.3966391894349247
66819,0.35644058729617656
66820,0.37549205191754365
66821,0.3668887427798835
66822,0.3509489280833975
66823,0.36196933610705395
66824,0.3747498751938974
66825,0.37853877730473723
66826,0.3407099866919161
66827,0.30039762851766827
66828,0.3960090964540321
66829,0.38129507567114374
66830,0.3690531423680072
66831,0.33812982133561964
66832,0.45291160535150904
66833,0.35011400514912494
66834,0.42784387837822624
66835,0.3430412928467909
66836,0.33301257195403233
66837,0.37469018255321984
66838,0.39842584113550994
66839,0.4457204944587951
66840,0.4237456712342832
66841,0.3026837628352931
66842,0.4082328667709056
66843,0.4219822189790765
66844,0.3722869792331794
66845,0.3585400816859194
66846,0.41961451505700315
66847,0.3292062510109356
66848,0.3690656665210419
66849,0.3885735749182828
66850,0.39938783913589676
66851,0.3811015722083337
66852,0.37793935565950015
66853,0.3376478952339878
66854,0.35766436648728317
66855,0.3755380181773027
66856,0.35805961973601275
66857,0.39408435443250234
66858,0.38437790650307985
66859,0.38630256429338083
66860,0.4160899371843759
66861,0.3925621946487892
66862,0.4025261400082535
66863,0.4118544531473412
66864,0.3931838454440167
66865,0.3625453584996456
66866,0.3805628124850654
66867,0.3510260905727951
66868,0.3139486319474231
66869,0.3885409039025661
66870,0.34654645036148773
66871,0.42490034301313284
66872,0.3790833273126265
66873,0.3882846795497795
66874,0.33550359880421277
66875,0.4175114583962209
66876,0.3756649432682659
66877,0.38546741247943817
66878,0.4414446291763439
66879,0.39640209271541776
66880,0.36097514725460655
66881,0.41814970686549435
66882,0.37036256037015275
66883,0.38024492417797967
66884,0.34124936299428976
66885,0.37656972924910337
66886,0.37674332130868166
66887,0.3868101190683434
66888,0.3448420904460568
66889,0.3975902960117285
66890,0.39760609319178575
66891,0.4051475838094071
66892,0.3947498599143872
66893,0.33455780551650416
66894,0.36864917660865415
66895,0.2917385367543234
66896,0.35406680067779894
66897,0.3872091818055497
66898,0.36387178435978124
66899,0.3618297926859056
66900,0.3300996348177374
66901,0.3800519603523639
66902,0.39227111593713715
66903,0.38383072237294247
66904,0.3969463688885847
66905,0.3740534205938853
66906,0.37044443146767275
66907,0.37527283111522974
66908,0.32331632921471765
66909,0.39927288954950196
66910,0.3879565706062407
66911,0.35754510064951245
66912,0.3756703729602444
66913,0.419378549660222
66914,0.3402450754516784
66915,0.3886287932849242
66916,0.3347211054552937
66917,0.3829115865413851
66918,0.3501402300906809
66919,0.4000694252176815
66920,0.4112381577370171
66921,0.4081168095143529
66922,0.37974164340111066
66923,0.41540114572980996
66924,0.412627160678554
66925,0.3586290244231752
66926,0.4017825301363922
66927,0.36004674566062855
66928,0.36124939391015914
66929,0.31360942884523113
66930,0.3772782345033022
66931,0.31189363891906335
66932,0.3615837622498318
66933,0.37824701445566705
66934,0.373643379266122
66935,0.3559366232458568
66936,0.3444630194757628
66937,0.3438230641171201
66938,0.3567646208888151
66939,0.3965955160629649
66940,0.39985075381116975
66941,0.3935667906257814
66942,0.3662644780732093
66943,0.3151177261174809
66944,0.4010836007941896
66945,0.36997508759732833
66946,0.33724043343466337
66947,0.3712821288389403
66948,0.4041652616430356
66949,0.3696611402000772
66950,0.37957131259831645
66951,0.3340125132569247
66952,0.4280531486112797
66953,0.39221569815517776
66954,0.35176631811400916
66955,0.37019954046566467
66956,0.3428759820279488
66957,0.38127875757639507
66958,0.3471910819568312
66959,0.36772037011664843
66960,0.3519116465682328
66961,0.3564188946020723
66962,0.3872611273233384
66963,0.34498442494400733
66964,0.44376165204124296
66965,0.34225632500399056
66966,0.34411109160532477
66967,0.4111032748760644
66968,0.3846289810897241
66969,0.36030256688215806
66970,0.35310427214810763
66971,0.3428477780039516
66972,0.38087349620753747
66973,0.3977674395030007
66974,0.39826896529210093
66975,0.35238889835299775
66976,0.3826716121293379
66977,0.3793505752990874
66978,0.29457184463463804
66979,0.39677513713902773
66980,0.36515345071963995
66981,0.3678293452531065
66982,0.3781752251161703
66983,0.38943669783000173
66984,0.4217910967769108
66985,0.3885348512094953
66986,0.3811183037104037
66987,0.3902665326669879
66988,0.366740161845846
66989,0.3933652256212101
66990,0.3760200310220424
66991,0.35516006940065514
66992,0.41050612254418406
66993,0.43898373718231465
66994,0.3586754829509351
66995,0.34628272899533086
66996,0.3886492976554349
66997,0.3871826038173459
66998,0.4015664504666894
66999,0.39500017192542336
67000,0.34384590922667824
67001,0.376120953498103
67002,0.3007037803898406
67003,0.38357956005174104
67004,0.3433981519191865
67005,0.38123962478535484
67006,0.3230173656676069
67007,0.3565658878900501
67008,0.37480410753974885
67009,0.38651497976971194
67010,0.37521260479816404
67011,0.3300526460477228
67012,0.38939809099183537
67013,0.39517642273719356
67014,0.4100408714466807
67015,0.28968286609340543
67016,0.3813716507466208
67017,0.3444428883077052
67018,0.39913015058276063
67019,0.37205744477980823
67020,0.3413904133806773
67021,0.3566992002837585
67022,0.344312529674666
67023,0.37047261062195047
67024,0.344488388151884
67025,0.40250398112484403
67026,0.34060433639653276
67027,0.341220903919029
67028,0.3545961453003259
67029,0.4062668061226903
67030,0.4124538443295955
67031,0.3427283510394912
67032,0.3563627261431071
67033,0.41081494584727185
67034,0.3922189763158345
67035,0.3925107667192665
67036,0.4235385548519531
67037,0.324347494376851
67038,0.3918904375638983
67039,0.3384546360327474
67040,0.32045890388636566
67041,0.3715360785340639
67042,0.3865755932720733
67043,0.33264154579815153
67044,0.41385833807501876
67045,0.36045716526228205
67046,0.4052160769906636
67047,0.3827754338791091
67048,0.3976834256473238
67049,0.3897945835715759
67050,0.35883303057125965
67051,0.29307303363831405
67052,0.37124007757950306
67053,0.35648066889402
67054,0.346421163001583
67055,0.3985542332034272
67056,0.4298232846556174
67057,0.33022925171722917
67058,0.3720842395945076
67059,0.38893161524264647
67060,0.33192436628026345
67061,0.36223962913635827
67062,0.3952037351380582
67063,0.3897031260646168
67064,0.34156545846433367
67065,0.37937494851536063
67066,0.38019427418748736
67067,0.37057684111625616
67068,0.36558487009466406
67069,0.31968219121333685
67070,0.40261694508908086
67071,0.3612603207421965
67072,0.3880838609641994
67073,0.3257061918912833
67074,0.4061335615666609
67075,0.3494592595638597
67076,0.35928806682081843
67077,0.40037021218706703
67078,0.34317264996817803
67079,0.39281492445366667
67080,0.3685485551143817
67081,0.37036983288680375
67082,0.4034089512363274
67083,0.4338107728066408
67084,0.3211452334126148
67085,0.3490023217865886
67086,0.34250036240315523
67087,0.3688181952385856
67088,0.4246312046756047
67089,0.33509906449405596
67090,0.3067268099319165
67091,0.3588320425990164
67092,0.3031208701012844
67093,0.3692822753879101
67094,0.3632654930736607
67095,0.35343460244322517
67096,0.36023734796959717
67097,0.31273769741776286
67098,0.3943589497190072
67099,0.3018213644451538
67100,0.34210092223620614
67101,0.3408372189148123
67102,0.3231501334809994
67103,0.3419732177121616
67104,0.3434977756398342
67105,0.3755856718791064
67106,0.3798288623534985
67107,0.374495116686138
67108,0.359087775849774
67109,0.3787633583169421
67110,0.37468758815245645
67111,0.3713577943868136
67112,0.4524348149510091
67113,0.3680770953618578
67114,0.3252114330450954
67115,0.3715711196533926
67116,0.3660157036205885
67117,0.39264864951339545
67118,0.35907673120242334
67119,0.4002009385463745
67120,0.39994853540309727
67121,0.39933580321779366
67122,0.4108500907942224
67123,0.40840477159897265
67124,0.4017827310866272
67125,0.37634851875687164
67126,0.36089101219510833
67127,0.3374426102667876
67128,0.3361720873873688
67129,0.3599005422574581
67130,0.3932677083515013
67131,0.44391457335050255
67132,0.4016673005199298
67133,0.38820289000439573
67134,0.3710331092363109
67135,0.3306055065641368
67136,0.3945917621182092
67137,0.3491396999401554
67138,0.30866940094902495
67139,0.38340337298004945
67140,0.37704041773641733
67141,0.34262579821261335
67142,0.34010425420990065
67143,0.3579978025490318
67144,0.4119040896441662
67145,0.3452178088717148
67146,0.3531476714310026
67147,0.3699888503894483
67148,0.3906077593916336
67149,0.34741840440346317
67150,0.42016971897611405
67151,0.3408342032216133
67152,0.40348753522768527
67153,0.42047704151102006
67154,0.3810172731465009
67155,0.3526420311939051
67156,0.34132752822330614
67157,0.41108325998127554
67158,0.4159151814331795
67159,0.35793598990942677
67160,0.33287723387812085
67161,0.33858533575913896
67162,0.330456360056528
67163,0.42130327183057154
67164,0.32655457876527394
67165,0.3614456093437142
67166,0.35794743361473425
67167,0.38988718990652454
67168,0.387154237265511
67169,0.3346359338676345
67170,0.31792395507882604
67171,0.39078900917949083
67172,0.4040949958900475
67173,0.35835951438811237
67174,0.3886873322534096
67175,0.3390935779655078
67176,0.3094935472604104
67177,0.34015682004882175
67178,0.3496383056390579
67179,0.36245222583751124
67180,0.3499251118512766
67181,0.3916290403829295
67182,0.372284675692656
67183,0.3722001078029676
67184,0.38287020328772164
67185,0.3552820845910003
67186,0.35318637985841594
67187,0.3374439928368071
67188,0.39082655535727523
67189,0.3836283495065045
67190,0.370827280193437
67191,0.39251833331244884
67192,0.298129397050159
67193,0.35915890017919905
67194,0.3715356151695237
67195,0.37873358700020837
67196,0.35233832874875953
67197,0.3589668805138773
67198,0.3262141395862981
67199,0.33877923164945123
67200,0.38069677911726835
67201,0.32892753355260523
67202,0.39340657340441104
67203,0.3805433891459062
67204,0.36607904977940786
67205,0.3797001440441665
67206,0.3416816299695218
67207,0.3411956341192387
67208,0.35502834065858196
67209,0.3801110869571372
67210,0.3170301675185011
67211,0.33832551738670297
67212,0.339157206804334
67213,0.38445654799551054
67214,0.382464462587714
67215,0.3960610932845999
67216,0.3924142538341844
67217,0.36466479938592866
67218,0.3966335021770101
67219,0.357779714756789
67220,0.3234549037205905
67221,0.330678675154639
67222,0.2903207047657075
67223,0.38721157373926907
67224,0.3518046458461047
67225,0.35838971265042413
67226,0.32830941214167986
67227,0.40701602724262653
67228,0.3722300499108442
67229,0.40876982385848537
67230,0.37995259122315295
67231,0.3762554668764794
67232,0.3560505012850549
67233,0.4052241685101289
67234,0.3593401102213445
67235,0.3526806569486486
67236,0.3716936511780176
67237,0.3917791942268369
67238,0.363375064564385
67239,0.37482865621256406
67240,0.3637506959784366
67241,0.3580033961031532
67242,0.3910782876922632
67243,0.3276478763665741
67244,0.3897066196789381
67245,0.35678716985394815
67246,0.369590364347322
67247,0.3895977088848845
67248,0.3420297634585906
67249,0.35665731078115254
67250,0.3517941598990112
67251,0.35491967382977657
67252,0.38542549629477935
67253,0.37114756296976076
67254,0.3521383414532867
67255,0.43195516992115157
67256,0.383080320647062
67257,0.359021532678672
67258,0.388154066115043
67259,0.33807895028410756
67260,0.3281450384796944
67261,0.38010871465117535
67262,0.33716316921862327
67263,0.3554412263910863
67264,0.31056621324932815
67265,0.41168320883605014
67266,0.33304253540660483
67267,0.3879058425403865
67268,0.33046988514911957
67269,0.3058944536669173
67270,0.32482527939333683
67271,0.3521167251014765
67272,0.3639158829551161
67273,0.3797433663043672
67274,0.3497545326260607
67275,0.37625763641324694
67276,0.33277113685764226
67277,0.3983653850672213
67278,0.3991145007301356
67279,0.3421700982639629
67280,0.40025020089750374
67281,0.3512397180704869
67282,0.38586887621318544
67283,0.36635948853746075
67284,0.34999466003084434
67285,0.3871021486228444
67286,0.38648067828096694
67287,0.427400550955476
67288,0.36414189995149093
67289,0.3606524587533018
67290,0.3818711099127195
67291,0.3533374843339784
67292,0.33211976230545015
67293,0.40582030243434236
67294,0.38279807175643993
67295,0.3801874243230041
67296,0.3842790301471265
67297,0.40397658765883676
67298,0.355275352132425
67299,0.3636344031526587
67300,0.37089448047010104
67301,0.3966334952664151
67302,0.34712001360637007
67303,0.3854345741202966
67304,0.3727426510580643
67305,0.3406856750251259
67306,0.33522425722216803
67307,0.411662987611551
67308,0.3553117023868606
67309,0.433065307031231
67310,0.40483943886863677
67311,0.36153530592464367
67312,0.3932863590665924
67313,0.3793008110923463
67314,0.3642505294169681
67315,0.3009804799151875
67316,0.36784308539100796
67317,0.38162032176120314
67318,0.41304160140461466
67319,0.3628195727559984
67320,0.3924699044037762
67321,0.3385143275319505
67322,0.34580355923941064
67323,0.3482736579623445
67324,0.38594264934105477
67325,0.39690691983599613
67326,0.3716571455017219
67327,0.3679843716640638
67328,0.36174916560855447
67329,0.36323363311257134
67330,0.31747864901401884
67331,0.43368289636646945
67332,0.39298380445321623
67333,0.3572768265976532
67334,0.32525741767838984
67335,0.38849138836778174
67336,0.36526344187881227
67337,0.3409563871135409
67338,0.320383843528226
67339,0.3778399622297364
67340,0.38444215924575303
67341,0.3815065390186667
67342,0.33858379664599714
67343,0.4215263559590976
67344,0.3168233104166777
67345,0.35365541360202324
67346,0.34132485294388093
67347,0.3367238828368965
67348,0.3791461441376583
67349,0.366903492961475
67350,0.337086648971881
67351,0.36168659194766684
67352,0.42019815621015993
67353,0.34753211654812266
67354,0.35271833525525287
67355,0.3878614250492173
67356,0.36883626170906864
67357,0.36560595837521553
67358,0.37120192415509445
67359,0.344349944186021
67360,0.3588597051225543
67361,0.31699859426524635
67362,0.34697611668115413
67363,0.4049454723551772
67364,0.3909690141075301
67365,0.368774225772575
67366,0.3988370770240342
67367,0.3913602410434465
67368,0.35831488737794615
67369,0.3519667401596695
67370,0.3375411078280399
67371,0.36664950163765453
67372,0.35657481020482296
67373,0.32972907926873346
67374,0.3822931955636258
67375,0.33573317469158914
67376,0.35833730040075185
67377,0.3740837698593595
67378,0.44750003617918954
67379,0.32145754888469946
67380,0.37544238106298417
67381,0.3464235612650008
67382,0.3455552934043544
67383,0.3317929797825095
67384,0.3948841795951539
67385,0.3786056656205753
67386,0.36216723010098717
67387,0.39189694382482887
67388,0.3396625755330986
67389,0.3588746098825822
67390,0.3742873730128105
67391,0.3897578279014202
67392,0.3805899872434275
67393,0.40943855927203343
67394,0.3649256511397977
67395,0.36732423606022996
67396,0.37881100810017126
67397,0.37774410010687687
67398,0.407042336650001
67399,0.3827987893119197
67400,0.36127952880231345
67401,0.3633011003301474
67402,0.3678543596594357
67403,0.30100886698332957
67404,0.3828198827115936
67405,0.32330379091184497
67406,0.3637193259014965
67407,0.36558992767471116
67408,0.376354161144351
67409,0.3573382461728314
67410,0.44018086184064814
67411,0.3669625555647232
67412,0.3537347009264254
67413,0.3633683203999298
67414,0.34569996070009873
67415,0.33199872764460503
67416,0.3475141774339956
67417,0.40187070224621046
67418,0.3713343658123531
67419,0.37058190448720874
67420,0.3037418180600485
67421,0.33611263662252416
67422,0.35826793850237143
67423,0.41643565289350537
67424,0.3706313887477119
67425,0.3884121692154472
67426,0.37920407981461146
67427,0.349010164712285
67428,0.32441151872497004
67429,0.36929022744645673
67430,0.4138563158628964
67431,0.36596679704915747
67432,0.3862255761062898
67433,0.28282595196029814
67434,0.36917294430588105
67435,0.3445049473430627
67436,0.3210941266969661
67437,0.4003413598300843
67438,0.39674662363922786
67439,0.3497824425291869
67440,0.34854622690913395
67441,0.39357086083071
67442,0.3456570821168484
67443,0.3660931394636358
67444,0.3713235043558277
67445,0.3146019910396735
67446,0.3601769261234861
67447,0.37421161996127256
67448,0.3622961824223468
67449,0.4249393628913244
67450,0.3855394492457014
67451,0.37246543594886433
67452,0.37134188796633716
67453,0.3502675087117991
67454,0.35494569194052283
67455,0.3467190601008274
67456,0.36367385191827384
67457,0.35303215508937585
67458,0.41678943530322066
67459,0.3707588849885849
67460,0.38268093343763027
67461,0.3146315322552525
67462,0.38829795710591486
67463,0.3588669450648635
67464,0.2876931966018077
67465,0.3859813103651328
67466,0.34115201481244056
67467,0.29451330387551555
67468,0.3176761474966461
67469,0.3470648907064223
67470,0.37592938876680965
67471,0.39253408643447335
67472,0.34616099061597194
67473,0.35009145558151544
67474,0.367732366294616
67475,0.3720128943492378
67476,0.34051031164396617
67477,0.42326618029717106
67478,0.3702112193160594
67479,0.3497426575409499
67480,0.33824200415500627
67481,0.40691685954214957
67482,0.2907342906299461
67483,0.41687881303735347
67484,0.40370566890543225
67485,0.41845762500994516
67486,0.3929094070985992
67487,0.4183519109266515
67488,0.356511961662028
67489,0.3728413121595743
67490,0.32796265719863815
67491,0.34452474018186263
67492,0.4026574435641454
67493,0.3749636236946228
67494,0.4018098531177397
67495,0.3785303367195175
67496,0.3850309254101975
67497,0.35215960684528463
67498,0.34219189395577737
67499,0.33072954786499387
67500,0.4063687367680688
67501,0.35518758061593914
67502,0.32991658937069623
67503,0.31450254624716445
67504,0.34279686121952485
67505,0.34821101944328964
67506,0.34178290134198813
67507,0.4313766133347444
67508,0.3553306300352663
67509,0.3555579372343895
67510,0.34296282580332543
67511,0.37034378309259236
67512,0.39861793579931676
67513,0.2921791276290162
67514,0.369030842031411
67515,0.3844486217924733
67516,0.3836153229152363
67517,0.4066741994699949
67518,0.35091563190093134
67519,0.32663406161979175
67520,0.3164874643595047
67521,0.34157752835687544
67522,0.3594175592904915
67523,0.380858596106698
67524,0.3789428954778744
67525,0.34281433167698294
67526,0.38989737257905244
67527,0.40309703386335216
67528,0.3824005150452272
67529,0.38270635376455614
67530,0.3482311532675082
67531,0.3552881825751789
67532,0.33608672872692713
67533,0.3967000232219616
67534,0.38655460505958245
67535,0.35402321241532986
67536,0.38092056515699546
67537,0.37714229650862796
67538,0.3885098594547931
67539,0.3418878165351434
67540,0.33076267692597555
67541,0.3517774437815244
67542,0.3651754022157665
67543,0.3025615173117269
67544,0.3376299483646537
67545,0.36844794239449796
67546,0.38123020129079505
67547,0.3540445297156471
67548,0.35420131238601726
67549,0.34754883412106735
67550,0.3224798926669643
67551,0.37237556689625784
67552,0.37284695729748585
67553,0.3629458494692223
67554,0.41207534963355696
67555,0.38119953550800545
67556,0.38950391309992605
67557,0.3900642177050365
67558,0.3677651764715935
67559,0.35433369210987226
67560,0.4143270526061061
67561,0.3393538465236749
67562,0.34765474385092887
67563,0.36124793582787196
67564,0.3650985401964203
67565,0.344451738316537
67566,0.3771891397783557
67567,0.2891835325512489
67568,0.36941027135811844
67569,0.3560554697713781
67570,0.33796879566817806
67571,0.37292378553858363
67572,0.33921594736589233
67573,0.40543373119915926
67574,0.3636196447298172
67575,0.3731548597440623
67576,0.38078138931800953
67577,0.35886708898176306
67578,0.3072242798099496
67579,0.4233519776161887
67580,0.4084503621579454
67581,0.394273903238733
67582,0.3733754634801336
67583,0.37103468497394054
67584,0.3787713716557426
67585,0.3631879084182385
67586,0.35912440594558404
67587,0.380569105448779
67588,0.4026602607169615
67589,0.405012033206017
67590,0.3713725247243501
67591,0.3403134291595197
67592,0.3920324431437176
67593,0.3367495981576357
67594,0.3955960001001374
67595,0.3642257876109472
67596,0.41289738658286856
67597,0.35917654849546277
67598,0.4012584082182089
67599,0.32517486713129484
67600,0.3984522598925515
67601,0.38573734500563417
67602,0.400293242423529
67603,0.4018739120762629
67604,0.3063718451353938
67605,0.4080446014410367
67606,0.3384352817675253
67607,0.41054314649470947
67608,0.3423447358599633
67609,0.4395638740023631
67610,0.37658586820281986
67611,0.3778804563277209
67612,0.39652726452277
67613,0.39173468167874653
67614,0.39265613871061605
67615,0.3184718747027054
67616,0.3331673847647142
67617,0.39935224157808474
67618,0.39746967762356566
67619,0.37301938565425424
67620,0.3285718817404641
67621,0.38011014866110865
67622,0.3434302004827397
67623,0.36708812519386685
67624,0.36890150088527296
67625,0.34933680602103473
67626,0.3481293084501187
67627,0.3979241313911795
67628,0.3278662469813724
67629,0.3860153014199747
67630,0.3305738825655293
67631,0.3808909872821828
67632,0.3324092078546275
67633,0.38164806293293757
67634,0.3422120117562465
67635,0.41170602200984024
67636,0.35333320420710035
67637,0.47067034967027643
67638,0.37420037409500667
67639,0.32230322336428296
67640,0.36794459519155936
67641,0.34955323670001737
67642,0.2952825287906098
67643,0.4108227555881126
67644,0.358703363087309
67645,0.39108105091885825
67646,0.3046660910646404
67647,0.3555329083302282
67648,0.34130470645153477
67649,0.40852552952936144
67650,0.3877810050312681
67651,0.3388849054840662
67652,0.35484676317189867
67653,0.36357343057579855
67654,0.3665324072306629
67655,0.37523791404134277
67656,0.4017458790216851
67657,0.3648776922326866
67658,0.3365713889119962
67659,0.3120041827789789
67660,0.3403369096048693
67661,0.3520969729366347
67662,0.3893905470922114
67663,0.39193538617433205
67664,0.3993497963143231
67665,0.37138330180193857
67666,0.351847301607536
67667,0.34966818051110393
67668,0.350146170429216
67669,0.41538325357352385
67670,0.3454207203892772
67671,0.32921164915421186
67672,0.40449770893062686
67673,0.39960833662117345
67674,0.3441817064155519
67675,0.4502492633922006
67676,0.3634725018218715
67677,0.38815351820230615
67678,0.3647182356915019
67679,0.3664565186582963
67680,0.42879315925753425
67681,0.3711516725526922
67682,0.3751094275019937
67683,0.40758643818079426
67684,0.31143119723659857
67685,0.3590255624357621
67686,0.3845075280761343
67687,0.4038136325559905
67688,0.35768194654589386
67689,0.36677214514291107
67690,0.4053547525395381
67691,0.4257412354067961
67692,0.3107584657871235
67693,0.39165994449433567
67694,0.3728255607505532
67695,0.325523446472361
67696,0.3757052697005112
67697,0.36604718818651755
67698,0.4074512830991874
67699,0.38685007922902837
67700,0.3300862659713377
67701,0.3467822089969095
67702,0.3247084409175075
67703,0.37900422526187755
67704,0.3141624493839643
67705,0.37731872897214774
67706,0.35772777261099264
67707,0.38114917591688563
67708,0.3653622270559083
67709,0.3820571163625419
67710,0.35829929144691103
67711,0.3885771427715943
67712,0.33355374632461804
67713,0.39328067353398927
67714,0.3381274366583536
67715,0.35014545591489193
67716,0.3822923198966577
67717,0.39587267103993734
67718,0.3224347296054516
67719,0.3744311575951925
67720,0.3371531916309
67721,0.30900595743604103
67722,0.417731456232872
67723,0.38063722082233215
67724,0.34190746770101493
67725,0.3934239341711708
67726,0.36312041384957433
67727,0.33211274663724966
67728,0.3733214752686487
67729,0.35847566157069416
67730,0.3321543092699472
67731,0.31811798200675157
67732,0.3919785704920619
67733,0.3442276692548136
67734,0.3840125988631471
67735,0.38823285586689094
67736,0.37138021159316564
67737,0.3928866383241332
67738,0.32964498425152106
67739,0.39912587709036973
67740,0.3427176705200007
67741,0.3340112746182891
67742,0.3560242244474808
67743,0.3472501696307609
67744,0.37000858601465964
67745,0.2809731886739182
67746,0.3606948625167571
67747,0.36842971896826515
67748,0.35250798144528733
67749,0.40310658123633536
67750,0.40523567738756594
67751,0.36182752176156935
67752,0.34311138708259925
67753,0.3991023804961636
67754,0.33621545096473304
67755,0.4047705027152826
67756,0.35703259970196605
67757,0.358452611074196
67758,0.38031430167649877
67759,0.33243425480444244
67760,0.33184125896219296
67761,0.3790342565924088
67762,0.4131189509234105
67763,0.362708232965898
67764,0.3879407875715236
67765,0.34328715847904895
67766,0.3492212576510473
67767,0.382857057060247
67768,0.3353479100060813
67769,0.31699114280777885
67770,0.3439174324757075
67771,0.3665207067207822
67772,0.379540937008749
67773,0.3084783853685696
67774,0.3953207981979035
67775,0.35589254212294363
67776,0.3788078116862096
67777,0.3778605786716514
67778,0.358203061227306
67779,0.36390727036157466
67780,0.40317727932121816
67781,0.3647161069356446
67782,0.34582130768668695
67783,0.3583324759535646
67784,0.3708755730973926
67785,0.32148458366639454
67786,0.4319825444051617
67787,0.4100323758821718
67788,0.3367782004221195
67789,0.3746475181619778
67790,0.3689584125460948
67791,0.3933752870570368
67792,0.3558257309218005
67793,0.43885141454443766
67794,0.37497476757111864
67795,0.3476668312947866
67796,0.32558822764674555
67797,0.39113320820839753
67798,0.39059829255611894
67799,0.3240200276473971
67800,0.33704560856194304
67801,0.34570393185764237
67802,0.4225626906616035
67803,0.39532646284657125
67804,0.3452269475106477
67805,0.39437007771221544
67806,0.33674419452900367
67807,0.4399512217018223
67808,0.36936627605793304
67809,0.40133393130693196
67810,0.3954081386512884
67811,0.349869955667447
67812,0.36092207181902325
67813,0.35834714443150606
67814,0.3713264618200287
67815,0.35162826869395747
67816,0.34866832264848974
67817,0.3506305101344387
67818,0.4186561031813994
67819,0.3320569873312195
67820,0.3591958054652931
67821,0.38504692290163745
67822,0.348795892430736
67823,0.367758538405552
67824,0.3534388919403658
67825,0.3824855403283369
67826,0.3655960305031738
67827,0.3477704720671427
67828,0.4123126292506195
67829,0.32762369872064623
67830,0.3304042332211425
67831,0.35928061960618046
67832,0.3711746685673964
67833,0.3397296213743083
67834,0.3725547456731913
67835,0.3402809791325424
67836,0.3943835726526548
67837,0.3855882966074845
67838,0.3552333553752568
67839,0.41092990258496986
67840,0.3707010044836005
67841,0.36968803314404974
67842,0.33723836048224
67843,0.41132259950210365
67844,0.34123043824720733
67845,0.3540579193585361
67846,0.3540298855093255
67847,0.3172092377851619
67848,0.34557761944394705
67849,0.39196936721023984
67850,0.376123935862419
67851,0.3855607056334015
67852,0.3585855488975813
67853,0.34073017849211423
67854,0.38494775899421624
67855,0.36622802938888244
67856,0.3615255790861358
67857,0.40891787851582334
67858,0.39582410544457963
67859,0.40699725100367334
67860,0.37456514534777546
67861,0.35189083167354307
67862,0.3361877239075686
67863,0.34046294214861167
67864,0.33289534718183006
67865,0.3194034763762303
67866,0.37154997643492654
67867,0.42478360800735626
67868,0.3339386327130095
67869,0.3096885239979529
67870,0.29975090836363366
67871,0.3452017696525793
67872,0.3882910104989784
67873,0.37204089129940277
67874,0.309389894652372
67875,0.35788552061018286
67876,0.3702770996616361
67877,0.34920905481805825
67878,0.36663105998261974
67879,0.36893201210672333
67880,0.3228418103798103
67881,0.3948779154606994
67882,0.3374112406132217
67883,0.33335152900973086
67884,0.3693313181781471
67885,0.37490189260960455
67886,0.40281234169389657
67887,0.3853742524752986
67888,0.3870729724332733
67889,0.4244815583164018
67890,0.3451800902890154
67891,0.3256037006715434
67892,0.3898176836869057
67893,0.37623131521933023
67894,0.39793807445570933
67895,0.35223459286376113
67896,0.38098563614602665
67897,0.369229624769655
67898,0.32015765260223594
67899,0.35402032540933764
67900,0.3637278749411296
67901,0.3476371189860299
67902,0.3665116423004183
67903,0.36450995931405006
67904,0.36459644246615375
67905,0.32381110544833525
67906,0.3301910397439491
67907,0.35895238205225977
67908,0.3788343348939029
67909,0.36092215789969107
67910,0.38084178644527317
67911,0.3521723183362581
67912,0.3714440828173138
67913,0.30461028454753036
67914,0.379024940418944
67915,0.3853255218689238
67916,0.422165529374284
67917,0.33024852528002424
67918,0.33775307908648045
67919,0.3698793464104543
67920,0.3330819661258927
67921,0.38333216176231893
67922,0.39724227146711183
67923,0.3722823013685279
67924,0.4176451304589438
67925,0.3309123737502987
67926,0.32182207490056053
67927,0.3868768350805234
67928,0.3662398157575721
67929,0.3665032144863726
67930,0.35268596115362266
67931,0.3473303881269693
67932,0.3343654841425733
67933,0.34572360066478774
67934,0.3445443806517565
67935,0.38616603461784305
67936,0.3705353519652799
67937,0.305945078489148
67938,0.34721165775184265
67939,0.34383602086907844
67940,0.3775989985332298
67941,0.3157726055947891
67942,0.3865107126579645
67943,0.3905540747568358
67944,0.38287830304491
67945,0.30648261257709464
67946,0.320967675527828
67947,0.3833648936149987
67948,0.36587080658062754
67949,0.34950023056495644
67950,0.3695323068941595
67951,0.3339198746878763
67952,0.34998496893876724
67953,0.39979467712783545
67954,0.3561700448714816
67955,0.38455846828844215
67956,0.4009629935570346
67957,0.3765700436064727
67958,0.36174871096545347
67959,0.36534700033300366
67960,0.36725978067068765
67961,0.33923458477111396
67962,0.322129462506644
67963,0.3561584429426517
67964,0.3635513290094241
67965,0.36732465730745023
67966,0.33634776776854564
67967,0.3852581750702148
67968,0.37847306776478207
67969,0.35974849661952524
67970,0.35943303928193543
67971,0.38374518431491494
67972,0.3835905617411146
67973,0.2948930768380969
67974,0.3760886563313905
67975,0.392429764757014
67976,0.3768109635065554
67977,0.3388831975156183
67978,0.40211085128723223
67979,0.39963672239255693
67980,0.35951687701921486
67981,0.384221602674794
67982,0.3943966367018357
67983,0.4116917169799506
67984,0.3626898945810222
67985,0.37584555637883627
67986,0.3903056099854627
67987,0.38233301131277514
67988,0.3613251962219714
67989,0.3605597398578238
67990,0.3670974386433939
67991,0.3583183498681403
67992,0.3397696189218557
67993,0.3616224116086163
67994,0.3748956062906135
67995,0.39460219207224073
67996,0.3619989655438939
67997,0.33709605572479406
67998,0.3815737151753507
67999,0.33160920789434245
68000,0.3705133283916044
68001,0.37067114864723494
68002,0.37395930895576796
68003,0.39791658769367566
68004,0.3712529367031193
68005,0.3534696229298304
68006,0.3688005154297874
68007,0.36985504371284006
68008,0.3864975729775549
68009,0.31789128801571126
68010,0.4085321696778069
68011,0.3636629229957767
68012,0.3756985230169254
68013,0.34682253252281775
68014,0.3451891396746035
68015,0.36273581760131834
68016,0.3341054017365139
68017,0.38379256786249144
68018,0.38590232445852973
68019,0.3668996756712584
68020,0.3337964060540242
68021,0.4064895903814077
68022,0.3435964478191777
68023,0.38845643164256105
68024,0.42912657978007196
68025,0.34232827312627706
68026,0.3209566360616888
68027,0.33567967417379285
68028,0.3043358137434942
68029,0.37796180119498773
68030,0.3705226383919806
68031,0.3394095635792945
68032,0.37352919575190574
68033,0.3836795483666294
68034,0.3971275446898226
68035,0.33005187290961313
68036,0.3717573702929264
68037,0.33477365067561354
68038,0.34976551280679613
68039,0.33614313608691176
68040,0.36662813886035733
68041,0.34009063020992525
68042,0.3163191306845265
68043,0.3221909574886194
68044,0.3732455204268876
68045,0.37788590779524694
68046,0.3601708969285217
68047,0.340011109169991
68048,0.37921353553506476
68049,0.35549175938945554
68050,0.3054295497299701
68051,0.34385222565013074
68052,0.3374843285389092
68053,0.360111885944062
68054,0.3125659622132126
68055,0.36599201958134153
68056,0.31005920851467317
68057,0.31883025683225324
68058,0.3300483714498921
68059,0.41514954977314156
68060,0.41255412655578383
68061,0.35176734155998934
68062,0.36233407494089553
68063,0.382200165831193
68064,0.3698164549213679
68065,0.3160290535174371
68066,0.3388292286516266
68067,0.34975625588332504
68068,0.35737908900127513
68069,0.39077919774973446
68070,0.35602308427557094
68071,0.334761853642253
68072,0.40766451498975587
68073,0.33375777758430003
68074,0.33507750171682665
68075,0.3885803268034522
68076,0.34622656024013987
68077,0.32928578219241234
68078,0.34395634463256075
68079,0.3449898749433081
68080,0.398163429082371
68081,0.34056514320322523
68082,0.44585257939365375
68083,0.35708586565995776
68084,0.38411287358176693
68085,0.394491497573116
68086,0.383306874056845
68087,0.3468192611693782
68088,0.3804871435720677
68089,0.28737882459355746
68090,0.3299137889640478
68091,0.39483511716367614
68092,0.3979934370221009
68093,0.36407178878653246
68094,0.36749981606689425
68095,0.3290423222992853
68096,0.33259513846540195
68097,0.34810887442598404
68098,0.34015404855488734
68099,0.34596768332010486
68100,0.34006235866395623
68101,0.3145998201749502
68102,0.3280953884222271
68103,0.3155544627490784
68104,0.4046123387967825
68105,0.33743520299887236
68106,0.3824920600793668
68107,0.362338228884022
68108,0.3125628625707578
68109,0.36030716493978476
68110,0.32212729295945525
68111,0.3339112619739588
68112,0.33545428621112844
68113,0.38348987887673425
68114,0.3866013913154401
68115,0.3244437637122882
68116,0.3722505050064365
68117,0.37519541165761855
68118,0.3750795738390435
68119,0.3644855935097974
68120,0.3491222922092339
68121,0.35996764300542117
68122,0.31020715114375014
68123,0.34223255054105534
68124,0.3466071350862392
68125,0.3818323769826251
68126,0.3603577692784066
68127,0.3775138938580375
68128,0.37890760818561714
68129,0.38247114447410946
68130,0.41565961568681087
68131,0.3739420799536744
68132,0.3311550488079372
68133,0.343536621604024
68134,0.35273157167450636
68135,0.36202679953235145
68136,0.32954986021010974
68137,0.38442826575225314
68138,0.34897574480341315
68139,0.3394080649054212
68140,0.4048202852505798
68141,0.34627677656055467
68142,0.378895620708757
68143,0.3939835578262074
68144,0.35056948809009947
68145,0.42532734350132323
68146,0.36640051290230813
68147,0.36789680796847757
68148,0.36145492630233284
68149,0.333233011047138
68150,0.3969068906116036
68151,0.3273680747907973
68152,0.40420150971777713
68153,0.32213208511581476
68154,0.361014107094445
68155,0.36797735357506695
68156,0.3788996285159664
68157,0.3806501116788215
68158,0.37119425989465293
68159,0.33749576056531644
68160,0.3514936828226386
68161,0.3975480453846184
68162,0.2895426953387464
68163,0.35795115906716146
68164,0.3211914037575266
68165,0.36048152018613
68166,0.3060972018813133
68167,0.33588999416195453
68168,0.40576146924527734
68169,0.40496360112973684
68170,0.35636433238343285
68171,0.32557455336589525
68172,0.3894761936929931
68173,0.34747874599545536
68174,0.2984649753578511
68175,0.3749320018129843
68176,0.3665309379594481
68177,0.3875915198044927
68178,0.3834229064262013
68179,0.3629262179827805
68180,0.3166986094154697
68181,0.36141455370041964
68182,0.4001581132909159
68183,0.3464547924164226
68184,0.36800683394586503
68185,0.39254042715969967
68186,0.3683605683405654
68187,0.41103676789844784
68188,0.36428117961407325
68189,0.3659316672341244
68190,0.4239223304114624
68191,0.33251200332653713
68192,0.3690624246584437
68193,0.3415742009843818
68194,0.34029772789744184
68195,0.3955491894823585
68196,0.33192557153796315
68197,0.35489534366081893
68198,0.39031609566359177
68199,0.34911317776045797
68200,0.38819245668742086
68201,0.3055303079301048
68202,0.36161983853711843
68203,0.3451011638686401
68204,0.360858971228562
68205,0.32521764174189505
68206,0.3454737246292546
68207,0.3377270776197227
68208,0.34659894312051304
68209,0.37021274557747724
68210,0.31068300727292714
68211,0.35716367815774536
68212,0.3810113249773839
68213,0.3368721491177719
68214,0.32876450236104016
68215,0.3126234058927639
68216,0.3738634686618223
68217,0.3466325498007365
68218,0.3845254078945008
68219,0.34800848892591196
68220,0.3702599522094742
68221,0.3358393477198771
68222,0.3909335242683267
68223,0.3925708889988409
68224,0.4071234238957927
68225,0.3611161393822609
68226,0.3235737733833067
68227,0.3430975274711541
68228,0.3672396209580379
68229,0.3814648921127184
68230,0.38048906975860997
68231,0.3667251037429378
68232,0.29693387596935084
68233,0.3256097548443438
68234,0.3830522894483356
68235,0.37012465129814337
68236,0.4132877482856703
68237,0.3466827255880321
68238,0.36754941654930917
68239,0.4232735297420106
68240,0.3246256094039205
68241,0.38113311159892244
68242,0.3677774833743343
68243,0.36508758259917873
68244,0.36160780709859913
68245,0.2905911093799691
68246,0.35796157612801666
68247,0.38261200096198567
68248,0.36137314220756794
68249,0.3650000929234169
68250,0.37610965884777126
68251,0.34773968851853176
68252,0.3931570279859025
68253,0.3465975765573592
68254,0.3549089870427319
68255,0.34283253024288696
68256,0.41457067233160394
68257,0.3763071629374776
68258,0.3626394768324124
68259,0.3226230941402296
68260,0.34411578264147924
68261,0.4051822476257234
68262,0.3298227190813484
68263,0.34673732415960595
68264,0.3489753211123405
68265,0.31695704906702055
68266,0.3644864354142461
68267,0.31895194419547834
68268,0.3074973487206208
68269,0.39225780321969794
68270,0.3784695177703149
68271,0.3317350319035911
68272,0.32027086354423584
68273,0.30900989066847284
68274,0.35446186757398224
68275,0.353868621940574
68276,0.40805370582260686
68277,0.29695544385661665
68278,0.3635373869131799
68279,0.3826455053007911
68280,0.38044579683969004
68281,0.40869703320147593
68282,0.35194620518892034
68283,0.3737827130391596
68284,0.3597397202784461
68285,0.38855886428284014
68286,0.34275199460930045
68287,0.3270072614874163
68288,0.38132753310611195
68289,0.3953866753248343
68290,0.37713866887900077
68291,0.3191268444130769
68292,0.3623427799649962
68293,0.4012387603078823
68294,0.3913981289397839
68295,0.34501311344328833
68296,0.326593709121816
68297,0.27468511356048964
68298,0.3682873273227776
68299,0.36655722451571227
68300,0.4152864376064332
68301,0.3217128765144608
68302,0.36145960954293505
68303,0.3870496861857979
68304,0.3593079056851383
68305,0.3835173085313462
68306,0.3476740152176064
68307,0.4007097243398742
68308,0.3661497686313444
68309,0.3623129006547309
68310,0.3582174754383517
68311,0.36705763301295696
68312,0.31672748429530334
68313,0.3830406023529152
68314,0.36590561782820696
68315,0.3382256536343718
68316,0.3651269826519446
68317,0.34187014496520446
68318,0.39711712756379297
68319,0.34717959399039466
68320,0.3472240051583994
68321,0.3920492648439933
68322,0.3883221175975843
68323,0.35636864371973076
68324,0.3270195238925008
68325,0.3867796085158191
68326,0.36710143672594925
68327,0.3536672465133934
68328,0.3863961757380414
68329,0.3091534732999103
68330,0.3603187073620429
68331,0.3595036263101745
68332,0.3959803588901649
68333,0.3914393196624296
68334,0.3992719491050315
68335,0.4141918837502425
68336,0.33665036258065695
68337,0.3379673132700084
68338,0.3954783414330255
68339,0.40098929520096743
68340,0.4053374265242068
68341,0.34549549984279576
68342,0.3396892095653133
68343,0.3505152253880561
68344,0.351761662424974
68345,0.3423548176956248
68346,0.3538986109852397
68347,0.31767403679846595
68348,0.34000331349008756
68349,0.41339143080612695
68350,0.3759630718732463
68351,0.33754331586377007
68352,0.38611607062910364
68353,0.36463982838808945
68354,0.3987457149922422
68355,0.3147188512308383
68356,0.367633276043563
68357,0.317007364607139
68358,0.40902079827358356
68359,0.40644025793905
68360,0.37572119618292243
68361,0.33816737794447405
68362,0.3480152925515187
68363,0.3724677508164194
68364,0.3685391969336992
68365,0.35210597886006373
68366,0.34063082188230015
68367,0.3841130168475124
68368,0.30855290739968744
68369,0.34268515733030847
68370,0.4098418529275351
68371,0.39305780604205626
68372,0.36612074910677594
68373,0.39276048545391856
68374,0.31676408750682533
68375,0.34322115588640933
68376,0.2885516655189223
68377,0.3885160145983916
68378,0.39416668481327716
68379,0.3655874487059128
68380,0.3852573684856984
68381,0.408846147898337
68382,0.3726806749005716
68383,0.3471147373904141
68384,0.39815291932502134
68385,0.3035704682483923
68386,0.35210124165000195
68387,0.38760825512020664
68388,0.3470517842424571
68389,0.347373788182548
68390,0.4081404336828516
68391,0.3506664557206461
68392,0.38847987044116256
68393,0.37732541434595346
68394,0.3845838834708069
68395,0.33937604621486916
68396,0.38467519230696023
68397,0.4004768896640642
68398,0.3151479010205215
68399,0.35673766293825243
68400,0.36094740887516186
68401,0.31650920121012005
68402,0.34912262903312186
68403,0.36689508682450805
68404,0.34961206138955314
68405,0.37335565809335225
68406,0.309243348097151
68407,0.363166158133385
68408,0.37610293190134253
68409,0.36498918140364556
68410,0.3559732898968882
68411,0.3658987814710431
68412,0.3427775289527966
68413,0.35045156774230984
68414,0.35202769953779667
68415,0.3143655049265579
68416,0.37405876350202144
68417,0.32066600407618906
68418,0.349983329450506
68419,0.40489523179176734
68420,0.3768355451908379
68421,0.3727522291355785
68422,0.33039659655831
68423,0.32913852017849055
68424,0.4057037456970542
68425,0.3592573977186718
68426,0.3472216891113347
68427,0.3546902484191172
68428,0.38661587273416137
68429,0.3209607574822391
68430,0.3567634435549138
68431,0.37126549648094503
68432,0.3557561788361531
68433,0.3347868692629304
68434,0.35419133530533087
68435,0.3805479622695025
68436,0.34213792145649435
68437,0.366805664070658
68438,0.35883259814791735
68439,0.36293553207963697
68440,0.3306015442586118
68441,0.3794073770008221
68442,0.37973274932279166
68443,0.3772105314730262
68444,0.38700660236542306
68445,0.3222437580870934
68446,0.35934526917285453
68447,0.3823434243919512
68448,0.2973689799010184
68449,0.37483891205012704
68450,0.3777153212832752
68451,0.36729636392708287
68452,0.32236793519655826
68453,0.4133979114396545
68454,0.3651393650780745
68455,0.3117928472188713
68456,0.3642243921338648
68457,0.41300909807333375
68458,0.30705136688238216
68459,0.374238437299915
68460,0.3431608278423212
68461,0.3800079848685833
68462,0.3822322153119153
68463,0.34771113526852593
68464,0.31895867179433657
68465,0.3722773741146656
68466,0.3706382921039453
68467,0.4284125229445543
68468,0.31205991566894276
68469,0.3643422023078868
68470,0.43996029394813907
68471,0.35674623384437704
68472,0.3917320607910628
68473,0.35490614281632205
68474,0.3722418947489668
68475,0.3867824564161645
68476,0.3569988364438336
68477,0.3615007515882412
68478,0.362192163903981
68479,0.3679033072484687
68480,0.36108490105613367
68481,0.37100169899758556
68482,0.34629713461385003
68483,0.3474135867358606
68484,0.3695678408169276
68485,0.36629414618194
68486,0.3687836894838352
68487,0.37054730063778324
68488,0.3317473145067048
68489,0.312860158901743
68490,0.34719534965739685
68491,0.37405429604479457
68492,0.3674524672813735
68493,0.35148402556609026
68494,0.352307950304905
68495,0.38750882341881854
68496,0.4395631691786449
68497,0.4190297755819683
68498,0.3892612687393056
68499,0.3715751949052677
68500,0.3415186933773578
68501,0.3386012257979993
68502,0.39281244201040766
68503,0.36054181500497595
68504,0.368475626885964
68505,0.3746007268162402
68506,0.361694779499745
68507,0.3784386455304309
68508,0.3839582170126713
68509,0.37318798854950574
68510,0.3768668397767067
68511,0.3912742671316242
68512,0.3906671346402695
68513,0.3483633066026286
68514,0.3335460073706614
68515,0.3746139193162645
68516,0.3716985485702495
68517,0.37304312396277817
68518,0.4075919153531859
68519,0.3493189417789947
68520,0.3616032330401207
68521,0.38403544364310876
68522,0.3514192971203382
68523,0.3848222149103259
68524,0.3631037896620928
68525,0.357463089201486
68526,0.38712319073303114
68527,0.3405076672978769
68528,0.3351345219685154
68529,0.3346603683922504
68530,0.3828538655635709
68531,0.3842389941772307
68532,0.3749778359733433
68533,0.41324435617097666
68534,0.3320916822426212
68535,0.3841135967699539
68536,0.3703734187369332
68537,0.3245014431516677
68538,0.37536118077706404
68539,0.3716052588704317
68540,0.3385408244845199
68541,0.4043732934740192
68542,0.37264041895251576
68543,0.35393362202455814
68544,0.4006525507656944
68545,0.4021069023695568
68546,0.35819213643524994
68547,0.37720252689237477
68548,0.39058092803902156
68549,0.3684599804758184
68550,0.3455145887419138
68551,0.37726000781424357
68552,0.3593935254365145
68553,0.3769230632857122
68554,0.36428985050167606
68555,0.34241837904998274
68556,0.32837876257086474
68557,0.36555791401613885
68558,0.33402547030501434
68559,0.40491921869019254
68560,0.30950837933073816
68561,0.34057816593867896
68562,0.3344246753266091
68563,0.3291543547099075
68564,0.3485402719080518
68565,0.4170325123368848
68566,0.2913612061981575
68567,0.31773777455176816
68568,0.31872783473829663
68569,0.35578956158384617
68570,0.3209148088313346
68571,0.4016934571096925
68572,0.3881548538656242
68573,0.38822960817222496
68574,0.35974302341398096
68575,0.3568766527389214
68576,0.35421299204493917
68577,0.35586271039368333
68578,0.31673752381425757
68579,0.3891620643929281
68580,0.39296564210727136
68581,0.41906075004199705
68582,0.3939127686448831
68583,0.3313903891017826
68584,0.3938719222488417
68585,0.31876553290443077
68586,0.35656980373331437
68587,0.3542007198322053
68588,0.33027487569257613
68589,0.35390561976543145
68590,0.35929917000055206
68591,0.3546360011937161
68592,0.34315388161473187
68593,0.41267992315422103
68594,0.3935824221931119
68595,0.3144547972848453
68596,0.4266269979094482
68597,0.30534545663377743
68598,0.38913707248705154
68599,0.34195216599577594
68600,0.3225458458803432
68601,0.3515122144754348
68602,0.3693968906071876
68603,0.42248552343197115
68604,0.39275059326270145
68605,0.38418096611346186
68606,0.38283318708257097
68607,0.3447335057810878
68608,0.2758184847542043
68609,0.3223911388990082
68610,0.35903818092616474
68611,0.32659885198187133
68612,0.377678347842409
68613,0.37981785288301306
68614,0.4215352342744089
68615,0.38486657617426856
68616,0.3458033332597098
68617,0.3343902102138729
68618,0.3819373439459122
68619,0.3493090635958411
68620,0.3640583498802071
68621,0.32902369845233487
68622,0.34178192510166544
68623,0.3189876833536303
68624,0.3376175394790501
68625,0.3081928393314731
68626,0.379273877424013
68627,0.3813131694215116
68628,0.33948609070555236
68629,0.3771470383856199
68630,0.3596940435388866
68631,0.31663344605064153
68632,0.31166311510513584
68633,0.3336532195764758
68634,0.3353458607282496
68635,0.41586262366470583
68636,0.37923023444783904
68637,0.34822691777298176
68638,0.3318257957420154
68639,0.38989068864936116
68640,0.3446853405645798
68641,0.3293807306623562
68642,0.3731580940764416
68643,0.3266024128474331
68644,0.2918759215833313
68645,0.3315050771772359
68646,0.3876166174029816
68647,0.3541892085890623
68648,0.3613609405110238
68649,0.3551938518059762
68650,0.3619807617192775
68651,0.32108182932607626
68652,0.4143050622142826
68653,0.3813776409377525
68654,0.35227593507388527
68655,0.3492369037186416
68656,0.342754868537297
68657,0.41914182893176416
68658,0.40280742600453634
68659,0.3297335147366073
68660,0.323853278898339
68661,0.3652675026483518
68662,0.3197455798742265
68663,0.3948032603721988
68664,0.3688766157383094
68665,0.344596098894816
68666,0.3696674213004056
68667,0.409512484550423
68668,0.39481484636044567
68669,0.3348755838373926
68670,0.3237548737164258
68671,0.37531723740884104
68672,0.3460043572879719
68673,0.3737998725812075
68674,0.3475535107052693
68675,0.383677797921231
68676,0.37190410590205314
68677,0.34533158060389957
68678,0.3371014388585895
68679,0.32739316004295205
68680,0.3177111584580552
68681,0.3029592817628551
68682,0.34022961362335796
68683,0.3121259328900372
68684,0.39233366427603344
68685,0.36745092042195054
68686,0.30026144320802833
68687,0.3482318619159068
68688,0.3870765329687984
68689,0.33632311381594826
68690,0.3535611197444823
68691,0.3819347290694619
68692,0.36758992525488704
68693,0.33465208411978803
68694,0.3757383152225037
68695,0.28966284498954836
68696,0.4084416879686523
68697,0.3365255551145509
68698,0.3369305870402165
68699,0.353845500350012
68700,0.3348589228391974
68701,0.36365001752396886
68702,0.37512694172002786
68703,0.33725142377906075
68704,0.3341620975338435
68705,0.33590000817463606
68706,0.35781812629314946
68707,0.3010215857154267
68708,0.3536465260362597
68709,0.2982884884603781
68710,0.37926531848053985
68711,0.27101449871735644
68712,0.37491131781814657
68713,0.3422466807970589
68714,0.37331904889905004
68715,0.41118947209685436
68716,0.3734946511457269
68717,0.39097214323478774
68718,0.3538078825755805
68719,0.39876856469602956
68720,0.36320422557710436
68721,0.3331188538941629
68722,0.395058715435332
68723,0.34858860168851163
68724,0.3762725958698203
68725,0.3204261290798968
68726,0.3750321127409044
68727,0.3041322951135444
68728,0.33617760519477025
68729,0.3949566601887089
68730,0.355498903795886
68731,0.42940780678622587
68732,0.3827844271530484
68733,0.37404345908806647
68734,0.33328181653716044
68735,0.36717746616862845
68736,0.3298708876470451
68737,0.3452368399658591
68738,0.39028299165275876
68739,0.4103670580832749
68740,0.34971506226053706
68741,0.35660184586339433
68742,0.3619678079271932
68743,0.347738327761788
68744,0.328336353031589
68745,0.38171393423511346
68746,0.33172775029594925
68747,0.3952043346281124
68748,0.3935931060729521
68749,0.2920909930068622
68750,0.38993703928258333
68751,0.3607415453143573
68752,0.32387552591905533
68753,0.41709193335772515
68754,0.3667712892642476
68755,0.33614663527687344
68756,0.3780728370680704
68757,0.38092548020465195
68758,0.3584628644828164
68759,0.35670843138417807
68760,0.33256348757902554
68761,0.37338496505464686
68762,0.4131205628069201
68763,0.4200333821792583
68764,0.35452222324694205
68765,0.3284124861325417
68766,0.36201335016588193
68767,0.35655947021065537
68768,0.3640364572131805
68769,0.398790736305199
68770,0.3659136341616428
68771,0.29982535606608024
68772,0.355709788830025
68773,0.3292032064517063
68774,0.34546973329095354
68775,0.2958282587609228
68776,0.3276845634247805
68777,0.34354731373289793
68778,0.3889678153157968
68779,0.3732956977786838
68780,0.40973350538567765
68781,0.32678717776215843
68782,0.3429556398636078
68783,0.4501953593712126
68784,0.34939080731148686
68785,0.296443357397321
68786,0.4121738485934017
68787,0.4041463495189026
68788,0.32111108081291845
68789,0.3888417263735798
68790,0.3932547928242941
68791,0.3757341472978307
68792,0.33145581021154147
68793,0.32283014094428447
68794,0.3488480929085276
68795,0.42335729821254153
68796,0.3886463598164544
68797,0.33544695413151754
68798,0.38835344403771316
68799,0.3672013714456496
68800,0.32440090254871684
68801,0.3699248261515415
68802,0.35809390185175455
68803,0.3742810582786069
68804,0.3529965478663941
68805,0.3599577572345098
68806,0.3684767273427349
68807,0.36145771282662104
68808,0.36646960640097753
68809,0.3644739227998866
68810,0.3654985841576616
68811,0.31312726415981385
68812,0.3350068558501066
68813,0.3525291924814806
68814,0.3217094578253924
68815,0.35591268042950974
68816,0.34670102107914885
68817,0.38157890173687636
68818,0.3510291360659994
68819,0.31864991812223703
68820,0.32600007713851875
68821,0.3277372133960149
68822,0.3901353502839395
68823,0.3649855424636074
68824,0.38524693741427046
68825,0.3562491821545827
68826,0.3361677349433842
68827,0.33288679751296874
68828,0.3421418952469359
68829,0.3662693130966391
68830,0.3660246550185842
68831,0.3200379896114313
68832,0.3686147817777775
68833,0.35078799447830994
68834,0.3672591721791103
68835,0.3498847070478593
68836,0.41456523861466543
68837,0.34185432963044565
68838,0.40958190320602905
68839,0.3859509929824915
68840,0.35076793625234937
68841,0.3542482380770034
68842,0.3508193167156959
68843,0.33960133597790554
68844,0.3191334000218298
68845,0.3401476822166339
68846,0.3854080154987673
68847,0.3197477634557941
68848,0.3708850704548181
68849,0.38000933447242524
68850,0.33937158459826633
68851,0.35096338326662363
68852,0.3693926012473153
68853,0.3377761499367926
68854,0.35098954059280735
68855,0.3325126932708375
68856,0.37187147919526947
68857,0.3790596630977501
68858,0.3351410944957815
68859,0.3525401256842716
68860,0.36531310982491255
68861,0.38602853760163464
68862,0.34676644519159205
68863,0.3346368635531594
68864,0.31565464834023355
68865,0.37533632741756734
68866,0.3594539459417064
68867,0.4036812886821296
68868,0.34617397855734144
68869,0.32694783896676777
68870,0.33541266861226693
68871,0.36675101089678414
68872,0.3230917956391809
68873,0.32016641718768296
68874,0.33573854178854945
68875,0.2988095730947195
68876,0.311697821642399
68877,0.3550122410863011
68878,0.37430942946612333
68879,0.3329255773857554
68880,0.31874020300791417
68881,0.33159720990298236
68882,0.35529271078999947
68883,0.3067455790654796
68884,0.34352039827957676
68885,0.3806861936481336
68886,0.39725142111545
68887,0.3260316865622964
68888,0.2939663513942125
68889,0.3678866200730349
68890,0.38867343020464395
68891,0.306714295676936
68892,0.34548525651696504
68893,0.3578266619246703
68894,0.34341621276236645
68895,0.33360494245479244
68896,0.39908266323831265
68897,0.4089528927016358
68898,0.3379707260745859
68899,0.334593691572989
68900,0.34007406895866243
68901,0.332331588616809
68902,0.38136172595202816
68903,0.34146432745102595
68904,0.38147685514410357
68905,0.3849116692355323
68906,0.38853992637415663
68907,0.32520173618537734
68908,0.37217420087640707
68909,0.37789193436211765
68910,0.3142259971689779
68911,0.3601476998665049
68912,0.30471023336051645
68913,0.38970425252455154
68914,0.383026483080358
68915,0.3270226639617768
68916,0.3543341435019882
68917,0.3556197728398647
68918,0.3894264048453638
68919,0.3315104335011935
68920,0.3521095885406127
68921,0.3332264888894352
68922,0.35040445005006915
68923,0.31799428575676836
68924,0.3727793358418312
68925,0.3645795394074722
68926,0.38981075655667996
68927,0.365359728871898
68928,0.4117357381587345
68929,0.3231193687929885
68930,0.3600694037532563
68931,0.3419971587081054
68932,0.37639222854524795
68933,0.3651316720480684
68934,0.38319179593221697
68935,0.4021614621075
68936,0.33542886610067646
68937,0.37824654281796133
68938,0.31240223847888876
68939,0.32221255566588036
68940,0.31437347913743174
68941,0.3996214970390726
68942,0.35912507124929804
68943,0.28553429487990756
68944,0.3546758908239898
68945,0.33284987432357954
68946,0.35890773237472845
68947,0.36197621463543334
68948,0.3619761529771075
68949,0.37557383650057896
68950,0.3864612239532682
68951,0.3550162365755231
68952,0.36383514421410235
68953,0.38148267240836226
68954,0.34810801268729075
68955,0.3473539593699994
68956,0.3206422311647812
68957,0.36355432031372176
68958,0.3486825237852306
68959,0.3492062857163742
68960,0.3374522128631035
68961,0.32483249165793093
68962,0.3447384669945871
68963,0.3751993997810921
68964,0.37261079473160214
68965,0.3795773369858964
68966,0.33013391890338634
68967,0.3714765358122254
68968,0.33561500752351037
68969,0.3070204264186469
68970,0.4030124233759216
68971,0.37270179650206425
68972,0.39478089390806614
68973,0.32830690236235954
68974,0.3981466541154228
68975,0.4005442376509807
68976,0.3407255538478121
68977,0.32940823854927753
68978,0.35867297546744265
68979,0.3524163867826688
68980,0.39865621457241984
68981,0.39385240012992523
68982,0.3172298663768852
68983,0.3147178846944405
68984,0.37394282833690706
68985,0.429380684114996
68986,0.4011238073235057
68987,0.422381280390599
68988,0.3291924044331428
68989,0.3360054933481463
68990,0.3590108648593595
68991,0.391063533993815
68992,0.3475662568731814
68993,0.36882451064625865
68994,0.3475010960810889
68995,0.30518701326951475
68996,0.3725160262443787
68997,0.3660624443195897
68998,0.38190675213935305
68999,0.3208432386275652
69000,0.3065835260047061
69001,0.32932520449619906
69002,0.29940281430531673
69003,0.29853898701614584
69004,0.300127878040488
69005,0.3135484825339907
69006,0.27868064690312006
69007,0.3596268757375534
69008,0.3802039052094342
69009,0.33405803859597044
69010,0.33218570261237756
69011,0.3385763795841119
69012,0.4238002214914879
69013,0.37686183726679434
69014,0.33382083726366857
69015,0.3584511806971451
69016,0.38551914486239686
69017,0.3855254121441837
69018,0.390542189030586
69019,0.36445422130363503
69020,0.41518605230768646
69021,0.3837088802656181
69022,0.3927157377081983
69023,0.4171538975151098
69024,0.41578742794674683
69025,0.3979793866591085
69026,0.4059093616235429
69027,0.37523509106430086
69028,0.4085132510264826
69029,0.4318482023157427
69030,0.4149610615120765
69031,0.4521353443867633
69032,0.4587983521667078
69033,0.46642414821844425
69034,0.45110017908220024
69035,0.4682534580439898
69036,0.449335436438834
69037,0.452206057367653
69038,0.4076040737305114
69039,0.45475331708157607
69040,0.4519118690160314
69041,0.4634893348605542
69042,0.4449371866380182
69043,0.4711325663909643
69044,0.4198999139727582
69045,0.48169290075858695
69046,0.5153007302901945
69047,0.485534246114548
69048,0.5012368119408774
69049,0.4713721542489558
69050,0.5155385999694498
69051,0.504571042412907
69052,0.5145303663164136
69053,0.5047988730061771
69054,0.4870585273795062
69055,0.5049016213288419
69056,0.5126527219853084
69057,0.49436997923084386
69058,0.5445865747505654
69059,0.5266039712291487
69060,0.4868026534776139
69061,0.5044513218858929
69062,0.5294402542719036
69063,0.5483555337273774
69064,0.5536188824593493
69065,0.5762269933899866
69066,0.5520456585423055
69067,0.5503279976936799
69068,0.5482733078514683
69069,0.584601252229453
69070,0.5346534051496531
69071,0.5677183154395606
69072,0.5785307859949307
69073,0.5096666856129798
69074,0.5275069886651438
69075,0.6011043790307088
69076,0.5774956162633575
69077,0.581519851330956
69078,0.569550705966979
69079,0.6093087573734293
69080,0.583969932988386
69081,0.5495014354828728
69082,0.6052609571792891
69083,0.548604374669181
69084,0.5805748947839985
69085,0.5698747946201089
69086,0.5632833461074945
69087,0.5984620533102548
69088,0.5817176011799958
69089,0.6020498735137373
69090,0.5874717739310866
69091,0.5674284670945267
69092,0.5349268661355652
69093,0.6195302505761943
69094,0.6356502990130569
69095,0.5742031697222778
69096,0.5761765182731358
69097,0.636969806752504
69098,0.6600760316228131
69099,0.6625509059881487
69100,0.6034240291948798
69101,0.5930419447115073
69102,0.5964096894505139
69103,0.6256534874434994
69104,0.6637313046058149
69105,0.6008217683039718
69106,0.6153510213907308
69107,0.6595289325049805
69108,0.6307343621668619
69109,0.6472589957103841
69110,0.618107425513325
69111,0.6204879722286015
69112,0.6065347189164235
69113,0.6904423559686712
69114,0.6422691663689962
69115,0.6432680998669609
69116,0.6877322538197121
69117,0.6920116375110903
69118,0.6033075847340529
69119,0.715204551271621
69120,0.6121367970445032
69121,0.6317887879922512
69122,0.6727893231112725
69123,0.6562140414955309
69124,0.651216609771368
69125,0.6082668781047446
69126,0.6627414949753031
69127,0.6818104871897417
69128,0.6921963433197816
69129,0.6453306632079763
69130,0.6563462712864805
69131,0.6559146584384518
69132,0.6886316926947367
69133,0.7174541857496828
69134,0.6596908880593177
69135,0.6641493484297619
69136,0.7250709765413073
69137,0.707495526507376
69138,0.7132520188528584
69139,0.6965613218142911
69140,0.6898312273205625
69141,0.6075482483095791
69142,0.6712371630319348
69143,0.6324786886381919
69144,0.7135126983514163
69145,0.7095475123156657
69146,0.7362512859585756
69147,0.7648137705601301
69148,0.6989721749673901
69149,0.7642363801126947
69150,0.6932359373992996
69151,0.6682887621583786
69152,0.6980440815511715
69153,0.6780238708300069
69154,0.6798291042280503
69155,0.7539097501239208
69156,0.7677338472454635
69157,0.7384748540233548
69158,0.7244267816815051
69159,0.717119366470147
69160,0.6393637139891947
69161,0.7475992267442356
69162,0.7288056209244621
69163,0.7106789109589917
69164,0.7367659808332151
69165,0.7697764338875319
69166,0.6876048831109645
69167,0.6681842875405684
69168,0.78504095022414
69169,0.7329632255774089
69170,0.7010951936434751
69171,0.751589411026968
69172,0.7428592408200729
69173,0.7360309034735568
69174,0.6762983229612661
69175,0.6395175675235748
69176,0.7054813466021592
69177,0.755022652030266
69178,0.7649225606180837
69179,0.7323092348456689
69180,0.7070527009571599
69181,0.7616280074567937
69182,0.7133111059283548
69183,0.6896977877862673
69184,0.6806854101083508
69185,0.7662298948494713
69186,0.7419514234309031
69187,0.7498330305512769
69188,0.7245769378541819
69189,0.7365968154800792
69190,0.7316456864834663
69191,0.7652194550642475
69192,0.71036926920095
69193,0.7736087124173026
69194,0.6772994525242145
69195,0.6994360442015152
69196,0.770147034900259
69197,0.7234042642218746
69198,0.7326286897819789
69199,0.7844600515756139
69200,0.7429519752627078
69201,0.7471207145330326
69202,0.8384448839335327
69203,0.7523858358397663
69204,0.7070876305627122
69205,0.7077762736067119
69206,0.7843668955893166
69207,0.7379039962196344
69208,0.7350030516413345
69209,0.6930137643413952
69210,0.7414485136408623
69211,0.7486103503259786
69212,0.7787758358225692
69213,0.723855412817459
69214,0.753473335377423
69215,0.7655159390933947
69216,0.6845401029369197
69217,0.7743637640050752
69218,0.7555321405262126
69219,0.7156431299151583
69220,0.7867139018183607
69221,0.769756970380505
69222,0.8029125376190722
69223,0.7320243074696802
69224,0.7745603181072459
69225,0.7724583495851531
69226,0.7318779972259786
69227,0.8004845432598563
69228,0.7308685680202515
69229,0.704762217165596
69230,0.7236152649916181
69231,0.776195172821495
69232,0.7513105597462654
69233,0.7891891510071084
69234,0.7624198772203781
69235,0.711875907496042
69236,0.7718958397587234
69237,0.7423371698773854
69238,0.7682735412282193
69239,0.7529954663485929
69240,0.7804984459466218
69241,0.7570824098708497
69242,0.7745081822680818
69243,0.726769100998565
69244,0.8056765384758405
69245,0.7582491871275121
69246,0.759892950400922
69247,0.7611165328857691
69248,0.7073419773884
69249,0.7506877454941441
69250,0.7873194406453118
69251,0.7846121663568815
69252,0.7713134221421449
69253,0.8005351225391213
69254,0.7636090707273879
69255,0.752079530236358
69256,0.7740305385971016
69257,0.7983108061938125
69258,0.7676273190900379
69259,0.7509270486894157
69260,0.7432302479434438
69261,0.7431922228245832
69262,0.8073130791368434
69263,0.7179566187583665
69264,0.790789347625903
69265,0.8349606195270304
69266,0.7866057752462803
69267,0.7946602364561499
69268,0.8229313475609231
69269,0.7703137825023347
69270,0.833494196968894
69271,0.7831095790726423
69272,0.7846634916973889
69273,0.8509507839626297
69274,0.7419862338661167
69275,0.7665889194383599
69276,0.8253318531672462
69277,0.800114026496507
69278,0.7925897934507531
69279,0.8230553909064748
69280,0.7428986276843298
69281,0.7744958063064187
69282,0.8056947754603228
69283,0.772147815781511
69284,0.7812933986708721
69285,0.7897835396139452
69286,0.734617830860463
69287,0.7827771039574497
69288,0.8094858399497615
69289,0.7580364427643527
69290,0.8221050392643878
69291,0.8341987325586371
69292,0.7594360778892403
69293,0.7861807868258677
69294,0.7724968350383788
69295,0.7973408289459861
69296,0.7959130394451189
69297,0.7840985731455699
69298,0.7335999138735815
69299,0.8041035573380666
69300,0.7917256393533016
69301,0.8136799105270001
69302,0.8234233356633598
69303,0.7515777961839083
69304,0.8370887085304659
69305,0.8008882728086875
69306,0.8052309192379206
69307,0.8168365207341639
69308,0.7480986793716802
69309,0.800680502756345
69310,0.7951506507014776
69311,0.7764619535644086
69312,0.777018015145275
69313,0.8223048553558912
69314,0.7749639256891987
69315,0.7639250653474385
69316,0.7593169752114328
69317,0.8658348228684822
69318,0.7822018753909423
69319,0.7996104471919805
69320,0.7915242184621557
69321,0.8107600127634338
69322,0.8099713379820063
69323,0.7493015217378476
69324,0.8037221850316741
69325,0.8257709664429022
69326,0.8058550759251334
69327,0.8601687731820259
69328,0.8460477478351531
69329,0.8114749647901413
69330,0.7853309501176556
69331,0.758425598847515
69332,0.8213386194271834
69333,0.7957136342239685
69334,0.7913938610799717
69335,0.823773357248747
69336,0.8003124933833115
69337,0.7737402534129052
69338,0.7739420673904144
69339,0.8207399498811423
69340,0.8239244621185947
69341,0.8424324878865791
69342,0.778619287266025
69343,0.8356428558751559
69344,0.7522269793462607
69345,0.7474659502751059
69346,0.7691241138244528
69347,0.7775456519998447
69348,0.8124467723030584
69349,0.8017992369100932
69350,0.794277979770481
69351,0.7473584041812666
69352,0.7942992416181183
69353,0.8059512288264967
69354,0.7970181577368666
69355,0.7814946794347378
69356,0.7742873997606945
69357,0.8293715111055865
69358,0.7889278550421798
69359,0.7774184623354197
69360,0.7981713685239182
69361,0.8040594928445752
69362,0.8140947739937998
69363,0.8191737836083992
69364,0.7724929260869974
69365,0.7847189093177767
69366,0.819385556359027
69367,0.8263307004765296
69368,0.8043640398203777
69369,0.8167625007106878
69370,0.8007970863878312
69371,0.7683327228735707
69372,0.8197732828666747
69373,0.8285393930849367
69374,0.7948970580117694
69375,0.7808638853149578
69376,0.8036028769375041
69377,0.7716718350455029
69378,0.7869086494402375
69379,0.7687292735758876
69380,0.8322561707220323
69381,0.819222923381434
69382,0.8122867465305788
69383,0.8318377696158299
69384,0.7684643587787119
69385,0.8616858303168683
69386,0.7688399481309686
69387,0.8130083785060066
69388,0.7627439028868354
69389,0.8144855283274711
69390,0.7712326192042085
69391,0.7983696493619664
69392,0.7768989683644013
69393,0.7613780163083911
69394,0.7527678554952301
69395,0.8080999438434986
69396,0.7717133338896838
69397,0.8151892724317057
69398,0.8150927200429028
69399,0.7811425230529614
69400,0.7914551042518926
69401,0.7861521371581701
69402,0.7920315807424191
69403,0.7701388508030113
69404,0.8258225935344842
69405,0.8269535913147473
69406,0.8331031140939731
69407,0.8086463115552786
69408,0.7873349477118741
69409,0.757082438363701
69410,0.7864997037445423
69411,0.8142337683447356
69412,0.7937446508760531
69413,0.8073565303621506
69414,0.7796754224012536
69415,0.7995990847291445
69416,0.8463550526524233
69417,0.8864000678123606
69418,0.8494877449376507
69419,0.7947785113137256
69420,0.8210289357511158
69421,0.8303173216739707
69422,0.846305100928456
69423,0.7816893231647791
69424,0.7681597649517922
69425,0.8109133248535019
69426,0.7772503097036221
69427,0.8440093205692851
69428,0.8284039798459116
69429,0.7593611955514754
69430,0.7997415865743078
69431,0.7667836358902066
69432,0.8204819826862578
69433,0.747623716592166
69434,0.798108105932384
69435,0.834950410083436
69436,0.8290967296092848
69437,0.7668297101451783
69438,0.7819734747661463
69439,0.8071501647337979
69440,0.7913885790957447
69441,0.7696796920333839
69442,0.834592324975029
69443,0.8560936569577657
69444,0.7920670456327876
69445,0.8268011062407847
69446,0.8152338999448672
69447,0.835048691673339
69448,0.8387700769581132
69449,0.7855412528000402
69450,0.8224421618648782
69451,0.8378900088491676
69452,0.8324538764511167
69453,0.7937487252507025
69454,0.8242265285440303
69455,0.8388895279967802
69456,0.8318293524407113
69457,0.7579054137173605
69458,0.8829066049951433
69459,0.8799514658695788
69460,0.8359839040761726
69461,0.8456147109582153
69462,0.8047743316453427
69463,0.8657683995553876
69464,0.8111363775888569
69465,0.8042936378103799
69466,0.8277394515996811
69467,0.7971842007622177
69468,0.8006463711612114
69469,0.8239757898551225
69470,0.856046013120791
69471,0.820471611361311
69472,0.7922729611805711
69473,0.7834581340137712
69474,0.7887293250504843
69475,0.8230673937811045
69476,0.7887863782235806
69477,0.7832106228830735
69478,0.8149048730655928
69479,0.7982069909821463
69480,0.7939879568577144
69481,0.7718794253582678
69482,0.8505079999020493
69483,0.8230099848319136
69484,0.8374060267672452
69485,0.8305113496607166
69486,0.7789142495380653
69487,0.8259932425981477
69488,0.8376241983089926
69489,0.8110740227842285
69490,0.8180119572558615
69491,0.7970180365088212
69492,0.7997543345936465
69493,0.7761190221095601
69494,0.7885840651284216
69495,0.8424380127880257
69496,0.7905953020828478
69497,0.819610258821193
69498,0.8636472456172596
69499,0.7876377878095753
69500,0.8057717856136918
69501,0.8080565465280127
69502,0.8144505261142855
69503,0.8338961462506155
69504,0.790747827167938
69505,0.833836582698483
69506,0.8164457861293403
69507,0.8505220228280579
69508,0.8384242071459734
69509,0.8053703093011522
69510,0.8430933196711623
69511,0.8168410891088946
69512,0.838485323203451
69513,0.7895530264105103
69514,0.8166196487675433
69515,0.8672552977159577
69516,0.889061827234282
69517,0.8432091354672203
69518,0.845536476793124
69519,0.7901956781183814
69520,0.832099940407458
69521,0.8404041959364567
69522,0.7714626462827928
69523,0.7915418979210045
69524,0.8321772935286824
69525,0.8130281134916558
69526,0.8242607713035889
69527,0.8330471290636515
69528,0.846147255718581
69529,0.8593756162386905
69530,0.8267863535361442
69531,0.8413546709430224
69532,0.8229030435452441
69533,0.8243492662118684
69534,0.8083048990633952
69535,0.8131512067160617
69536,0.8300311985958168
69537,0.7900955300101974
69538,0.8449332019548131
69539,0.8131008361046784
69540,0.8218570119310578
69541,0.8212338876396197
69542,0.8334946736521592
69543,0.8136235821139743
69544,0.8640688091942912
69545,0.8257213934369609
69546,0.797935582607735
69547,0.861548881488805
69548,0.8045281114658868
69549,0.7878443016894159
69550,0.884819787541391
69551,0.8481319025728381
69552,0.8104875717845832
69553,0.7909710053509574
69554,0.8391794907193713
69555,0.810210350687299
69556,0.7965883533864868
69557,0.8170462315366273
69558,0.8253145043214297
69559,0.8291461995496345
69560,0.8314311972406231
69561,0.7862308005697722
69562,0.7924588668847067
69563,0.8366814656248543
69564,0.8268341133315104
69565,0.835009790231042
69566,0.787757425705462
69567,0.8231452618234916
69568,0.8197250243263269
69569,0.8451215606710129
69570,0.8165618587201496
69571,0.8498115027554384
69572,0.8490582421003579
69573,0.7873266441201986
69574,0.8446028909275798
69575,0.7781902833261114
69576,0.798298139951056
69577,0.8080772445604405
69578,0.8297074310082925
69579,0.7904947487561506
69580,0.8031408463513753
69581,0.8322587882423753
69582,0.8269801053971004
69583,0.8337110405779268
69584,0.8498385324361104
69585,0.7803527562383199
69586,0.7998216050695035
69587,0.8402281608874775
69588,0.7792148099319482
69589,0.7935040105296278
69590,0.8529301893800806
69591,0.7831334338324554
69592,0.7924224803331223
69593,0.8164816654440878
69594,0.815877587735538
69595,0.8050606459458916
69596,0.7714467440579763
69597,0.7728629134032282
69598,0.8376093963922585
69599,0.7763144201275416
69600,0.8154143119467915
69601,0.8165039325902167
69602,0.8355305552200527
69603,0.7658114805447337
69604,0.823872920708433
69605,0.8523425242700579
69606,0.8472177879363239
69607,0.8247800293264462
69608,0.8655544001563785
69609,0.7986675076246963
69610,0.8344453508173938
69611,0.8036383563455108
69612,0.7978921246368221
69613,0.8331357155517805
69614,0.8518589412837598
69615,0.809739555470416
69616,0.8230018684066007
69617,0.8225579827956474
69618,0.8094628766332348
69619,0.8601935263966817
69620,0.8506473909736495
69621,0.8463856644841745
69622,0.8432304219544355
69623,0.8124652386119301
69624,0.7979916512318492
69625,0.8145196005920345
69626,0.817520999479045
69627,0.7979808789404457
69628,0.8083548196278157
69629,0.8416975633434296
69630,0.822647719998956
69631,0.8259707817461522
69632,0.7714982612436759
69633,0.7856622557829256
69634,0.8977216117196449
69635,0.8243036724663311
69636,0.7950320648803271
69637,0.8149213510213807
69638,0.8449620734638732
69639,0.8443928499958454
69640,0.8303045562889584
69641,0.7837904384294215
69642,0.7693305336107032
69643,0.7834776307662843
69644,0.800833250429352
69645,0.813610782080109
69646,0.8902117942778878
69647,0.8583226173842303
69648,0.727747426265044
69649,0.8558633734582589
69650,0.7730117494929064
69651,0.8047010865875605
69652,0.7657463631025488
69653,0.8375582725510266
69654,0.8159430162016046
69655,0.8060717508055523
69656,0.8554341096478484
69657,0.8691931419240375
69658,0.7772826846543784
69659,0.8685209842829056
69660,0.8384787571530501
69661,0.8110471112429682
69662,0.8408346125857968
69663,0.8272113938400871
69664,0.856058610431605
69665,0.7451063813690284
69666,0.8585199661171254
69667,0.7784681849005001
69668,0.8024280308512132
69669,0.7977679798213726
69670,0.801957734680223
69671,0.837509111788358
69672,0.8599405150428276
69673,0.8152909893525205
69674,0.8126841510328815
69675,0.7864179395851366
69676,0.8422115992353101
69677,0.8163224612445954
69678,0.7829912404097585
69679,0.8429301288131057
69680,0.8459819589089972
69681,0.7972468588198751
69682,0.7920663919253556
69683,0.808015216506121
69684,0.8022197246666534
69685,0.7938845483910846
69686,0.7960432996804079
69687,0.8904806209352479
69688,0.8311689256878644
69689,0.8667947413941538
69690,0.8129433674806419
69691,0.8310181367548263
69692,0.7803171406266807
69693,0.8091248179108255
69694,0.8246535521785683
69695,0.8689924814740795
69696,0.7730046941372599
69697,0.8194008109382901
69698,0.848709209430359
69699,0.7726890315100688
69700,0.8039788960544262
69701,0.8346577053470959
69702,0.8379331588629839
69703,0.8568327568705832
69704,0.8671890464239594
69705,0.8398929863758196
69706,0.8573184339971506
69707,0.8039743410106533
69708,0.8307581194164505
69709,0.8221479574872586
69710,0.8712510181237106
69711,0.7652306002546234
69712,0.8713514967618688
69713,0.8157957510853446
69714,0.897651218676181
69715,0.8003423476354835
69716,0.8440567150111165
69717,0.7559904274902721
69718,0.8635179710882929
69719,0.8471946263131999
69720,0.8005899235993299
69721,0.753530268332216
69722,0.8706159605532362
69723,0.7864300263617605
69724,0.7831241157439986
69725,0.8578622410770348
69726,0.8092249505085152
69727,0.8483084195497359
69728,0.7994037367505572
69729,0.8415788351761535
69730,0.7641198620211975
69731,0.7933065470967897
69732,0.804616417053652
69733,0.7986178425339716
69734,0.8473381040219389
69735,0.8769879837763301
69736,0.816320203208324
69737,0.8022264151522482
69738,0.827866333996838
69739,0.814482922321431
69740,0.8554938923167735
69741,0.8792672187866764
69742,0.875859722749044
69743,0.7538921279914402
69744,0.7997306140745983
69745,0.8143819083963907
69746,0.8075507143508917
69747,0.8187379637627438
69748,0.8111688485083245
69749,0.8543544882181942
69750,0.8281898285832124
69751,0.7915525837697635
69752,0.8073388542593348
69753,0.8236926536501776
69754,0.8061249606705734
69755,0.8293009976815489
69756,0.8221162258774183
69757,0.7999298579492028
69758,0.8042397311485556
69759,0.8803547541055777
69760,0.8271278828328157
69761,0.8884676854157363
69762,0.8440910675407063
69763,0.7937471949206006
69764,0.8458904636622137
69765,0.7993565027715533
69766,0.8627268626922175
69767,0.7474253186771497
69768,0.7866648619813468
69769,0.7987257948267663
69770,0.8457869360029481
69771,0.8630724185972285
69772,0.7816697336292613
69773,0.8413232608644203
69774,0.8426480601760009
69775,0.8436037468588413
69776,0.8669954293466124
69777,0.8230990357415218
69778,0.8296509999971294
69779,0.8651384375190939
69780,0.8202742092241996
69781,0.8175033329124957
69782,0.7965787349073447
69783,0.8256416111491849
69784,0.8333503100460373
69785,0.8249881434358424
69786,0.8335729263665244
69787,0.8399132187966452
69788,0.8007991814003724
69789,0.7806184507453877
69790,0.8403168992006758
69791,0.7911911351356445
69792,0.8733510937960038
69793,0.7752404128826519
69794,0.7956182685914437
69795,0.8445583917861547
69796,0.808444110081915
69797,0.7786925396626535
69798,0.829969383698073
69799,0.8401652499052655
69800,0.8613697046097064
69801,0.8499462428198602
69802,0.8360621523520887
69803,0.8311794125508003
69804,0.8301875746749804
69805,0.8264055061206661
69806,0.8481581656008859
69807,0.801167498604995
69808,0.7583352232389047
69809,0.8362118812655197
69810,0.8501046621379608
69811,0.8342837044768552
69812,0.7594113613384641
69813,0.8260901273770547
69814,0.8046971566677041
69815,0.8103206839751881
69816,0.8441834357064097
69817,0.8157948418589945
69818,0.8120860750673541
69819,0.7972396209905781
69820,0.8552926049203615
69821,0.829664423791008
69822,0.8276742354569907
69823,0.8013098325989569
69824,0.8425372015427247
69825,0.8090779093903201
69826,0.8117757233705002
69827,0.788278896589712
69828,0.80784599151261
69829,0.8247477648194287
69830,0.8311015028401456
69831,0.9053760941530968
69832,0.818172220113611
69833,0.8188814465327088
69834,0.8188767126960791
69835,0.7813314734176188
69836,0.8087730537800469
69837,0.7858653535384073
69838,0.8268715236526045
69839,0.7674374309940891
69840,0.8233521803030878
69841,0.831506906588491
69842,0.8233362836539695
69843,0.7909498923976427
69844,0.8085929677405471
69845,0.817782359298841
69846,0.8372008484391406
69847,0.794816656139008
69848,0.7785625342066124
69849,0.8833996755160267
69850,0.8175719921283399
69851,0.8408380647280204
69852,0.8519099826604646
69853,0.8209452594510143
69854,0.8501382263939273
69855,0.864218843709461
69856,0.7860516239754511
69857,0.7907719160558966
69858,0.7786368661439168
69859,0.8368372799766215
69860,0.8231104921894798
69861,0.7904936716783436
69862,0.819494982980776
69863,0.8080840746885309
69864,0.7890443847183287
69865,0.8602045148307339
69866,0.8499255730057033
69867,0.8010013169853535
69868,0.8543193845110556
69869,0.8334546512784461
69870,0.7779038215820205
69871,0.8223385580583551
69872,0.8370142733601768
69873,0.7957835749691815
69874,0.8508751672800063
69875,0.8089637496242141
69876,0.8174657530355834
69877,0.7921866332044162
69878,0.8039280594544064
69879,0.8943735553590044
69880,0.7990999932846129
69881,0.8070109769981406
69882,0.8903298108079508
69883,0.8509509368557326
69884,0.8691188406365534
69885,0.8273044221611704
69886,0.8003786274702755
69887,0.8144714800374113
69888,0.7834780921031409
69889,0.8204317360158865
69890,0.8318889226268669
69891,0.8067869537709319
69892,0.8129542861477501
69893,0.8213018796925443
69894,0.7694339189879307
69895,0.8214770333375424
69896,0.8246523507948749
69897,0.8431255537876483
69898,0.8595122966567512
69899,0.8491173154318319
69900,0.7971235380504936
69901,0.8275690402542284
69902,0.7732725990710622
69903,0.7542800098720577
69904,0.7978817685692245
69905,0.7702805433907566
69906,0.7840520727101687
69907,0.8236823355091161
69908,0.8006407930008987
69909,0.8051429608456959
69910,0.8334383088975492
69911,0.8615260368187942
69912,0.8388738810847457
69913,0.8324154078119069
69914,0.8641747418587592
69915,0.8274775371101439
69916,0.8222048762508612
69917,0.7907796161491915
69918,0.7824046619125078
69919,0.8246522939172773
69920,0.8129973233722821
69921,0.8391574507504234
69922,0.8265614849309525
69923,0.8373044268792592
69924,0.7803930174884254
69925,0.863119888378804
69926,0.8022750278202656
69927,0.8187460593849777
69928,0.8019432886585939
69929,0.8360853709761197
69930,0.8482425071896037
69931,0.8435247865782177
69932,0.8249663498411335
69933,0.8395808075119157
69934,0.8618408608649978
69935,0.8545076824457142
69936,0.8219155021063942
69937,0.8238784408357024
69938,0.7489184178031575
69939,0.8353726487294809
69940,0.8667683727263145
69941,0.8464757430621578
69942,0.8799707516063029
69943,0.8203225403552521
69944,0.862715912408077
69945,0.8129306913538513
69946,0.8172435072614536
69947,0.825821978182915
69948,0.8929807321291661
69949,0.83297179374899
69950,0.8320659419260453
69951,0.8046960047473215
69952,0.8595580605913703
69953,0.8762619191033135
69954,0.7933791304544892
69955,0.8862819258710619
69956,0.7935699248002531
69957,0.8678130485500986
69958,0.8426201693661712
69959,0.7674355507351078
69960,0.8645013919539114
69961,0.8144177589086763
69962,0.8437303913183369
69963,0.8206735307670904
69964,0.7736914310165685
69965,0.8575813217709733
69966,0.794540986300226
69967,0.8553568854895509
69968,0.8390928059548822
69969,0.8005355051529508
69970,0.7978141158409242
69971,0.8193687365279938
69972,0.7460179323428614
69973,0.8628343466519636
69974,0.8087537206499736
69975,0.8180981611278207
69976,0.8328774917617957
69977,0.7927861619840985
69978,0.8238898122636161
69979,0.8536588853908444
69980,0.8571175102172783
69981,0.8479967808100728
69982,0.8397467961347772
69983,0.8333173000545091
69984,0.7997173290428974
69985,0.8579568786218169
69986,0.8088551910075473
69987,0.8388407162647095
69988,0.8953158794923975
69989,0.8375932559458514
69990,0.815546794668629
69991,0.8724130996737725
69992,0.8566951947227441
69993,0.8162992362285053
69994,0.8341522456971571
69995,0.8587478432006159
69996,0.8008441748897052
69997,0.8357568829640094
69998,0.8298649388653856
69999,0.7911541206603729
70000,0.7868643035367104
70001,0.8056349744451828
70002,0.8146186576954435
70003,0.8537613857367166
70004,0.8815192875821465
70005,0.8589041282719015
70006,0.8535629688409764
70007,0.7804364331967717
70008,0.8064914676451672
70009,0.8219044400406951
70010,0.8345598033821228
70011,0.8223519821293381
70012,0.8071215040352295
70013,0.7993918765754933
70014,0.8445449794720636
70015,0.801139405514964
70016,0.8488371065800309
70017,0.8130959772584526
70018,0.7610739916009568
70019,0.8431846919238962
70020,0.8204450814323442
70021,0.8444149492324001
70022,0.8386787899731003
70023,0.7930579334273672
70024,0.7998327385796414
70025,0.8451409041082522
70026,0.7876697305366193
70027,0.8410886190362898
70028,0.8331287218585096
70029,0.8098572727684599
70030,0.8290064952256989
70031,0.8286592336261864
70032,0.7788273824241748
70033,0.8225782694077463
70034,0.8344345741120143
70035,0.8249626272681684
70036,0.809387250147617
70037,0.8095603104955003
70038,0.8629996916395052
70039,0.7694871209519415
70040,0.7970008716091437
70041,0.8150506433633598
70042,0.857784954551625
70043,0.8222728162707341
70044,0.7947501095011241
70045,0.8216652979652507
70046,0.844562846459534
70047,0.8190987234264197
70048,0.7725958251540691
70049,0.8630054184021292
70050,0.7528882084749677
70051,0.804920187828007
70052,0.8339123008949432
70053,0.789691540860318
70054,0.7870371160862425
70055,0.85769160827592
70056,0.8815091457397505
70057,0.8145532485723729
70058,0.8179803920398642
70059,0.772606070187979
70060,0.8486540549548802
70061,0.7807469976873206
70062,0.8314202653175716
70063,0.818890774732745
70064,0.864407579440004
70065,0.8535656135618194
70066,0.8203628679150744
70067,0.7777457315795949
70068,0.8101335732045425
70069,0.7943848714880377
70070,0.804145856738615
70071,0.8298870908199327
70072,0.8072817430680801
70073,0.8205638217897736
70074,0.8346940611843667
70075,0.8334415771896853
70076,0.812634782554945
70077,0.85794976796781
70078,0.7857272444622879
70079,0.7582079760056524
70080,0.8126990017348364
70081,0.8190755806572054
70082,0.8020462471914087
70083,0.7965477629254245
70084,0.8570865217375142
70085,0.8017705462388154
70086,0.840565436813726
70087,0.7546183332984355
70088,0.8685774258165508
70089,0.8566781310123484
70090,0.793358476671764
70091,0.8264712809988825
70092,0.8338151659318778
70093,0.8233914559916217
70094,0.8083142018230234
70095,0.839155574329399
70096,0.8650439575416707
70097,0.8085522325425646
70098,0.7823675892841082
70099,0.8174795715341432
70100,0.7997935865245046
70101,0.8470614385647679
70102,0.8017177905636086
70103,0.8540784809096782
70104,0.8398540747028709
70105,0.8119107622871007
70106,0.8079316049637485
70107,0.7710051612964302
70108,0.8583524563224615
70109,0.8046934033569239
70110,0.8195478504976318
70111,0.8579971236669266
70112,0.8412942531069357
70113,0.8292276364623347
70114,0.8288470588253303
70115,0.8295586402490249
70116,0.7812773056216233
70117,0.8633268319836518
70118,0.8196191950797022
70119,0.7707349940886462
70120,0.8125745341164977
70121,0.7864196857281477
70122,0.8167998349411004
70123,0.7884444431737402
70124,0.8589869842136731
70125,0.8944525959815738
70126,0.8528784020283908
70127,0.8743031660137401
70128,0.8049588883782502
70129,0.8096593125624824
70130,0.7847019413903256
70131,0.7967741907137673
70132,0.8246196851242223
70133,0.8258928088057664
70134,0.7963928714009315
70135,0.8048952764291885
70136,0.8070710825334486
70137,0.8351797193991127
70138,0.8122201269509102
70139,0.8356240902713374
70140,0.884657710559036
70141,0.822447873494708
70142,0.8099675644219456
70143,0.7799491424188392
70144,0.7432301300839574
70145,0.882015836085123
70146,0.8197534178806867
70147,0.8643639662250567
70148,0.8303693014617274
70149,0.8019803617735083
70150,0.8043750122557157
70151,0.8569232496787667
70152,0.8844617381185881
70153,0.823482006269873
70154,0.7698241244837637
70155,0.8176840406324422
70156,0.8166420442522337
70157,0.819354888687834
70158,0.873784303469004
70159,0.8090839988022586
70160,0.8168709150286328
70161,0.8479522340842272
70162,0.8219993810584719
70163,0.7912328820861346
70164,0.8579796621702598
70165,0.854115267594073
70166,0.8377153319699081
70167,0.8021264468659541
70168,0.8582317901585768
70169,0.7932711314732409
70170,0.8070598461501058
70171,0.8412518646703181
70172,0.8116922302990937
70173,0.80999916079816
70174,0.801809351836395
70175,0.841939142178403
70176,0.8131981739771904
70177,0.793450333150156
70178,0.8421559369516002
70179,0.7888248926980924
70180,0.8181735448923418
70181,0.826030879327133
70182,0.8472004798953704
70183,0.8361910037294257
70184,0.8260996525148895
70185,0.8144176385741047
70186,0.825104067502663
70187,0.8242685211273127
70188,0.8221499549642511
70189,0.8206526453097268
70190,0.8223656212533254
70191,0.7969992054514193
70192,0.8119256708952233
70193,0.8254817589962767
70194,0.8187859171439887
70195,0.832381822814848
70196,0.822556733953466
70197,0.8005701239880929
70198,0.7946829733121885
70199,0.8224564731129724
70200,0.7894486708603576
70201,0.7957597814072174
70202,0.8423754526278744
70203,0.7963171430264587
70204,0.8125196250010971
70205,0.8339434399016933
70206,0.8144430589289404
70207,0.8213489326535847
70208,0.8248366745826791
70209,0.8194293797021517
70210,0.799060616852314
70211,0.785692455408767
70212,0.7632055464078481
70213,0.8665035585791566
70214,0.8201963054501367
70215,0.8729520390969159
70216,0.8318636257349289
70217,0.8216411103512491
70218,0.8209386810152762
70219,0.8566350580082656
70220,0.8011562415479704
70221,0.7988336963160091
70222,0.8035817700669164
70223,0.8373179705111145
70224,0.8308819216900004
70225,0.7732105006353371
70226,0.8016809794207485
70227,0.8097556198703888
70228,0.7913037460342924
70229,0.8486257932732182
70230,0.8345035708918908
70231,0.8015945645995641
70232,0.815352896298272
70233,0.8080089992641107
70234,0.7724620574364841
70235,0.8210487438903782
70236,0.8439437445467327
70237,0.832128121100916
70238,0.8250479844452235
70239,0.8197180246447887
70240,0.8550604622668665
70241,0.8096346917579617
70242,0.8353444479596301
70243,0.764834035242244
70244,0.8336814486127248
70245,0.8083960225265283
70246,0.8293693343580321
70247,0.741220906802442
70248,0.8336979590038007
70249,0.7691994298861679
70250,0.8098830516891163
70251,0.8109031571947697
70252,0.9200439211930881
70253,0.8188205952576083
70254,0.8214204036062231
70255,0.8613124003679996
70256,0.8139900263863907
70257,0.7871766803124074
70258,0.8557632173146869
70259,0.8320527150406455
70260,0.8724992793285127
70261,0.7862830208909063
70262,0.8390866631758908
70263,0.8290186179517839
70264,0.8049750887215621
70265,0.8297028485120445
70266,0.8204629889440843
70267,0.840064793358681
70268,0.8412130241040382
70269,0.8020374876438443
70270,0.8305804258932792
70271,0.825412837158229
70272,0.806133109234735
70273,0.8178322892251938
70274,0.8096295408020667
70275,0.8566718015376671
70276,0.7825191976945077
70277,0.7716241303588218
70278,0.8199933166041944
70279,0.8126006144353836
70280,0.8262326058152798
70281,0.8362928792472545
70282,0.8500532381844074
70283,0.8269589944246138
70284,0.7553302854528549
70285,0.8505316550637468
70286,0.8071988739130748
70287,0.7963936300965941
70288,0.8394043328629239
70289,0.8540296075617133
70290,0.7960912772567112
70291,0.8045403005954374
70292,0.797270267174347
70293,0.818222413903621
70294,0.8396735205044368
70295,0.8330031898325185
70296,0.8002991125789726
70297,0.8357709211036025
70298,0.7757739110168478
70299,0.8087275727774678
70300,0.8337315267244984
70301,0.8086177824141144
70302,0.8353773674773869
70303,0.7937905815733497
70304,0.8897326299984024
70305,0.8381052784975201
70306,0.870294916509196
70307,0.829916699878875
70308,0.7721836637951798
70309,0.8271237645705549
70310,0.7932333553873224
70311,0.814313430316711
70312,0.8215091600669796
70313,0.8112363939804446
70314,0.8088331759902349
70315,0.8136871848392198
70316,0.7900399242319645
70317,0.8358997119868724
70318,0.8197716424997412
70319,0.831548845774398
70320,0.856282428736709
70321,0.8614543428402155
70322,0.7968763643643361
70323,0.8481685157334279
70324,0.7788735777499326
70325,0.8427963107936312
70326,0.8067883259542719
70327,0.828492056580779
70328,0.8177678652583646
70329,0.8295601504710116
70330,0.9009143966490242
70331,0.7727841067761901
70332,0.85569840503872
70333,0.8191844611822587
70334,0.8170700439484363
70335,0.7956991209238933
70336,0.8487710808455483
70337,0.8156924963512661
70338,0.7869627444190824
70339,0.8450352438552032
70340,0.8448776237177241
70341,0.8363513416046608
70342,0.8352615261672846
70343,0.8539876554699757
70344,0.8146185901104568
70345,0.8232437026199555
70346,0.8050738706670074
70347,0.8498625307303008
70348,0.8259133305148122
70349,0.8228245368392288
70350,0.7775196205048571
70351,0.7866269991854502
70352,0.8169510666399994
70353,0.824954042506488
70354,0.8874874629509688
70355,0.9077623597133162
70356,0.783083467661392
70357,0.8127375779606931
70358,0.8245170921428431
70359,0.7706556331939659
70360,0.8279866203298996
70361,0.7857381468404544
70362,0.8065938191847841
70363,0.8472797458070934
70364,0.8157005788345736
70365,0.802666314508607
70366,0.8365694580760267
70367,0.8094969024872726
70368,0.7922000979256053
70369,0.8067386346534678
70370,0.836466661321411
70371,0.8404544223646329
70372,0.7980955117169655
70373,0.8385068249700335
70374,0.8514260005204962
70375,0.8254549434154812
70376,0.8504154168011526
70377,0.847017148432036
70378,0.8329287948450353
70379,0.8158876800767951
70380,0.8380895729438241
70381,0.8165896513569214
70382,0.8049606783778698
70383,0.8601017538794338
70384,0.8565769109682823
70385,0.8163360480495426
70386,0.8464747615216773
70387,0.8166178486396858
70388,0.8581885023108972
70389,0.8307675849393813
70390,0.8136025773340201
70391,0.8240895940658645
70392,0.8467383909279206
70393,0.8170070283791422
70394,0.7857716156614832
70395,0.802177829555656
70396,0.817111232702245
70397,0.8362949654207911
70398,0.8327784696410918
70399,0.8122120810251064
70400,0.8036730462939432
70401,0.8342047922243645
70402,0.8210596192381879
70403,0.8123880161733776
70404,0.8406329233619438
70405,0.847236100002735
70406,0.835091304423409
70407,0.7841311574343778
70408,0.8105550121127771
70409,0.7829954786210842
70410,0.8054753988483491
70411,0.8329218845312484
70412,0.8082711649532868
70413,0.8560959163313259
70414,0.784297122343395
70415,0.835476839761771
70416,0.8252238966926728
70417,0.8010286245785978
70418,0.8509302842907807
70419,0.8425038469104733
70420,0.8765862868100757
70421,0.8502493497832925
70422,0.8283953023119641
70423,0.7525349508857405
70424,0.8289099508606937
70425,0.8465816267251859
70426,0.8768927128831621
70427,0.8311337960618557
70428,0.829975684302365
70429,0.8045230187221826
70430,0.8238765653114773
70431,0.8224283087276832
70432,0.8237696328170157
70433,0.8209931056250823
70434,0.8074976652616223
70435,0.7885483357586094
70436,0.812554146493798
70437,0.8025427553663471
70438,0.8528939519407509
70439,0.818180402978939
70440,0.8054119106845931
70441,0.7804121671016221
70442,0.8400392067246294
70443,0.8180715777075164
70444,0.7723648172342209
70445,0.8375164069872804
70446,0.8379829533858538
70447,0.8050862461519951
70448,0.8483907926535477
70449,0.8126601460372277
70450,0.857559535710221
70451,0.830876588682154
70452,0.853371585025576
70453,0.8212693466658765
70454,0.8131608162963955
70455,0.8253934020368674
70456,0.8494794332322733
70457,0.8154660581934572
70458,0.7803065338222577
70459,0.8113388486594685
70460,0.7973322819570271
70461,0.7583781462572124
70462,0.7386750988479778
70463,0.8123372708283542
70464,0.8936986622241773
70465,0.8554895165600405
70466,0.8046526622259799
70467,0.80085038097113
70468,0.7583241931242722
70469,0.8376387714278889
70470,0.8571234444058914
70471,0.7957930352616571
70472,0.7967422372873711
70473,0.8079425991185704
70474,0.8351738520078479
70475,0.8420328448674186
70476,0.8093349269385497
70477,0.8711694343870766
70478,0.8372720464775233
70479,0.8203344747504686
70480,0.843173845415915
70481,0.8115783652314675
70482,0.8207833123495522
70483,0.8502265722656963
70484,0.7856587523902743
70485,0.832588774211714
70486,0.8011225544901995
70487,0.8563122983183977
70488,0.8407209002569589
70489,0.795704909715124
70490,0.816536803635508
70491,0.8781712081657884
70492,0.7817194991427427
70493,0.7880051920369695
70494,0.8057613173037271
70495,0.8136766518098683
70496,0.8154407589396917
70497,0.7381765606435787
70498,0.8270400627193119
70499,0.8547009703820875
70500,0.8365600841336418
70501,0.7970237215549353
70502,0.7886925097063434
70503,0.7984416808942622
70504,0.7892899544413977
70505,0.8594592277344664
70506,0.8344248013280585
70507,0.812953258310853
70508,0.7878988841872463
70509,0.777396475888745
70510,0.8570574763007813
70511,0.8121062969700878
70512,0.7907035993063637
70513,0.8359262174328976
70514,0.7865410177505145
70515,0.8140052777663324
70516,0.8123099447309062
70517,0.8553981237473507
70518,0.8405402288298504
70519,0.8139627426848935
70520,0.784274519057197
70521,0.8333916031300792
70522,0.8183953274608633
70523,0.8354097990261095
70524,0.8162731459033923
70525,0.8109759452399677
70526,0.8530885624698509
70527,0.8267841268347684
70528,0.8315342625984163
70529,0.8394534095835968
70530,0.8404895887716303
70531,0.8335599094591366
70532,0.8627049754079319
70533,0.7715004078219454
70534,0.7734198896595106
70535,0.8409984501547475
70536,0.7811699634266425
70537,0.805799687604314
70538,0.7584119804666424
70539,0.7992432837126524
70540,0.7970675456085774
70541,0.8174885380601818
70542,0.7945617530642408
70543,0.8205488284052559
70544,0.8315395908663012
70545,0.8488186045318371
70546,0.8465548809642728
70547,0.8386659880814838
70548,0.8403985316707102
70549,0.8233125688277244
70550,0.7631331450776611
70551,0.8886855610106662
70552,0.846408498819563
70553,0.8076327345987402
70554,0.8422274980202917
70555,0.8643006136624445
70556,0.8110622499057137
70557,0.8045892516851609
70558,0.8128913915384339
70559,0.8573032205837018
70560,0.8918176784483827
70561,0.8054210332613756
70562,0.860776229515669
70563,0.8312429484691402
70564,0.8361417029838688
70565,0.8147738821353914
70566,0.7824012067373227
70567,0.7836336357009166
70568,0.8412530222207311
70569,0.8259909538860142
70570,0.849103458315216
70571,0.8625764443060083
70572,0.8032386568935119
70573,0.8354809030845001
70574,0.7810462308186866
70575,0.8499442945602573
70576,0.8343816275637161
70577,0.8299357675189044
70578,0.8242915123323328
70579,0.7812618282990221
70580,0.8255014461548041
70581,0.8123224460150126
70582,0.8117507536379457
70583,0.8162858013664956
70584,0.8366495664129758
70585,0.7433332469104602
70586,0.816595758088271
70587,0.8166245546900509
70588,0.8332246641392128
70589,0.7982648374147411
70590,0.8233662211879339
70591,0.797590004133412
70592,0.7500049959840192
70593,0.8341421473895729
70594,0.8249818661655643
70595,0.7954330990123741
70596,0.8213894552717627
70597,0.7548780812005189
70598,0.8722807446668192
70599,0.7889460328194896
70600,0.8035290288557465
70601,0.7508193224199577
70602,0.8089117656478919
70603,0.8347688477186131
70604,0.8090052948071146
70605,0.8310810675457435
70606,0.8011627918842525
70607,0.7677956954833665
70608,0.8545762540899491
70609,0.8306500814191264
70610,0.8052636794763646
70611,0.8184626416025574
70612,0.7928818497272997
70613,0.8251285112504235
70614,0.8700932125291185
70615,0.8972318023103999
70616,0.8114786671610326
70617,0.8409254201304515
70618,0.8425915453771375
70619,0.8317965136776768
70620,0.776984685119981
70621,0.8428753389379778
70622,0.8264147073279259
70623,0.8789253157116323
70624,0.8295600473174736
70625,0.7776499239663016
70626,0.8277729448630126
70627,0.8459332816310908
70628,0.8240157008113863
70629,0.8155860901346299
70630,0.8228686760550084
70631,0.8152996612304437
70632,0.8609129784994504
70633,0.7934841346279319
70634,0.8207828307287595
70635,0.8065926051543565
70636,0.8293491963182216
70637,0.8416743855722174
70638,0.804524928745941
70639,0.8389951669391584
70640,0.8166068501070306
70641,0.7776728076352728
70642,0.7715883062175628
70643,0.819088153172728
70644,0.7958228836785388
70645,0.8394563982277418
70646,0.8129184403758619
70647,0.8020352627217461
70648,0.8602283052491231
70649,0.8097552172926609
70650,0.7930238807493009
70651,0.8678295143375374
70652,0.8378813629015429
70653,0.8426249665627442
70654,0.790122725907457
70655,0.8151726628556679
70656,0.7794206014464384
70657,0.7895470569668024
70658,0.8171445816318937
70659,0.8900158664277148
70660,0.7970055588521463
70661,0.8055156046368896
70662,0.8438356533213794
70663,0.814495576623803
70664,0.827243932265199
70665,0.8011378053650572
70666,0.8735960346949737
70667,0.8707494772444799
70668,0.7935752330404376
70669,0.833187339364336
70670,0.8312431402852926
70671,0.7243037242104677
70672,0.7721673202525692
70673,0.8120435056972298
70674,0.8248098217049441
70675,0.8081716200266189
70676,0.8357066650015044
70677,0.8100010206267
70678,0.8315785950033328
70679,0.8451025830377631
70680,0.840599883868772
70681,0.82727004599555
70682,0.8302172431879459
70683,0.815031122628243
70684,0.9121661944830687
70685,0.8357982813403497
70686,0.7758838313370128
70687,0.8031094087360139
70688,0.7886127046988123
70689,0.8244276549319027
70690,0.9297988133314676
70691,0.8000078795610536
70692,0.8058584961546592
70693,0.7937003293294622
70694,0.7860579157066416
70695,0.7561187379308606
70696,0.7585013428713545
70697,0.8186651047614423
70698,0.8479316400456547
70699,0.8448686946724043
70700,0.8315509118267317
70701,0.8135107668676561
70702,0.8026220488285881
70703,0.7765860978887965
70704,0.8775708386090781
70705,0.8318424731189517
70706,0.7887089785459367
70707,0.792626848959974
70708,0.8760765660447342
70709,0.8178755159105133
70710,0.8207449193198051
70711,0.7923845103300636
70712,0.8078401828409197
70713,0.8159760974366762
70714,0.8630846250731392
70715,0.7975660188244696
70716,0.8113531730154764
70717,0.8636874789903936
70718,0.7918864514826924
70719,0.7920761872073778
70720,0.8282241315856828
70721,0.8187618931561547
70722,0.8220996834108277
70723,0.8573178107075443
70724,0.8287652109198034
70725,0.8343736400186849
70726,0.8370132942335914
70727,0.8034145490828593
70728,0.7819495624452362
70729,0.8349257875098645
70730,0.8239700531195647
70731,0.8361046895099115
70732,0.8148190135538672
70733,0.7748834103487174
70734,0.809086091752405
70735,0.844053523125962
70736,0.7764073113079993
70737,0.8567238615193787
70738,0.7486510446654647
70739,0.8590738978314933
70740,0.7807166323808734
70741,0.8786656079042127
70742,0.8262998750636665
70743,0.8787978969409008
70744,0.8625996160436494
70745,0.7681272061145866
70746,0.842190901934528
70747,0.8421502614104355
70748,0.8050052947339652
70749,0.8263100488936486
70750,0.8182252278646888
70751,0.8452366903599189
70752,0.8373518774672846
70753,0.8119816766248952
70754,0.8155557369393274
70755,0.8024472877481492
70756,0.799243224150832
70757,0.7892202900691608
70758,0.8379217055006454
70759,0.8401044052318516
70760,0.811716595604385
70761,0.8313610056699619
70762,0.851923621852782
70763,0.8056733847273999
70764,0.8313188430677113
70765,0.7826913807647624
70766,0.7979548759323092
70767,0.8208391063424356
70768,0.7895473619494963
70769,0.826274349449279
70770,0.8371476844603816
70771,0.7945311372231368
70772,0.8388463036736262
70773,0.8106134705487016
70774,0.8525849069284788
70775,0.806582196771765
70776,0.8075848866343641
70777,0.7563771427707756
70778,0.821247966785304
70779,0.8609658860095354
70780,0.8068915201370982
70781,0.8387932500982241
70782,0.8560858381832505
70783,0.8070641919248831
70784,0.8807160080887888
70785,0.7949866543599601
70786,0.8241802933003277
70787,0.8209126793941083
70788,0.831071788210787
70789,0.7995734475158197
70790,0.7686552281125023
70791,0.8244742820403579
70792,0.794495045316122
70793,0.8555532833977527
70794,0.8131095899772279
70795,0.7872989201918685
70796,0.7713272036177071
70797,0.8253114113052689
70798,0.8264101253633863
70799,0.7779227456032981
70800,0.8474709033079906
70801,0.8063968482312605
70802,0.8067295047174224
70803,0.810236861469261
70804,0.8411260309655005
70805,0.8333772096524007
70806,0.8060235038941106
70807,0.7882469811916102
70808,0.8093264408450205
70809,0.8221586615906759
70810,0.8141839824248286
70811,0.7751262639284272
70812,0.8234423154726844
70813,0.8119424868739669
70814,0.848053475360414
70815,0.8323890395347251
70816,0.7834514107585102
70817,0.8254409404086763
70818,0.8058902186734105
70819,0.8189296942033351
70820,0.7869532336486826
70821,0.8396946825179973
70822,0.8447371224000747
70823,0.8179344354706863
70824,0.8679607804536441
70825,0.7915031198880572
70826,0.7994420884269142
70827,0.8022056132917271
70828,0.7985072038041651
70829,0.8048082294861116
70830,0.8003441150969031
70831,0.8716312840793288
70832,0.8019008017254594
70833,0.8138048900397213
70834,0.78321476703596
70835,0.8333315365471599
70836,0.8321154855886298
70837,0.8265986642722141
70838,0.7786003187790806
70839,0.79238578151114
70840,0.8683797085481406
70841,0.8406551930268972
70842,0.8302814600322308
70843,0.8214269707147069
70844,0.8094394239921188
70845,0.8221828593690126
70846,0.8440788950357393
70847,0.793721195757824
70848,0.7919433309183275
70849,0.8161163955904405
70850,0.8100022476825515
70851,0.7924448042141954
70852,0.8733599470338175
70853,0.769538291127894
70854,0.8149993290676725
70855,0.8192983459646506
70856,0.8170885212139666
70857,0.8230224583345016
70858,0.8423800290591481
70859,0.83340468298413
70860,0.8043557924690241
70861,0.8145647217104504
70862,0.800775063230462
70863,0.8052322717244922
70864,0.7785531822200672
70865,0.8470300546634718
70866,0.7293484061714519
70867,0.8415988148102289
70868,0.8046160769236916
70869,0.8459198448713212
70870,0.7679329315552537
70871,0.8431509357739561
70872,0.850684089685471
70873,0.7729151830417087
70874,0.796171777704218
70875,0.7839034740627778
70876,0.8118856982992482
70877,0.757421455291931
70878,0.7971579719172394
70879,0.8657464496595462
70880,0.8118650504537107
70881,0.8143044606389133
70882,0.781836659324324
70883,0.8034858398090969
70884,0.7486854251334133
70885,0.8872369556551125
70886,0.7877828007106011
70887,0.7962243950728887
70888,0.8757100521905881
70889,0.7939246813588896
70890,0.8027055086599731
70891,0.8063106856770345
70892,0.8589744123327154
70893,0.8112833888722456
70894,0.8067763652430768
70895,0.811123162660785
70896,0.8492756607812112
70897,0.8455501626893848
70898,0.769067993095095
70899,0.82239681467387
70900,0.8259078400935407
70901,0.8311600740797951
70902,0.8674362135140761
70903,0.8588087512473913
70904,0.8004561668502576
70905,0.8083576083940138
70906,0.8123126237426185
70907,0.8146841456497039
70908,0.814426113610824
70909,0.8190967550771288
70910,0.8467417645062778
70911,0.7966697853050988
70912,0.7688861351432201
70913,0.7937989854358591
70914,0.8276546440560312
70915,0.8501442410545655
70916,0.7826920313172234
70917,0.8652393417350933
70918,0.7892232784036406
70919,0.9222238577534452
70920,0.8209147165808023
70921,0.840900589653524
70922,0.8786624016951147
70923,0.804026595015963
70924,0.8524811776746212
70925,0.8167568003560803
70926,0.7769256376436818
70927,0.8276478306024266
70928,0.7828664341140771
70929,0.8973021891839037
70930,0.8141201631230558
70931,0.8376381346279623
70932,0.8619941691034292
70933,0.8421662186255928
70934,0.8536108788920725
70935,0.8059513365755214
70936,0.7738257134411467
70937,0.7970618454954183
70938,0.8081895684172744
70939,0.7972377584245638
70940,0.8222109210387373
70941,0.8093786324765898
70942,0.8107819213982934
70943,0.8207995672477594
70944,0.8313045643460599
70945,0.8651218248786772
70946,0.80449427748233
70947,0.7990570586296784
70948,0.7901524006090128
70949,0.8406294277732436
70950,0.8570371335496574
70951,0.8167191262703309
70952,0.804578966015385
70953,0.7972147857186226
70954,0.8032813645394203
70955,0.8205779123968293
70956,0.8500692860665993
70957,0.8124030114348817
70958,0.7804787895594613
70959,0.8831328518237122
70960,0.819609280957778
70961,0.7854716665850937
70962,0.8647733814922874
70963,0.848237716322464
70964,0.8533513392286384
70965,0.7985646142368553
70966,0.8109542633259744
70967,0.7899988325751277
70968,0.8293111767175202
70969,0.794236499634071
70970,0.8167762999793209
70971,0.7879424692732324
70972,0.7914606299316597
70973,0.7880410356530427
70974,0.826745798197923
70975,0.8005646778283478
70976,0.8495430867378471
70977,0.8470444554665282
70978,0.7844774482072154
70979,0.7941099779070644
70980,0.8574681632106811
70981,0.8460336999207134
70982,0.8494463824347984
70983,0.8296091013613122
70984,0.7712162790643287
70985,0.8087875483959661
70986,0.8230910508239698
70987,0.8191767600522191
70988,0.807342426715834
70989,0.8241755731571551
70990,0.8122185491331556
70991,0.8319596903774684
70992,0.8124798191660919
70993,0.8911719948150227
70994,0.8230606527202894
70995,0.8115183832098372
70996,0.8177834774152564
70997,0.8660727007212742
70998,0.786185698568493
70999,0.8239955779230729
71000,0.8157554869758323
71001,0.8713722475336291
71002,0.8358092450913576
71003,0.8272646600888446
71004,0.8081584661990239
71005,0.8138472171059296
71006,0.8455549816313754
71007,0.8662769728680093
71008,0.8423124254596601
71009,0.7681988340371965
71010,0.8204459896098424
71011,0.818514944523868
71012,0.7802516583519339
71013,0.8505718801705247
71014,0.8943112789616828
71015,0.8278869720348984
71016,0.834594850306939
71017,0.8232444376828428
71018,0.8471091811067729
71019,0.7679349119016818
71020,0.7821416483066673
71021,0.796188407875631
71022,0.8488508912400988
71023,0.8383275374671543
71024,0.7796950822176866
71025,0.8398964197895926
71026,0.7935409841345114
71027,0.8906772095740287
71028,0.8478587968133545
71029,0.808390669316535
71030,0.7905703584142562
71031,0.8510020745289212
71032,0.8080436471761248
71033,0.7925415469777354
71034,0.8311677198314004
71035,0.8010659473345213
71036,0.8136921065649826
71037,0.8277643752036313
71038,0.7725956727122149
71039,0.7807132100610262
71040,0.7951141683165097
71041,0.8303663681730218
71042,0.7960237693419889
71043,0.836508956677361
71044,0.8012857618091326
71045,0.8173819925364906
71046,0.8465042018115583
71047,0.7883144956438264
71048,0.7890315217208601
71049,0.7953210297270057
71050,0.7952823269629519
71051,0.8274470814048375
71052,0.841982688011865
71053,0.7932515910213995
71054,0.848940990792517
71055,0.7906302096943562
71056,0.7999239361580632
71057,0.8586853360366127
71058,0.8647561912161115
71059,0.7959299806477016
71060,0.7839127517971486
71061,0.7946951646567506
71062,0.8013616888397184
71063,0.855826592494203
71064,0.7604063060840092
71065,0.8344298783261165
71066,0.8427999564819497
71067,0.8264249550849109
71068,0.8314232889225434
71069,0.7991567368760067
71070,0.8553166651182587
71071,0.8190379714169362
71072,0.8001579074900673
71073,0.8609745609069336
71074,0.7991351342590544
71075,0.8148920342913163
71076,0.8636827854400149
71077,0.7921780429799746
71078,0.8571021626430712
71079,0.8110426945864937
71080,0.8714181949994125
71081,0.7861244507033363
71082,0.8286950488547735
71083,0.7982160896760226
71084,0.796858578671083
71085,0.8400792558197226
71086,0.7998043650657084
71087,0.7864822845354968
71088,0.8616251664164121
71089,0.8287274749255231
71090,0.834625427154743
71091,0.833073735017302
71092,0.8442040922689414
71093,0.8433557036102153
71094,0.8464268335159768
71095,0.8122078311343421
71096,0.8069928715695505
71097,0.7877143174777582
71098,0.7878417658337357
71099,0.8304196421905176
71100,0.8260821816008819
71101,0.7973631280610732
71102,0.7892286971024427
71103,0.8588923312198558
71104,0.7865675271572915
71105,0.8133961901903789
71106,0.8740847139477433
71107,0.8109121438891932
71108,0.8483439657511429
71109,0.7365482314846691
71110,0.8678175488354092
71111,0.776046192656838
71112,0.7913634287901907
71113,0.804806717693163
71114,0.8313049851286676
71115,0.8174645632415327
71116,0.8134507457346885
71117,0.797839791012925
71118,0.8051485986282241
71119,0.8735928002045656
71120,0.7517308192926336
71121,0.8195841429866663
71122,0.8322910480802488
71123,0.8143419964970104
71124,0.8207732044850181
71125,0.8312033843045658
71126,0.821008580924674
71127,0.7509194428662987
71128,0.8455593497975964
71129,0.8475361948592024
71130,0.8649297239738424
71131,0.8369781678537579
71132,0.8022230562969078
71133,0.8006322483401781
71134,0.8600926112999876
71135,0.8207535391477127
71136,0.7858965234037578
71137,0.8115897683620443
71138,0.8553924178616771
71139,0.8489407740888911
71140,0.7942787086419967
71141,0.7463239066096813
71142,0.8319993621232904
71143,0.8307346236853712
71144,0.8030110593720933
71145,0.8196358680558665
71146,0.8247409444362501
71147,0.8621260120663037
71148,0.7968214870501826
71149,0.8102011894152557
71150,0.8091141455488874
71151,0.8002399486407257
71152,0.782534799813407
71153,0.8156589503553963
71154,0.8730703139979902
71155,0.8526574768746836
71156,0.8604530685025383
71157,0.8030862420973185
71158,0.7901956437985095
71159,0.8397561304451455
71160,0.8221994064158762
71161,0.8157012214762704
71162,0.7974586237897884
71163,0.8655935044684012
71164,0.8187936223072146
71165,0.8171457283340117
71166,0.8787471235512989
71167,0.8181706886622875
71168,0.8208620468468578
71169,0.7820522681487425
71170,0.8095195417133767
71171,0.8317408030985064
71172,0.85019725261871
71173,0.8210498039734152
71174,0.7913244124434605
71175,0.871645898166622
71176,0.898938840686334
71177,0.8045423799796625
71178,0.8864931719649394
71179,0.802506447297862
71180,0.8755509229875793
71181,0.8554524672741713
71182,0.7860837613793891
71183,0.7976090389630864
71184,0.836287640122431
71185,0.8005603966038806
71186,0.8522557688263441
71187,0.8213819897195832
71188,0.8388464884904918
71189,0.8325033551608776
71190,0.8123484896940972
71191,0.7900371892712511
71192,0.8585558960354074
71193,0.867322896850823
71194,0.8460804776411711
71195,0.8443454067228313
71196,0.787779358430964
71197,0.8188538580936728
71198,0.8703648724368064
71199,0.8794491918527103
71200,0.8841081359149596
71201,0.8132802984659218
71202,0.8316020795990909
71203,0.8262427553511464
71204,0.794488617775494
71205,0.8359004133569642
71206,0.8478475942977513
71207,0.8336514027465171
71208,0.8537168019283544
71209,0.8301416884018158
71210,0.8512295765381807
71211,0.819800311213977
71212,0.8399011016120537
71213,0.8252167499213182
71214,0.8233152142660186
71215,0.8206369182538258
71216,0.8342209681671243
71217,0.7992730832510159
71218,0.8476194042553803
71219,0.8300800613518203
71220,0.8464842560185926
71221,0.8509912044803799
71222,0.8084338967635871
71223,0.8841207341833004
71224,0.7776598016041619
71225,0.8239455444563071
71226,0.7843593803196534
71227,0.786651765156737
71228,0.7956997243903383
71229,0.8197459769044081
71230,0.8470712266162048
71231,0.8526808713110928
71232,0.8344016496070876
71233,0.7822108987801086
71234,0.7931393086445455
71235,0.8227303791397058
71236,0.8332255682795537
71237,0.8522570609255815
71238,0.8386588940012087
71239,0.7815603439296391
71240,0.8136377926385091
71241,0.86177440483472
71242,0.8186807656066258
71243,0.7847247518141923
71244,0.8826769103627803
71245,0.8011689503422817
71246,0.8217664964320539
71247,0.8571036816453336
71248,0.8241583330792577
71249,0.8713756434824533
71250,0.7859145670184313
71251,0.8464764351955898
71252,0.7830824108372634
71253,0.812923907395659
71254,0.8086784860087318
71255,0.7861603284706083
71256,0.8464970252072457
71257,0.8168947978995396
71258,0.8057096630898658
71259,0.7988674530950032
71260,0.8374222449138866
71261,0.8159216265604946
71262,0.8440667791395491
71263,0.8257859856143198
71264,0.837531586178121
71265,0.8100222069513308
71266,0.8112387239740693
71267,0.8338362999287942
71268,0.8196128478965061
71269,0.803312314218317
71270,0.8152325566632693
71271,0.7901735660445326
71272,0.8342351554793986
71273,0.8329797380304369
71274,0.7490095581879463
71275,0.8129721896242406
71276,0.8720063197310965
71277,0.8307492779116462
71278,0.8264605786636393
71279,0.8910926917991762
71280,0.8826149304135008
71281,0.7720376124144411
71282,0.781421536076681
71283,0.8209804905785764
71284,0.7773552855774181
71285,0.8154758921167179
71286,0.8703209281651036
71287,0.8317546412747029
71288,0.8331000531617645
71289,0.905328843453724
71290,0.7695147791055427
71291,0.8057171280519504
71292,0.7736921046941875
71293,0.8141101418740766
71294,0.7825660079800809
71295,0.8432434138634143
71296,0.8299935930249014
71297,0.8411145939412257
71298,0.831525570860116
71299,0.8359007385080365
71300,0.860650076443176
71301,0.7764531686685596
71302,0.8197178122257776
71303,0.7988092338742487
71304,0.8910407817507826
71305,0.8703723324322303
71306,0.8124525933914865
71307,0.8570121178926886
71308,0.803126570737577
71309,0.8477817106026341
71310,0.8042098786307035
71311,0.8518112288668928
71312,0.7654311307205929
71313,0.8639398276285292
71314,0.8333607216043482
71315,0.7800399872394894
71316,0.79154398170101
71317,0.8212596389475375
71318,0.8745478465831521
71319,0.815304463776944
71320,0.8179562229754195
71321,0.8508835996897878
71322,0.751185754821689
71323,0.8283320046969318
71324,0.8312350222154492
71325,0.8442177903911853
71326,0.8139488145806428
71327,0.8227374963542206
71328,0.8409182787922009
71329,0.8345357122938736
71330,0.7554053120574185
71331,0.8545760072548888
71332,0.8366215259799046
71333,0.8455538215753738
71334,0.7698057182887766
71335,0.8436252756340887
71336,0.8722252715676337
71337,0.8102450303589318
71338,0.7864540663576378
71339,0.8292757774686152
71340,0.8607006420843664
71341,0.8005760033546175
71342,0.8646537357877981
71343,0.8092955101861448
71344,0.8148942247126237
71345,0.8485247263913697
71346,0.8162434092646034
71347,0.8606257966949941
71348,0.822331268853169
71349,0.7853680204125761
71350,0.816682657620848
71351,0.8711472162894347
71352,0.8290805497328098
71353,0.7971208736035937
71354,0.8028697708385896
71355,0.8331980247461485
71356,0.8374645185526848
71357,0.826392067357618
71358,0.8242495948771487
71359,0.84145051734975
71360,0.8039481120104586
71361,0.7800985242175384
71362,0.7844217819924204
71363,0.8442651647199616
71364,0.8475510178334466
71365,0.8192383850965566
71366,0.7443769309842907
71367,0.8701453252708206
71368,0.7746888632326568
71369,0.8269337186666866
71370,0.8355347942357457
71371,0.8382961148724907
71372,0.7780524510040652
71373,0.8352892510624406
71374,0.8202011856079233
71375,0.8255336978977026
71376,0.8192906085691415
71377,0.8590522364405028
71378,0.803284419976515
71379,0.8237855960631322
71380,0.7644038845238554
71381,0.8372742693464726
71382,0.8363110314522377
71383,0.821331216581476
71384,0.824959891282589
71385,0.8389963982403649
71386,0.8737613332526551
71387,0.8629626581104861
71388,0.8040365442656491
71389,0.826785233018456
71390,0.8233625744035031
71391,0.8687915399136492
71392,0.8354293948181408
71393,0.8019462304491785
71394,0.7943603872591449
71395,0.8249985488186705
71396,0.8425142881260504
71397,0.8466953244031284
71398,0.8317333481611975
71399,0.8470074139335134
71400,0.7687474721783061
71401,0.8157947948796327
71402,0.8140132948614133
71403,0.7886342912130421
71404,0.772281118872156
71405,0.7996216969685295
71406,0.863467080647348
71407,0.8960919828565438
71408,0.8466361374843243
71409,0.7408597809368273
71410,0.8030024038223169
71411,0.8040576936409246
71412,0.8411760639639128
71413,0.7587684563676304
71414,0.8183729863189892
71415,0.8459435706356644
71416,0.7778467435078718
71417,0.8445998511836253
71418,0.8219743914226446
71419,0.8398193399289301
71420,0.7682045083547869
71421,0.7960539734818145
71422,0.745777902519079
71423,0.8218776207132454
71424,0.8369655686092388
71425,0.8486290132122007
71426,0.8071961704169228
71427,0.8227206000199979
71428,0.8325893566231856
71429,0.775579674414592
71430,0.85581841762755
71431,0.8643151606692469
71432,0.8741591018797717
71433,0.7803016781520358
71434,0.8159065668489867
71435,0.8619318212550678
71436,0.8091243056589754
71437,0.8083834328114482
71438,0.8240859210588795
71439,0.8152395881360596
71440,0.8118316261500294
71441,0.8120246113690713
71442,0.8433813753227307
71443,0.8032513467381796
71444,0.8655626235156244
71445,0.8099142932537831
71446,0.8394517490809521
71447,0.849357286690688
71448,0.8295438192193725
71449,0.8103376414143553
71450,0.8608088642494224
71451,0.8663016395386266
71452,0.738128512514731
71453,0.8078862061774499
71454,0.8088950987910402
71455,0.8171911568801781
71456,0.8343497563047763
71457,0.760778830931056
71458,0.7749490725943112
71459,0.8517138987087067
71460,0.7995334149755788
71461,0.8469781855844613
71462,0.8415143352665334
71463,0.8305378598096597
71464,0.833920488462439
71465,0.8189347314322188
71466,0.8244808417050518
71467,0.8385519741883938
71468,0.8022869893749706
71469,0.8148273810370853
71470,0.8318306323461262
71471,0.8418760992963681
71472,0.8599915103004929
71473,0.8613145972440058
71474,0.810910225057599
71475,0.8201534859458882
71476,0.8208370292118029
71477,0.8242606385802085
71478,0.7798360025168719
71479,0.8020819307706917
71480,0.8678196361789027
71481,0.8355811416384852
71482,0.8162600188689804
71483,0.8359725341601195
71484,0.8313017818175705
71485,0.7876783765402642
71486,0.8395438493320222
71487,0.8244687434888994
71488,0.8473591701394048
71489,0.7819062212014619
71490,0.8010678012389859
71491,0.7712051489892757
71492,0.8173559687684534
71493,0.7967300396593788
71494,0.8448595645068094
71495,0.8089483723006213
71496,0.7918055684287988
71497,0.813056164465727
71498,0.8047483165929109
71499,0.8491815693374207
71500,0.7788381322987867
71501,0.8364608732773423
71502,0.8081045751358155
71503,0.827554201815001
71504,0.761486458245254
71505,0.7704049597861031
71506,0.844254542469824
71507,0.8197261319658303
71508,0.8029083195543055
71509,0.8244792806032024
71510,0.7691461852498755
71511,0.8316712841884429
71512,0.8212047482924846
71513,0.8107080322628902
71514,0.7626053581583684
71515,0.8454655231121527
71516,0.8084053254116859
71517,0.8455245018801186
71518,0.8232283917763374
71519,0.8414676628321672
71520,0.8090804350021179
71521,0.7957258881638967
71522,0.8311853819810393
71523,0.7941860656803851
71524,0.7795858118610847
71525,0.8353102888741504
71526,0.7646902702214734
71527,0.8282168570756012
71528,0.7765780328886189
71529,0.8073789453855064
71530,0.8537316429838708
71531,0.8223760908801352
71532,0.8451673156134276
71533,0.8022328320856966
71534,0.8224202443153588
71535,0.8720907688732653
71536,0.8267379247073525
71537,0.860809841147426
71538,0.8462947983317245
71539,0.8013808504434539
71540,0.8451630877927299
71541,0.8810394320284253
71542,0.8325364977070436
71543,0.7856341178619791
71544,0.8592537358260357
71545,0.7878051007134849
71546,0.8008862045650907
71547,0.831700969679006
71548,0.8375353537806177
71549,0.733884342839588
71550,0.8093958702730213
71551,0.8366509505150131
71552,0.8368470571011234
71553,0.8327088262947149
71554,0.8296845867426187
71555,0.8236953556329571
71556,0.8045493218986739
71557,0.8482140962712845
71558,0.8155441560112512
71559,0.8428877133820248
71560,0.8981204369654786
71561,0.8588996928718723
71562,0.8097447544030072
71563,0.8176811246721507
71564,0.8445332698021125
71565,0.7979232469986953
71566,0.8432337673073268
71567,0.8675360618868388
71568,0.8307017259114495
71569,0.8176885332899495
71570,0.8528130697183858
71571,0.8755589024557255
71572,0.8373557161974742
71573,0.8519665857100918
71574,0.8627740746320651
71575,0.8161813740884025
71576,0.8467982090235003
71577,0.8226516056307511
71578,0.811900905449907
71579,0.8576675687146496
71580,0.7945787199731807
71581,0.8261043464907214
71582,0.8161260509936531
71583,0.8379381438797134
71584,0.7908274907257233
71585,0.8269413492482484
71586,0.7749974658405966
71587,0.8265322188694195
71588,0.887865901315674
71589,0.8476683011320397
71590,0.793344566149719
71591,0.8373903783480883
71592,0.8356747872130532
71593,0.7698787503609226
71594,0.8522385779715527
71595,0.8194583930972419
71596,0.8202247451575078
71597,0.8205550190433989
71598,0.7914568380163547
71599,0.7995794156164905
71600,0.8842952229987117
71601,0.8073839379205193
71602,0.8066898443017714
71603,0.8258849621122946
71604,0.7507694127664637
71605,0.8382200284550059
71606,0.921140601919712
71607,0.8454817846763073
71608,0.8109974553291509
71609,0.8594773713359365
71610,0.8094329985768315
71611,0.8435311051445383
71612,0.848793742133332
71613,0.804507413059592
71614,0.9049776893523234
71615,0.8126554783421492
71616,0.8210531079653327
71617,0.8283130128978513
71618,0.7766587185319549
71619,0.8092733213516217
71620,0.8223591038959269
71621,0.8099600412151413
71622,0.8427131277783318
71623,0.7972476490082842
71624,0.8158193909523062
71625,0.8568955062107659
71626,0.8967823040465527
71627,0.8063629215559723
71628,0.8130939424359469
71629,0.868099719113215
71630,0.8725900524568072
71631,0.7983995261777179
71632,0.8004270107542016
71633,0.811128557170497
71634,0.8353883041985596
71635,0.8106303941336004
71636,0.8465766700495833
71637,0.8130146683114559
71638,0.8380940972037526
71639,0.821756654055867
71640,0.8388770053947406
71641,0.8282715607518649
71642,0.8517990075717597
71643,0.8101226168365476
71644,0.8932211585904835
71645,0.7818397727229602
71646,0.7946770720602916
71647,0.8557738035977687
71648,0.7783429679564661
71649,0.8340274178077693
71650,0.8696337426304539
71651,0.8345394887137602
71652,0.8266515949991472
71653,0.7337849716316202
71654,0.8188844752259676
71655,0.8407072600080445
71656,0.7978741229596031
71657,0.8249703318718201
71658,0.8443868268759916
71659,0.8523453859492209
71660,0.8483258401013939
71661,0.8301231893283343
71662,0.833013416480047
71663,0.8189543460960212
71664,0.8373683901052217
71665,0.8108370344517354
71666,0.7673037268407334
71667,0.822809287566772
71668,0.8270152443389379
71669,0.8583821742239749
71670,0.8718868631237311
71671,0.8368833222050123
71672,0.8154853978930107
71673,0.8410112703472029
71674,0.8654877473624711
71675,0.8065740285834392
71676,0.8476812115526514
71677,0.8042654109405932
71678,0.8059458022759504
71679,0.8549526895224884
71680,0.7879124101109921
71681,0.837951010403504
71682,0.8542172325909074
71683,0.8254721770417857
71684,0.8731096192605604
71685,0.8178225352218345
71686,0.7786186855252293
71687,0.8023005650045291
71688,0.8708855563833244
71689,0.8392983537327273
71690,0.7812711989271478
71691,0.7771323943662911
71692,0.8477884522819111
71693,0.8311685772110751
71694,0.8278386698666415
71695,0.8310972127359346
71696,0.8430401079235073
71697,0.8300853471362387
71698,0.812187585782461
71699,0.8289573868563068
71700,0.8159064557034934
71701,0.7960102853674748
71702,0.8422229376360411
71703,0.8769097176840224
71704,0.8591568910334307
71705,0.8129151635415545
71706,0.8899523427302345
71707,0.7844160928431209
71708,0.8550260630841982
71709,0.7911610766116419
71710,0.8741419106926992
71711,0.8424860225708775
71712,0.85079701240247
71713,0.8157008436170861
71714,0.7875486859809921
71715,0.8079913010659611
71716,0.802660216412333
71717,0.8093616630385784
71718,0.7756598302219689
71719,0.815929877383097
71720,0.8190011762421399
71721,0.7863970081077422
71722,0.8287981740375917
71723,0.7579035821754669
71724,0.7853237244144005
71725,0.8240414641281629
71726,0.7964854450114232
71727,0.8251960893744541
71728,0.7813312454737111
71729,0.82606022384047
71730,0.7938606779501636
71731,0.871453922654159
71732,0.8239393474894102
71733,0.8277855639675658
71734,0.8305784861773079
71735,0.8524855239473946
71736,0.8328004229985612
71737,0.7994529890485742
71738,0.7855737658162207
71739,0.807780511777109
71740,0.8344133550214434
71741,0.7971306670542784
71742,0.8132212466676774
71743,0.8220051940402919
71744,0.802551539534583
71745,0.7652404819825666
71746,0.8166649589809238
71747,0.814890497519123
71748,0.8489451188809454
71749,0.8319713226771894
71750,0.7482689175301183
71751,0.8203325352770308
71752,0.8651225719569902
71753,0.7982919427306912
71754,0.8122071259350139
71755,0.7651213860072722
71756,0.7987406983685917
71757,0.7985253256108097
71758,0.8867457976850358
71759,0.817802906013017
71760,0.8312439371557208
71761,0.8344554887850641
71762,0.8221340970008089
71763,0.8066719845922135
71764,0.87356636495421
71765,0.8588751492065354
71766,0.8239038568243515
71767,0.7758329246754749
71768,0.7905909301525024
71769,0.8054416307186603
71770,0.8040127185988325
71771,0.825324264399501
71772,0.842387277771164
71773,0.8515497586168105
71774,0.8458288186976581
71775,0.8388622743819724
71776,0.8426562339394862
71777,0.8001830641106845
71778,0.8547825885802214
71779,0.8380240378075402
71780,0.826713617038832
71781,0.8323125028404827
71782,0.8713972931854053
71783,0.7926434815161639
71784,0.8684777612196195
71785,0.8202546088802972
71786,0.812963113221089
71787,0.781860212332569
71788,0.8323510955332096
71789,0.7648787671279496
71790,0.8230726944664729
71791,0.8077355289739137
71792,0.8643350008400963
71793,0.8213997557441662
71794,0.8563737425867106
71795,0.8027667921607023
71796,0.8711402289612485
71797,0.8070017976222016
71798,0.7432735239344428
71799,0.8770001817846489
71800,0.8037051593475955
71801,0.866859375886616
71802,0.8326685770489495
71803,0.7937620362486912
71804,0.8497456297673232
71805,0.7445424990814237
71806,0.831320973199696
71807,0.8494939644425202
71808,0.7429017846505022
71809,0.822219706768781
71810,0.814632373492422
71811,0.7648322323021026
71812,0.818513252045923
71813,0.8169909634289169
71814,0.886984275938189
71815,0.826908920980438
71816,0.8105154587985387
71817,0.8575796885312539
71818,0.8599332711305695
71819,0.7872504673259904
71820,0.8031107370143596
71821,0.8597201536488265
71822,0.846135496140092
71823,0.8058742577510503
71824,0.8109739976297649
71825,0.792712235219645
71826,0.8335156366455398
71827,0.8513412167296555
71828,0.8415998688667714
71829,0.8082130490161364
71830,0.770575176020784
71831,0.8216837661881473
71832,0.7855054514253259
71833,0.8283056606236565
71834,0.8760393420076
71835,0.8300019418628842
71836,0.8454865611202541
71837,0.8033835151233941
71838,0.8647693376252018
71839,0.8216968045132822
71840,0.7699663810566507
71841,0.79879792808236
71842,0.8635856990516401
71843,0.8742976707582845
71844,0.8203684442065259
71845,0.8034476360006523
71846,0.8083443737155207
71847,0.8335088842571278
71848,0.861965775225534
71849,0.8044372502910073
71850,0.8008294429558942
71851,0.8009929567893053
71852,0.8154505695979166
71853,0.8438709684424553
71854,0.8419015761552382
71855,0.8616928252135174
71856,0.8108539183469204
71857,0.7474043848868873
71858,0.7984177388949741
71859,0.8475856874344616
71860,0.9006048096498442
71861,0.769704105881897
71862,0.8059356262014205
71863,0.8444031243275483
71864,0.7852537713258143
71865,0.8522977084957555
71866,0.799692199964177
71867,0.8867119042422568
71868,0.8485212111759334
71869,0.7953669415595753
71870,0.8014029150027083
71871,0.806165267091607
71872,0.8206835401406137
71873,0.7965848188941276
71874,0.8438219677462265
71875,0.8370715481126894
71876,0.7951670347734627
71877,0.8098969161634654
71878,0.8270054137294662
71879,0.8118877467688541
71880,0.8229139013476622
71881,0.8192019192036929
71882,0.8365433972609817
71883,0.8454466492723638
71884,0.8276620367733863
71885,0.7986656672442457
71886,0.8382793803937092
71887,0.8238004493211163
71888,0.8476362587817454
71889,0.8354452686282859
71890,0.8097367195586224
71891,0.7350652696969275
71892,0.7947177872161298
71893,0.8299635147737771
71894,0.850182860294557
71895,0.7591424093949342
71896,0.7981644706507354
71897,0.8333630616228331
71898,0.8444629931604782
71899,0.806862370709607
71900,0.7974805152007151
71901,0.816274395402559
71902,0.8423319282525563
71903,0.8140508041157882
71904,0.7831253176313682
71905,0.8480470705792305
71906,0.8262491236457582
71907,0.8522380303200611
71908,0.8154274215837792
71909,0.8286654130659632
71910,0.8412033254012129
71911,0.7712982081704756
71912,0.839904284986374
71913,0.8031861816940788
71914,0.7807185013763008
71915,0.8605685395622753
71916,0.8574432315314352
71917,0.8235337997663724
71918,0.8199853999940552
71919,0.830579925489036
71920,0.8459064714465012
71921,0.8181098595626393
71922,0.7916131902298569
71923,0.7758766734541911
71924,0.8661604475683289
71925,0.8292249650781112
71926,0.8651943627287139
71927,0.8119386784643897
71928,0.8697058117263653
71929,0.8158066887749087
71930,0.8607292485166259
71931,0.8226052640482281
71932,0.8092241819731391
71933,0.7773237903404351
71934,0.8360992490878834
71935,0.8089863278560693
71936,0.856959481797545
71937,0.8622709154570106
71938,0.8162140935917621
71939,0.8048808890775896
71940,0.7574451192180544
71941,0.8142730160442584
71942,0.8301441331385137
71943,0.7944514689126324
71944,0.8249199623897685
71945,0.7981460651707993
71946,0.7817830214910944
71947,0.8538364168300152
71948,0.7720155551604181
71949,0.8312149205700085
71950,0.8833734776513477
71951,0.8075536784643267
71952,0.7971330338592234
71953,0.8316076491021829
71954,0.7952713307034746
71955,0.7986545189449242
71956,0.7802838636841812
71957,0.8659946430188109
71958,0.8348194957011532
71959,0.8354071886027171
71960,0.8336694317229489
71961,0.8017296193304799
71962,0.7973932179202294
71963,0.7982491053574131
71964,0.8107251786500052
71965,0.9012687332449636
71966,0.8007459338816655
71967,0.810609647462745
71968,0.7849258179625953
71969,0.8469822404495317
71970,0.8763850476129209
71971,0.8910043429173373
71972,0.821450836715412
71973,0.8453642911642693
71974,0.8083980956585183
71975,0.7857803637793104
71976,0.809284453575641
71977,0.8187660415652905
71978,0.8696979596815976
71979,0.7917009903936386
71980,0.8661237164742025
71981,0.8236625203098672
71982,0.8098261031599656
71983,0.8339389242627581
71984,0.8493062776893884
71985,0.8090121393139769
71986,0.8071828566950688
71987,0.7984069135888917
71988,0.8427541119358272
71989,0.8137878642564559
71990,0.8200722461000102
71991,0.7784764901279019
71992,0.8659229608851696
71993,0.8584605687434124
71994,0.877953964079392
71995,0.8275740819472513
71996,0.8650169626366513
71997,0.8287556860812666
71998,0.8533332957394254
71999,0.8600933772254378
72000,0.8442335858795305
72001,0.8320626202568119
72002,0.8374663503103548
72003,0.8225178165813708
72004,0.8570175540340432
72005,0.7712119997629785
72006,0.7678255093047459
72007,0.8055741440879443
72008,0.7982441935811849
72009,0.8552717131925461
72010,0.847805776467388
72011,0.8553733000194362
72012,0.8380565395043288
72013,0.8015566544277902
72014,0.7709447763860142
72015,0.8030247081773996
72016,0.8402328735862823
72017,0.8134948961674685
72018,0.7914907218690702
72019,0.8730669329718882
72020,0.8245088824430815
72021,0.8664297322417052
72022,0.809684571210286
72023,0.8685869675603994
72024,0.7901742219032486
72025,0.7820211013462759
72026,0.8369218632997716
72027,0.8255711211911604
72028,0.855333467607592
72029,0.8516817301478212
72030,0.8156780593261331
72031,0.8136385488413758
72032,0.7614714745813341
72033,0.8994777234050821
72034,0.8275054369556789
72035,0.8669315785046101
72036,0.8421929605941472
72037,0.8584750476733375
72038,0.8391431718408315
72039,0.8116687389693742
72040,0.8582906004227177
72041,0.8215438202217289
72042,0.8304967601486092
72043,0.8061410845446643
72044,0.8166800194552934
72045,0.8341547317889705
72046,0.8336125013178401
72047,0.8599895908860089
72048,0.8280656781013437
72049,0.8341488241770288
72050,0.835293645798068
72051,0.8273615551530651
72052,0.8046169417818035
72053,0.8192437317255749
72054,0.844273355127723
72055,0.8069259593934336
72056,0.7907932923878206
72057,0.812347769002138
72058,0.8373705941976487
72059,0.8265566313763847
72060,0.8196870370293793
72061,0.8139251256876675
72062,0.8380928662485448
72063,0.7881222895340475
72064,0.8115167779538566
72065,0.8702005141460656
72066,0.8597435590318224
72067,0.7882751066427639
72068,0.9030169153700182
72069,0.8224533609292599
72070,0.8358099463201923
72071,0.8032715976873985
72072,0.8582415649787843
72073,0.7555563021122564
72074,0.8010774011777501
72075,0.8461176368597253
72076,0.7716162259281102
72077,0.832794490869076
72078,0.8865171007704397
72079,0.8743158453347613
72080,0.8609215541906434
72081,0.8326331397970895
72082,0.8126126696299796
72083,0.8068331971244894
72084,0.8093726354837314
72085,0.8409254827284275
72086,0.8191919883052649
72087,0.8216187719918474
72088,0.8359856969866426
72089,0.8420212289090899
72090,0.8055597984897942
72091,0.8349432996752306
72092,0.8089042379647973
72093,0.7982650504828274
72094,0.8098345297008241
72095,0.8551341598961738
72096,0.8072391925802598
72097,0.819969300225476
72098,0.8252134807055668
72099,0.8046130165609985
72100,0.7990878154320897
72101,0.8330922887690386
72102,0.7954715435170998
72103,0.8371272749204021
72104,0.8006247409482804
72105,0.8655679514491016
72106,0.872993154188512
72107,0.7758182838580845
72108,0.8460026152411241
72109,0.8393046439001207
72110,0.7908382520187773
72111,0.8155225488234165
72112,0.7929908757873597
72113,0.8392983582652627
72114,0.8459202328467164
72115,0.8393987601270423
72116,0.8286219354936907
72117,0.7630558581055995
72118,0.7864970423905475
72119,0.8190867144636927
72120,0.8071437459014332
72121,0.831452820232992
72122,0.7980238478290304
72123,0.82992100646366
72124,0.7990205816205227
72125,0.8398196058714505
72126,0.8593001727533028
72127,0.818920936711252
72128,0.8172790021385835
72129,0.8773955715073131
72130,0.8020469857968134
72131,0.8474020256853089
72132,0.7849502080651889
72133,0.8025500109469808
72134,0.8417486010144092
72135,0.8677528829133557
72136,0.8174060765177301
72137,0.7686451248079971
72138,0.8747256676123731
72139,0.8189710440053802
72140,0.8293689879463781
72141,0.8606038515293238
72142,0.8598304016663931
72143,0.7686088824562622
72144,0.8154731850677746
72145,0.8506918390051561
72146,0.7978666088797327
72147,0.7891845471905695
72148,0.8032834701163526
72149,0.8079949791796268
72150,0.8291193306092335
72151,0.8023467509577612
72152,0.8008868498021466
72153,0.7909811053201887
72154,0.7999945173952179
72155,0.8054902140407668
72156,0.8294413759712246
72157,0.8241038229682339
72158,0.8270627532137181
72159,0.722696383146316
72160,0.8414496868253521
72161,0.8441634443709444
72162,0.8305126823423613
72163,0.7944477087273489
72164,0.8487711687899009
72165,0.8488358527991323
72166,0.8124209600499124
72167,0.8198513826721598
72168,0.8104677985006368
72169,0.8228312979260942
72170,0.8723190551816429
72171,0.844450649300179
72172,0.8587133518793113
72173,0.8431421825679902
72174,0.8292931716939943
72175,0.8216082511835877
72176,0.8282798129737066
72177,0.8360884608947886
72178,0.8122271048367582
72179,0.7859677967334505
72180,0.8142536442982513
72181,0.8028080924072484
72182,0.8024196662607764
72183,0.8242241484576768
72184,0.8270106585890094
72185,0.8328171275636511
72186,0.7985320298057584
72187,0.8580009134183295
72188,0.821428555068552
72189,0.8049797522872982
72190,0.8356212575994849
72191,0.8440032308130396
72192,0.8082903439065133
72193,0.8013996429844659
72194,0.8822622726718692
72195,0.8122008676578916
72196,0.8638825407269642
72197,0.8458403638367527
72198,0.7555414624233576
72199,0.8693182179682659
72200,0.8419936978239063
72201,0.8185263976317849
72202,0.8453653017360925
72203,0.8275947102959873
72204,0.8511459438333088
72205,0.8287801994346172
72206,0.8142598270257702
72207,0.8329166777663921
72208,0.827991670663177
72209,0.8742591999393825
72210,0.8433480869494292
72211,0.803926699453699
72212,0.8715432784064664
72213,0.8061523821884912
72214,0.8395215500020613
72215,0.8394864147794633
72216,0.8099544328553587
72217,0.8042839455566481
72218,0.7900382863697306
72219,0.8003952903504958
72220,0.8285867483149125
72221,0.8195952202359907
72222,0.8032973661840118
72223,0.7751837816229786
72224,0.8689754888943186
72225,0.8261586852142159
72226,0.8055887935915533
72227,0.8913024884634119
72228,0.7830264775468507
72229,0.8603199232278339
72230,0.8118425234375379
72231,0.86682723260256
72232,0.8386196010769726
72233,0.8185417165216394
72234,0.8114397725438841
72235,0.843071228523138
72236,0.7792906746588294
72237,0.8142835519696068
72238,0.8333260728368678
72239,0.8109600285958231
72240,0.8025855241009161
72241,0.8370165220060802
72242,0.8021479491999133
72243,0.8092632991085609
72244,0.7822908786780979
72245,0.8138893891803057
72246,0.8123455850678051
72247,0.7528343800870313
72248,0.8209954470225767
72249,0.8188446894162767
72250,0.8429317998792555
72251,0.8726382034338209
72252,0.7807802666141742
72253,0.866591695572406
72254,0.8115043777095964
72255,0.794347543389333
72256,0.8010089429178986
72257,0.8256560638083484
72258,0.8189566651413862
72259,0.8559076648597073
72260,0.8232002406583626
72261,0.8152452371132279
72262,0.7616030748685588
72263,0.8300200752057735
72264,0.8119593457289225
72265,0.8413089390182468
72266,0.7812088202308404
72267,0.8217282247513666
72268,0.8274621869267331
72269,0.8218054668746225
72270,0.7844862670563421
72271,0.8590230180966368
72272,0.7732497308423594
72273,0.8572371017278015
72274,0.848606222529239
72275,0.8544982286602915
72276,0.8222550791849683
72277,0.8320114643616291
72278,0.8471665726087233
72279,0.7810767925745916
72280,0.7777359042469167
72281,0.8696817375952923
72282,0.7957955701849152
72283,0.8203845080713508
72284,0.8005420887375417
72285,0.8305397259055021
72286,0.7893166648920901
72287,0.7841887247364674
72288,0.8217686898008866
72289,0.8189664115915115
72290,0.8413593493575401
72291,0.8343080548360051
72292,0.7979863873008811
72293,0.7763331684861853
72294,0.8023454081835284
72295,0.8558928233409685
72296,0.8202286404983473
72297,0.783813958846696
72298,0.8670473131550291
72299,0.8644854537450676
72300,0.8392316890426366
72301,0.8199749981312113
72302,0.7989661772694479
72303,0.8157350149359528
72304,0.8171328144873841
72305,0.8352052684200628
72306,0.8571163891139713
72307,0.8505178999365913
72308,0.8319461056013324
72309,0.8532447294393153
72310,0.7725255069797625
72311,0.8196441063895559
72312,0.889435989180838
72313,0.8127374659109937
72314,0.8238398837649483
72315,0.8868889624257719
72316,0.8353087370829841
72317,0.7802021249117452
72318,0.8156605713006135
72319,0.7596620148054891
72320,0.8253350693508158
72321,0.8300594548034261
72322,0.8327168749877655
72323,0.8326597406501601
72324,0.7811591770091993
72325,0.8486110501073628
72326,0.8165635289596699
72327,0.816792175030736
72328,0.8206915450208967
72329,0.8654374123951256
72330,0.8345506989675816
72331,0.8300269624823451
72332,0.8275292634154704
72333,0.7694992544086563
72334,0.8093011778014306
72335,0.8407306249202829
72336,0.7729389315722067
72337,0.8485451161271546
72338,0.8209256886824231
72339,0.8433621931034431
72340,0.828578858537744
72341,0.8618120909018557
72342,0.8477251319914604
72343,0.855934660531889
72344,0.8217379963425026
72345,0.8096661340572251
72346,0.8400219038759861
72347,0.8433881767453915
72348,0.8051213194377156
72349,0.7990017160134361
72350,0.85487114610229
72351,0.7720566156250621
72352,0.8111068116239074
72353,0.8047096680399849
72354,0.7789902644442185
72355,0.8567587736955506
72356,0.8453558341498925
72357,0.838787735505251
72358,0.7821161615886175
72359,0.7214225573486515
72360,0.8628238674073634
72361,0.8372198901643036
72362,0.8393031547827094
72363,0.7761665618706107
72364,0.8674797925979812
72365,0.8416553873477417
72366,0.8502447594412472
72367,0.853172481535618
72368,0.8157479355979192
72369,0.7795870172086465
72370,0.8226978191478221
72371,0.8043874400013266
72372,0.8284783378855097
72373,0.8041507346302537
72374,0.7874076577858674
72375,0.7999461169155078
72376,0.8198936401647251
72377,0.8397171354148435
72378,0.8492196700256325
72379,0.8399336569467503
72380,0.8071754246720655
72381,0.8186048988244685
72382,0.7912970025925019
72383,0.8261003746543205
72384,0.8117133598725832
72385,0.8436244826652963
72386,0.8235874530069921
72387,0.8236010355115179
72388,0.7818940573574809
72389,0.8211511909231018
72390,0.8557348491065303
72391,0.857970647171707
72392,0.8072623438880573
72393,0.7548898769729964
72394,0.8347170371768897
72395,0.805435778439384
72396,0.8174084572557913
72397,0.8383441619131143
72398,0.8481620846748433
72399,0.8287245834326572
72400,0.799911959020649
72401,0.8255656960299153
72402,0.784007561781412
72403,0.8082370375512524
72404,0.8174744995032105
72405,0.7642037881384597
72406,0.804390339500171
72407,0.8272325746451683
72408,0.8091022624100813
72409,0.8166037250806574
72410,0.7854749161488739
72411,0.8553920542335179
72412,0.7699358021213055
72413,0.8031795376769314
72414,0.8297952328055561
72415,0.8464520950873979
72416,0.8128295449278674
72417,0.7720306420259947
72418,0.8768415632149414
72419,0.868850319076384
72420,0.8759844463286316
72421,0.8631378084604721
72422,0.8476490821557756
72423,0.8016290033414513
72424,0.826763520301338
72425,0.8438519717943299
72426,0.779168941295667
72427,0.8730656698155103
72428,0.8428912071732506
72429,0.7729036832853159
72430,0.7952486029266633
72431,0.8183079239795932
72432,0.8111417373075396
72433,0.7562526231114288
72434,0.8700265949641219
72435,0.7495538380833989
72436,0.8504469962707788
72437,0.8262971130467542
72438,0.8343367447821476
72439,0.8337428602232514
72440,0.8445557886646132
72441,0.808951979874641
72442,0.7930542267736761
72443,0.8232212677349784
72444,0.8214650226657975
72445,0.7936299991778911
72446,0.8079769393137272
72447,0.8273593984748121
72448,0.8004883005259824
72449,0.8433542923577179
72450,0.832865396355082
72451,0.796157845422301
72452,0.835021492993881
72453,0.7689765546716179
72454,0.8223133949720365
72455,0.8058307174074855
72456,0.7807889669124067
72457,0.7796533519892066
72458,0.8441967030302057
72459,0.8043159221271375
72460,0.8462883660623794
72461,0.8045995521812112
72462,0.8003405395749058
72463,0.8576081755705739
72464,0.7902322171588966
72465,0.8370661895087733
72466,0.8206347639962265
72467,0.859633453188749
72468,0.8212591505868571
72469,0.8288467678948912
72470,0.7989490579196924
72471,0.87031219419824
72472,0.8366664792813318
72473,0.8204867537069076
72474,0.8153214982387093
72475,0.837609666621958
72476,0.8380193526708147
72477,0.8325590198982367
72478,0.8520474651927095
72479,0.8634119440938113
72480,0.8168131415712219
72481,0.8115407071436641
72482,0.7892174814863161
72483,0.8326546449848442
72484,0.8084645156525365
72485,0.8367820982042737
72486,0.8282949847691573
72487,0.8357178155519105
72488,0.8306121793476535
72489,0.840227713294358
72490,0.8252325183193445
72491,0.8232277119149093
72492,0.8450353436823967
72493,0.8391467388471102
72494,0.8072794141365487
72495,0.8009001980129437
72496,0.8547968202387818
72497,0.810846425835509
72498,0.847473530586833
72499,0.879849638511423
72500,0.8819699843896087
72501,0.8140063857378199
72502,0.8401765028975267
72503,0.8771344669040332
72504,0.8052364536702649
72505,0.7847401256120065
72506,0.8513493901666738
72507,0.8533063838666761
72508,0.7730291624232308
72509,0.8458135924459311
72510,0.8337870662117426
72511,0.8068351704404899
72512,0.8181090145927318
72513,0.7838207955146284
72514,0.7546395411573048
72515,0.808422942623043
72516,0.8727301772877867
72517,0.8039250660115169
72518,0.7865292602512864
72519,0.8327278455149109
72520,0.7555252584939636
72521,0.8302448216958149
72522,0.8229720952222709
72523,0.8046414667876269
72524,0.7824672936911544
72525,0.8516806729922546
72526,0.7962261772149534
72527,0.8037406792663312
72528,0.8185380996847021
72529,0.8231229982704686
72530,0.8213133467774882
72531,0.8171583717147366
72532,0.826501107173285
72533,0.8280121487756478
72534,0.8376833716196593
72535,0.8545913841002142
72536,0.822041248191422
72537,0.8109218497834886
72538,0.7984938396233806
72539,0.8153201855421389
72540,0.8622538087425177
72541,0.8579567410531355
72542,0.8192444970633482
72543,0.8473475313411941
72544,0.8375631867285374
72545,0.836408100884717
72546,0.8191223157403648
72547,0.7562424623618862
72548,0.8488544379441907
72549,0.8152397901887919
72550,0.8606182222188193
72551,0.8098953313709535
72552,0.8676168218769955
72553,0.8632904264259689
72554,0.7702152027129503
72555,0.8089762343325716
72556,0.8027538716418242
72557,0.8192483729591332
72558,0.9300869500203969
72559,0.851793876023474
72560,0.8139265789799437
72561,0.8160823121692455
72562,0.7876137684379745
72563,0.8246308146106682
72564,0.7690945409435931
72565,0.8650330040883973
72566,0.7516198326719006
72567,0.8699610105805291
72568,0.8253241751735154
72569,0.8491441465404833
72570,0.8762266194991412
72571,0.8485661234759132
72572,0.8121158847111067
72573,0.8315926041532293
72574,0.8428263322838725
72575,0.8036620418618048
72576,0.849598576126303
72577,0.7757959518450604
72578,0.8564900680446859
72579,0.8824759187969456
72580,0.8623432868269418
72581,0.8357346643660771
72582,0.8184733913993711
72583,0.8017809252564378
72584,0.8322550145086032
72585,0.8141874361605392
72586,0.8520278024009599
72587,0.8339350412068455
72588,0.851353287397709
72589,0.8058104268421538
72590,0.7941497519737059
72591,0.8872512898709184
72592,0.8485510965596301
72593,0.7965139281968743
72594,0.8085170889133174
72595,0.850221900758195
72596,0.86535491733227
72597,0.8092473642408392
72598,0.8449888273170241
72599,0.7876207448908527
72600,0.8016759680387202
72601,0.8654085253139979
72602,0.7986723213036965
72603,0.7965157165932721
72604,0.8013702140651568
72605,0.8119237296583587
72606,0.8660336022395012
72607,0.8168698598469627
72608,0.7981009789265401
72609,0.7892227451404497
72610,0.8256808143617838
72611,0.8613632785009515
72612,0.8426805346406929
72613,0.799156464425478
72614,0.8388286977162196
72615,0.8344654177543739
72616,0.7721807916178223
72617,0.8504960016946309
72618,0.8222243782307453
72619,0.8418329660792232
72620,0.8290186918332266
72621,0.865883660018398
72622,0.8218221794172647
72623,0.8193421818451524
72624,0.7990318289987418
72625,0.8405678956277831
72626,0.7732904974097037
72627,0.8852951813379796
72628,0.858608221665365
72629,0.8202767769233608
72630,0.8259956669270951
72631,0.8380500499018446
72632,0.7849763676312634
72633,0.8460877994433081
72634,0.8345472127120737
72635,0.7946634564600745
72636,0.8091682835699849
72637,0.8688100543822456
72638,0.8042809029712213
72639,0.8740590955313761
72640,0.8414687052950567
72641,0.8382321172324473
72642,0.8024182806184504
72643,0.7951534902513991
72644,0.8543373251479071
72645,0.8078761723448091
72646,0.8132053431260722
72647,0.8270125095072767
72648,0.8409212103561142
72649,0.8302017763261598
72650,0.8155099167341527
72651,0.8051276288507216
72652,0.8228951044260122
72653,0.8439265540470621
72654,0.8279250849798776
72655,0.7606204798851135
72656,0.8066499626342915
72657,0.8685885031039164
72658,0.833212697019374
72659,0.8086514554244907
72660,0.8781266767378686
72661,0.8468212205335417
72662,0.825625169444327
72663,0.8743331050299926
72664,0.8406739338097912
72665,0.8068661589041025
72666,0.8374248266924229
72667,0.7662244949912933
72668,0.7873502021578717
72669,0.860527380763634
72670,0.8638245499144622
72671,0.8299161993777322
72672,0.7864268480888785
72673,0.8586430922313655
72674,0.7930895996314601
72675,0.8426869572283818
72676,0.8762210557149885
72677,0.8377874569134418
72678,0.8349969869036661
72679,0.8616909124621396
72680,0.8227843388532485
72681,0.832559865389682
72682,0.8318305227377037
72683,0.8100208069736877
72684,0.8220852475789568
72685,0.8264763409722067
72686,0.8304590531356494
72687,0.8009576034276576
72688,0.7889783378740474
72689,0.8056817047578527
72690,0.8159753239549916
72691,0.8302845432673251
72692,0.7812405432557044
72693,0.8360652517389194
72694,0.8512422953079739
72695,0.7599462375562386
72696,0.8143756763240428
72697,0.8249618128050455
72698,0.8057879262421862
72699,0.8373691825581263
72700,0.8630449324395512
72701,0.8434451685525385
72702,0.8386849320220523
72703,0.8207644920513189
72704,0.856320265320948
72705,0.7661052411885081
72706,0.8400767404562409
72707,0.871201511360485
72708,0.8731798923616916
72709,0.8483714977928024
72710,0.8263058528870144
72711,0.7801122340945228
72712,0.8397175473904743
72713,0.7870575421641395
72714,0.7814511484039813
72715,0.8236558067145546
72716,0.8162197206087313
72717,0.8813187307652621
72718,0.8454214955173471
72719,0.8066395978836969
72720,0.8375209600277336
72721,0.7999364775179396
72722,0.8910614382710006
72723,0.8562656353788379
72724,0.8274988545062829
72725,0.8480880186732752
72726,0.8196364979690344
72727,0.8430852322313874
72728,0.8050732913255971
72729,0.7572027409685368
72730,0.7941311641723806
72731,0.7857901569093881
72732,0.8186708099219191
72733,0.7501642989653042
72734,0.8088913075914962
72735,0.8229749109641968
72736,0.8184962797526308
72737,0.86230921972225
72738,0.795324753384067
72739,0.8508157125411546
72740,0.8642210521596516
72741,0.8519263936452264
72742,0.8105070990879611
72743,0.8251366063861423
72744,0.8134933242745847
72745,0.8301645778173887
72746,0.8112774301884054
72747,0.8947425691395946
72748,0.8472465465693234
72749,0.8002088447612151
72750,0.8514929684879394
72751,0.830217269263858
72752,0.8318225924591248
72753,0.8393562045597417
72754,0.8270877136578418
72755,0.8016147711618802
72756,0.8624557743157395
72757,0.8766692258689407
72758,0.8112693726953943
72759,0.8499064525868483
72760,0.8194743155537659
72761,0.8234495125031164
72762,0.7944487201611082
72763,0.8434197185865783
72764,0.7880512817102162
72765,0.8269832255276411
72766,0.8536216448129218
72767,0.8388457923372251
72768,0.8464157585273511
72769,0.7963929205919382
72770,0.8242180783392263
72771,0.8181741357844935
72772,0.8139421544866486
72773,0.8621425352521459
72774,0.8068408379024108
72775,0.8479762404363292
72776,0.8566124623451439
72777,0.908235973678884
72778,0.7840547020845248
72779,0.8209557130139157
72780,0.8111474837276021
72781,0.8262166258882832
72782,0.8371694427402203
72783,0.7824686983285261
72784,0.8369150239959824
72785,0.8539917790697923
72786,0.8123302315990356
72787,0.82125748246044
72788,0.7706114289288649
72789,0.824196442003577
72790,0.8517282701977269
72791,0.7740201281479832
72792,0.8246132753296955
72793,0.7838518930671485
72794,0.8074195252829343
72795,0.8508575479077213
72796,0.8191421172340894
72797,0.8438081624598948
72798,0.7934209109479745
72799,0.8078860734162897
72800,0.8420966745665094
72801,0.8344652833864629
72802,0.8429989567356807
72803,0.8130668113391195
72804,0.8853130854152587
72805,0.8388006569042931
72806,0.832578717083236
72807,0.8592006364104716
72808,0.8270892474338967
72809,0.8112885236689585
72810,0.8522951662510377
72811,0.7816813262657656
72812,0.816851142431281
72813,0.8554563589762381
72814,0.7419206938833459
72815,0.8114330348479696
72816,0.8022822960441246
72817,0.7950353090065057
72818,0.7780959553231694
72819,0.8163971773466823
72820,0.7711587579942812
72821,0.8123249216976851
72822,0.8271713328559034
72823,0.863789761851349
72824,0.82980105707942
72825,0.824255568655106
72826,0.8073839846248837
72827,0.8087452365177066
72828,0.8028040010145276
72829,0.7565200346645956
72830,0.8401313487049754
72831,0.8359876922859815
72832,0.8725463159616059
72833,0.8352127574327202
72834,0.8156781169331996
72835,0.8167506666149067
72836,0.8196499223859003
72837,0.8291178127222935
72838,0.7855922349247741
72839,0.8318041254173717
72840,0.8124718068922102
72841,0.8505932526177461
72842,0.7596187971456705
72843,0.8109390355432271
72844,0.8082202406151195
72845,0.8137112936882874
72846,0.8232415705160065
72847,0.805295250940703
72848,0.8524019340479436
72849,0.8340680881725042
72850,0.820115003303645
72851,0.8284421492147773
72852,0.8467710510953534
72853,0.7946828015055708
72854,0.7953185470619047
72855,0.8464171031477299
72856,0.8110806053447197
72857,0.8412874927194419
72858,0.8453754594281321
72859,0.8115162458371843
72860,0.83879882977795
72861,0.7858468783231317
72862,0.7835069012360952
72863,0.8250839465908524
72864,0.8505255207861617
72865,0.818505725844654
72866,0.8309868400762657
72867,0.8374552224730017
72868,0.8096545654388675
72869,0.8278139302784726
72870,0.8468409466449932
72871,0.8111320935574368
72872,0.8392429993541902
72873,0.811303675707871
72874,0.7806399088006664
72875,0.8209326760880723
72876,0.8491175125765845
72877,0.8125184438562645
72878,0.8592187907737796
72879,0.8860862282986373
72880,0.8050473072066544
72881,0.8186354869123259
72882,0.8219517168349859
72883,0.8222842242497739
72884,0.8015034989703628
72885,0.8529755544263277
72886,0.7983778277677372
72887,0.8331518903708507
72888,0.8739642012236115
72889,0.8993423967929504
72890,0.8306326489867077
72891,0.8057204301593733
72892,0.8266615287813693
72893,0.8268832875046903
72894,0.8277713853754544
72895,0.8362772162438786
72896,0.8386416710886534
72897,0.8420871917871074
72898,0.8560751598943089
72899,0.8006913832236213
72900,0.8293731627434813
72901,0.796646693516353
72902,0.8158301126672822
72903,0.8359434952355206
72904,0.8510876255810735
72905,0.8260052582607527
72906,0.7819076179129578
72907,0.7706308779496504
72908,0.813584446840175
72909,0.8271080068253991
72910,0.872611579628737
72911,0.8299151398221646
72912,0.8051979927354507
72913,0.8124743356731824
72914,0.8136650942983432
72915,0.8130935058405652
72916,0.7915505673632455
72917,0.8105746603103579
72918,0.7956658233782735
72919,0.831541493998631
72920,0.8833415999155866
72921,0.7932189241595238
72922,0.7988993398935945
72923,0.8294406690483913
72924,0.8291289571730727
72925,0.8073161235107037
72926,0.816314763327656
72927,0.8401018025160994
72928,0.8743002684125006
72929,0.7876253717630368
72930,0.8095034775819372
72931,0.8112055782742442
72932,0.809099694921311
72933,0.8299046953828755
72934,0.8558013480032844
72935,0.8523965773404084
72936,0.8228936209236691
72937,0.8248092911106316
72938,0.8577267827644453
72939,0.8116727792211461
72940,0.8019803637078841
72941,0.8053519586122648
72942,0.8081245383950966
72943,0.8086049409576249
72944,0.828605222255338
72945,0.855967106451667
72946,0.8412509600527912
72947,0.8443901704942683
72948,0.8335362314237714
72949,0.8095299546575124
72950,0.8611992103921116
72951,0.8350435899321033
72952,0.8581037771761036
72953,0.8055129611086308
72954,0.8275215557093958
72955,0.792421536117764
72956,0.8263517726661611
72957,0.8591167114488706
72958,0.7744405620228408
72959,0.8588310253955027
72960,0.8553349641863004
72961,0.7865469192231705
72962,0.8769579607791987
72963,0.8028864575915101
72964,0.7930532167507292
72965,0.8052367790349904
72966,0.7728864235246495
72967,0.8386287015500532
72968,0.8349151183871057
72969,0.8424031991340211
72970,0.8379625010184034
72971,0.8024489129779587
72972,0.8375606225843842
72973,0.8552550038763108
72974,0.8892501315615055
72975,0.820240046027316
72976,0.8447617405074572
72977,0.8487969606508672
72978,0.7995874625770961
72979,0.8184056159835918
72980,0.8346107804741656
72981,0.8070028457032925
72982,0.8499385963098376
72983,0.8635693501446577
72984,0.8119874601488379
72985,0.8229480438207463
72986,0.7154125458846974
72987,0.8350085151938805
72988,0.8071952917130434
72989,0.8362225395091869
72990,0.834799660803148
72991,0.8206426474974793
72992,0.886118671691583
72993,0.8621247191258564
72994,0.8114810034756564
72995,0.856336975188939
72996,0.8314741646444473
72997,0.8362503799114394
72998,0.8673393501274907
72999,0.8596183865973308
73000,0.854174891318948
73001,0.8209381065934308
73002,0.8165179440164977
73003,0.848873915617217
73004,0.8034038767937199
73005,0.8373039099521247
73006,0.811010649998505
73007,0.8430364754598382
73008,0.7986982037837224
73009,0.818589839643184
73010,0.8491641198313942
73011,0.8923437085101829
73012,0.7694634828047329
73013,0.8424836305752321
73014,0.8539775119451719
73015,0.8381694807569053
73016,0.8218581581349397
73017,0.8449112941300317
73018,0.857204012034125
73019,0.7600356138017463
73020,0.7610910787354397
73021,0.7601117035263738
73022,0.7838234780234526
73023,0.8179478999538679
73024,0.8515588615762895
73025,0.8401040173018436
73026,0.7639286343926475
73027,0.8024384418053152
73028,0.8461500928330109
73029,0.783945350426216
73030,0.8819642853171852
73031,0.7417102754795505
73032,0.7754565835514904
73033,0.7946053326951678
73034,0.8360185867738159
73035,0.8517421648521949
73036,0.8190893917683534
73037,0.796246335288387
73038,0.8187418000820461
73039,0.849656584547093
73040,0.817447899466492
73041,0.835588752087963
73042,0.7884470517648519
73043,0.840233263230955
73044,0.7953986400737583
73045,0.8312793748119777
73046,0.8013136395845615
73047,0.8622784001225722
73048,0.7917388985229254
73049,0.8781458816953224
73050,0.863813918134236
73051,0.8217340191943715
73052,0.8118277056128552
73053,0.8476126458699211
73054,0.8823459265106952
73055,0.8149144249270568
73056,0.7749950317790056
73057,0.7994235894501001
73058,0.7877411783691992
73059,0.7900740834262614
73060,0.7917674449319783
73061,0.812394978009322
73062,0.7910895333161061
73063,0.8000194865112432
73064,0.834444326215563
73065,0.8248891098104366
73066,0.84163210324004
73067,0.8012326299772125
73068,0.7638256401746877
73069,0.8412234008769787
73070,0.820464461061981
73071,0.8582733173269002
73072,0.8086809701170957
73073,0.827993761362784
73074,0.7671222517286871
73075,0.7979519106489517
73076,0.8486070520236269
73077,0.8247745070195053
73078,0.870351415520542
73079,0.8758311756658049
73080,0.8802852485716187
73081,0.8418118095064586
73082,0.8278393727582111
73083,0.7869047242471611
73084,0.8403469838761572
73085,0.8285294872106943
73086,0.7788054835059817
73087,0.8510713336219777
73088,0.856047599751655
73089,0.8429814835018918
73090,0.8483685981997416
73091,0.8655709286135721
73092,0.7983092210317269
73093,0.8066174936774377
73094,0.7874086477953819
73095,0.8340109137922018
73096,0.806616575633166
73097,0.8653627647522315
73098,0.8351901807616912
73099,0.8513954450904421
73100,0.8164342000137468
73101,0.8345712406631219
73102,0.8272793780151909
73103,0.7852824793288521
73104,0.7813959202972611
73105,0.783264536030103
73106,0.7610968707537602
73107,0.8644397081061929
73108,0.8422792796921192
73109,0.8172137517210235
73110,0.84835776838619
73111,0.8407096504697312
73112,0.8067742005293753
73113,0.8440288809204965
73114,0.7252300798040844
73115,0.8240156895611043
73116,0.811120776194317
73117,0.8306467386591324
73118,0.8125825744186572
73119,0.8764344710330726
73120,0.8455281004773096
73121,0.822498514063065
73122,0.8285529620883724
73123,0.8084786716279533
73124,0.8214805107712109
73125,0.8032258659577947
73126,0.7997200680978724
73127,0.8346076697245718
73128,0.8194219898110817
73129,0.8554859901609025
73130,0.838440361964881
73131,0.8416102446398727
73132,0.7938188667395671
73133,0.7951475239444588
73134,0.8411815653617155
73135,0.7819516700785779
73136,0.793155641246453
73137,0.8053401440050649
73138,0.8330480243313415
73139,0.7930483286719561
73140,0.8151527643135268
73141,0.8169442161389792
73142,0.8317155091914361
73143,0.8090551097645038
73144,0.795714626679507
73145,0.908365510418755
73146,0.8091834641409187
73147,0.7947222701872082
73148,0.7973067162763605
73149,0.778720034324568
73150,0.818808913716128
73151,0.8130860888667687
73152,0.8590120405344812
73153,0.8286007288207442
73154,0.8226259757749964
73155,0.8151065364772548
73156,0.8027046147979232
73157,0.8373649775601312
73158,0.8556343752065237
73159,0.8492097962470677
73160,0.851576003611736
73161,0.8046065911411913
73162,0.8493593661953991
73163,0.82280428682964
73164,0.8228975348141134
73165,0.8000897423483844
73166,0.8482388967479108
73167,0.8836848706509915
73168,0.8556928602629207
73169,0.8121702201346821
73170,0.8421265199836886
73171,0.8002928911525304
73172,0.8699514027621668
73173,0.8397341691416133
73174,0.8299436494692048
73175,0.8418802688565026
73176,0.8119047619492943
73177,0.8684773344711268
73178,0.8190574416645056
73179,0.7856978665668054
73180,0.7813154897214776
73181,0.8309223309868397
73182,0.8479217720616532
73183,0.8488887651703685
73184,0.7618325148497634
73185,0.8774591540705985
73186,0.8045951643874686
73187,0.8568108719313032
73188,0.8151271651315762
73189,0.8427272225388975
73190,0.7813892624834353
73191,0.8677254136130981
73192,0.8058228345340046
73193,0.779302471098814
73194,0.861165243052541
73195,0.841193250867208
73196,0.8620738400024994
73197,0.8261935467984299
73198,0.8196622649229252
73199,0.912641357339008
73200,0.7969954743692164
73201,0.856052452842103
73202,0.8343323251715599
73203,0.8643223848164032
73204,0.8189667772584273
73205,0.8351510553934811
73206,0.8341329154598283
73207,0.7403782587132154
73208,0.7682533843285116
73209,0.8272025103086255
73210,0.8324834755988597
73211,0.8229386336558093
73212,0.8109687855419173
73213,0.8078552025292103
73214,0.7926647674002467
73215,0.8347372731052152
73216,0.771953803289993
73217,0.8492554202495719
73218,0.8289222774080367
73219,0.8187955102961375
73220,0.8171226690853607
73221,0.7866296863039
73222,0.810279887685995
73223,0.8245201233371617
73224,0.8617288049458339
73225,0.8143026273202658
73226,0.813817667814908
73227,0.8624526149346388
73228,0.7896106319091031
73229,0.8012327901913512
73230,0.8240301840986185
73231,0.8542212826267664
73232,0.7857748571275874
73233,0.8238821226451034
73234,0.7702960912684804
73235,0.7939944155721433
73236,0.8471707713412056
73237,0.8725979112085012
73238,0.8268631516247946
73239,0.7909142174829891
73240,0.8389172067223309
73241,0.8225125833665446
73242,0.7683031434350173
73243,0.8416923048137659
73244,0.8257505998549536
73245,0.8121941406391536
73246,0.8556209569835611
73247,0.8060902305230764
73248,0.8828622824643996
73249,0.8981789418442444
73250,0.7819486309142339
73251,0.8309365136645472
73252,0.8505002500624541
73253,0.7793114577204628
73254,0.8221562389679805
73255,0.7964431025193937
73256,0.7836564883540421
73257,0.8186645009610002
73258,0.7797283373378702
73259,0.8368599099629143
73260,0.8205664892595544
73261,0.8034533508432017
73262,0.8654683526443894
73263,0.8060976918472937
73264,0.8481492695154936
73265,0.8042947770887294
73266,0.8033497845322447
73267,0.8206683952524598
73268,0.8788958698891411
73269,0.822405291640077
73270,0.8614944659557038
73271,0.8342109019362001
73272,0.8181173215847847
73273,0.837382911481217
73274,0.8500314809272139
73275,0.8023807252338048
73276,0.8469360168328467
73277,0.7628428390562664
73278,0.829343707085586
73279,0.752994256713198
73280,0.814891506394487
73281,0.7930933966483443
73282,0.8291038260518941
73283,0.7956660114649867
73284,0.8628530046356899
73285,0.857794347207106
73286,0.8289804160321443
73287,0.8546816308036993
73288,0.8058706414649284
73289,0.8038297617598994
73290,0.8085641750315518
73291,0.8510135468649187
73292,0.8030191182904123
73293,0.7830786236017881
73294,0.8675209614413006
73295,0.8497121521324624
73296,0.8150193481144018
73297,0.8027454673933913
73298,0.8998758640865544
73299,0.8299562863157067
73300,0.870045788629435
73301,0.8135078523830153
73302,0.8116166028154629
73303,0.790691542849715
73304,0.8535408639578199
73305,0.7892731218868321
73306,0.7880375281634117
73307,0.8665565423491123
73308,0.8515048753484735
73309,0.7651721303453328
73310,0.793270292199121
73311,0.7886364416601339
73312,0.7987283602527231
73313,0.8456643202610958
73314,0.805017576422312
73315,0.8159010436435331
73316,0.8048374291046105
73317,0.7897865711617176
73318,0.7770358247757242
73319,0.8359607629079483
73320,0.7735962856646008
73321,0.83428834602356
73322,0.7812588729598835
73323,0.8252013750784396
73324,0.8821511518377384
73325,0.8616967684152085
73326,0.8542867467444404
73327,0.8030885339298149
73328,0.8098076661430879
73329,0.8091045512089245
73330,0.8215967267732073
73331,0.8394969564644192
73332,0.8519966580813023
73333,0.8076183248285801
73334,0.818306522680545
73335,0.8346182726233529
73336,0.741891997958453
73337,0.8139493078445931
73338,0.8302074864112573
73339,0.8466245577738445
73340,0.8460993287840001
73341,0.826157320827556
73342,0.8340995935388843
73343,0.7985535292530931
73344,0.8295534067869269
73345,0.8509525829725099
73346,0.77190355691945
73347,0.8416978352363779
73348,0.7896823405307475
73349,0.8709150447236511
73350,0.8312988997239894
73351,0.8471354975881251
73352,0.8339896309553956
73353,0.7962403282565576
73354,0.7725753901699794
73355,0.7840564330947032
73356,0.8394127024343923
73357,0.841832517030434
73358,0.810045661420499
73359,0.7863476556333802
73360,0.845176693863145
73361,0.8315464549088007
73362,0.8502944459799214
73363,0.7693561015546492
73364,0.8142420511266617
73365,0.8173740051275107
73366,0.8038173831333197
73367,0.795121513625403
73368,0.8414022766269437
73369,0.8284553359024602
73370,0.8073676256408931
73371,0.7817348542931204
73372,0.8316902489425838
73373,0.8435254113866333
73374,0.771087852547026
73375,0.8435651751238299
73376,0.8009861934271937
73377,0.8054913160703935
73378,0.828681296208295
73379,0.7904221251727638
73380,0.8085295647038712
73381,0.8162289729167607
73382,0.782044239354075
73383,0.85299398531318
73384,0.8352177980048677
73385,0.7898928700175565
73386,0.823829453975944
73387,0.8464683001666459
73388,0.8451610391231813
73389,0.7708651146526391
73390,0.8467625608198468
73391,0.8239723680694354
73392,0.8243966870911976
73393,0.8617304251534857
73394,0.8344918021971048
73395,0.8926636640866038
73396,0.8294865748937332
73397,0.8602144781434756
73398,0.7728305987222187
73399,0.8371830674277161
73400,0.7797759429340853
73401,0.7739136444970958
73402,0.8023416667558108
73403,0.8034430530291602
73404,0.8023926919797316
73405,0.8936143502788931
73406,0.8507053503331959
73407,0.8589158085285915
73408,0.8211649035932597
73409,0.8365519894627617
73410,0.7823079148250307
73411,0.8358266392517529
73412,0.8776178389828865
73413,0.8031401171924782
73414,0.7916848328104823
73415,0.7909662109011036
73416,0.8453415390767646
73417,0.8229340281970156
73418,0.8440876628495744
73419,0.784019723996555
73420,0.8349253834184586
73421,0.862205851347373
73422,0.8368011554249364
73423,0.7915707861959443
73424,0.814997622201859
73425,0.8185737868233838
73426,0.8362058376471305
73427,0.7857928075445794
73428,0.8168029250621593
73429,0.8528344635553665
73430,0.831333502260528
73431,0.8015475767337144
73432,0.8467585365228811
73433,0.8139113001046258
73434,0.8336310744129954
73435,0.9159677462756339
73436,0.8314906222412145
73437,0.8395227846875716
73438,0.8198565835825481
73439,0.8645016598331888
73440,0.845618175975187
73441,0.796905863832196
73442,0.8385477225084806
73443,0.7603270843382552
73444,0.8300727523939874
73445,0.8184929142780517
73446,0.8389001776028703
73447,0.7987914322865224
73448,0.8100519825106844
73449,0.8297586785937586
73450,0.8197373813121422
73451,0.8065892866470884
73452,0.8228549259007648
73453,0.8158249628604248
73454,0.824340746973181
73455,0.7946916112444815
73456,0.8101638883419842
73457,0.862507980611224
73458,0.8502760918030265
73459,0.8477074496241428
73460,0.8518845238764274
73461,0.8433285615432144
73462,0.8365298482446006
73463,0.8302879185534472
73464,0.783050886772651
73465,0.7677960406058901
73466,0.8428241135786758
73467,0.8280559375259297
73468,0.834477183695012
73469,0.8966142372834419
73470,0.7715378030711413
73471,0.7826929720296188
73472,0.8548564113245227
73473,0.8140179347453402
73474,0.805570212207926
73475,0.7951165386108259
73476,0.8676194682775817
73477,0.8878880586748046
73478,0.7937886554795076
73479,0.8077486457403968
73480,0.8285814711924542
73481,0.8209092846043013
73482,0.739404905925808
73483,0.8471193257255332
73484,0.81329058912625
73485,0.853960946412126
73486,0.8339245121552179
73487,0.8119835938353573
73488,0.8219858876581627
73489,0.8541267409461598
73490,0.8638889653050424
73491,0.7415676039044923
73492,0.8431883670861563
73493,0.8387839696748396
73494,0.8191298008906207
73495,0.8336885715899142
73496,0.7744861830931213
73497,0.8038398500857106
73498,0.8310681866530518
73499,0.8490397539361205
73500,0.8278641520650909
73501,0.7877025008553461
73502,0.8340263689572865
73503,0.8098074204306642
73504,0.8122150903440947
73505,0.8412747222096426
73506,0.8503305753528854
73507,0.7942919485404076
73508,0.8269519016053897
73509,0.7683516117327815
73510,0.8378000290810291
73511,0.848251891941296
73512,0.8224136694994844
73513,0.7568883684513649
73514,0.8045981672124497
73515,0.8076756692427759
73516,0.850128046425926
73517,0.8469247243536345
73518,0.7957018558818815
73519,0.8200757167702549
73520,0.8104059612019298
73521,0.8261194548613457
73522,0.8498109555943515
73523,0.9115902996713937
73524,0.8119766360956703
73525,0.8174154922092216
73526,0.8395256144538862
73527,0.8734204601002925
73528,0.8394151312888778
73529,0.7598151363871367
73530,0.8408481427929576
73531,0.8117940148939122
73532,0.8232377866650358
73533,0.8554883382104144
73534,0.7966935381117686
73535,0.8016509572617722
73536,0.8037438508724435
73537,0.8124238116167153
73538,0.8227043675949787
73539,0.8520435938009295
73540,0.8256800180807535
73541,0.8440355437818539
73542,0.7815729905586773
73543,0.8556548669425944
73544,0.7828551796690678
73545,0.8383927300043084
73546,0.8089594526108237
73547,0.8717569757366612
73548,0.8889781189716723
73549,0.8160581522596181
73550,0.848601480271043
73551,0.8455047440333203
73552,0.8406979001756502
73553,0.8294837755212277
73554,0.854202702558819
73555,0.8424854077589456
73556,0.8215176014142087
73557,0.8689996909743306
73558,0.8208897044959487
73559,0.8182113200516331
73560,0.8512661737006567
73561,0.8766574554367845
73562,0.7833551828828879
73563,0.8473612134549043
73564,0.7994224739387873
73565,0.8508034576791209
73566,0.8373520756454067
73567,0.851532810677115
73568,0.8597223237986371
73569,0.8500841127323258
73570,0.8425099036957369
73571,0.8006803202492091
73572,0.8423553176885096
73573,0.8535193720615422
73574,0.8183377202580001
73575,0.8572668900585096
73576,0.7842649589972537
73577,0.8790026181264304
73578,0.7738544100977125
73579,0.857922534142799
73580,0.8219274438114396
73581,0.7838973593567787
73582,0.8379922118486134
73583,0.8008870085037938
73584,0.8229769926666121
73585,0.8508747842445782
73586,0.8615874637454266
73587,0.7927509915008009
73588,0.7799354307040883
73589,0.8670864032249704
73590,0.8067186240666389
73591,0.817692475477834
73592,0.8334136219008854
73593,0.8651579726500588
73594,0.8434472012364913
73595,0.8358532346623124
73596,0.7917092428885449
73597,0.7997615036738585
73598,0.7985142044393536
73599,0.8200521048595439
73600,0.846134322784361
73601,0.7848372101680843
73602,0.8284682681368337
73603,0.8262131327515859
73604,0.795632587424082
73605,0.794319386320217
73606,0.7896677996455118
73607,0.7956920599015229
73608,0.8621436745873574
73609,0.8460288261580734
73610,0.8140022766978032
73611,0.8596131534200901
73612,0.8105122636438534
73613,0.8417035333662815
73614,0.7732053915908765
73615,0.7788760660146378
73616,0.7827250595297924
73617,0.8073583699440254
73618,0.8596090987202234
73619,0.8413981004241112
73620,0.8314543181248194
73621,0.8283910539869483
73622,0.8252692738237702
73623,0.7812743726411254
73624,0.8155910333519668
73625,0.8093772266317683
73626,0.7960878100055089
73627,0.8100698586753247
73628,0.82355528167998
73629,0.8197833800233822
73630,0.833032086366063
73631,0.8028675197175936
73632,0.7608039532684598
73633,0.7911084842866558
73634,0.8463544272223417
73635,0.8026262190879296
73636,0.8194073314401324
73637,0.78442763562135
73638,0.8175053942299472
73639,0.7938317965523193
73640,0.8742231186814763
73641,0.8150974280831482
73642,0.8206102076974443
73643,0.7732302845576653
73644,0.8430349695870301
73645,0.8042586591248663
73646,0.7713443993631811
73647,0.8201482121137585
73648,0.7852195907408612
73649,0.8356824538460039
73650,0.7865771854428784
73651,0.8400683901602658
73652,0.8302574188475326
73653,0.7895513021420388
73654,0.879687654163142
73655,0.8424936578532689
73656,0.8323530481125005
73657,0.8015961043370916
73658,0.8392744570209477
73659,0.8139696347571805
73660,0.7904542384231932
73661,0.8330994954561967
73662,0.8240308018634259
73663,0.7909661344910719
73664,0.8043464329725935
73665,0.8389819218526416
73666,0.810053274329184
73667,0.7803406832068399
73668,0.8113022813236911
73669,0.8024101694425834
73670,0.8265309536185543
73671,0.7816872296935953
73672,0.8736929811366839
73673,0.7965251648343675
73674,0.7908140180730491
73675,0.7990343138722321
73676,0.8145450716745519
73677,0.8241721992742612
73678,0.8395607252662665
73679,0.8576366352977984
73680,0.8276199296824731
73681,0.7698941335932277
73682,0.8530996863202874
73683,0.7574028236942041
73684,0.8597485515219337
73685,0.8197401310360831
73686,0.8162643782722767
73687,0.8462669144812459
73688,0.8905075630876966
73689,0.8066534244878332
73690,0.82264405237376
73691,0.802301358073744
73692,0.8822725853888519
73693,0.823454793140815
73694,0.8355356266695376
73695,0.8456753715230776
73696,0.8291463861661232
73697,0.7900507932651162
73698,0.7983860523866819
73699,0.8292046848712503
73700,0.8119452435223798
73701,0.7873252043745931
73702,0.7848992606615434
73703,0.8032330147817197
73704,0.8282970026201155
73705,0.7680557158044908
73706,0.8064593076229452
73707,0.8407674833233979
73708,0.811242167133958
73709,0.7920398316397372
73710,0.7827473268165693
73711,0.8231970343710384
73712,0.7882821317895223
73713,0.8546780583927024
73714,0.8235441064725756
73715,0.8001001288235675
73716,0.8335841273468302
73717,0.8411991115068761
73718,0.8229238737996991
73719,0.8008447175500675
73720,0.8023050491693818
73721,0.825742099334477
73722,0.8450613098556995
73723,0.8464321468453253
73724,0.8261659035228807
73725,0.7704319933629834
73726,0.8457683478645185
73727,0.7966190338533663
73728,0.8202839309307192
73729,0.8277943742789683
73730,0.8506474180774978
73731,0.8090024954173943
73732,0.8536303296663952
73733,0.8023985158768439
73734,0.7723343809795031
73735,0.7591990641650396
73736,0.7579975521521383
73737,0.8157190963077858
73738,0.8149408241097595
73739,0.7800592690623701
73740,0.8344056388149848
73741,0.811624694468171
73742,0.8464233947550385
73743,0.8298369004730338
73744,0.812794192397914
73745,0.8248240865089774
73746,0.8059334441724884
73747,0.8020950819277055
73748,0.807259694245771
73749,0.8085669540638619
73750,0.8222978007481588
73751,0.89084769020448
73752,0.833388840267348
73753,0.8408676005593788
73754,0.8301822356336215
73755,0.8188883396378219
73756,0.8419596678762598
73757,0.8413062838080376
73758,0.8558028497284216
73759,0.825655305756865
73760,0.8330854498897885
73761,0.7974534362835947
73762,0.8441602088256193
73763,0.8653248287348386
73764,0.7768911777900096
73765,0.7745523005041491
73766,0.8023996083442055
73767,0.8466461234822104
73768,0.8735154454611963
73769,0.8687783194394775
73770,0.7967695059044205
73771,0.8044910937204577
73772,0.8882407226915223
73773,0.8607724029184838
73774,0.8207625675127171
73775,0.787580039487792
73776,0.7993194165565429
73777,0.8090405473032255
73778,0.7963227190190072
73779,0.812318959407855
73780,0.89244582562928
73781,0.8407991470333076
73782,0.8182710399031841
73783,0.813811202996992
73784,0.802438642651147
73785,0.7872566039243356
73786,0.8228508024993525
73787,0.8324273562798579
73788,0.84127984462039
73789,0.8220772919693873
73790,0.8372495464849203
73791,0.8243896265639555
73792,0.8148890663585636
73793,0.7515454927879555
73794,0.8265737769743136
73795,0.8693061450170135
73796,0.8535731193215564
73797,0.8722972005672294
73798,0.7609919411254997
73799,0.8605991648063103
73800,0.8115236627927549
73801,0.8810694975048798
73802,0.8492279531342808
73803,0.8357379221829137
73804,0.7602218936924497
73805,0.8504215967850193
73806,0.795106642206342
73807,0.8357684623209729
73808,0.8651632415026721
73809,0.827522729371621
73810,0.8498197006037663
73811,0.823038821486677
73812,0.7949100356926919
73813,0.7986265361396377
73814,0.8946637182403426
73815,0.7978418403356607
73816,0.8380172587380162
73817,0.8148077464268998
73818,0.850431471967703
73819,0.7996330620100881
73820,0.8391019441867719
73821,0.8209962884178037
73822,0.8859688269314594
73823,0.8053460759793878
73824,0.797987492800116
73825,0.8019708000804253
73826,0.7819283745483244
73827,0.8327320193432979
73828,0.7907953207939662
73829,0.7856350764811774
73830,0.8157391292826536
73831,0.8555335254453639
73832,0.7963979825086823
73833,0.844696291359455
73834,0.7837844538733896
73835,0.8739472573237222
73836,0.8259081682058537
73837,0.8338718864178775
73838,0.8408169282468715
73839,0.8205748674068414
73840,0.878066514406762
73841,0.8104255412125752
73842,0.8468671736746418
73843,0.8308345777564233
73844,0.8664483936668108
73845,0.8113197404846687
73846,0.8061995511256952
73847,0.8138959145401392
73848,0.7721688120671768
73849,0.8041415799703753
73850,0.8394842299717674
73851,0.8320081476068418
73852,0.7995029107284848
73853,0.8585951685468317
73854,0.8054450213588745
73855,0.8126774530210334
73856,0.7752187660512632
73857,0.7904425021321179
73858,0.783982559101497
73859,0.7827682946899263
73860,0.8140067180568331
73861,0.8426021410657134
73862,0.8420563382251606
73863,0.8508607994242706
73864,0.8367495714065839
73865,0.8447527602601053
73866,0.8206320141509121
73867,0.805479554794287
73868,0.7213954183768966
73869,0.8252963707913799
73870,0.7743953545397889
73871,0.8475578946840758
73872,0.8270401640416668
73873,0.8193328964612775
73874,0.8626517633422242
73875,0.8537159725351453
73876,0.8266273744549073
73877,0.7818672935934354
73878,0.8586256517331756
73879,0.7716099423869894
73880,0.8241412996112661
73881,0.8686070327752577
73882,0.7875365265072889
73883,0.8319555907135435
73884,0.8285644575810178
73885,0.8428695758772919
73886,0.7903340733031717
73887,0.8714049866559975
73888,0.870763684764879
73889,0.908588414312177
73890,0.7909642554202677
73891,0.8409509603215167
73892,0.8174620779113599
73893,0.8144642053265059
73894,0.8445393086817504
73895,0.7965933200552626
73896,0.861304427880424
73897,0.7839857220069635
73898,0.8513296996860142
73899,0.8425925176819012
73900,0.798049456779291
73901,0.7977772686633762
73902,0.8335916410319355
73903,0.8058150505758152
73904,0.8406825629248522
73905,0.8323014355655897
73906,0.7901629581878502
73907,0.8614443260503709
73908,0.864406779271863
73909,0.8433737442850179
73910,0.793388118977961
73911,0.8511338257489551
73912,0.905357839627656
73913,0.8478325645373982
73914,0.8012548171965972
73915,0.8429136197769024
73916,0.7999500479155778
73917,0.8200474288730237
73918,0.8575730362147348
73919,0.8186269093859272
73920,0.8740966821990328
73921,0.8593090058792756
73922,0.8140893229401758
73923,0.8390441549515991
73924,0.8024335179202932
73925,0.8132424625021567
73926,0.8111438145005427
73927,0.8124009859143486
73928,0.8206809225558651
73929,0.8361726864368058
73930,0.825304481052463
73931,0.8083033048328518
73932,0.7939390619461144
73933,0.7972936003376356
73934,0.8650077595772511
73935,0.8237334340855933
73936,0.8413170175468033
73937,0.7985349284536776
73938,0.8169979901859862
73939,0.8083703610621852
73940,0.8433784169872938
73941,0.8377841165203532
73942,0.8170872221020198
73943,0.80881769064733
73944,0.8341315975258964
73945,0.8151487632643437
73946,0.785672345082132
73947,0.8383367132007222
73948,0.9066483863585899
73949,0.8105688129817243
73950,0.7877090361056772
73951,0.8482340889580787
73952,0.8491084558538382
73953,0.8334334092728631
73954,0.8548351998769099
73955,0.8701144195846499
73956,0.8446051456661797
73957,0.8682955315387408
73958,0.8420614119936417
73959,0.8292631999362584
73960,0.8513461341473526
73961,0.8289870479145509
73962,0.8494617567519968
73963,0.8065691786337414
73964,0.8384273698307968
73965,0.8448549746772255
73966,0.8351982283179442
73967,0.8427733933891355
73968,0.7927473873979675
73969,0.806312384539385
73970,0.8162949466634755
73971,0.8764263158751393
73972,0.8781941902849187
73973,0.847598128483263
73974,0.8356430110990477
73975,0.8140947484221599
73976,0.822048204825055
73977,0.7912762816724542
73978,0.8439865866708585
73979,0.7864192104587145
73980,0.8710880402552731
73981,0.8503702295860107
73982,0.8213922902811309
73983,0.7905847695090021
73984,0.8604365761272028
73985,0.7893223229004794
73986,0.8713785812793136
73987,0.8154063286722709
73988,0.8087752487447594
73989,0.7736670040357077
73990,0.8255575613080324
73991,0.7734656504636988
73992,0.8125095247258395
73993,0.8076200796497441
73994,0.7968425342030184
73995,0.8213136213943057
73996,0.7926640594835178
73997,0.8473755960414764
73998,0.8206543902424578
73999,0.8203228719667174
74000,1.219633189096274
74001,1.2026451995513228
74002,1.1439374447770954
74003,1.1424150642773485
74004,1.1083461891914932
74005,1.0621677514114791
74006,1.0978900007108214
74007,1.0242255015081432
74008,1.037248835012641
74009,0.9840879152687515
74010,0.9947802626576484
74011,0.9816196572871198
74012,0.9834113001469916
74013,0.9024449306831023
74014,0.9004290876623461
74015,0.8553893848157847
74016,0.8798340245792442
74017,0.8655670067401868
74018,0.8167506282004888
74019,0.8305500460629213
74020,0.8384154766488732
74021,0.7628967925570322
74022,0.7845331606703276
74023,0.7491576328728847
74024,0.7816285637112912
74025,0.7580382654846181
74026,0.7053914237392417
74027,0.6953738599830331
74028,0.7130975216683119
74029,0.6730399286160266
74030,0.6562926136150532
74031,0.6347072587608213
74032,0.6247103521757625
74033,0.6148546137298849
74034,0.6790959566580747
74035,0.6444370602217411
74036,0.6242300045118484
74037,0.582834028223773
74038,0.5909496807770885
74039,0.5221795287584236
74040,0.6120249523669531
74041,0.49820687533912855
74042,0.5664446363226499
74043,0.5399350630799075
74044,0.5624260244692556
74045,0.5050863191710839
74046,0.4715385551033719
74047,0.5283047690757168
74048,0.49863242781013223
74049,0.46054839583889084
74050,0.48764611533691654
74051,0.46279910897823
74052,0.45197089004712576
74053,0.44083830040380667
74054,0.4233015245804884
74055,0.4533370489982883
74056,0.39982024071942984
74057,0.4540569532191195
74058,0.41176491255530717
74059,0.4320789084411169
74060,0.42521755540428924
74061,0.3672237139225298
74062,0.3794319034384061
74063,0.35150904924448995
74064,0.35711208896674995
74065,0.3522788501902644
74066,0.39035691799264693
74067,0.36244586494000514
74068,0.37940398843764944
74069,0.38614105946612753
74070,0.3440346768231652
74071,0.35212959139646566
74072,0.3244121723009604
74073,0.3491782510556062
74074,0.3086224604761982
74075,0.3464379017918891
74076,0.2918625994122165
74077,0.23028961184081848
74078,0.33946972915819457
74079,0.3403812724076551
74080,0.32946715925124503
74081,0.34723475767766054
74082,0.27997753332119296
74083,0.2914079993925524
74084,0.2576737794518128
74085,0.28722556044491354
74086,0.22524068843919426
74087,0.2297532189751994
74088,0.2883140911951572
74089,0.2712182506872329
74090,0.2536123141193155
74091,0.2325364773810587
74092,0.2643313157761546
74093,0.2817106303233676
74094,0.23945775627480906
74095,0.27581531722026503
74096,0.21219539910912566
74097,0.28994052595805453
74098,0.20754830770705818
74099,0.252846359752404
74100,0.19201527301429772
74101,0.2663616975308953
74102,0.21880153121605658
74103,0.22941161974463808
74104,0.24452707197479426
74105,0.1846925474443089
74106,0.18877968794933486
74107,0.22431572229634206
74108,0.19335138419968675
74109,0.2616846444824818
74110,0.1907757428579721
74111,0.27801732123571304
74112,0.22610264242689784
74113,0.1808751167093021
74114,0.2700435154423021
74115,0.24825988358804124
74116,0.18695940287106405
74117,0.193640445942454
74118,0.20156097101759207
74119,0.22217982386421223
74120,0.18534874930484324
74121,0.20740734226147792
74122,0.19820600745955136
74123,0.2220722637970303
74124,0.19041297261762827
74125,0.19594189793430308
74126,0.19864504572682548
74127,0.2279872485329072
74128,0.24548002460091994
74129,0.22128630747379135
74130,0.19365274673993318
74131,0.21034297777097097
74132,0.16443608618230257
74133,0.16895666801485087
74134,0.1531612587002283
74135,0.1544779715521895
74136,0.17510303173936492
74137,0.18310538250464328
74138,0.23555922616948488
74139,0.1787820299565419
74140,0.18148281094314006
74141,0.17484984703832177
74142,0.16491148945869455
74143,0.19222968755237604
74144,0.17720972308997798
74145,0.1768523082491397
74146,0.19591051083452826
74147,0.10507504464929755
74148,0.16555209992262845
74149,0.17757844808337298
74150,0.17365476939952995
74151,0.1619862264330647
74152,0.15986166463605891
74153,0.16301435063759434
74154,0.20402877014611676
74155,0.23847070967690912
74156,0.20077045607036637
74157,0.1438181385714819
74158,0.13479563901163236
74159,0.1880356318155005
74160,0.1522938088481719
74161,0.2231955383820412
74162,0.2105756099897532
74163,0.13484470071674287
74164,0.1523489553604323
74165,0.2224749443983669
74166,0.1548142613627754
74167,0.20259980259927157
74168,0.19565360118321257
74169,0.1288043289687444
74170,0.15362622608246607
74171,0.16525459548689414
74172,0.18001806870442694
74173,0.17631480716873282
74174,0.15645015306383714
74175,0.178453842774563
74176,0.1713084523075137
74177,0.1797919296557327
74178,0.2045765815148819
74179,0.13360540874482782
74180,0.1517147755876468
74181,0.17214716889123366
74182,0.18721905031120575
74183,0.13847744603793571
74184,0.163812907455274
74185,0.16005645878767108
74186,0.16292608065091665
74187,0.17290958601113454
74188,0.09811640012406574
74189,0.1771510871816932
74190,0.1392128401372546
74191,0.1587823307239594
74192,0.16091951724964285
74193,0.1663918577544263
74194,0.15708867143551014
74195,0.15636481876191338
74196,0.16658826606467653
74197,0.12755649044429204
74198,0.1482175876750802
74199,0.14096685453655294
74200,0.18558209904658254
74201,0.17051982321543374
74202,0.15503168800884382
74203,0.15760265002034818
74204,0.17643623379343695
74205,0.17154916376958257
74206,0.13097036838736553
74207,0.13852381336964115
74208,0.1069470334717153
74209,0.14958918916431196
74210,0.1601463178299125
74211,0.11734783742363726
74212,0.15410768796346297
74213,0.12456135297783648
74214,0.15808336148347144
74215,0.12823526847147748
74216,0.14026907805840816
74217,0.13172028943691105
74218,0.15058049012042019
74219,0.18753090143431975
74220,0.18516578943551595
74221,0.10708531435744108
74222,0.1625024326051308
74223,0.17453551693276462
74224,0.11741966515253653
74225,0.20009568713483883
74226,0.17766138687713082
74227,0.13116928556585908
74228,0.12619120768709524
74229,0.19660001611718902
74230,0.09056999382739206
74231,0.12756577850273304
74232,0.10800321682491976
74233,0.1570866813163649
74234,0.1945860329647373
74235,0.1565093309768184
74236,0.16548049809949295
74237,0.14919003193899746
74238,0.14378128534782925
74239,0.15498127770734174
74240,0.16339948183742095
74241,0.12634157338373048
74242,0.10143970291479937
74243,0.16299208409554253
74244,0.12886373549438815
74245,0.14457440770742389
74246,0.20180381835480093
74247,0.13499276552084308
74248,0.15961342162492984
74249,0.17379341324378011
74250,0.12989939662791428
74251,0.18453047917035947
74252,0.10454479446267091
74253,0.17303317057043818
74254,0.16490596931605908
74255,0.12339428409400233
74256,0.20034991136884306
74257,0.14288431928060963
74258,0.14274912899005215
74259,0.1850079335663018
74260,0.16767151648382034
74261,0.16602561577936825
74262,0.12857298503287598
74263,0.13377527409113113
74264,0.14969806367783517
74265,0.07415063454445678
74266,0.11985441174430952
74267,0.15403938974434014
74268,0.15543356790828416
74269,0.17052155540413783
74270,0.0951362350456994
74271,0.1666431410149908
74272,0.12046447529284121
74273,0.14376984307823912
74274,0.1655918860232728
74275,0.1743577770029379
74276,0.08422342820107362
74277,0.132398360857578
74278,0.16681944639572693
74279,0.14856765614054968
74280,0.1864318165121176
74281,0.15856344529722918
74282,0.13676915515540303
74283,0.2374619602662757
74284,0.14082197136618846
74285,0.14618445835832292
74286,0.1871046556256564
74287,0.13001142502779856
74288,0.19545669722570747
74289,0.12098574816877097
74290,0.13721893690725134
74291,0.21145251833115886
74292,0.16686224884897383
74293,0.14908069555388428
74294,0.15960685798177768
74295,0.09081870404638481
74296,0.17556124040934967
74297,0.13736577471463196
74298,0.17499491865177738
74299,0.13820136381077763
74300,0.149723100000589
74301,0.17506102865312081
74302,0.18276048439005646
74303,0.16692004040309638
74304,0.10911033827608262
74305,0.13763079222285773
74306,0.11159007417923508
74307,0.14862301599211797
74308,0.16343898910512764
74309,0.11253506388977598
74310,0.12414855277504672
74311,0.14583994162926703
74312,0.11915852134164939
74313,0.1434420570646928
74314,0.12104293508596625
74315,0.1932642503245576
74316,0.12839613219658988
74317,0.1165643384302003
74318,0.14453433265639484
74319,0.11760562324849887
74320,0.1391933406601467
74321,0.09913917677335765
74322,0.1564685734085291
74323,0.20338603032648897
74324,0.15839518072591519
74325,0.09816464749728769
74326,0.06370767721586426
74327,0.14798833820421617
74328,0.18075322363263127
74329,0.14621974156845882
74330,0.12025036176379467
74331,0.10349724011193123
74332,0.12589941592429824
74333,0.16437786796533665
74334,0.11520026148723278
74335,0.13137446941269915
74336,0.14497450013339547
74337,0.08552609396842145
74338,0.15428893513719252
74339,0.18631003762482437
74340,0.1275966420477895
74341,0.1424727735653119
74342,0.1751248682459269
74343,0.13697242789038364
74344,0.13275913693048813
74345,0.12662027033397286
74346,0.09926334693159691
74347,0.11361471453085334
74348,0.10270569685680113
74349,0.16782161086963626
74350,0.09709630026903249
74351,0.16629594724777416
74352,0.1265589423019031
74353,0.16653623476275847
74354,0.08845689999958062
74355,0.21187123716881012
74356,0.14019062127610557
74357,0.1874751169223714
74358,0.17704305633227307
74359,0.1912408661908547
74360,0.09164194368343133
74361,0.14033615324467577
74362,0.13543086488389508
74363,0.1604082751816915
74364,0.0927047120614822
74365,0.16421919704539562
74366,0.15473482902221047
74367,0.13806892768232112
74368,0.09097580497689003
74369,0.14907326376972982
74370,0.13972910108479278
74371,0.1523884886251862
74372,0.15148674629832715
74373,0.12715660405245593
74374,0.1718093203356011
74375,0.13878430742751333
74376,0.0921202183681877
74377,0.11729199519013733
74378,0.17020401588681197
74379,0.15770490144461602
74380,0.15641347810838033
74381,0.1050592242460898
74382,0.17646762323698784
74383,0.17730724158796068
74384,0.11806108875302082
74385,0.12978246546211422
74386,0.13031482305328343
74387,0.13731209646722162
74388,0.13969894796549057
74389,0.16707898777893865
74390,0.06966277121430528
74391,0.10620662648630026
74392,0.1023339842085251
74393,0.15023029813617197
74394,0.1398057075606373
74395,0.18528001729683452
74396,0.14722224319280153
74397,0.10418479314188239
74398,0.12380494373901159
74399,0.14714150984638477
74400,0.08825917869762383
74401,0.16251585046990946
74402,0.1257475960259483
74403,0.12892088601824261
74404,0.16362917736920865
74405,0.11489539776692359
74406,0.20413170643622325
74407,0.17832040189577944
74408,0.17969297800121609
74409,0.13277138559196808
74410,0.15549944133107638
74411,0.15045691103305586
74412,0.17651729641389663
74413,0.1595575891947539
74414,0.14519860532511883
74415,0.14990360046662105
74416,0.12057621488265213
74417,0.11245060153422327
74418,0.1355117769553459
74419,0.13516111343846554
74420,0.16156821808543184
74421,0.10371510511550723
74422,0.18569767962654582
74423,0.16807667443712918
74424,0.17952314825731774
74425,0.1362679554544515
74426,0.1509217038299122
74427,0.19194128739912997
74428,0.19304680601063956
74429,0.17533683838192993
74430,0.1320732445795792
74431,0.16929470241803332
74432,0.13927547821416383
74433,0.13685574531693748
74434,0.12154066397522872
74435,0.16106625599210353
74436,0.11187692310544725
74437,0.1531075918303034
74438,0.16402234941157628
74439,0.09631887191633476
74440,0.19388969707680775
74441,0.13183788165169505
74442,0.16820277464502925
74443,0.1641050033267713
74444,0.11093838917491636
74445,0.16751293278548743
74446,0.11961439721340547
74447,0.20035942874975576
74448,0.12044022045955846
74449,0.1371355242835256
74450,0.10972517076316532
74451,0.09959888380408743
74452,0.16568422805603586
74453,0.19334719983389
74454,0.139243586328187
74455,0.14383373403786753
74456,0.11560431960878234
74457,0.14972575467233865
74458,0.14281509532846298
74459,0.20130688939743846
74460,0.16537414727899447
74461,0.11064885040534765
74462,0.12134662794570344
74463,0.17906086142717081
74464,0.10164207902844963
74465,0.12361998045303653
74466,0.17277670760580047
74467,0.13098613862996245
74468,0.18129707081231328
74469,0.1080350077977976
74470,0.11684608249021168
74471,0.15257339024677016
74472,0.11103669086305498
74473,0.17794422450550346
74474,0.13425194392852566
74475,0.194190281749116
74476,0.14278580704017743
74477,0.1583140979234271
74478,0.1466493996949126
74479,0.1712247290011222
74480,0.11448321351641726
74481,0.13190863858641882
74482,0.1407063536260602
74483,0.16956898800314027
74484,0.14894539781876465
74485,0.1216560363120204
74486,0.16431867709085837
74487,0.1937283993913652
74488,0.16977439989058046
74489,0.13726104333100042
74490,0.14284522785102663
74491,0.10106589256907972
74492,0.09646496138092825
74493,0.12756929020243987
74494,0.18934075267949532
74495,0.18024486975003418
74496,0.12858769207911058
74497,0.13873627378986736
74498,0.11252381525272565
74499,0.17551041649898472
74500,0.17498672698004977
74501,0.14961063941295918
74502,0.1566330042301198
74503,0.1329079586878118
74504,0.13249606897989413
74505,0.1228594864889661
74506,0.10464628608285693
74507,0.10400415873087882
74508,0.15576958356467613
74509,0.18796804492613356
74510,0.10053210899808296
74511,0.16486430270343114
74512,0.10960369811995305
74513,0.13018768213881876
74514,0.1624486080004574
74515,0.17117818345781066
74516,0.14353340548818147
74517,0.12872742398364154
74518,0.1317311438402317
74519,0.17148553423309776
74520,0.17087872623765502
74521,0.16745187500931347
74522,0.11668981128542184
74523,0.10558322270678844
74524,0.1528635140989314
74525,0.13612144448155936
74526,0.15392659935864111
74527,0.1707087374415756
74528,0.17151662211144125
74529,0.12693748795666243
74530,0.1248450331960584
74531,0.1456694341441886
74532,0.15714289233295792
74533,0.10880513326024634
74534,0.12560525207927659
74535,0.12715743778895855
74536,0.15958358192435182
74537,0.12613472013903088
74538,0.12088570170936375
74539,0.1594239932128183
74540,0.2522767013685796
74541,0.1413693644799188
74542,0.1311118024014457
74543,0.14273079989757556
74544,0.0939224362490403
74545,0.126402268786355
74546,0.11043046327066325
74547,0.13444225930640438
74548,0.1526390970299659
74549,0.1008530479229567
74550,0.09971596183038858
74551,0.09917593465186465
74552,0.18778539704475763
74553,0.15639299761945236
74554,0.15783740501521207
74555,0.13158641579190783
74556,0.1406146411653861
74557,0.10806966920012218
74558,0.15705336371433745
74559,0.14382630876026248
74560,0.14075679489740744
74561,0.16219661788961695
74562,0.13825848304637559
74563,0.13194679915397778
74564,0.1596190129321856
74565,0.08086226357374887
74566,0.12438628966287538
74567,0.16225182073831484
74568,0.1386909263365248
74569,0.05576976206126094
74570,0.08966799552457265
74571,0.1131748717651228
74572,0.11537742560739662
74573,0.11431958652203644
74574,0.13571537206628906
74575,0.14545064666023372
74576,0.14504347896064565
74577,0.13909772590194963
74578,0.12040855758799449
74579,0.10290731117480542
74580,0.1634182019804579
74581,0.1801238625804838
74582,0.10089628311155953
74583,0.1524610400320922
74584,0.12250612201740604
74585,0.14821130946055272
74586,0.15675657344711896
74587,0.1633226194784308
74588,0.15843389548828818
74589,0.151406579856867
74590,0.04402161133591884
74591,0.1461085997773769
74592,0.15350704233361867
74593,0.11873343326367429
74594,0.13571127610596237
74595,0.15330962925629796
74596,0.16001540163167
74597,0.14461745986858723
74598,0.14507972451870946
74599,0.13007525499635003
74600,0.13201556316390256
74601,0.09730812391897173
74602,0.12027249396315465
74603,0.10562458295646188
74604,0.16569880434213094
74605,0.17642294776622075
74606,0.1311127437974212
74607,0.19339371232933378
74608,0.10891542647298116
74609,0.20361735466317665
74610,0.18325691356706547
74611,0.11913356452503765
74612,0.1503795486023725
74613,0.14771302755766758
74614,0.14743393271094757
74615,0.1574127215528927
74616,0.19332264784120246
74617,0.12157920432833942
74618,0.1937631384636893
74619,0.17232731795176248
74620,0.12533658324474112
74621,0.1190934902409431
74622,0.16592524216449778
74623,0.13945803701136597
74624,0.1594606430247214
74625,0.13285123403450555
74626,0.15670883057483395
74627,0.12944645262602902
74628,0.1752688852706309
74629,0.12881856615051565
74630,0.1722565980340899
74631,0.12702215515181609
74632,0.17644233333775713
74633,0.17761357324971516
74634,0.13645924269849918
74635,0.09213541671968214
74636,0.13173254689596156
74637,0.11718602384049204
74638,0.14380437398519158
74639,0.14944317151338604
74640,0.16610971606392508
74641,0.12738274331761182
74642,0.13479927345724818
74643,0.1328263863962457
74644,0.1400581697757048
74645,0.1226984797491039
74646,0.11124781048128035
74647,0.11420027081212333
74648,0.17135949546551976
74649,0.15748510082952188
74650,0.10933615941525474
74651,0.16150559523636837
74652,0.12824625540802376
74653,0.15984303005886966
74654,0.1494546001850025
74655,0.10459347966598674
74656,0.16341437884669377
74657,0.13328308376487552
74658,0.09312892093295871
74659,0.09101030722569078
74660,0.09718753280651075
74661,0.1380318259564635
74662,0.1135177657838881
74663,0.12027287393733835
74664,0.18058191024613607
74665,0.16911827857932524
74666,0.1493349834785408
74667,0.14103851947135695
74668,0.13288496221454735
74669,0.12708020727875136
74670,0.1462682878549724
74671,0.15095306381181534
74672,0.17119816342375854
74673,0.162901948541007
74674,0.15845382570331054
74675,0.16298795500960106
74676,0.11934874022862138
74677,0.14105451182711243
74678,0.11327217998464548
74679,0.1383778659210776
74680,0.16848386938589408
74681,0.18229165973467004
74682,0.16393157259321778
74683,0.14530836150914522
74684,0.18896788859148078
74685,0.14310540016283418
74686,0.147598774012851
74687,0.1381295567596148
74688,0.10932833882619895
74689,0.14294248208039567
74690,0.16931708954472555
74691,0.1017575551259348
74692,0.10300013441439132
74693,0.09741519414016153
74694,0.16101375589714373
74695,0.15609929579657839
74696,0.16163026800863747
74697,0.14331537836077574
74698,0.07154253063254873
74699,0.17545862631049983
74700,0.0834169541062702
74701,0.15400726190214226
74702,0.12099527843997648
74703,0.1936008176054535
74704,0.13033356645075977
74705,0.15176553288309777
74706,0.16523434519244123
74707,0.13803967255530633
74708,0.1342430528060319
74709,0.15578109327675424
74710,0.14830374143365607
74711,0.16613751296528792
74712,0.10016249609906697
74713,0.1439718876276456
74714,0.15959649629615985
74715,0.13599248660852847
74716,0.1844774243061424
74717,0.1382049681856738
74718,0.08518124322676483
74719,0.14501409112721675
74720,0.09015079984325745
74721,0.15389630524946837
74722,0.18930710662230205
74723,0.08635251029900663
74724,0.16739368920164688
74725,0.16275984067444998
74726,0.17861120131710936
74727,0.16634387266367395
74728,0.14767860388875287
74729,0.215540981106089
74730,0.14827171076665224
74731,0.149498037358603
74732,0.13761329457353466
74733,0.13045731703689561
74734,0.1489656345011943
74735,0.20201278383999763
74736,0.19379679543916517
74737,0.10615746221628655
74738,0.16266408547330938
74739,0.07507095712632715
74740,0.16371315998231767
74741,0.14389160557607678
74742,0.1276608046427178
74743,0.11703944227632504
74744,0.13246466777666602
74745,0.12119457007931478
74746,0.10106052874353469
74747,0.17178053277449046
74748,0.14871489385160416
74749,0.15391565848588062
74750,0.12807563934501454
74751,0.13113020253034874
74752,0.1598179974198634
74753,0.07188510288095169
74754,0.12669285105834133
74755,0.1421138633875797
74756,0.06436592325323992
74757,0.1423160165181646
74758,0.12536585464056318
74759,0.11860678871751128
74760,0.13109758035997446
74761,0.14080013890358042
74762,0.1439431471498637
74763,0.16402575827053245
74764,0.15544895372604917
74765,0.1661574064288034
74766,0.15242456346236355
74767,0.1422670737984063
74768,0.12220758375724994
74769,0.1792850931648769
74770,0.19051277201738198
74771,0.15936594641485707
74772,0.12512911172085922
74773,0.07911766812379872
74774,0.1450530685573749
74775,0.1598655120250171
74776,0.12390805342435068
74777,0.21073334374121522
74778,0.10008195105708789
74779,0.13836742998336335
74780,0.14065046001060708
74781,0.11502379925663633
74782,0.1717049682147652
74783,0.17279602798477703
74784,0.1796064555582532
74785,0.15495401155968944
74786,0.14572589841514025
74787,0.11791095490420006
74788,0.12606506519213453
74789,0.15004814576120995
74790,0.16784741354563543
74791,0.1369078747574802
74792,0.1818285715243572
74793,0.11709379397140247
74794,0.11130156277241465
74795,0.15365119019252185
74796,0.1420280434899228
74797,0.19495568693972712
74798,0.20937031119378086
74799,0.10603703051755098
74800,0.17585171254401658
74801,0.17194436150764106
74802,0.15953457094009701
74803,0.14454565527969343
74804,0.14145007919545394
74805,0.1557975256110423
74806,0.09161458490551933
74807,0.17456270684994887
74808,0.16101629876352205
74809,0.13381246407166292
74810,0.18806661865094115
74811,0.1330230258609243
74812,0.08269563247893319
74813,0.10866092892351759
74814,0.152922520985153
74815,0.12548376955622684
74816,0.16562367403619868
74817,0.1529060255888441
74818,0.19298118640449974
74819,0.1144258793693108
74820,0.15109175205567313
74821,0.08366797999345163
74822,0.15712072746543046
74823,0.16301982785612237
74824,0.19908902783066637
74825,0.15010823489883185
74826,0.145180391053694
74827,0.14978048771028452
74828,0.12142354643862321
74829,0.199559341905505
74830,0.13480834931014474
74831,0.18682043900916534
74832,0.15864220351097588
74833,0.1932946910603746
74834,0.18635105102384028
74835,0.1312592722979546
74836,0.18589947527973122
74837,0.17994969978727762
74838,0.144489058672031
74839,0.14495179923560556
74840,0.1041439437696508
74841,0.1484224464562692
74842,0.1141244932885469
74843,0.1392717290023029
74844,0.13670111801975213
74845,0.11069550816263424
74846,0.1705811565246599
74847,0.13744499304284624
74848,0.10395246513899498
74849,0.0817295352709963
74850,0.1629445735707241
74851,0.16731765195786086
74852,0.17412700900923436
74853,0.09189696654355976
74854,0.13924035037211574
74855,0.11181551169923341
74856,0.17749007203274586
74857,0.10759183060116792
74858,0.11754010466319577
74859,0.11773493141500276
74860,0.13584476345618182
74861,0.10787072206707683
74862,0.10858815309290103
74863,0.18551707371153575
74864,0.1250466822930964
74865,0.15358197242036484
74866,0.14359082624923758
74867,0.11285697549190861
74868,0.13117043661811187
74869,0.10832565509478576
74870,0.0930988028144261
74871,0.1426218189176588
74872,0.15494698447454333
74873,0.1693715988039042
74874,0.16165621306628256
74875,0.13389359598916853
74876,0.09835588359124091
74877,0.11627579837571426
74878,0.11859604403982527
74879,0.0973586227979751
74880,0.1275410664323961
74881,0.13744284691244296
74882,0.20305336083762277
74883,0.1578859259115823
74884,0.0933112064764865
74885,0.125282179172441
74886,0.18345323030300886
74887,0.10606960962489079
74888,0.11976699462690056
74889,0.09774043690299038
74890,0.12638649689150613
74891,0.1506731122575424
74892,0.14487339878788708
74893,0.11309848880659382
74894,0.12158932000611378
74895,0.14200708227536415
74896,0.14528658019520777
74897,0.205955204201377
74898,0.13553372026134042
74899,0.1348996552137152
74900,0.13093865168709862
74901,0.14209345282569594
74902,0.08736684640602538
74903,0.12745986478013854
74904,0.11918598859573212
74905,0.20345542518923576
74906,0.17197301798578266
74907,0.140442064407276
74908,0.058051238486823545
74909,0.21185077656128515
74910,0.15108993066817716
74911,0.13318267154558328
74912,0.12278380263340949
74913,0.13524734057360108
74914,0.19757389568786382
74915,0.12142271676880174
74916,0.12013537868780177
74917,0.12126755250002641
74918,0.16460223487580003
74919,0.127543521904287
74920,0.1579150770804133
74921,0.17356022123558582
74922,0.10395322905595311
74923,0.15884022056494435
74924,0.15387135076121541
74925,0.13419314177010255
74926,0.17151565654222894
74927,0.14773617851596943
74928,0.11325050596651665
74929,0.17451595838896233
74930,0.13976805804819803
74931,0.08235796907548262
74932,0.10668909831192055
74933,0.08241916494154171
74934,0.11244331176874606
74935,0.17408640870078754
74936,0.11483897872066362
74937,0.1074571017588122
74938,0.08194419002360978
74939,0.15290340768179936
74940,0.09688233812780309
74941,0.12038327690145899
74942,0.11084745256130532
74943,0.1262286725825727
74944,0.14105449071349482
74945,0.14813737448602268
74946,0.12988335119320862
74947,0.1226133827085966
74948,0.1283737247989074
74949,0.15466201958060516
74950,0.11252769827901367
74951,0.16997490769205692
74952,0.13118517445667993
74953,0.1453656860524488
74954,0.14095491162798693
74955,0.17362697138310934
74956,0.10414502921633798
74957,0.17935646198918825
74958,0.13768401322498153
74959,0.07434152815908586
74960,0.14528902561488166
74961,0.13987065809329285
74962,0.15411420376611415
74963,0.1920458735964608
74964,0.12155909752563351
74965,0.1385570789308057
74966,0.20048408541167168
74967,0.14380281262981584
74968,0.14526278592805303
74969,0.16549113192992598
74970,0.12456597151683262
74971,0.0877355340284667
74972,0.13908957618368384
74973,0.12048167123200149
74974,0.1780454960587534
74975,0.14005977287528118
74976,0.1369528770541457
74977,0.10395503566788716
74978,0.1518727090813111
74979,0.12123797631860966
74980,0.1345364968499012
74981,0.12343936075205773
74982,0.14292908091163337
74983,0.15244066781487767
74984,0.1421326165547049
74985,0.16899262930334563
74986,0.22197664580625892
74987,0.09458770027144811
74988,0.1647601955905125
74989,0.1302492181613509
74990,0.18764419734371202
74991,0.16346542293374397
74992,0.1892772119942261
74993,0.1534943173187107
74994,0.2020431121400869
74995,0.1936525832537388
74996,0.1385379667546573
74997,0.09340681254557645
74998,0.11143321383539333
74999,0.1375348513874233
75000,0.19245762635059305
75001,0.11093383864429929
75002,0.10729482916259878
75003,0.11708797986737524
75004,0.1810667700452936
75005,0.14479089869238887
75006,0.13241600096065864
75007,0.16747183066291454
75008,0.17214824901066034
75009,0.1351646688211214
75010,0.13248431411710873
75011,0.16667905179411777
75012,0.14318126715807722
75013,0.1310830049948034
75014,0.153920559937119
75015,0.11613567290011088
75016,0.13999182705626487
75017,0.1563389387432608
75018,0.1271247839436154
75019,0.1608236428690506
75020,0.08340271333107464
75021,0.14120241675545284
75022,0.13739542372096175
75023,0.12569127667005436
75024,0.17000504940558542
75025,0.10797948991019285
75026,0.09863193984962063
75027,0.18163315292199927
75028,0.1494707418051699
75029,0.1586889951124616
75030,0.12243570329619767
75031,0.13314996624321918
75032,0.13907255314378647
75033,0.17168959261321942
75034,0.12057336653385045
75035,0.12668569341246166
75036,0.12819132796174962
75037,0.1706445451379467
75038,0.15585294546102627
75039,0.15400123497956336
75040,0.14279933752324495
75041,0.1760897857783448
75042,0.14836659308692274
75043,0.13084261012400267
75044,0.09467226930121078
75045,0.1475320344695599
75046,0.142917155087657
75047,0.13352468120992422
75048,0.1996375808033775
75049,0.0943821350798476
75050,0.1891371855011278
75051,0.154580473553882
75052,0.1524972304253292
75053,0.13266787809968802
75054,0.13938530944278374
75055,0.21523211661865815
75056,0.12038549620035241
75057,0.1544740691304826
75058,0.0882497299999364
75059,0.12468785031131024
75060,0.14060974270782864
75061,0.16193432949240288
75062,0.17492463381034057
75063,0.10854593987474845
75064,0.19400555471649156
75065,0.13690808892600906
75066,0.08637767906634519
75067,0.13229799979510595
75068,0.10583484039160959
75069,0.13961807272472151
75070,0.18665306745790441
75071,0.19345026881590252
75072,0.1556464472549968
75073,0.1505356551432568
75074,0.10991775886458739
75075,0.13535493108819144
75076,0.12133489478174925
75077,0.12207972856904259
75078,0.11589231308121582
75079,0.1589330201733214
75080,0.13169951823719486
75081,0.11367831996128086
75082,0.148850575188924
75083,0.13903388904726535
75084,0.1345676758734831
75085,0.1622860738885212
75086,0.12516986772446032
75087,0.15423396743191486
75088,0.1592540911247948
75089,0.11901458878065363
75090,0.08264664005325875
75091,0.09168333796219835
75092,0.20231242216606804
75093,0.18125053259481053
75094,0.13541098677770733
75095,0.12124370257998458
75096,0.11715019876024874
75097,0.18632671719517796
75098,0.14260038065098926
75099,0.13001842585678122
75100,0.12638732638085928
75101,0.10058667290985998
75102,0.09357264734042493
75103,0.13369626708755056
75104,0.16122570302381348
75105,0.1875958159280734
75106,0.18047668267732542
75107,0.14867100500046318
75108,0.10089793222902615
75109,0.1970648877243414
75110,0.11986148479811473
75111,0.13873467798731853
75112,0.18448576591553836
75113,0.12088860452639166
75114,0.1468476786619077
75115,0.19005310765516165
75116,0.11834435731846697
75117,0.11921259892959282
75118,0.12754681881064012
75119,0.11192175012495903
75120,0.12024062145906125
75121,0.11652103034399156
75122,0.10365731153022482
75123,0.11754381816308529
75124,0.12654457393106927
75125,0.08532206393537725
75126,0.19316206558426735
75127,0.13825334055866217
75128,0.19826411210100267
75129,0.09968102150715125
75130,0.0818878595755836
75131,0.1316453745996196
75132,0.10227320570812956
75133,0.09303630881082667
75134,0.20585387595107096
75135,0.21623835891868493
75136,0.1338811394345349
75137,0.12181447520244984
75138,0.15282607944439885
75139,0.15894507712857592
75140,0.15066280089684886
75141,0.16326355578770302
75142,0.11794728141545421
75143,0.20384303304345097
75144,0.14258249200650044
75145,0.13915850768763596
75146,0.14522501613747837
75147,0.13253223072268264
75148,0.0382610822337353
75149,0.0926487728333551
75150,0.15258221236965638
75151,0.14278876182572628
75152,0.11076994878987564
75153,0.16340340881016324
75154,0.17275257846770845
75155,0.14385526838478033
75156,0.11319273360352738
75157,0.07919440384186074
75158,0.15656460406402709
75159,0.13265432784788223
75160,0.1631806767117902
75161,0.18865821143823375
75162,0.10030516918702333
75163,0.1111958517131286
75164,0.1307887463933077
75165,0.13374105808353404
75166,0.1545868940186137
75167,0.18211702030704222
75168,0.16815544203989577
75169,0.17605502831233627
75170,0.11496255352272097
75171,0.14898694199421
75172,0.16235380729640253
75173,0.11357485708367736
75174,0.1111841336574718
75175,0.14492513364858928
75176,0.1579015603234502
75177,0.17850098250861385
75178,0.1367375260893699
75179,0.15485311901590412
75180,0.14770222754770618
75181,0.14753850990912784
75182,0.14965250125172128
75183,0.17374976173526777
75184,0.14302956159818772
75185,0.14202980067631735
75186,0.16641928547287285
75187,0.1266846287428294
75188,0.16896502701369306
75189,0.1341182296150184
75190,0.2015967701279307
75191,0.15239232638429004
75192,0.13742123674835452
75193,0.1721449516566318
75194,0.14715455629032542
75195,0.16229594921381285
75196,0.15457000342234023
75197,0.09966868747569677
75198,0.13098619675540227
75199,0.15064066933718484
75200,0.14867459922924256
75201,0.13029669583828027
75202,0.11354220836552976
75203,0.14085171515203815
75204,0.10926477317264588
75205,0.07778847327943571
75206,0.12043706757610007
75207,0.14913780700811005
75208,0.1665717945853085
75209,0.12582064265070858
75210,0.11614398933451536
75211,0.15371558613940545
75212,0.11728538115989844
75213,0.0997325690648619
75214,0.14492100576517516
75215,0.11525121293654998
75216,0.22122168686440297
75217,0.17589478718936294
75218,0.14162908029903437
75219,0.11501291479068508
75220,0.09562350433730592
75221,0.12997725973063093
75222,0.1485633530164099
75223,0.09540578867075826
75224,0.14224520896727422
75225,0.16754957938446727
75226,0.14758455878350973
75227,0.13933852363048788
75228,0.1623081181632622
75229,0.1302088523738864
75230,0.1606523083073948
75231,0.15380907572924754
75232,0.14270395618584322
75233,0.088801765443235
75234,0.16921303929133227
75235,0.16949918473968487
75236,0.17105340890151638
75237,0.14984959478447554
75238,0.13393976108813882
75239,0.16900649103532187
75240,0.1001460127415964
75241,0.09797690521997074
75242,0.1289106750162589
75243,0.1481156770945534
75244,0.14010672081523268
75245,0.15457798940438267
75246,0.10160084706763514
75247,0.19464506276780957
75248,0.18525286663898208
75249,0.12410588896028299
75250,0.1551416835031339
75251,0.11438676010110065
75252,0.15808915056637568
75253,0.15117702479257455
75254,0.1384923360015316
75255,0.17041944398187467
75256,0.19173061541158565
75257,0.16373224652829166
75258,0.1815629728569657
75259,0.19905277471713212
75260,0.17389574945431305
75261,0.1921633639622134
75262,0.07691944712652504
75263,0.14875549252615994
75264,0.09195686463159608
75265,0.2168511311873474
75266,0.12694502442603772
75267,0.1019178337983972
75268,0.1658450863430079
75269,0.16109934284089045
75270,0.09357006757577352
75271,0.11675596145944059
75272,0.1398131614713301
75273,0.13555782735243438
75274,0.15308819582175018
75275,0.13438408582378855
75276,0.09526549408272747
75277,0.10931004517300993
75278,0.15596677994177832
75279,0.12555968956542995
75280,0.1434882612601998
75281,0.15340020251538342
75282,0.15141887114166735
75283,0.13704053726705967
75284,0.17660301928620764
75285,0.16680898581204257
75286,0.1889651527510167
75287,0.15885596560806162
75288,0.13800522325069525
75289,0.15377422666411383
75290,0.1568580453278717
75291,0.08577490657989867
75292,0.10935358938479425
75293,0.1376693142737712
75294,0.21456097806243693
75295,0.14935856655063254
75296,0.14471404508343405
75297,0.141093909606609
75298,0.13687061243794924
75299,0.12770996644297974
75300,0.18274579107927078
75301,0.16123071736431321
75302,0.16774428590176804
75303,0.1571604378684362
75304,0.1236923169368277
75305,0.18351059949628146
75306,0.14191961895162036
75307,0.14702896313542624
75308,0.20405728199506265
75309,0.1245571611928435
75310,0.1925118221004954
75311,0.11647722204538717
75312,0.16479385748368844
75313,0.13401647909775638
75314,0.15637762334561395
75315,0.12485232827132905
75316,0.11361228049861313
75317,0.09472265684390138
75318,0.18165506010082597
75319,0.15217128061248292
75320,0.12856554767965764
75321,0.16109172225571308
75322,0.10430301039624951
75323,0.1474248914682716
75324,0.06987862882403266
75325,0.11784480354382369
75326,0.09783640524196066
75327,0.13144836846489946
75328,0.147969304350815
75329,0.16912512047874612
75330,0.14116712233353748
75331,0.11092755416536038
75332,0.17880319133904726
75333,0.10954325442880133
75334,0.05515295652925653
75335,0.1412865603421776
75336,0.18750404940391302
75337,0.11634483692758518
75338,0.11982885499647584
75339,0.2001308622203578
75340,0.09885405680991782
75341,0.15072191815042738
75342,0.12894688776729007
75343,0.13062068420320044
75344,0.13187303589790111
75345,0.12225509222298725
75346,0.1329329297345758
75347,0.15624913873547824
75348,0.16680752132297197
75349,0.1435448380920641
75350,0.14519289495985496
75351,0.17303513595867992
75352,0.14013030233574905
75353,0.11992970751809892
75354,0.10763073626773714
75355,0.1413176853350056
75356,0.11773805978312106
75357,0.13272140248112896
75358,0.1475390002840657
75359,0.09482462760096394
75360,0.16121685542028985
75361,0.10868690954605917
75362,0.14223053676766417
75363,0.1339389881767875
75364,0.14552524907047032
75365,0.12553825242226704
75366,0.12415835470723255
75367,0.12017881664438296
75368,0.0814954989600965
75369,0.10064697027072098
75370,0.13954682565791657
75371,0.1707191588495379
75372,0.13532127455200016
75373,0.09045519593165377
75374,0.11617734965164682
75375,0.15311376171879898
75376,0.16131418056382568
75377,0.18237963569806792
75378,0.1622239501577376
75379,0.18453631545849375
75380,0.18095699088725115
75381,0.10831587604749243
75382,0.13330732344043952
75383,0.16903175554659922
75384,0.10050312401986626
75385,0.1659608546300153
75386,0.12686113977837327
75387,0.1345721184401159
75388,0.15143651105421224
75389,0.10950411362192386
75390,0.15972636125338094
75391,0.06959630380978357
75392,0.1554684900092866
75393,0.15719811851645996
75394,0.1736836770818546
75395,0.129324605019895
75396,0.24430719926811992
75397,0.08626297452756036
75398,0.1375119669049153
75399,0.13648167836903818
75400,0.07635368868887762
75401,0.14115607309695702
75402,0.10393114902199338
75403,0.1328393572272637
75404,0.17367570786150213
75405,0.16099738606860792
75406,0.1248132507934705
75407,0.1580338912479312
75408,0.13178233492703165
75409,0.12660454398293458
75410,0.13759776332163223
75411,0.15741372818120428
75412,0.1581240977761328
75413,0.18265397204628905
75414,0.14933081803605405
75415,0.11315107290765031
75416,0.12248043642235645
75417,0.1564256881326465
75418,0.13653029011183268
75419,0.19248122140126048
75420,0.12126438921791369
75421,0.1870524071221679
75422,0.0648663227881401
75423,0.1861275509830162
75424,0.1368746598878381
75425,0.20425303749917184
75426,0.1678799809022076
75427,0.11126110704229267
75428,0.13608829257749144
75429,0.15153504760065753
75430,0.17804996675713392
75431,0.12947072465790507
75432,0.12914481234605868
75433,0.14073670437161578
75434,0.09823032347353478
75435,0.12444564065111793
75436,0.13505191123998772
75437,0.17388517489218383
75438,0.1422088655454771
75439,0.1836725799780258
75440,0.1716000331730052
75441,0.14138110221633293
75442,0.1359339519186713
75443,0.18401146196829626
75444,0.12242790529504699
75445,0.14769544437604953
75446,0.14691229857791352
75447,0.1613652117523895
75448,0.13573515144492762
75449,0.13411731835335508
75450,0.18720824382925938
75451,0.12447473574109322
75452,0.18082666456284988
75453,0.1503337469066712
75454,0.12417438043927193
75455,0.1553159758025666
75456,0.11488061437549682
75457,0.15269097680120863
75458,0.108270667340799
75459,0.10922589683037887
75460,0.1925193282151378
75461,0.08611800404385113
75462,0.13588132275172737
75463,0.09009517091851825
75464,0.1407080151725232
75465,0.1153849785950192
75466,0.1315339978978738
75467,0.12541448865430235
75468,0.13603931102443031
75469,0.10738863936560812
75470,0.12699929926095752
75471,0.2108120173590303
75472,0.1152609177430055
75473,0.13967523547954622
75474,0.15340541441376165
75475,0.1295043984018312
75476,0.16568110627159763
75477,0.11301207145873914
75478,0.1768909743553057
75479,0.16371935683626015
75480,0.14829818540636225
75481,0.11306296856757515
75482,0.14868429692553287
75483,0.12976943987867312
75484,0.16572326408284832
75485,0.10841417132068368
75486,0.12084613528329832
75487,0.1377800009341886
75488,0.19888840499309463
75489,0.16821143638641237
75490,0.18795006467090575
75491,0.14551407112810916
75492,0.07547057384877036
75493,0.17283784483144557
75494,0.1588871340638096
75495,0.10992393891022517
75496,0.11825970986405346
75497,0.1856218953337403
75498,0.10339610692807363
75499,0.15579460489879204
75500,0.13278528329424302
75501,0.1377856484827893
75502,0.12192420103480164
75503,0.10233365854196189
75504,0.1391652441213532
75505,0.1604540943810575
75506,0.12185234611858538
75507,0.11359315699513967
75508,0.15550804984650576
75509,0.08463018341493937
75510,0.10526990567433753
75511,0.13063134165734402
75512,0.11360743042196868
75513,0.14360511420422817
75514,0.12131817214907369
75515,0.16295772509866285
75516,0.12999138220034456
75517,0.14206492557367
75518,0.14146883472957036
75519,0.13006046003072952
75520,0.11357092995575718
75521,0.10124265927691972
75522,0.10100302883437938
75523,0.1512671169955485
75524,0.17689637843145362
75525,0.1793064895976911
75526,0.13474043929773605
75527,0.12284820121213846
75528,0.1595405156357813
75529,0.13593708989545975
75530,0.13769553000539955
75531,0.09334130653028547
75532,0.15895280139663862
75533,0.13531120464895524
75534,0.12366628304179274
75535,0.17029758403409945
75536,0.14591771357832395
75537,0.07339548579574895
75538,0.11531990727857909
75539,0.1607546428707733
75540,0.11524945598196454
75541,0.24498045966770177
75542,0.17642740151899952
75543,0.13951471450482
75544,0.10391873715767488
75545,0.17598165994254075
75546,0.14845555184784015
75547,0.1516107146926929
75548,0.15328481073224512
75549,0.1202696384634693
75550,0.18188597316823868
75551,0.1358212784418207
75552,0.09340002848558618
75553,0.19009348519249947
75554,0.12563890596838956
75555,0.07436156708786157
75556,0.12973271969915634
75557,0.13151703093710895
75558,0.12186271559525014
75559,0.22179892632829207
75560,0.14035359198104153
75561,0.14911453773197275
75562,0.16250910636225363
75563,0.1329814111203904
75564,0.08198500378256841
75565,0.08629433079620491
75566,0.16927944783428414
75567,0.17747987684882055
75568,0.15589829251265674
75569,0.16849272593478856
75570,0.12348342405755393
75571,0.1107183504421331
75572,0.15964346735877064
75573,0.15390379085117784
75574,0.20197626733179339
75575,0.12068858521038534
75576,0.13033258576167023
75577,0.13612277557856858
75578,0.13544099352924538
75579,0.09652936163868908
75580,0.1613737567067359
75581,0.17679139169580668
75582,0.09288392361726377
75583,0.11178509179963614
75584,0.15406311308939544
75585,0.12302624259534312
75586,0.13475241071819313
75587,0.14039753481503942
75588,0.19987976445718525
75589,0.14225992708530044
75590,0.14463649357828395
75591,0.12012591989712518
75592,0.14622493042557264
75593,0.15433439328558823
75594,0.13286913695888466
75595,0.05323549744461606
75596,0.15756384469250778
75597,0.21974121286410062
75598,0.13145629461447725
75599,0.09912116557616388
75600,0.14395906052651128
75601,0.1736424411472949
75602,0.10336086487682422
75603,0.11986059337820004
75604,0.151734364016596
75605,0.08210587053475893
75606,0.08263224773304562
75607,0.105472435648092
75608,0.12842803987709592
75609,0.22393528700253698
75610,0.12106609654665959
75611,0.11557439476530224
75612,0.14066651031519745
75613,0.17770037264083174
75614,0.10717790470437831
75615,0.2049810140289995
75616,0.17066996750796637
75617,0.13087098084538912
75618,0.15697848685441934
75619,0.10641804924790238
75620,0.17129047133918096
75621,0.20277428721251817
75622,0.1671940501775344
75623,0.16213518211742656
75624,0.1285522233389931
75625,0.15293827515941336
75626,0.13670151337959371
75627,0.1442638702192148
75628,0.12929739783714456
75629,0.15921657373365777
75630,0.17119675019912867
75631,0.1908763312884588
75632,0.1557087600815138
75633,0.16447560006444317
75634,0.20808131709148076
75635,0.12369251343251553
75636,0.12532317479808122
75637,0.16112346664319188
75638,0.154866120966523
75639,0.1725958668458977
75640,0.14460276537929417
75641,0.15745837461479112
75642,0.1727080872313034
75643,0.19750735930091273
75644,0.2089238509825671
75645,0.1270988600200631
75646,0.14440285170664396
75647,0.17802256773641645
75648,0.1402093646323387
75649,0.12467970211826951
75650,0.12680125925012853
75651,0.19470202319070423
75652,0.1410228489268941
75653,0.08450968077760362
75654,0.1317457499531924
75655,0.1619208136811128
75656,0.15349958979784478
75657,0.1293838888087331
75658,0.15130444765308712
75659,0.12084924426866338
75660,0.1339543240552346
75661,0.10619435473155614
75662,0.14504809969382151
75663,0.14081345380263463
75664,0.09162953453953869
75665,0.175363223749243
75666,0.08382907871727588
75667,0.15046460166035155
75668,0.14044108263347035
75669,0.21053254159867268
75670,0.12365519826424495
75671,0.13587515798041508
75672,0.1568957713940773
75673,0.1866173571779
75674,0.12375280544961617
75675,0.110131156618488
75676,0.13631950576940835
75677,0.16213306659713378
75678,0.13742796928793558
75679,0.08868372148183128
75680,0.11457326554511313
75681,0.16544230264596027
75682,0.14727934623840186
75683,0.13890622381953233
75684,0.15232215149511918
75685,0.1336065457610329
75686,0.16748377273835202
75687,0.1909916299965943
75688,0.1636761667687112
75689,0.15148829377277487
75690,0.15830542243429152
75691,0.13647521397368756
75692,0.12217805848721063
75693,0.06895885864411372
75694,0.1620614960227152
75695,0.08388464537264578
75696,0.12466471892383767
75697,0.10300759206995301
75698,0.13985253418520732
75699,0.15361439534945856
75700,0.1363809973089264
75701,0.1809893957689046
75702,0.142101505920082
75703,0.0889067582543887
75704,0.10292981315877817
75705,0.14634131605249456
75706,0.10580275829857984
75707,0.19548160496543376
75708,0.14634999721405156
75709,0.10771928554457658
75710,0.15711149017336662
75711,0.16538011760824964
75712,0.17510615808149435
75713,0.09880854097879883
75714,0.23062495051063486
75715,0.14290614100644355
75716,0.08293483476224572
75717,0.17116582817822126
75718,0.15582162942263766
75719,0.17283751347278442
75720,0.08580719483609178
75721,0.10745732544125586
75722,0.13013460268777793
75723,0.10505746695228751
75724,0.1393924849141772
75725,0.13279336325232075
75726,0.07760770918278768
75727,0.1255910600179839
75728,0.13985920039225533
75729,0.13456543498192672
75730,0.1278645371464198
75731,0.13940071207414645
75732,0.128511393148758
75733,0.12546149241665705
75734,0.13425128286719462
75735,0.07363998163954293
75736,0.19542580905533755
75737,0.12633631116881724
75738,0.15798381048592575
75739,0.13048097720496604
75740,0.13954068591339186
75741,0.1623976404455779
75742,0.1519045019515125
75743,0.10969087352216259
75744,0.12569177907989035
75745,0.1636747489311714
75746,0.09321833764454597
75747,0.12888938330988803
75748,0.16991316316691185
75749,0.1336587262948324
75750,0.15808355528828322
75751,0.1697261916782489
75752,0.1615500942542032
75753,0.1529107840828273
75754,0.16920282989412155
75755,0.07949444477539098
75756,0.20262967916363317
75757,0.13997832084823403
75758,0.14189973324261884
75759,0.15737217897871122
75760,0.20880719174226525
75761,0.09718024621634935
75762,0.12602329082920521
75763,0.08733887810704505
75764,0.13516581008721618
75765,0.15345324927627263
75766,0.16174861479665464
75767,0.13992342549268863
75768,0.14957736447592748
75769,0.1301081302208279
75770,0.16173839221160866
75771,0.12725615491151857
75772,0.15426390387517164
75773,0.15335922483405784
75774,0.1606224453749811
75775,0.1086680020223804
75776,0.11822232610157442
75777,0.12428532171736609
75778,0.12246266735691118
75779,0.18348199948776606
75780,0.07793142869260385
75781,0.1463217978926779
75782,0.1424490842619348
75783,0.13424923434466826
75784,0.13487900729330535
75785,0.12787488454499774
75786,0.12236469667251898
75787,0.03307434437430201
75788,0.17275039274278106
75789,0.15264915494469594
75790,0.12724303928509315
75791,0.16382258709388295
75792,0.13663360415893802
75793,0.10742671807805211
75794,0.12088282379246293
75795,0.14886692379273347
75796,0.0990533974277824
75797,0.14227062466496154
75798,0.20995228870057286
75799,0.15334940291047316
75800,0.18642120381849808
75801,0.17003063740571345
75802,0.12306054982710629
75803,0.15019402194867823
75804,0.1539696730977428
75805,0.08066427952741248
75806,0.15662662209399256
75807,0.13346053519735837
75808,0.12363044105890264
75809,0.14239898212342048
75810,0.11817409336261418
75811,0.14601423430977895
75812,0.1810463866021079
75813,0.11606420509396514
75814,0.1373081776702327
75815,0.1389288212452113
75816,0.12246285497942244
75817,0.09603038855559853
75818,0.11267919904026721
75819,0.11876276098160596
75820,0.15184194926567365
75821,0.16327597508192015
75822,0.12858538740739567
75823,0.19154564119313539
75824,0.1787696892849737
75825,0.16264579220049907
75826,0.08060618066876253
75827,0.11754656886570596
75828,0.15657879594544624
75829,0.1716016014884397
75830,0.1555634919416534
75831,0.1303820673530557
75832,0.11741322186925222
75833,0.13108828056255778
75834,0.10857849405938061
75835,0.15578904388139592
75836,0.18759565122654803
75837,0.1574778868519377
75838,0.19372967588701814
75839,0.0956316597757642
75840,0.16590826802411998
75841,0.13538458055008437
75842,0.10329647824776086
75843,0.166075889417906
75844,0.13818289797049127
75845,0.1868422786774441
75846,0.17827159337842785
75847,0.15455644287032594
75848,0.13993707028909722
75849,0.14766579578074476
75850,0.11017898855019702
75851,0.12975675729914102
75852,0.1355289323937732
75853,0.11226856115571555
75854,0.14313363349626917
75855,0.15466195267196406
75856,0.14293233811578807
75857,0.1468007100086895
75858,0.1225818776489827
75859,0.15356880018023075
75860,0.1333672611849728
75861,0.0989832159453903
75862,0.10642589880610856
75863,0.12480066046322646
75864,0.12113409204151554
75865,0.12206347089832281
75866,0.14513260155676364
75867,0.13907495681099377
75868,0.10587893107481283
75869,0.10603195925915107
75870,0.09794207361905985
75871,0.11040922666811388
75872,0.17530658628485069
75873,0.13466386409803396
75874,0.1493922431109328
75875,0.1363147854116899
75876,0.14449116046861832
75877,0.1250172403758638
75878,0.11148011265366017
75879,0.19801477899350903
75880,0.18222881759403917
75881,0.16399174767985522
75882,0.08335695800821205
75883,0.19896036067249956
75884,0.1553076756362737
75885,0.13512471563531878
75886,0.12339216250740088
75887,0.14470988581903357
75888,0.11605709260258239
75889,0.1585513707405713
75890,0.16065844040860575
75891,0.14316085343869742
75892,0.18373016374851564
75893,0.05085530894260766
75894,0.09513938423419574
75895,0.13460615296398873
75896,0.17381731814972146
75897,0.12306223174002939
75898,0.14500116097959426
75899,0.1585448670689329
75900,0.15069424181764615
75901,0.14148484123183566
75902,0.16701577418454228
75903,0.1630945562942044
75904,0.12241170767689478
75905,0.1391252615654887
75906,0.17232002859051151
75907,0.12132715351406799
75908,0.129204665154121
75909,0.18147899015149246
75910,0.1415799651037864
75911,0.17801337937402792
75912,0.14047575910349494
75913,0.12879102402366172
75914,0.16625210965409598
75915,0.12126301684502003
75916,0.18084713132557617
75917,0.16948741326661898
75918,0.12107184874600953
75919,0.13680871131392983
75920,0.10507675330699376
75921,0.13141026910270587
75922,0.1833099078764056
75923,0.15318036579661054
75924,0.1645090050344085
75925,0.14873547759341532
75926,0.1424912579783436
75927,0.17837772480193514
75928,0.15283150283330038
75929,0.14280755677905502
75930,0.14925054359389686
75931,0.12025707994734691
75932,0.14312985719659754
75933,0.1741409251570371
75934,0.1600758298424549
75935,0.1720822931403074
75936,0.14028065235944592
75937,0.16229072895294228
75938,0.18728600494451308
75939,0.13392374830728168
75940,0.09567018316755624
75941,0.15062661786967732
75942,0.11736249286926807
75943,0.14847921464696723
75944,0.1620375805470737
75945,0.11932807432615575
75946,0.1565659409006543
75947,0.1765413608039777
75948,0.1509697082499562
75949,0.10377977980586085
75950,0.09595301687738489
75951,0.13451838166805638
75952,0.11720427643874044
75953,0.09968585573464026
75954,0.15753941393966656
75955,0.15146207664114275
75956,0.12118052509176051
75957,0.13936288773125322
75958,0.14658900150425408
75959,0.08330390915500678
75960,0.14990193800000265
75961,0.11670059600447982
75962,0.21363694063262711
75963,0.14908983458485067
75964,0.16341735294492374
75965,0.14531250672982374
75966,0.17803379163157584
75967,0.16982348574441342
75968,0.1607919823010392
75969,0.11277858069338507
75970,0.17048881063250576
75971,0.11980351541573181
75972,0.17735080347733442
75973,0.17061331697447513
75974,0.1256621194765795
75975,0.1328532383813874
75976,0.13412076348535668
75977,0.12971062735057515
75978,0.20049980274214996
75979,0.1528290827850238
75980,0.16222279526209354
75981,0.14914372350302563
75982,0.1830708067767024
75983,0.15151671824463625
75984,0.12491666679305403
75985,0.11081919001323462
75986,0.11413040197578485
75987,0.11945180385661758
75988,0.1552813740827144
75989,0.17261646019992435
75990,0.16004911946645212
75991,0.16448016642313065
75992,0.1253899665300467
75993,0.1206832764434363
75994,0.07389025474492326
75995,0.16081944485607666
75996,0.14363829300200415
75997,0.14373993122488807
75998,0.13819623165875558
75999,0.08965456367118935
76000,0.19396253222751927
76001,0.1481521333985481
76002,0.14818762849684947
76003,0.1719726885995708
76004,0.14820020029421888
76005,0.16299754526818072
76006,0.08606140029449959
76007,0.1702152237569176
76008,0.15231459238517292
76009,0.13513279539853856
76010,0.14847137914731406
76011,0.12084676080201692
76012,0.15567455377511186
76013,0.13439271641365721
76014,0.1205380649350889
76015,0.09531416546241832
76016,0.15826187950353118
76017,0.19054582906165735
76018,0.13288210494053165
76019,0.16339690807275753
76020,0.10130546215209113
76021,0.18520695463111653
76022,0.14481649354654103
76023,0.16360223189111367
76024,0.1492260215746
76025,0.09293062395880348
76026,0.18040770749819524
76027,0.17226147338937808
76028,0.17268649729081414
76029,0.11119817662030165
76030,0.10942996259958017
76031,0.11802150019673972
76032,0.1931607746483405
76033,0.1196898142701531
76034,0.1525848919910369
76035,0.10611536280953811
76036,0.14784528410157866
76037,0.11773025285278346
76038,0.10598074052935086
76039,0.11966860691425146
76040,0.16247822700091738
76041,0.10556214372970901
76042,0.14956448279807294
76043,0.13994387669626956
76044,0.11549379523143549
76045,0.12796605586044424
76046,0.15527543379305264
76047,0.140813090358117
76048,0.09192698749319121
76049,0.16196393396905295
76050,0.11661613598046405
76051,0.14378685861095336
76052,0.1483337186976474
76053,0.11746034154573082
76054,0.13822103204176117
76055,0.09592604253164452
76056,0.12591051308024082
76057,0.1594729286382231
76058,0.14938993912403645
76059,0.1326198668361091
76060,0.11564921125659826
76061,0.12410207826485141
76062,0.11876061053114856
76063,0.11804810915882452
76064,0.16960816805514178
76065,0.1362164571850136
76066,0.06041065054755447
76067,0.12195966822178579
76068,0.1516480009700889
76069,0.1637547512207158
76070,0.12230239313931233
76071,0.10593618579410763
76072,0.2074801343233409
76073,0.15123913589346605
76074,0.16291317924510182
76075,0.07094571854090065
76076,0.13831233613392246
76077,0.13417771049513655
76078,0.15902184597520075
76079,0.15943901456913784
76080,0.1324687197975382
76081,0.14181341934872502
76082,0.1428065511498166
76083,0.08341476539353689
76084,0.12490860148019638
76085,0.1670103963009178
76086,0.05970906300746655
76087,0.1338509348776895
76088,0.12982898299182488
76089,0.11251355090549572
76090,0.1595212718577938
76091,0.11752692326371451
76092,0.1424188675266813
76093,0.18608533508087471
76094,0.18559892692556296
76095,0.11697246119041908
76096,0.14643060685475073
76097,0.13986844270066232
76098,0.14857231216318303
76099,0.08552414031727679
76100,0.13642882190375166
76101,0.17518909295064614
76102,0.16420406889505784
76103,0.14670737874514322
76104,0.09398795779313121
76105,0.12818137124280402
76106,0.12068185498016766
76107,0.14617723568852886
76108,0.07734853678284377
76109,0.1164908858255188
76110,0.14813228376512727
76111,0.07487765570848606
76112,0.1787458014226018
76113,0.10603132964993381
76114,0.17740544342557357
76115,0.11660052821006885
76116,0.09665283169883496
76117,0.14006025391467392
76118,0.1344852470441004
76119,0.16929836905655568
76120,0.1731727386728248
76121,0.110931539023231
76122,0.13115184029770896
76123,0.09435612043210304
76124,0.1320179377188334
76125,0.11748066176938954
76126,0.145027991460707
76127,0.13514632891624692
76128,0.12076309199690297
76129,0.1311814814653145
76130,0.11648633093790838
76131,0.09957142658059748
76132,0.16503553311904767
76133,0.12099122898134927
76134,0.1413084554397473
76135,0.12095769476916961
76136,0.14779567709555141
76137,0.15332433718991068
76138,0.14168097024287807
76139,0.11234065482092687
76140,0.12836949586479451
76141,0.18907120821801932
76142,0.11194342498375937
76143,0.1564281063274299
76144,0.16454501541195032
76145,0.16869665700925413
76146,0.10099641299055431
76147,0.10540994466464457
76148,0.16058729907781016
76149,0.2117256820885244
76150,0.12353655630289795
76151,0.18589022918350614
76152,0.16624276851038794
76153,0.10634319134092002
76154,0.20427428347013
76155,0.12372019818408805
76156,0.12445601611756188
76157,0.10442219140455761
76158,0.1830171809318488
76159,0.14527523900899933
76160,0.18991024220042024
76161,0.10621994793982194
76162,0.17518656603947075
76163,0.11487523216823213
76164,0.11533221253075153
76165,0.12986887149467233
76166,0.10633181834296238
76167,0.1491353578484051
76168,0.2195311508037409
76169,0.15902154924924705
76170,0.09814748729586412
76171,0.14389064416838362
76172,0.11231533880977944
76173,0.18001997642379075
76174,0.14077959114272778
76175,0.07715572739056743
76176,0.1125178455373063
76177,0.13656232444515598
76178,0.07845008496179248
76179,0.1322674686566245
76180,0.14584270407954797
76181,0.08645753375812754
76182,0.14408551531646374
76183,0.19211518648848724
76184,0.16333898666739846
76185,0.15622402158394924
76186,0.125021116111141
76187,0.11179597823305898
76188,0.16398646586161278
76189,0.1362225372660769
76190,0.13680392151553808
76191,0.13132762446487042
76192,0.13441951143887515
76193,0.17609488513373914
76194,0.14704398165335134
76195,0.13168021594304385
76196,0.14004617827439203
76197,0.1916527126119214
76198,0.1818248286927806
76199,0.16372233146721346
76200,0.12118451425256349
76201,0.09864867696957202
76202,0.1935132681342103
76203,0.1392367359735382
76204,0.09548742894023432
76205,0.13766592510723058
76206,0.13827277193854925
76207,0.12008125256550226
76208,0.18625943138648873
76209,0.1630309943122983
76210,0.16413552893625644
76211,0.118138631485947
76212,0.17391899675507466
76213,0.1604468985662701
76214,0.10477754603726294
76215,0.1710249248241382
76216,0.1348624714853791
76217,0.09812010466104953
76218,0.10780962477413383
76219,0.14033446259215732
76220,0.1699614685729213
76221,0.14531262831667255
76222,0.1545384236318046
76223,0.12915787871896775
76224,0.10583012549440743
76225,0.17024668615981098
76226,0.17518366106813044
76227,0.14293417411364354
76228,0.06646994062457587
76229,0.16907226798629038
76230,0.08733003379295598
76231,0.13207782338998592
76232,0.12201262826053677
76233,0.15992997169355352
76234,0.07027529541550562
76235,0.13730124697219798
76236,0.12471665195697226
76237,0.1689117215266335
76238,0.13733951588603077
76239,0.12894531947201499
76240,0.1159753029874102
76241,0.11553691222142297
76242,0.1825980082452433
76243,0.12090611680518787
76244,0.1664811684390923
76245,0.14212793448350153
76246,0.16908047999493303
76247,0.10533597904667386
76248,0.13561067093189302
76249,0.1380278473506387
76250,0.12220111688212373
76251,0.2219218513876708
76252,0.15851244561740077
76253,0.13582047529612254
76254,0.15122033345734337
76255,0.06753430879390526
76256,0.1155800563435072
76257,0.12500907258415114
76258,0.09398722435176146
76259,0.14620159605893662
76260,0.122345349974741
76261,0.12451335086009278
76262,0.14148641468340695
76263,0.08924131664633708
76264,0.14785788328547386
76265,0.1349270163247736
76266,0.08369764299478893
76267,0.12084579555768468
76268,0.18462957991194567
76269,0.13550159185930938
76270,0.16441071553490466
76271,0.0794050695576424
76272,0.08947614900229044
76273,0.16192441264161533
76274,0.1199620425226893
76275,0.19075923041515003
76276,0.11943040646187905
76277,0.08505159906025157
76278,0.1294184994688894
76279,0.10030606091152866
76280,0.0802697792810013
76281,0.10992797195716553
76282,0.17650822724130788
76283,0.1514113256244728
76284,0.13107421658034216
76285,0.12442783276474453
76286,0.16145330370759117
76287,0.11158527052604696
76288,0.15941916869319792
76289,0.1859839216156671
76290,0.11451523829869244
76291,0.18404581564604783
76292,0.12615439364077302
76293,0.08904874168689461
76294,0.08277025118090511
76295,0.12344971603335203
76296,0.13743100658461044
76297,0.11878557767032924
76298,0.1271399851657763
76299,0.13698667630065803
76300,0.16364759903744353
76301,0.10844073608511332
76302,0.09651722711894817
76303,0.12678522677522633
76304,0.11841083702880234
76305,0.15077652937245364
76306,0.1405039662181849
76307,0.1074566006383386
76308,0.1281279153951106
76309,0.13996661206035985
76310,0.16517663862772586
76311,0.15494283127974048
76312,0.1546117781483676
76313,0.09853969600733989
76314,0.13175004677304114
76315,0.11701853163023598
76316,0.15563970766952132
76317,0.08121220563708739
76318,0.07467204696673618
76319,0.13862297130787035
76320,0.11064977400121477
76321,0.11020306565044026
76322,0.11433590710723565
76323,0.16609013756354157
76324,0.15695430788570924
76325,0.133593745478115
76326,0.135205428581555
76327,0.14459975896394597
76328,0.17349878870092847
76329,0.1466417578250034
76330,0.15603989443343919
76331,0.13042485606781698
76332,0.14105905782039643
76333,0.1707307857094093
76334,0.18087006423930196
76335,0.17056612024948925
76336,0.14361470896617204
76337,0.17943699820970077
76338,0.1446485260737924
76339,0.1160389598565839
76340,0.12076078408839702
76341,0.13809444510537813
76342,0.18345793772313493
76343,0.11919983584309812
76344,0.1407567716679153
76345,0.18374975417742354
76346,0.1217529338563837
76347,0.1049740930607748
76348,0.13813466201323218
76349,0.1827857656451956
76350,0.1469494899765283
76351,0.07493794837536222
76352,0.17328905797759495
76353,0.1290838201125835
76354,0.18791929408803423
76355,0.18049307827733235
76356,0.08765436984507072
76357,0.13385323895197745
76358,0.10785988916958247
76359,0.16202063427643656
76360,0.1336920740709252
76361,0.2127333788092436
76362,0.12708593762714274
76363,0.15794164890642834
76364,0.12345699562081126
76365,0.13764496858393838
76366,0.13996611448021878
76367,0.10783898210585309
76368,0.10649699201265853
76369,0.10045616107097272
76370,0.1518010062523208
76371,0.14377869270029306
76372,0.07198579375913651
76373,0.15136428226580162
76374,0.0893921461109827
76375,0.17189347602915336
76376,0.1376471875690022
76377,0.13924853416501168
76378,0.14481825238923524
76379,0.14252872279189946
76380,0.17468896251768778
76381,0.06322453880346236
76382,0.14517332999055765
76383,0.10410138793184501
76384,0.14828056364169429
76385,0.09524879238904832
76386,0.18342382567707727
76387,0.12328070382382954
76388,0.1534571022612843
76389,0.1531414591247475
76390,0.14889580678949052
76391,0.22169006940690067
76392,0.19643382162800463
76393,0.13146085177681102
76394,0.12456134892596807
76395,0.10089154108631454
76396,0.10834911034411457
76397,0.11454972099480273
76398,0.12724386491668946
76399,0.23066564872797127
76400,0.13870203835160239
76401,0.11792431614687027
76402,0.12810735289590822
76403,0.1357901889552843
76404,0.16984957548283008
76405,0.15960722688373513
76406,0.13084931306937422
76407,0.14181344836011409
76408,0.09988241461695592
76409,0.136182314042019
76410,0.10520309708389092
76411,0.13991082483315245
76412,0.12717807878668347
76413,0.12153694109046864
76414,0.16252442757259442
76415,0.1816417857996231
76416,0.09318552828932564
76417,0.14761959269513225
76418,0.13199104044986495
76419,0.1049254574602615
76420,0.1802920264648359
76421,0.13880132874726667
76422,0.1349917271022276
76423,0.17571225671839014
76424,0.18347910872617348
76425,0.16364178075315375
76426,0.13629118332681456
76427,0.08510858030983547
76428,0.11790120696500733
76429,0.15129509674384536
76430,0.16220552700628188
76431,0.1263426478872956
76432,0.14819323170077403
76433,0.12969016389233165
76434,0.1369660564107842
76435,0.10503781589461766
76436,0.1414269273558878
76437,0.13497654444108645
76438,0.1189962700491815
76439,0.13854140812681193
76440,0.07761855749000604
76441,0.11536633474948339
76442,0.1318590672745136
76443,0.1197588687634033
76444,0.11480449463712648
76445,0.135054173185769
76446,0.18420686791698887
76447,0.1178064917443367
76448,0.18569260915679514
76449,0.0846317148523042
76450,0.0903045467588067
76451,0.1668103885642362
76452,0.11926879785069458
76453,0.17347981192633094
76454,0.10024127049329355
76455,0.12478401506090891
76456,0.1182133883590489
76457,0.15598042568407303
76458,0.07592514588780697
76459,0.1306925218187796
76460,0.10474668228251643
76461,0.16159815147027437
76462,0.16693600092324046
76463,0.15558879980445942
76464,0.1516076954796632
76465,0.11632099726811825
76466,0.14479770363350974
76467,0.20256102853231958
76468,0.17073143974144642
76469,0.19338797026751164
76470,0.20169600366479828
76471,0.10682609678966029
76472,0.1370391469921475
76473,0.11575570285265105
76474,0.10435651771498304
76475,0.16968049471150184
76476,0.18614976331601588
76477,0.16533866068861836
76478,0.1411666116925075
76479,0.16316472491375947
76480,0.0962908259551429
76481,0.17658520117633486
76482,0.15627244566987764
76483,0.1205944615604958
76484,0.12256768290619229
76485,0.1561745768531227
76486,0.16369211551494095
76487,0.1632064355361132
76488,0.1343447366085731
76489,0.16914873288332022
76490,0.17849797865897132
76491,0.13590513135437451
76492,0.16947064830076708
76493,0.10976405853999313
76494,0.1449751754898038
76495,0.16334740980130713
76496,0.1673212940196294
76497,0.08810091683209581
76498,0.15829276288230892
76499,0.13151054641082202
76500,0.20566816632926277
76501,0.10985224913390314
76502,0.12620966542256412
76503,0.06217293187496259
76504,0.11595679710259776
76505,0.14149905851367378
76506,0.09405294921445312
76507,0.12944757138687912
76508,0.15252340657612337
76509,0.15786220864728379
76510,0.15647647778279228
76511,0.14659794943235135
76512,0.1569464447214084
76513,0.09496192915545436
76514,0.10684584879695712
76515,0.16836948053995598
76516,0.10078988059063756
76517,0.16393403552754648
76518,0.163407636895779
76519,0.1586581285379191
76520,0.1273522694059326
76521,0.11698749493632851
76522,0.13031922710334662
76523,0.11964673204759656
76524,0.13837944166699118
76525,0.16442349082246982
76526,0.13219307815428824
76527,0.11920134154400613
76528,0.14217600542028058
76529,0.15717200146791344
76530,0.13254351159717365
76531,0.15016674791406923
76532,0.18702037088923124
76533,0.14885433294787428
76534,0.10696209802576462
76535,0.10521402519730119
76536,0.12837674327577342
76537,0.12065241905404606
76538,0.10486076529941318
76539,0.15518575922102595
76540,0.17308268083523298
76541,0.133598653661739
76542,0.18715387312615245
76543,0.15824286016906713
76544,0.18780949327247348
76545,0.18539372929869108
76546,0.06281952858653869
76547,0.12293959651074005
76548,0.10634118552506097
76549,0.12376543886156287
76550,0.18121633370374673
76551,0.15699567929971533
76552,0.1690314611752821
76553,0.1369199097858734
76554,0.1736868227998226
76555,0.12307096782158346
76556,0.1658787020478486
76557,0.1803498910001235
76558,0.1597259732823273
76559,0.15384876415099832
76560,0.1664311160058637
76561,0.08858816307989252
76562,0.16771162197225134
76563,0.08850100167304009
76564,0.12957582930189948
76565,0.09574809787878703
76566,0.21914409590100606
76567,0.12085982877443836
76568,0.15410056951506196
76569,0.1572820937730735
76570,0.0767751800630305
76571,0.22443089266382543
76572,0.12304154309695575
76573,0.12903058407921422
76574,0.14584225949310078
76575,0.1560593828063591
76576,0.17227347725021827
76577,0.15438553626650142
76578,0.10933750110325804
76579,0.18506960377255346
76580,0.1369968422008525
76581,0.10991685273965383
76582,0.1315504910890649
76583,0.16445005903607918
76584,0.08704300947108717
76585,0.16764827622403677
76586,0.10066872844813787
76587,0.14425360250263308
76588,0.13206570525020775
76589,0.1709378164132024
76590,0.12408425349124005
76591,0.14451405536696102
76592,0.165571323887033
76593,0.1156054062073436
76594,0.12102246002971111
76595,0.10285806969578495
76596,0.1235853726312301
76597,0.15393620259412302
76598,0.1263814837948466
76599,0.14921837662103035
76600,0.13376241097232777
76601,0.1311825522610424
76602,0.11768263716105185
76603,0.1617045568794735
76604,0.14679804150147643
76605,0.1065640061846721
76606,0.13414170422350372
76607,0.15632792702578838
76608,0.11951602827096719
76609,0.10382938690879362
76610,0.12961896211007995
76611,0.14967815441097806
76612,0.13725229981845566
76613,0.12295139553115109
76614,0.10303034291189597
76615,0.16861289351628458
76616,0.20996229633502744
76617,0.15837837068278315
76618,0.09823510290930179
76619,0.12745298871523889
76620,0.16165432287647546
76621,0.09229945849223262
76622,0.13222517021284588
76623,0.148665176662473
76624,0.1329156464403801
76625,0.122010512611708
76626,0.10784087373552395
76627,0.17748334276926564
76628,0.161001169055959
76629,0.11472408603802633
76630,0.1608662696922571
76631,0.14923281670792587
76632,0.13420725306450298
76633,0.14984072781411237
76634,0.14664475689739592
76635,0.0860486904926743
76636,0.15309637703245577
76637,0.12452153067100132
76638,0.1389214730707849
76639,0.09123589166084833
76640,0.1559828023304718
76641,0.1215892657072749
76642,0.15709611040982852
76643,0.15585292617694058
76644,0.14145668586223528
76645,0.12814459435804082
76646,0.18096293752774853
76647,0.15417904576986505
76648,0.17390752996912578
76649,0.1515368083742132
76650,0.11547350195564657
76651,0.18558488912102433
76652,0.11127733099128453
76653,0.12327504775151694
76654,0.17300265190587263
76655,0.1072426351518069
76656,0.11821844911402457
76657,0.16925370348899277
76658,0.13228038163714845
76659,0.14904877817602646
76660,0.1479206553119536
76661,0.18096270814847792
76662,0.10492284408486849
76663,0.1428720880513873
76664,0.11091002783376938
76665,0.12518864961655699
76666,0.11885307378441973
76667,0.15912404029297605
76668,0.16126275529639267
76669,0.17552791614552116
76670,0.128826685375488
76671,0.1287647303988884
76672,0.10720275891946385
76673,0.19135242833016564
76674,0.13830927460128697
76675,0.162656747435988
76676,0.1254004293271073
76677,0.18436891871452826
76678,0.15279642723910336
76679,0.17816339590055894
76680,0.12965135814227743
76681,0.04361214155978717
76682,0.09468295527048863
76683,0.14621820389111287
76684,0.1535870348008717
76685,0.14662682404151334
76686,0.16533964491741354
76687,0.11742978931796545
76688,0.08775480340944138
76689,0.18631283705114027
76690,0.13754959489949994
76691,0.10109163260049392
76692,0.17061510477928005
76693,0.0883782476600736
76694,0.108974285297495
76695,0.14696696390902825
76696,0.1502300839516189
76697,0.16005215784553786
76698,0.10914363090957169
76699,0.18531359572677472
76700,0.12138256477075615
76701,0.09708447965884298
76702,0.12346288403480399
76703,0.12636195576691506
76704,0.11401296247772567
76705,0.1295857871142931
76706,0.16631676602040443
76707,0.1523442440415939
76708,0.15906152798270404
76709,0.1383536903033876
76710,0.09948280477946131
76711,0.11331248551389238
76712,0.16013457950568688
76713,0.09876749019766867
76714,0.09161520488315335
76715,0.12069033333264961
76716,0.11165312271319226
76717,0.15057587781494633
76718,0.15381764771673714
76719,0.1077279977898295
76720,0.09872409932651907
76721,0.21900599561285156
76722,0.10757403435894657
76723,0.14974846840874367
76724,0.13622927005487584
76725,0.12753766638518543
76726,0.1295018839474695
76727,0.16851542342490342
76728,0.16042430086423334
76729,0.10185914419162403
76730,0.07957202004656222
76731,0.14269729460575395
76732,0.11373638038451972
76733,0.08312810992696776
76734,0.12917754754450694
76735,0.16836440415288811
76736,0.17438505145979885
76737,0.17635097627269308
76738,0.1427186790307024
76739,0.1623910288514901
76740,0.1272319976692029
76741,0.15956532012386063
76742,0.13394160383056314
76743,0.17808964651663364
76744,0.08061500173386729
76745,0.12379360744109928
76746,0.13341402279150844
76747,0.16310549876271108
76748,0.1921699653964772
76749,0.15116528711328506
76750,0.10462413889733899
76751,0.05003092783212426
76752,0.11059074476086561
76753,0.1399915559768208
76754,0.17605485082752917
76755,0.1517778179214484
76756,0.07890475917175988
76757,0.1723601580274256
76758,0.0926970914905992
76759,0.13892079791426817
76760,0.10552463025285674
76761,0.14424807859744235
76762,0.16956743565329913
76763,0.15953172351864012
76764,0.19873914735982745
76765,0.12202247342201128
76766,0.10700763357499032
76767,0.1527381629259462
76768,0.1353857433955307
76769,0.15221918378105684
76770,0.18756498340604313
76771,0.12819855253269263
76772,0.14453597704440968
76773,0.08463877335740605
76774,0.15357018263460534
76775,0.14305354905925702
76776,0.10532987500976332
76777,0.13766101157269495
76778,0.1476212139922164
76779,0.10568778378726794
76780,0.1570033993678888
76781,0.1414569916651528
76782,0.11884410601499512
76783,0.1476500765623386
76784,0.13008138916070847
76785,0.14254119924092024
76786,0.1635626230341589
76787,0.09456846284468431
76788,0.16642503568861103
76789,0.17404066619604308
76790,0.12763816644471684
76791,0.12293761477683565
76792,0.15022680051985388
76793,0.13002523013832776
76794,0.17469406927074446
76795,0.14662947603330564
76796,0.14381468741710926
76797,0.1624497153621689
76798,0.12151902450229474
76799,0.14051167426463448
76800,0.16172358605281786
76801,0.1586173724159845
76802,0.08732194544332761
76803,0.21205265185313643
76804,0.12795089234886523
76805,0.12883611316432342
76806,0.19055431776220516
76807,0.09856421698163625
76808,0.18666230992017624
76809,0.08452479137655845
76810,0.1485268549214101
76811,0.17733659338867996
76812,0.18913766902752094
76813,0.11841723294880155
76814,0.15752010421829532
76815,0.14886282865760467
76816,0.1667207949778836
76817,0.1360779193079517
76818,0.1745440508066519
76819,0.13925917223877304
76820,0.12320376240713124
76821,0.16936498717799112
76822,0.14200882201614012
76823,0.15130716779431988
76824,0.20242985620517606
76825,0.12195343222934733
76826,0.1295053732334362
76827,0.18291764458489942
76828,0.1598301653214625
76829,0.13590236179188528
76830,0.11641197517569801
76831,0.13933603908105502
76832,0.12016850273562388
76833,0.13136342048193395
76834,0.15070675478544937
76835,0.15256122244893627
76836,0.10296772124472121
76837,0.11815534819056694
76838,0.09441227925148703
76839,0.14423972233030885
76840,0.13190645006710483
76841,0.09826311835969828
76842,0.15255529569836512
76843,0.11403207805671667
76844,0.12939365365681138
76845,0.10853916891346338
76846,0.1425407874093717
76847,0.09767156825372807
76848,0.1774452816719051
76849,0.15200924887135475
76850,0.1774336937117499
76851,0.05432746640817747
76852,0.10525314905993202
76853,0.140483148578589
76854,0.13912797376151484
76855,0.14541164481575322
76856,0.14593481582512324
76857,0.10067450676015176
76858,0.11010176410103993
76859,0.17380367320850765
76860,0.1279973130386683
76861,0.11506868938829946
76862,0.11311152399050542
76863,0.1460549903790601
76864,0.13926578739629028
76865,0.12836869475415524
76866,0.1738580017156817
76867,0.09832948623055363
76868,0.11459153800883418
76869,0.15956070436735623
76870,0.1140475301115752
76871,0.12638906655322535
76872,0.13511165761606617
76873,0.11617531607867512
76874,0.14291242611035387
76875,0.15073197871248553
76876,0.15620938896256192
76877,0.15393184907228824
76878,0.12295136354754484
76879,0.12756749258657013
76880,0.16006276017993426
76881,0.1328337264053153
76882,0.11742274761005571
76883,0.185714350103562
76884,0.1682975953501382
76885,0.10647380614811519
76886,0.1420860001515036
76887,0.16529623373487834
76888,0.16377328426440912
76889,0.16252013730060233
76890,0.1897970255626679
76891,0.1041625743691886
76892,0.11177418349344717
76893,0.11798887012304171
76894,0.116933547110715
76895,0.11004193552106095
76896,0.14860340910642514
76897,0.11446876937001906
76898,0.13458229792944335
76899,0.14817952984253457
76900,0.1499996767004008
76901,0.12380178664909756
76902,0.09537050582772923
76903,0.14988541686219345
76904,0.1512093827585648
76905,0.2013561128255394
76906,0.124825424864937
76907,0.06798187822464492
76908,0.13305952109199962
76909,0.13560259516670725
76910,0.1109635309271968
76911,0.14074710729820525
76912,0.11759193812003303
76913,0.16431816785356737
76914,0.1280840270867744
76915,0.1683057747464055
76916,0.12361091859013631
76917,0.10725969481156142
76918,0.12717449605828451
76919,0.15253681515127573
76920,0.13861469169376497
76921,0.16475870541988027
76922,0.1291364465386037
76923,0.15864956388041446
76924,0.14656163971180525
76925,0.10320356487346696
76926,0.14912684346112692
76927,0.12476993491851164
76928,0.11329943124456178
76929,0.1423269474555909
76930,0.11054737167615333
76931,0.16429386606441493
76932,0.1968170819638321
76933,0.14105644142406773
76934,0.1450858904716549
76935,0.1184381983807397
76936,0.12583742302445405
76937,0.06428446574750703
76938,0.15575826231388873
76939,0.11352281956414503
76940,0.2121280361041937
76941,0.13587915893779567
76942,0.1561944260874445
76943,0.15110630227191454
76944,0.11340081562031644
76945,0.1303143800605973
76946,0.10173359594791681
76947,0.1428473493304557
76948,0.11835006034368237
76949,0.09587709314166612
76950,0.09766359232166438
76951,0.13389834418593172
76952,0.14044271547120724
76953,0.1142904512401205
76954,0.13942667619137858
76955,0.16302612224082114
76956,0.13366065788914572
76957,0.1745283406967401
76958,0.13281270336354456
76959,0.14277527953412322
76960,0.13170832062637278
76961,0.16423736301933337
76962,0.16426801160422455
76963,0.164686394617312
76964,0.15930346539462564
76965,0.1654817585584628
76966,0.15552315583419737
76967,0.17925222298546187
76968,0.15240243154495964
76969,0.11640017370729434
76970,0.1413660642827637
76971,0.10911876093947223
76972,0.08022595939489541
76973,0.15225765228273724
76974,0.18646680976646404
76975,0.10534018810669143
76976,0.14232770035320577
76977,0.15015359018391863
76978,0.10806128991991752
76979,0.15671476732395187
76980,0.15234454604947806
76981,0.19211879387548242
76982,0.10492405452122278
76983,0.17081281937449397
76984,0.08424893709980451
76985,0.17328531898376645
76986,0.09221622963803286
76987,0.1560882858104071
76988,0.14076197791022443
76989,0.14847771990689815
76990,0.09320280931572131
76991,0.10713741039025641
76992,0.12841665174440556
76993,0.1581456706571333
76994,0.11600516220529429
76995,0.10696281968470667
76996,0.13323035332158875
76997,0.11428871055347864
76998,0.17429043220893878
76999,0.14446679826874345
77000,0.17717605201838652
77001,0.10650094521806197
77002,0.18800579707204002
77003,0.0751359691214436
77004,0.13392842679427813
77005,0.13895276308764987
77006,0.13447227025424435
77007,0.12117074006723849
77008,0.14593617931778047
77009,0.04916446190004753
77010,0.14159396854318118
77011,0.13955929061741307
77012,0.1278926438207743
77013,0.1800603767431655
77014,0.15866782773100443
77015,0.14733604183156684
77016,0.12655062683942458
77017,0.13850126254867473
77018,0.14607559375294032
77019,0.0778270606469684
77020,0.15457345353317392
77021,0.10947494623599935
77022,0.09934487459855564
77023,0.13715241857573507
77024,0.19488625001854942
77025,0.19297305005598894
77026,0.18472239330092394
77027,0.14000255979416512
77028,0.17327541955534073
77029,0.13865276847794902
77030,0.10448474452365263
77031,0.16225778878489663
77032,0.18587454239995777
77033,0.15153810696192632
77034,0.11150575737585942
77035,0.1738222104121527
77036,0.14459598296501514
77037,0.167917254901353
77038,0.08955030338382061
77039,0.1071011411859677
77040,0.09421906695979797
77041,0.11689337959811602
77042,0.17834097311388375
77043,0.17886933597730648
77044,0.15042541556814687
77045,0.18142252973413245
77046,0.17392035550816415
77047,0.1280944400763258
77048,0.22482931753752133
77049,0.15554386999052144
77050,0.11931208192156331
77051,0.10652970559472935
77052,0.15858153863311106
77053,0.19578028430171598
77054,0.10430585389396066
77055,0.0829409818158974
77056,0.16507523677156904
77057,0.16510700837928788
77058,0.10852269233680352
77059,0.10586062328237184
77060,0.13673500405311442
77061,0.11405131595942995
77062,0.11735310956272875
77063,0.15967120938364418
77064,0.19357062870372083
77065,0.10099138106053686
77066,0.1475859552875577
77067,0.0628682326604689
77068,0.18251997073739978
77069,0.11681184232174172
77070,0.18594978019027028
77071,0.1183654408758321
77072,0.14443160921118436
77073,0.1260564865894396
77074,0.09468387993922137
77075,0.1462140537365215
77076,0.1615704729900903
77077,0.1352642044377167
77078,0.16550452781562097
77079,0.2220980506272492
77080,0.15522054177187117
77081,0.1298738762886674
77082,0.13527932985576638
77083,0.1305125982416111
77084,0.13592892052081626
77085,0.14605674718907122
77086,0.13160131144838424
77087,0.17643490494968522
77088,0.10452282931696302
77089,0.13192977071593862
77090,0.14497957472207698
77091,0.13702047127530054
77092,0.11353480450583112
77093,0.11107337292197919
77094,0.06819873318903222
77095,0.12001078511429156
77096,0.15819875089023636
77097,0.11565873833387244
77098,0.15288076386473443
77099,0.1298432302815396
77100,0.1399928796340559
77101,0.10778759026002495
77102,0.17278609911469014
77103,0.12696716455184417
77104,0.11606120871291498
77105,0.19182336231912095
77106,0.17434321411634773
77107,0.12680503146317654
77108,0.17324630745936898
77109,0.15173531707832266
77110,0.1354589921274273
77111,0.12846517359620707
77112,0.12493210897807425
77113,0.16606513952581195
77114,0.104098037672264
77115,0.12318872434499399
77116,0.13363868339768106
77117,0.12127241925772156
77118,0.1433623479112967
77119,0.13791299033141277
77120,0.13739645489237418
77121,0.12784776981786034
77122,0.14450790632683147
77123,0.10669714908031999
77124,0.11965454532584643
77125,0.12697413114915648
77126,0.16653722090158318
77127,0.13581108020524962
77128,0.1178122303585444
77129,0.1636042282220632
77130,0.15561300933648306
77131,0.16584414338010958
77132,0.1770637699142411
77133,0.14895207135562524
77134,0.14940142649691618
77135,0.16112545022067432
77136,0.15588649382586062
77137,0.1418492675364238
77138,0.11787434177622029
77139,0.1527850072851754
77140,0.09398255399014417
77141,0.11007705237223742
77142,0.12154819962940874
77143,0.09761435471581859
77144,0.13541851402601424
77145,0.1505347379451009
77146,0.15100195010843107
77147,0.1634709457685083
77148,0.1671300428717087
77149,0.11918984975140576
77150,0.15512245594419438
77151,0.15763536422669602
77152,0.11243692635538646
77153,0.20249018454420048
77154,0.15065442227578563
77155,0.17471599926057244
77156,0.099139894246346
77157,0.1439975046603073
77158,0.13144805538582813
77159,0.1339871724878356
77160,0.1512129655904696
77161,0.13768264874059388
77162,0.14616745828429623
77163,0.10248780880357328
77164,0.15423292417939025
77165,0.15280434597120685
77166,0.16537046907991937
77167,0.16548490075924852
77168,0.11498370665469881
77169,0.07838062387106384
77170,0.12282161456985745
77171,0.15759276841534353
77172,0.12388620706702842
77173,0.17033364890737143
77174,0.09575853075727704
77175,0.15872554600657002
77176,0.13344678683054403
77177,0.16690033377558303
77178,0.1593814840233549
77179,0.13325425204862423
77180,0.15813090567484805
77181,0.13574076207787886
77182,0.16305378774543747
77183,0.13055093370129403
77184,0.1333854321535758
77185,0.08918172346892046
77186,0.15593645665710273
77187,0.18320481923621684
77188,0.1430742712655061
77189,0.13704760862656515
77190,0.1385130833569377
77191,0.1371775167630475
77192,0.12700963782594996
77193,0.1417718572350604
77194,0.10685711398431369
77195,0.14407980047682303
77196,0.12562129264763558
77197,0.164967956694601
77198,0.17564104503253908
77199,0.1776022072518353
77200,0.10793771244422455
77201,0.09533978327195708
77202,0.08817139405727695
77203,0.162847155398029
77204,0.11029473871134612
77205,0.12534196018065036
77206,0.17040710975744788
77207,0.17308046231490737
77208,0.06443646110042896
77209,0.10084879966455564
77210,0.12238968181445654
77211,0.1251722209193986
77212,0.16782320738669665
77213,0.09234452516668738
77214,0.20190483615447835
77215,0.12334540401389574
77216,0.1409477527194748
77217,0.12792858828742895
77218,0.1383350113410494
77219,0.13880030544962704
77220,0.16636750295829453
77221,0.1505667117899633
77222,0.12302556843998741
77223,0.09334011744454299
77224,0.11454689852827891
77225,0.1103279605632273
77226,0.13033257980791543
77227,0.10227066642809218
77228,0.09903202202131692
77229,0.06237533778998661
77230,0.11310883627184805
77231,0.18613837427077823
77232,0.13723780699531848
77233,0.1340265435170022
77234,0.10799061275212779
77235,0.1433956031620782
77236,0.19026233157288885
77237,0.21337071383171796
77238,0.11953116575021416
77239,0.16472009326282733
77240,0.15039359949830455
77241,0.09072986293515894
77242,0.15594621230925443
77243,0.17642214700272765
77244,0.10922284745569918
77245,0.1514693149328587
77246,0.15634502290865743
77247,0.17865898204824238
77248,0.12164974979668695
77249,0.10222118012259088
77250,0.11555173911166416
77251,0.12411065006833266
77252,0.10331343586998076
77253,0.16676070474405952
77254,0.179425528839502
77255,0.13446260843170207
77256,0.1614244875378699
77257,0.12596644536839577
77258,0.131433180501551
77259,0.13246857263876596
77260,0.1901076924934036
77261,0.14911169191975382
77262,0.11065681635705571
77263,0.09166434604653202
77264,0.18752854867204316
77265,0.16357906852831905
77266,0.14576099563225225
77267,0.17677412662678874
77268,0.176992002347162
77269,0.14406178339613399
77270,0.14393635155643553
77271,0.1691213226160316
77272,0.14771973691092094
77273,0.1167551267725604
77274,0.1920150709522266
77275,0.15141352770145125
77276,0.1107824093164931
77277,0.16585494211552096
77278,0.07862738601829561
77279,0.1604625047596264
77280,0.12348482514394626
77281,0.07902496673778656
77282,0.09791811382123541
77283,0.10191945145585099
77284,0.11289116999835644
77285,0.1456716859138552
77286,0.17183701304239526
77287,0.1127612839643119
77288,0.1278431135296984
77289,0.08486742983545628
77290,0.1261457929005383
77291,0.1887782889626685
77292,0.10192935352534416
77293,0.15177654925034756
77294,0.1623399239609841
77295,0.13987579843882852
77296,0.1585394927618962
77297,0.17436016601794876
77298,0.18419006408114963
77299,0.14441384622815484
77300,0.1193813082837187
77301,0.17894173791824702
77302,0.168636383314156
77303,0.13384998982938812
77304,0.1410278524254318
77305,0.1804633760263608
77306,0.13841589748872954
77307,0.13011269463968725
77308,0.13412056495517635
77309,0.15269470598279453
77310,0.15646508189445196
77311,0.13092616936731605
77312,0.10197182528954607
77313,0.1164074751642172
77314,0.1179776725259743
77315,0.1890365125970893
77316,0.13343204396721497
77317,0.1477329243516772
77318,0.09911917836227721
77319,0.1580411753968857
77320,0.13901928044615217
77321,0.13019812386465943
77322,0.11655455453558305
77323,0.16951382797355044
77324,0.12362826682943512
77325,0.15977885738591086
77326,0.17631130684422433
77327,0.12061244382401598
77328,0.08192755229748408
77329,0.16070296436532744
77330,0.08779489518974129
77331,0.1485871480319038
77332,0.13283125833782292
77333,0.18476545438697242
77334,0.1355476405879663
77335,0.14082887871654792
77336,0.18560954685423836
77337,0.1574158655845942
77338,0.17224367266875215
77339,0.15050866384675457
77340,0.08828972800144402
77341,0.11269980751571543
77342,0.19166851544912783
77343,0.13577078800531928
77344,0.12017853483165356
77345,0.1560321426550356
77346,0.12552978847722657
77347,0.12573759881293853
77348,0.11404951662158633
77349,0.11964804100103855
77350,0.15229300832631865
77351,0.16966847644645058
77352,0.17709061715265276
77353,0.11973805186866153
77354,0.12589753612936008
77355,0.16742315505875013
77356,0.16338211515894324
77357,0.13970850611293573
77358,0.20003305534783608
77359,0.14636491470790994
77360,0.14959140600742857
77361,0.17193016921351856
77362,0.11379067895357825
77363,0.15339567447505167
77364,0.16510095987019022
77365,0.12832448078444825
77366,0.10576455502216012
77367,0.08731157984508536
77368,0.14271862355183
77369,0.09550696730881816
77370,0.11257112222549756
77371,0.10142374781823107
77372,0.14215342803859798
77373,0.17653582647487434
77374,0.15430889767940792
77375,0.1379790446135126
77376,0.18292722335729503
77377,0.1844121696180457
77378,0.14219009000913468
77379,0.13861150725423085
77380,0.09983963289285537
77381,0.11921122083706522
77382,0.17163448388346658
77383,0.1630441181009224
77384,0.1276163000880518
77385,0.12875888449249728
77386,0.1513461121462558
77387,0.2068954073567168
77388,0.1893817594880823
77389,0.09672970911768186
77390,0.14795392953648748
77391,0.11454897748860288
77392,0.15049647854166676
77393,0.11987588034558244
77394,0.09018220624920721
77395,0.1588678492718577
77396,0.10876344773772484
77397,0.14716904517800464
77398,0.06160987388492828
77399,0.15132634423126903
77400,0.08861945263527783
77401,0.0717745246873809
77402,0.1537370990772746
77403,0.11629545551891601
77404,0.13355781729809613
77405,0.185462482219515
77406,0.1104995175912858
77407,0.12812011426396333
77408,0.12977553221876204
77409,0.11017557107105698
77410,0.1451808290032819
77411,0.10392068071465319
77412,0.12373991400401893
77413,0.083652799791553
77414,0.11465134112908335
77415,0.1464435066084938
77416,0.1369924576163713
77417,0.19400804349175446
77418,0.10561939019471855
77419,0.11818315508462661
77420,0.10427647998483855
77421,0.17567712132176808
77422,0.12351309592196448
77423,0.1652489545660351
77424,0.1554405295423944
77425,0.13829159312752456
77426,0.14949508822063007
77427,0.16292808945327925
77428,0.13886397705735615
77429,0.13863099663530254
77430,0.12814664992283573
77431,0.15407070867439107
77432,0.16609310239215944
77433,0.10529008296837239
77434,0.1568473778356978
77435,0.1425899274411876
77436,0.12958138112711684
77437,0.15904626733953978
77438,0.17920188201089338
77439,0.12677682395417705
77440,0.14281805211518528
77441,0.14637595573417206
77442,0.24498412516878448
77443,0.1368224812745292
77444,0.1339372218236447
77445,0.14339639092293577
77446,0.08126649238306388
77447,0.11640443307040023
77448,0.13795755519601322
77449,0.12956806410930435
77450,0.16322282302808583
77451,0.12701405924023146
77452,0.13305728546418408
77453,0.14436739820413455
77454,0.1670613644264572
77455,0.16220274175625737
77456,0.18909130505724628
77457,0.16589615896965426
77458,0.13740863265173212
77459,0.17729569176028476
77460,0.13828035063942595
77461,0.15454061958539292
77462,0.11192755936708366
77463,0.10060184045653608
77464,0.10506209692209184
77465,0.1322029926199682
77466,0.16335811352409202
77467,0.14317536002514095
77468,0.17081529982658197
77469,0.22989272312651293
77470,0.15299387806246476
77471,0.14831930484522793
77472,0.11821001846476549
77473,0.11094384081152286
77474,0.14918377228602978
77475,0.16029325427324248
77476,0.14911907787838233
77477,0.17042320547460268
77478,0.1323975235646701
77479,0.18273919352808626
77480,0.21085738130088816
77481,0.18807743993921205
77482,0.13035755517074352
77483,0.09478776058986638
77484,0.1568505150965852
77485,0.12588442278689999
77486,0.1416233314367636
77487,0.15860545963804543
77488,0.11309849486747585
77489,0.19088023393725895
77490,0.10826372761860585
77491,0.09210602612226973
77492,0.10990782698927887
77493,0.14671318950158213
77494,0.0803701135354036
77495,0.14825601573631958
77496,0.14049988463817314
77497,0.13751431310451254
77498,0.10596848826053716
77499,0.15571503585566104
77500,0.19490317985078964
77501,0.15066253540521163
77502,0.1281973609905365
77503,0.1800902745537311
77504,0.15008072089834695
77505,0.1305472143586944
77506,0.09439408305889412
77507,0.1367204266191581
77508,0.15135716668471114
77509,0.1556697570957602
77510,0.16598267906366268
77511,0.13230466516623268
77512,0.13728433873913615
77513,0.14193351052644465
77514,0.16294503929410406
77515,0.167406796507091
77516,0.15967060056838012
77517,0.1262916067371413
77518,0.15360406236431226
77519,0.15179137189173608
77520,0.09935652816231841
77521,0.11936569351889209
77522,0.12418184817610554
77523,0.1897135221135055
77524,0.14767556868680307
77525,0.11698730588530393
77526,0.1439548313531348
77527,0.12527683694299316
77528,0.15580663748349455
77529,0.13385924756603781
77530,0.1626704289336988
77531,0.1629634031732195
77532,0.16157802466827179
77533,0.17225732216642553
77534,0.13581284350836723
77535,0.1329269828085506
77536,0.14757317352490784
77537,0.09299597059817846
77538,0.11963387299020865
77539,0.17902121017372175
77540,0.07272450613382361
77541,0.12923476179734278
77542,0.14986611499712127
77543,0.15697211373420106
77544,0.18413291228532397
77545,0.1544529696076562
77546,0.21596546687084955
77547,0.12640349579131152
77548,0.15461932753118493
77549,0.11865596964348948
77550,0.17548195178175535
77551,0.1366237995258028
77552,0.09029225855576653
77553,0.1641750176785796
77554,0.1369393121510224
77555,0.11475374230205171
77556,0.19376090204313795
77557,0.13658938671554696
77558,0.10274097356180548
77559,0.10766355463010915
77560,0.10233150363304697
77561,0.11716423838320567
77562,0.11440871716811696
77563,0.11831392737312528
77564,0.1401254003174132
77565,0.10029534591752437
77566,0.10880907982701067
77567,0.13571093171538248
77568,0.1462315092894302
77569,0.1711265150450843
77570,0.13996975637269038
77571,0.12392675821921584
77572,0.09429877220897334
77573,0.1150582100158068
77574,0.11583563283474271
77575,0.1323831721439975
77576,0.0886161422349373
77577,0.15787829507396892
77578,0.07728555148037904
77579,0.15101353312183774
77580,0.1054833787756721
77581,0.1808279938299135
77582,0.1507607458758334
77583,0.0977045404076144
77584,0.12851818932424322
77585,0.14887834867716043
77586,0.1490359553362907
77587,0.1919519844377543
77588,0.14444123172618903
77589,0.09094905683182358
77590,0.13540357854430685
77591,0.14528019503792905
77592,0.10691443261409574
77593,0.13422827796612077
77594,0.14205046887647177
77595,0.15481703847781914
77596,0.09825906247948915
77597,0.09853117730723682
77598,0.13525512126183106
77599,0.1404318462370994
77600,0.1444550351055776
77601,0.08775735026902948
77602,0.10572165608314296
77603,0.14978864773758904
77604,0.18705812732608454
77605,0.12127591188390605
77606,0.13827587941127387
77607,0.1447150670287167
77608,0.1281205335760936
77609,0.13497960204695533
77610,0.10702061053910042
77611,0.15798620889580733
77612,0.1007025698005964
77613,0.13656868232823027
77614,0.10781338120495339
77615,0.09461790556783745
77616,0.11782748193951192
77617,0.14351219460211817
77618,0.11597434796952458
77619,0.17249643736986445
77620,0.15249425703081734
77621,0.16688173049207855
77622,0.1172736593279481
77623,0.0728700296824397
77624,0.12524618071110888
77625,0.15479136299341403
77626,0.08049698607616368
77627,0.1598891807352455
77628,0.11886267467178459
77629,0.0980692082791675
77630,0.14258962726538066
77631,0.10010022938444975
77632,0.0832139432666861
77633,0.15343010217356853
77634,0.1488076846427061
77635,0.19499462782882881
77636,0.16489740607210973
77637,0.1411797390962814
77638,0.09973559075501481
77639,0.1540414151418415
77640,0.16989051062506133
77641,0.08534481331710754
77642,0.12508885164467504
77643,0.12531355398970298
77644,0.11380659729206608
77645,0.12285268709733328
77646,0.06993950251659434
77647,0.16984159033766577
77648,0.13590282827516778
77649,0.08028610109479269
77650,0.11162373018577097
77651,0.13995125701610506
77652,0.14012400873937533
77653,0.15181805523344294
77654,0.07956217700334813
77655,0.14287174877778605
77656,0.14787151454710012
77657,0.13086323358579754
77658,0.15405471984838204
77659,0.13340568236320882
77660,0.13076481419685182
77661,0.15344631971581357
77662,0.13042884778550182
77663,0.09148204048459946
77664,0.14849387181305515
77665,0.16172949789625565
77666,0.11493751934237034
77667,0.087719566444769
77668,0.13683249649502377
77669,0.12936909960033424
77670,0.1483842080515315
77671,0.12652814165718196
77672,0.1640951569216774
77673,0.15113788751398574
77674,0.10302307351370214
77675,0.15287897675560927
77676,0.13144613694202925
77677,0.14486284808123226
77678,0.1533911144573908
77679,0.14834463554298247
77680,0.116786277399832
77681,0.12865263680198338
77682,0.1274704884666233
77683,0.14054371892214243
77684,0.1645512955729286
77685,0.18250048972961827
77686,0.11797024178995898
77687,0.17155645556906504
77688,0.16186107606784758
77689,0.16594575874963907
77690,0.14484726173109597
77691,0.13064118946933767
77692,0.16725196706976875
77693,0.1333676385456465
77694,0.11923258624692198
77695,0.12652815738615641
77696,0.1366020959633184
77697,0.11711927885804224
77698,0.12679363524934614
77699,0.11522378053765646
77700,0.1315134895744504
77701,0.1427187600921313
77702,0.06452082700921744
77703,0.12454630433609176
77704,0.17995488584122776
77705,0.16565524672088583
77706,0.16622517355641028
77707,0.1157888572396022
77708,0.15886144206022015
77709,0.09759659789538723
77710,0.16356679193069207
77711,0.14889268884216036
77712,0.2006419939575584
77713,0.1791468254711494
77714,0.21252668321894774
77715,0.12968264396060464
77716,0.17562073584625043
77717,0.15610740168156612
77718,0.14739829637004054
77719,0.08193944223031262
77720,0.14983098507824208
77721,0.14423034130615248
77722,0.1709154843716395
77723,0.1340984782101025
77724,0.1528487937568042
77725,0.12697247339655632
77726,0.11283033127578901
77727,0.08622256647738459
77728,0.16354141206057193
77729,0.12588572251256636
77730,0.1523136201870697
77731,0.08379427196712025
77732,0.16572931010337655
77733,0.19018282328188296
77734,0.17119435564343033
77735,0.09691105453222523
77736,0.13527775067063358
77737,0.09465698209497114
77738,0.14204133702971447
77739,0.14041827155540595
77740,0.13635398997723094
77741,0.1806263355970973
77742,0.15514588518560835
77743,0.17054143224215843
77744,0.11245426790505345
77745,0.15431534495487817
77746,0.11019591097518419
77747,0.17989652499129627
77748,0.15777502793437856
77749,0.16708553891796046
77750,0.19625184932462283
77751,0.14784152784297425
77752,0.13908228234833309
77753,0.16795843916548678
77754,0.1339851519935935
77755,0.08939333523468859
77756,0.14638964695008913
77757,0.1862268767218213
77758,0.113495450778873
77759,0.17385240504676075
77760,0.1468397877188347
77761,0.13281393809318634
77762,0.1422613674940589
77763,0.14902659029125054
77764,0.10625437474657479
77765,0.1510190511538574
77766,0.17120384479760947
77767,0.08869867207873149
77768,0.16011821781976648
77769,0.14204923379890097
77770,0.169769817304056
77771,0.1695547915199011
77772,0.17731441976780207
77773,0.1635197407309415
77774,0.1646319761665796
77775,0.14571347756117786
77776,0.1592731939911228
77777,0.18401860328600803
77778,0.16918746474692967
77779,0.111508157525807
77780,0.13890872316058372
77781,0.13055872190979587
77782,0.1587349713664921
77783,0.13522636128861681
77784,0.13405819595077823
77785,0.16979412351064474
77786,0.18406475681389722
77787,0.10124613892609398
77788,0.1432161681004249
77789,0.04866829672806075
77790,0.12338015210900882
77791,0.1297343559691476
77792,0.11753661696682426
77793,0.13416556127699494
77794,0.15862751742023756
77795,0.1188926347698597
77796,0.14393495625464708
77797,0.09123122225260488
77798,0.08095362997512151
77799,0.15137541098745208
77800,0.1503333528385995
77801,0.18959608079063753
77802,0.17052386444121853
77803,0.1084854530744256
77804,0.16617261095352145
77805,0.08208544393959344
77806,0.1850845363832514
77807,0.14052075730881164
77808,0.14192285355134207
77809,0.11592284430387652
77810,0.15378913363212973
77811,0.13398724803986
77812,0.13866964543136412
77813,0.12258232547307969
77814,0.08565091254524562
77815,0.10920675703529241
77816,0.18169877823578667
77817,0.1175845123341965
77818,0.09299428671311367
77819,0.07540140503136115
77820,0.156805332458044
77821,0.12629837634955585
77822,0.13598683565943703
77823,0.12250558155023775
77824,0.18621230609761444
77825,0.17050660473611162
77826,0.1508294862052806
77827,0.17086944956961211
77828,0.16630519765909094
77829,0.12673104818726538
77830,0.1822988742356463
77831,0.1386380817463681
77832,0.14540975942814363
77833,0.17986310927627802
77834,0.10841165873462583
77835,0.12150200934177202
77836,0.17051282780251312
77837,0.1399516723513096
77838,0.14283700191852383
77839,0.13984621343998385
77840,0.10081024956646295
77841,0.09630089771364875
77842,0.14413128185670357
77843,0.18986562445515076
77844,0.10530410498465637
77845,0.13283984317119646
77846,0.14657457334533905
77847,0.11632368098653588
77848,0.08722348478372209
77849,0.13346363662721913
77850,0.10160067321955299
77851,0.12836994376567187
77852,0.18162484601705542
77853,0.14792603567148793
77854,0.10343481766530999
77855,0.10965398959078124
77856,0.16618067669419923
77857,0.167967384532433
77858,0.1276211298095063
77859,0.13001881064797033
77860,0.16369793015370487
77861,0.15079704225144605
77862,0.1569918641552679
77863,0.14571155507922084
77864,0.15705157776757378
77865,0.13897750356479
77866,0.07285966679033691
77867,0.13707451766988885
77868,0.11199227719845369
77869,0.1594729395392863
77870,0.08165959328402972
77871,0.1465752785828733
77872,0.15308327434921773
77873,0.09089180891219015
77874,0.1638623170385579
77875,0.14151860980407208
77876,0.15058822108219572
77877,0.13532341655226368
77878,0.15691512380054992
77879,0.15191883641406798
77880,0.18329652304841437
77881,0.11893305863071892
77882,0.11608284509315894
77883,0.13436923841432788
77884,0.12963946484025066
77885,0.14809776525448173
77886,0.18138059570606188
77887,0.14581002770903598
77888,0.15182701126404277
77889,0.12364153850913867
77890,0.11647208357377875
77891,0.15109530313270042
77892,0.1279537669436674
77893,0.17511517286940703
77894,0.16267639067510148
77895,0.10925561771349121
77896,0.18636266286107517
77897,0.1246217028475494
77898,0.13480982836486946
77899,0.15060801611317795
77900,0.18381413776387773
77901,0.14952000113149744
77902,0.17213023145824305
77903,0.14533670987770606
77904,0.1348619206668843
77905,0.17121799809860488
77906,0.16259728381227395
77907,0.17032761078304237
77908,0.1265716421834817
77909,0.11474410375476249
77910,0.1748018815622333
77911,0.1908356416737175
77912,0.1481905588113689
77913,0.20659350545249772
77914,0.11591854063410731
77915,0.17183986881116808
77916,0.1440666286861239
77917,0.10584808655458397
77918,0.13071187884303498
77919,0.12864877278460476
77920,0.13488315582721358
77921,0.11766088917999701
77922,0.14907554050461824
77923,0.10943361630118048
77924,0.08908573298764615
77925,0.14217930350756733
77926,0.11689173229991633
77927,0.17039921404796138
77928,0.1519156078326551
77929,0.11903464686358636
77930,0.16532027933505564
77931,0.16856661402892273
77932,0.1290481835369003
77933,0.13554474489498392
77934,0.10554561042766795
77935,0.14773319602910379
77936,0.15512884658362547
77937,0.16931240834831213
77938,0.20785546100116803
77939,0.07952367155795423
77940,0.15730118943596955
77941,0.10053294024123381
77942,0.1542964929434513
77943,0.1739177305662118
77944,0.15569191036406083
77945,0.13396834084065445
77946,0.1288892029582675
77947,0.1554889622897923
77948,0.10573483709360551
77949,0.13907347186051924
77950,0.15416106179384748
77951,0.1352445010663846
77952,0.12836966626587482
77953,0.12747061793110828
77954,0.22354363234498897
77955,0.07695388622311644
77956,0.11341905828446655
77957,0.09531904866593538
77958,0.1317414200761678
77959,0.16022627675067516
77960,0.10161646077343434
77961,0.14361198248084459
77962,0.12870317173386744
77963,0.15811428075240042
77964,0.10675836848765534
77965,0.13559951402889084
77966,0.17162322971410143
77967,0.11384148753277928
77968,0.1724243508187378
77969,0.17320715717804208
77970,0.1322780086324591
77971,0.16473882984137803
77972,0.14701905107557192
77973,0.13414983446062537
77974,0.12469887121067086
77975,0.13446563145244775
77976,0.12929880078388806
77977,0.10775040450356682
77978,0.16251676638134302
77979,0.16006633018299926
77980,0.15679835974918477
77981,0.18304045416043602
77982,0.130830045499826
77983,0.11783949130313429
77984,0.13532496782950074
77985,0.19157551907420678
77986,0.14682556447296516
77987,0.16915549150081835
77988,0.10136634884514313
77989,0.14696773930246973
77990,0.16148007875118092
77991,0.1617838584663591
77992,0.12211747051116709
77993,0.1530411408569404
77994,0.12845012412192164
77995,0.2031952711077767
77996,0.14346855363500416
77997,0.11611489732574722
77998,0.14029222856154955
77999,0.14479208385836292
78000,0.1464692885194641
78001,0.16714682957278953
78002,0.12952093314820068
78003,0.10269099942985772
78004,0.12175942180617903
78005,0.13958163585030434
78006,0.11200731840211832
78007,0.11822187419008748
78008,0.10906311413725525
78009,0.08604235296456916
78010,0.09186529722179473
78011,0.17166376205430667
78012,0.14051384767361905
78013,0.11074166251746946
78014,0.14198469859893495
78015,0.16625523768477016
78016,0.11380979531144657
78017,0.17777896660530096
78018,0.13116510609299373
78019,0.13271545545466024
78020,0.13213835012998873
78021,0.1271414576938849
78022,0.10964734860584704
78023,0.09390719211067827
78024,0.13786550171768133
78025,0.17942717583639392
78026,0.18822610004200513
78027,0.1485720838185282
78028,0.12667407537839842
78029,0.11385578024258144
78030,0.10290472024142827
78031,0.14905437670272853
78032,0.15597282220989697
78033,0.12454413064879535
78034,0.10019565494551852
78035,0.17499907861579253
78036,0.19232721988615967
78037,0.12723811883836508
78038,0.1438257412151216
78039,0.13255176967768595
78040,0.13192687633530223
78041,0.14262370645448785
78042,0.15339182256200623
78043,0.13842679365357555
78044,0.17841263029905338
78045,0.17913012290008215
78046,0.16777470780391365
78047,0.13944481778857346
78048,0.17301591978586206
78049,0.14641160057736627
78050,0.17046931287377243
78051,0.15606763515958932
78052,0.13772995749003206
78053,0.14151646996017775
78054,0.10609480998072507
78055,0.153200396617854
78056,0.13374846692801645
78057,0.13535575863106636
78058,0.15935292994786435
78059,0.12884585392319328
78060,0.13526984937912068
78061,0.12646102219205033
78062,0.1518270701672041
78063,0.15786234718004083
78064,0.12823249936049472
78065,0.11156570569567043
78066,0.0769431587011468
78067,0.13996794505181018
78068,0.11738018443440704
78069,0.17143334257534812
78070,0.09724375336577179
78071,0.12405402670239965
78072,0.1573648740411993
78073,0.1307240118379117
78074,0.14317049222430475
78075,0.14874096286825186
78076,0.1000377786841099
78077,0.10859460179739308
78078,0.16234807374937316
78079,0.14253971875711538
78080,0.16659221523579923
78081,0.16391282856229408
78082,0.15278204173910812
78083,0.18372994221921513
78084,0.10114093876096786
78085,0.0912794809091175
78086,0.11926696917020965
78087,0.14513794558031248
78088,0.17449493536541477
78089,0.22212301953228644
78090,0.18903186746277412
78091,0.18652237451754655
78092,0.18614054612406
78093,0.09576443333582961
78094,0.10608117525114417
78095,0.15599112559566206
78096,0.16218995100848224
78097,0.16346776257125015
78098,0.15071074178088284
78099,0.10887494371304034
78100,0.14193623793933438
78101,0.12529723115842592
78102,0.12103523342444117
78103,0.22543548762768637
78104,0.16508753784976646
78105,0.20709511806942232
78106,0.14356809478469826
78107,0.1541039273973532
78108,0.1723440286318685
78109,0.1708513688638712
78110,0.11754545539816669
78111,0.14486218756095398
78112,0.1277190270985195
78113,0.14482861060330643
78114,0.1666823812259013
78115,0.10242118079310072
78116,0.09846475671864896
78117,0.10456170268530668
78118,0.13613007025611676
78119,0.16178951924144047
78120,0.1428107742009323
78121,0.06943685836011321
78122,0.1399383806527661
78123,0.11379106370883499
78124,0.1707516663661313
78125,0.11724414838408008
78126,0.13569462999199544
78127,0.13160234769009402
78128,0.12850547933377537
78129,0.12918172768349798
78130,0.13788151992098283
78131,0.1477278776260856
78132,0.11649849684686855
78133,0.10452283569145203
78134,0.19571644642446662
78135,0.1360080366213766
78136,0.18262803854092446
78137,0.1489255094419935
78138,0.16506065817099272
78139,0.15881448239502954
78140,0.11175230056203847
78141,0.19677629609076963
78142,0.14925930828883732
78143,0.1023032855360913
78144,0.12655825414631441
78145,0.1365190491583229
78146,0.12394924402756687
78147,0.1259898193730539
78148,0.13748340265493247
78149,0.11749967724987202
78150,0.14010565760298818
78151,0.11299614261293381
78152,0.1396418805127958
78153,0.17145266616150048
78154,0.1696755048093412
78155,0.1545346600339404
78156,0.11475361578969179
78157,0.17386782071163104
78158,0.14285587120181523
78159,0.12136688428954298
78160,0.12689953334944776
78161,0.09180783834274739
78162,0.08547822914395332
78163,0.15899292974090173
78164,0.18316015788544845
78165,0.16259954781384925
78166,0.20935544173460757
78167,0.16500391257369992
78168,0.10451502759506051
78169,0.09360147915693531
78170,0.12432299726501625
78171,0.11932228811470427
78172,0.10535871675901023
78173,0.18556776120479418
78174,0.1657831360234204
78175,0.15694127483450465
78176,0.14846654336628562
78177,0.12127220066800025
78178,0.13288821523014233
78179,0.09345784072967044
78180,0.13402541002987187
78181,0.19878451538875436
78182,0.18431314936764068
78183,0.15957773492166044
78184,0.15445308989938866
78185,0.1302358849614648
78186,0.14481729972669785
78187,0.12350062895869793
78188,0.10860519707742951
78189,0.1365282702760092
78190,0.18595220665443304
78191,0.13099182303185433
78192,0.16895793860962802
78193,0.19238477953473823
78194,0.21336081841737947
78195,0.20374907403257117
78196,0.14849791988805972
78197,0.13957330725589084
78198,0.10685572700604765
78199,0.1271173213149318
78200,0.1556301868584918
78201,0.1963894628657417
78202,0.1626294149000414
78203,0.18789703693709287
78204,0.13557993543365457
78205,0.13944863461729734
78206,0.10403529865150579
78207,0.1601707883894729
78208,0.07796537824567723
78209,0.1147218892161684
78210,0.13128169556355068
78211,0.16038039210382243
78212,0.12277739203945753
78213,0.136360497911216
78214,0.07946807605868011
78215,0.11932221375515714
78216,0.14140575649810894
78217,0.14241648622610759
78218,0.19918340353894937
78219,0.12784704804625716
78220,0.1563685282610247
78221,0.14373159905204808
78222,0.16625489975444455
78223,0.10282552949878893
78224,0.1289993641279321
78225,0.14833907395891158
78226,0.1285318780194254
78227,0.12098822153555903
78228,0.16705784288683675
78229,0.13555303158763204
78230,0.14676156181028754
78231,0.11974370063146453
78232,0.13214188141281263
78233,0.13419323881893244
78234,0.13455470904832345
78235,0.1698928861696165
78236,0.14195206162302385
78237,0.12616033193497347
78238,0.13089796679396382
78239,0.13044181633056695
78240,0.14771600975391802
78241,0.12023395459782613
78242,0.19048116011340294
78243,0.17355388111245815
78244,0.09174299995104578
78245,0.11961231423414084
78246,0.18343548612356853
78247,0.09135950651827976
78248,0.13439389586175599
78249,0.06176698965451281
78250,0.13068784018944457
78251,0.1180538800257368
78252,0.06788085515679863
78253,0.1613255783414541
78254,0.12948679021419884
78255,0.11670881831593649
78256,0.15269084972150548
78257,0.1634941699083014
78258,0.13602064823551044
78259,0.13215100101788568
78260,0.11428564309550068
78261,0.1503332677524625
78262,0.19533317708317927
78263,0.10889642147601263
78264,0.13333414014678266
78265,0.12252074587308781
78266,0.1600330321248054
78267,0.15686927580771426
78268,0.12721292950515373
78269,0.10890825834841887
78270,0.19062482619870538
78271,0.15377572576529014
78272,0.16465551297225908
78273,0.13373084738199112
78274,0.15465019069907435
78275,0.1870660969616828
78276,0.1388784500985481
78277,0.1351898619960731
78278,0.12751044923794141
78279,0.1141209559055598
78280,0.1756053107300503
78281,0.10248054985746671
78282,0.15000366465445072
78283,0.08985254316041619
78284,0.13361907301782514
78285,0.11865314542873415
78286,0.1624381267744496
78287,0.14292985555291926
78288,0.12961770507294446
78289,0.15195491959274995
78290,0.15258367886686897
78291,0.1415168708605378
78292,0.14120604423902539
78293,0.18534747416381717
78294,0.19106864024400086
78295,0.15060378934205926
78296,0.13761320247803077
78297,0.14232511815148982
78298,0.14874466861456637
78299,0.09242568632232803
78300,0.15919636868750042
78301,0.12342939712658957
78302,0.15958171382805053
78303,0.11626568657618425
78304,0.19319197648984626
78305,0.1473690229600375
78306,0.14420165799620108
78307,0.17928576515801395
78308,0.1821086949048751
78309,0.15282278476268144
78310,0.10558024362796734
78311,0.10724554000810028
78312,0.1311551343486821
78313,0.14656107213248226
78314,0.10194443778936957
78315,0.13851529616763464
78316,0.14910402745912482
78317,0.1522072086422069
78318,0.14276962924867617
78319,0.13757393019793224
78320,0.12163123284649609
78321,0.1365081143152718
78322,0.10890533145763256
78323,0.1942838845463042
78324,0.1529612734311132
78325,0.16276600191835416
78326,0.08640880847272117
78327,0.13890658689363486
78328,0.15936808683020623
78329,0.12401076867689581
78330,0.13850470947380122
78331,0.09876438353005353
78332,0.16824850782136286
78333,0.13637284823288087
78334,0.17850890316081863
78335,0.11773953313059704
78336,0.17247578714135697
78337,0.1265893514429627
78338,0.17603660074688166
78339,0.22145791273190074
78340,0.14761771114484168
78341,0.1230911137545382
78342,0.16138879654298477
78343,0.1768861480226987
78344,0.1300574214200443
78345,0.1672211475623142
78346,0.13590562610239693
78347,0.1715117331111327
78348,0.14507993677388645
78349,0.11750315024005238
78350,0.1793749007771746
78351,0.15791744974459132
78352,0.1413338566022523
78353,0.15697994347944655
78354,0.13015786479550334
78355,0.1810391397790547
78356,0.15358943210959608
78357,0.1275056315717254
78358,0.17683335337307848
78359,0.1803012474709058
78360,0.14750856115629118
78361,0.10010115806443742
78362,0.12416165274785824
78363,0.13202120124998706
78364,0.07483091544701623
78365,0.1608404773947376
78366,0.10965020988079457
78367,0.10772564594634439
78368,0.12609458467750942
78369,0.1671466088833113
78370,0.17679916826573785
78371,0.2000348775278181
78372,0.12353661180621606
78373,0.14691157840387944
78374,0.10671326817698733
78375,0.17909948659849984
78376,0.11035591011933951
78377,0.10438090983075388
78378,0.13396749738755823
78379,0.12380796471863117
78380,0.11552220938580934
78381,0.14346342833212053
78382,0.15459840987293136
78383,0.19887160039985913
78384,0.19424428705715757
78385,0.12342764403365103
78386,0.13398996072295333
78387,0.17128411655918668
78388,0.18098754386451482
78389,0.1101929411930481
78390,0.11289537457962989
78391,0.1500407774012655
78392,0.11294437402375829
78393,0.16260998805954818
78394,0.1359280841496813
78395,0.16599268548639406
78396,0.1408657312324845
78397,0.15252648346058179
78398,0.16940700714096849
78399,0.16874141065414883
78400,0.11594607320918447
78401,0.13677040678918764
78402,0.1360049486691732
78403,0.17858310572095665
78404,0.16639509595576418
78405,0.12159704119728271
78406,0.08040285871776093
78407,0.16134128163957423
78408,0.1591504244062883
78409,0.13436407327808086
78410,0.14753461275210616
78411,0.1534277033144199
78412,0.15538795752533918
78413,0.12426607720840441
78414,0.13211243930712357
78415,0.11732316647100671
78416,0.10560755211603728
78417,0.1624387656077156
78418,0.0929981618176185
78419,0.17112959364705127
78420,0.17765967986208317
78421,0.10992046284994955
78422,0.15090969024411485
78423,0.09926562339316222
78424,0.1667807446046244
78425,0.14220128004162602
78426,0.1259099774517656
78427,0.15673744330093456
78428,0.16466520820398536
78429,0.1729017946261016
78430,0.140114123770457
78431,0.13361073473695118
78432,0.11756303786374858
78433,0.14684193745877805
78434,0.11632370798972586
78435,0.14814578196166928
78436,0.1814876581996775
78437,0.1709739606566227
78438,0.19214508320620816
78439,0.08583091578500932
78440,0.12793398531716804
78441,0.15174342819192715
78442,0.14070510619129087
78443,0.11201915350747674
78444,0.1390104843258133
78445,0.17419720467279923
78446,0.15514281660489235
78447,0.12592010406115056
78448,0.13465797827984763
78449,0.14703884304052983
78450,0.12235943163764985
78451,0.1526414835885857
78452,0.14638083749686323
78453,0.2083385353454145
78454,0.14942548642663317
78455,0.10547770088589115
78456,0.1282279850434712
78457,0.17987867910848881
78458,0.18134005259304753
78459,0.1706009260293892
78460,0.17641746322233462
78461,0.1973081854377482
78462,0.10321150910445456
78463,0.18061919795092732
78464,0.12329659110883076
78465,0.17656917794448654
78466,0.15930593253457673
78467,0.1185400004785254
78468,0.09925238424253928
78469,0.10268759193185814
78470,0.09134627791723293
78471,0.1322397291249091
78472,0.11691787207353095
78473,0.18604845480836293
78474,0.20981664830146454
78475,0.14650790063906047
78476,0.1416797229212268
78477,0.12273942316620291
78478,0.1866842456831897
78479,0.14638094493336093
78480,0.1788126303865945
78481,0.1356105129212797
78482,0.09986164154222664
78483,0.12629560510703572
78484,0.17083706148426636
78485,0.12842621300419557
78486,0.15971731508185003
78487,0.15429354264909362
78488,0.11815773048231698
78489,0.18665023631708633
78490,0.09437264650153276
78491,0.13702225203515653
78492,0.14936417118691506
78493,0.1434350136316775
78494,0.14895855544468944
78495,0.10571563078711683
78496,0.1309576955664219
78497,0.15950785320903166
78498,0.1070924534582057
78499,0.14412579195092487
78500,0.1947794559033209
78501,0.14328635729473496
78502,0.13993067379401616
78503,0.0975249237647394
78504,0.12171593153978089
78505,0.11412277146389306
78506,0.13453475034824092
78507,0.1731964286936049
78508,0.14248424978904134
78509,0.18993856502681955
78510,0.09796978940813958
78511,0.15006106925488624
78512,0.1055605953225417
78513,0.13451227896649456
78514,0.08822778359241089
78515,0.13427151341743976
78516,0.11902550152211208
78517,0.16418656344064914
78518,0.1320062160078061
78519,0.15874475187623224
78520,0.13878874780390008
78521,0.12975305296057232
78522,0.10584088409469844
78523,0.15359608870771052
78524,0.1487370277716585
78525,0.14906827966101618
78526,0.16088133984881464
78527,0.16640458095548877
78528,0.16905143594489208
78529,0.15273982278931655
78530,0.14665304388108052
78531,0.18028657777811163
78532,0.0939248482446676
78533,0.20007444655777287
78534,0.20315188335278933
78535,0.12735774280792517
78536,0.15556464709927945
78537,0.08799833235546592
78538,0.1293337364339633
78539,0.12352107003243189
78540,0.12641301564728447
78541,0.1341749592066156
78542,0.14349559206391876
78543,0.10146143083322881
78544,0.1799652737987265
78545,0.1639466661560418
78546,0.13374461532602
78547,0.16194790256699287
78548,0.04980710234809889
78549,0.1272838577004805
78550,0.09906112894284427
78551,0.14624889984776254
78552,0.1654549695082339
78553,0.08969434171597292
78554,0.10542480976987532
78555,0.15472136623995147
78556,0.17817016594380475
78557,0.15412258664459333
78558,0.1186677472541321
78559,0.1444244197911683
78560,0.18802769006120076
78561,0.18206449317141196
78562,0.1160695868357718
78563,0.07108219481463662
78564,0.11250236556672284
78565,0.1217793339053915
78566,0.1317472681323445
78567,0.12928957088994805
78568,0.15372489608833503
78569,0.1528949976302096
78570,0.1428468377121818
78571,0.14655949489656145
78572,0.09567606800146704
78573,0.1502934354783406
78574,0.1461126385546643
78575,0.1630325953553559
78576,0.13842713763386014
78577,0.11465205513705745
78578,0.12290109985947367
78579,0.12974767096515216
78580,0.15057405260250856
78581,0.14079862873183285
78582,0.11065136178646363
78583,0.16245362244598607
78584,0.13259733417448175
78585,0.14699393214881978
78586,0.16074107673281782
78587,0.11799905224385779
78588,0.15279960170558918
78589,0.09971430592694717
78590,0.13636529098162123
78591,0.1689067143024299
78592,0.12061942872685104
78593,0.11719329055570812
78594,0.128606971222641
78595,0.13481622305379215
78596,0.10126457562224585
78597,0.13606618182837035
78598,0.1380621375336518
78599,0.15234118522016324
78600,0.15391434764176454
78601,0.1630983403622534
78602,0.1143975447861388
78603,0.14725587859128703
78604,0.12581487867655866
78605,0.13347179645855925
78606,0.14506715676091517
78607,0.13843804731640083
78608,0.07287942761366156
78609,0.10103755238287217
78610,0.12895812289919584
78611,0.13346066051501593
78612,0.15846661960713052
78613,0.13117168951223365
78614,0.14956608618812525
78615,0.14584842136715984
78616,0.2057977587143987
78617,0.10231322635468526
78618,0.15910321146520565
78619,0.1215731473489555
78620,0.16618893063689155
78621,0.08150194803403697
78622,0.15151987649502727
78623,0.17777551118004453
78624,0.09735408178511515
78625,0.09762935607253496
78626,0.15392172260385778
78627,0.12929089949122755
78628,0.15059139386701065
78629,0.09379150269145273
78630,0.11238152449744011
78631,0.18502085490197184
78632,0.10196170159302251
78633,0.11874321060688145
78634,0.11008891497793648
78635,0.11775107188891876
78636,0.14307076062438612
78637,0.11595253324217057
78638,0.15557520395072372
78639,0.11498817696888472
78640,0.1552720066078762
78641,0.16597798680756642
78642,0.10761647378987643
78643,0.10470426811039289
78644,0.12182266247632606
78645,0.15860750590307107
78646,0.15223238916136006
78647,0.15951532805197474
78648,0.10258179193320731
78649,0.15650285536781608
78650,0.13915674036721454
78651,0.09842999047492773
78652,0.11763100522657227
78653,0.14277537866775492
78654,0.16360308358411357
78655,0.14668383843076754
78656,0.12976788519051108
78657,0.15185211980629218
78658,0.08821605039480143
78659,0.14319417833979106
78660,0.2251308214466441
78661,0.17378695801926058
78662,0.14650719242961113
78663,0.1271968156739119
78664,0.1315055630790396
78665,0.11451955405294127
78666,0.13550742486579226
78667,0.12846807692988327
78668,0.15667249603250055
78669,0.16836887624270913
78670,0.12508402342799033
78671,0.16307152849368917
78672,0.13566405146271687
78673,0.16922783063083188
78674,0.09259437589502517
78675,0.17609744728920457
78676,0.15468171903188957
78677,0.1033599777266287
78678,0.11610391390446696
78679,0.085573757232123
78680,0.13907800419152616
78681,0.13195444800887896
78682,0.11519530665089325
78683,0.19910783646012553
78684,0.1508204880854549
78685,0.16624839689429316
78686,0.14643733869956674
78687,0.08875298533323622
78688,0.09607660388304372
78689,0.05840165499080119
78690,0.13747058555529262
78691,0.06296237479754443
78692,0.1276848187781739
78693,0.15132798267202863
78694,0.13322766207769973
78695,0.13511479481122807
78696,0.11258019049253219
78697,0.13000637670402793
78698,0.12144087751510454
78699,0.11832710104623127
78700,0.17119165076865772
78701,0.07589035400387902
78702,0.1287174008378333
78703,0.13873847907671655
78704,0.09327134162714087
78705,0.10837921880168694
78706,0.17755626239562342
78707,0.14837015427032682
78708,0.14469189751107167
78709,0.16858619617516646
78710,0.17424432749124474
78711,0.08620016854942109
78712,0.07412706253466138
78713,0.146183214567653
78714,0.09314630842936122
78715,0.1815824596311943
78716,0.14434164108579875
78717,0.1706534160811192
78718,0.09322227877495684
78719,0.12732795273120615
78720,0.23326776496455476
78721,0.14840885450164082
78722,0.11474817562768935
78723,0.13617385108189872
78724,0.09773101182310703
78725,0.1142565091014343
78726,0.1487910740822334
78727,0.10185872500285992
78728,0.13195908456684893
78729,0.13498832146470846
78730,0.12617550558720844
78731,0.12082837183516436
78732,0.07361673168348497
78733,0.11190538797467052
78734,0.1088323939294659
78735,0.0963194232979219
78736,0.08555230048523327
78737,0.170345148593586
78738,0.09230030287315187
78739,0.14400364729320544
78740,0.1433626949782486
78741,0.16134545819781893
78742,0.14035093048713002
78743,0.1686269967152046
78744,0.12909148424593075
78745,0.13592150638736955
78746,0.09082790941788674
78747,0.17366436290736123
78748,0.14011475409463414
78749,0.14986844694869833
78750,0.17097011470202833
78751,0.14679617275282425
78752,0.1653532021811753
78753,0.1421111239823147
78754,0.16443925924002692
78755,0.17098320579257736
78756,0.13594727657067454
78757,0.19051628499463416
78758,0.13429616210749826
78759,0.1284964347828799
78760,0.1509415951438815
78761,0.0816305341850813
78762,0.15275127333889868
78763,0.1674125449877144
78764,0.14717424283629132
78765,0.14492255508951138
78766,0.1418757994399342
78767,0.14339434694487732
78768,0.1640615769366737
78769,0.16369843709699286
78770,0.1345706189675551
78771,0.19386456056854318
78772,0.16335273753646867
78773,0.16353093676705435
78774,0.20617794496978747
78775,0.14772288939659878
78776,0.16163722070648298
78777,0.103010639690446
78778,0.13094754025365843
78779,0.08840853516045669
78780,0.1472282030054124
78781,0.13021306805501637
78782,0.1555348879173131
78783,0.11239557508955145
78784,0.1887733601496228
78785,0.1495446998891096
78786,0.127997167597873
78787,0.07324793238439654
78788,0.11843902449815738
78789,0.15394883640396217
78790,0.12326474009900139
78791,0.13426378789408605
78792,0.14473081049663036
78793,0.11705490424056247
78794,0.16851716139994227
78795,0.1487191481082847
78796,0.1638054014845429
78797,0.126471229020026
78798,0.11292339441711488
78799,0.14794377629261027
78800,0.12275936079766685
78801,0.17534181217142036
78802,0.16840427528337584
78803,0.2148490852289292
78804,0.12998015840662
78805,0.137172151202255
78806,0.12779520938212147
78807,0.15679632373756822
78808,0.17438727440725624
78809,0.17549708241736797
78810,0.20004942309704563
78811,0.13364227954731644
78812,0.14223911195212893
78813,0.16388815760667838
78814,0.213601942572826
78815,0.11943598289751438
78816,0.1756624386652125
78817,0.15535313182196323
78818,0.2149925519689158
78819,0.1579333370913195
78820,0.1275659074156182
78821,0.09225491593336263
78822,0.09944194885533489
78823,0.11403325469983494
78824,0.15631518910723652
78825,0.13670735358945416
78826,0.12802552089405295
78827,0.19030985715072696
78828,0.06884157899013442
78829,0.143531008882684
78830,0.1867602571637972
78831,0.17861963100887032
78832,0.12503392589103277
78833,0.1893771693906341
78834,0.15033996680068598
78835,0.14816748321461257
78836,0.06807210119412245
78837,0.14615361523374745
78838,0.19473236404772842
78839,0.15216150997695524
78840,0.10100354559653832
78841,0.14659659382173806
78842,0.10478962209087592
78843,0.09523938042650253
78844,0.13098487483571103
78845,0.1358387203481828
78846,0.14052293813523067
78847,0.11197404619615783
78848,0.11182307100750435
78849,0.1069851037509939
78850,0.18965154517264823
78851,0.200276993948893
78852,0.10465025800465132
78853,0.14371244757924304
78854,0.13915714513531896
78855,0.050928270251618196
78856,0.2049558192501903
78857,0.1294565303880122
78858,0.1296018781919484
78859,0.17871068239219148
78860,0.1682851201165296
78861,0.15204203841527958
78862,0.1810364695659056
78863,0.11747807335317054
78864,0.12102668259834133
78865,0.16294031337470474
78866,0.1332680670428426
78867,0.1728919608289141
78868,0.13586963613171743
78869,0.1440256162404477
78870,0.1439137200878737
78871,0.12932418074540844
78872,0.1336691532415335
78873,0.11267782611679882
78874,0.12623989817404704
78875,0.130991691582249
78876,0.15074735769820805
78877,0.16910591567858518
78878,0.14579961093612473
78879,0.1650989761769984
78880,0.11778344962652416
78881,0.10074154675306798
78882,0.18937044391244723
78883,0.10011078071307031
78884,0.15484440532271435
78885,0.18967999899580099
78886,0.13125898497580568
78887,0.1427258539803356
78888,0.1322614510661066
78889,0.07981132447915418
78890,0.12123385478133572
78891,0.1366657710997447
78892,0.11040208227608037
78893,0.1475270735174486
78894,0.08887698102739507
78895,0.11404694698412186
78896,0.11482872554682025
78897,0.13028271314332318
78898,0.12396968247803111
78899,0.12058884455320293
78900,0.13001399261434216
78901,0.1314885181540734
78902,0.17422447212229758
78903,0.1377654023260544
78904,0.13418910591446861
78905,0.1580526392890959
78906,0.11087193634930843
78907,0.11950870634040477
78908,0.15800528316648668
78909,0.10020847655150003
78910,0.16132567118118377
78911,0.16154188461389996
78912,0.114008422877243
78913,0.19592966764048603
78914,0.1700631411736757
78915,0.1958446796167099
78916,0.11465788081686071
78917,0.1508725547588656
78918,0.15659897497060232
78919,0.1291070865364797
78920,0.1361334144630418
78921,0.11232074770788962
78922,0.10264794442803252
78923,0.1203516953194672
78924,0.15899523298922374
78925,0.15541585725482696
78926,0.1406903703111605
78927,0.1454699068247172
78928,0.138388024726366
78929,0.17695992527505533
78930,0.1238509486993827
78931,0.12101679050746711
78932,0.13842012482666527
78933,0.09945237124847375
78934,0.17610586467000738
78935,0.19069316647950665
78936,0.12865405614781708
78937,0.24890624986283139
78938,0.10939735071683887
78939,0.12851155489640603
78940,0.16024803107379723
78941,0.1694848883018007
78942,0.17027462768755602
78943,0.1350971491727304
78944,0.11529259582806166
78945,0.13731764865719776
78946,0.09082014987018354
78947,0.12875012365387237
78948,0.1600807943998545
78949,0.13608227106926854
78950,0.18926091721010552
78951,0.14915143927551358
78952,0.11794527521858858
78953,0.14609824840159907
78954,0.16409830406355447
78955,0.13075490169860987
78956,0.06203753841277207
78957,0.13570132610052005
78958,0.18083575238101857
78959,0.09454841941422415
78960,0.07692639354218929
78961,0.16001143296165793
78962,0.12650974992439903
78963,0.15300626968126224
78964,0.15605140486239089
78965,0.09027524606435114
78966,0.15738143727855142
78967,0.1402425334511399
78968,0.08871172535453944
78969,0.12074077791384753
78970,0.1036154511230351
78971,0.1410878640382151
78972,0.10914870843135419
78973,0.1777368578783879
78974,0.1553707676374976
78975,0.1689579072423446
78976,0.2180496486378082
78977,0.15721333793023617
78978,0.12107869745935355
78979,0.14920191080736747
78980,0.1809795405085056
78981,0.10042106934677122
78982,0.1011931324172583
78983,0.12904180294315123
78984,0.12296418057209041
78985,0.11899314115092835
78986,0.12175478165766641
78987,0.13222136141373603
78988,0.17548601702623515
78989,0.14947239042285448
78990,0.17424712599613107
78991,0.07634131359675195
78992,0.10910655001765766
78993,0.1487763222646677
78994,0.12476549831210781
78995,0.1664385858108312
78996,0.12729473099650804
78997,0.1941861775934794
78998,0.1170023302828689
78999,0.11032104782491749
79000,0.07490155865933655
79001,0.1621395171805939
79002,0.1559832776368538
79003,0.08498475534186174
79004,0.10203371304886079
79005,0.12225778980090231
79006,0.09254383434105018
79007,0.11652886355132899
79008,0.14972355703026033
79009,0.19884606859362994
79010,0.11800470204399122
79011,0.1356898225689648
79012,0.20657958094283058
79013,0.21465278067359084
79014,0.15528417076156226
79015,0.1925456814684404
79016,0.1358232453861381
79017,0.1417366443859797
79018,0.18718062871214972
79019,0.16486093694164675
79020,0.16443318305882296
79021,0.22165872204772763
79022,0.13714399783847828
79023,0.22532053672453656
79024,0.17016670370023654
79025,0.17726348466432948
79026,0.21791648370170386
79027,0.23562528215799713
79028,0.21331601519074722
79029,0.18804234192364006
79030,0.21918354006177923
79031,0.27205414564344493
79032,0.20858724230466313
79033,0.18255132235165655
79034,0.18361870725386936
79035,0.15303093387263936
79036,0.1908057291271727
79037,0.2295524017643438
79038,0.19226177252316282
79039,0.18637132559261382
79040,0.22075774075615343
79041,0.24271673467893135
79042,0.21019289355048618
79043,0.26141786330852107
79044,0.20731447018775173
79045,0.22603089182415306
79046,0.23500462948391407
79047,0.26077463964270203
79048,0.25357079541750377
79049,0.2524748722451181
79050,0.20841963964860635
79051,0.29636463596788276
79052,0.26489335011405574
79053,0.23411693076032578
79054,0.3342684234502534
79055,0.292440160131583
79056,0.24701632319857783
79057,0.25554884515991483
79058,0.2825199732589711
79059,0.2567202580589108
79060,0.22696979043141394
79061,0.2401346995158201
79062,0.25911229168883165
79063,0.29741331623786665
79064,0.25989409117931805
79065,0.27511676367257953
79066,0.26182140200675325
79067,0.28262364748631535
79068,0.28807228116341993
79069,0.283362582752011
79070,0.29929834463060884
79071,0.2506877439807994
79072,0.2659670805619533
79073,0.2537935620424834
79074,0.2706331352637308
79075,0.2751844270903928
79076,0.24182776565570635
79077,0.2643734347661065
79078,0.2615847526301629
79079,0.2635043018416107
79080,0.2938440265555228
79081,0.3006160234643986
79082,0.30032857797612333
79083,0.30324235082011836
79084,0.3006148217801359
79085,0.3063695530005506
79086,0.2992269525388862
79087,0.2940776377942301
79088,0.28172275372784905
79089,0.30637261953462286
79090,0.32316118840701286
79091,0.26224839149784884
79092,0.259594188659372
79093,0.2579634510141947
79094,0.27091240314857584
79095,0.33327976708198365
79096,0.31995882298536155
79097,0.2804077052970493
79098,0.31642558583201713
79099,0.2912055758534471
79100,0.31302484397105945
79101,0.31748333349964836
79102,0.3273535751360616
79103,0.2948747388977629
79104,0.36582343965797576
79105,0.30283794891057714
79106,0.2866334483225733
79107,0.24805296034430555
79108,0.2884872165472123
79109,0.27691139620078586
79110,0.30990771065503575
79111,0.25744224195204857
79112,0.3310719401850121
79113,0.32604451961808545
79114,0.3558575138071074
79115,0.3684380540413839
79116,0.2603593265148555
79117,0.29021296892523163
79118,0.328535400942332
79119,0.30704630214692646
79120,0.27904609902693134
79121,0.3800426739403205
79122,0.30968894491730886
79123,0.30267468161755856
79124,0.2653553283599373
79125,0.30163995607598193
79126,0.3120354252211912
79127,0.3223164196538283
79128,0.30585301893240663
79129,0.30812586518897706
79130,0.30825714689431216
79131,0.28793137251142853
79132,0.338402795275657
79133,0.31435326608733993
79134,0.3758984173503088
79135,0.29162819168576787
79136,0.32845442427010596
79137,0.3477502775187452
79138,0.3139545485602746
79139,0.32292583457871527
79140,0.3196895479975222
79141,0.34284965680912477
79142,0.41594438102673237
79143,0.3158990233817364
79144,0.30293483561778756
79145,0.3313625770262316
79146,0.33167608820352773
79147,0.35452032661863797
79148,0.3652643573523424
79149,0.33113844630627237
79150,0.31793050925575866
79151,0.29117847076920195
79152,0.35005974105024296
79153,0.3011605637108634
79154,0.33531841289618003
79155,0.3228119658165598
79156,0.31334879522421333
79157,0.3446322688182181
79158,0.33417079984647424
79159,0.3264634004145265
79160,0.36737514664788307
79161,0.3258077003834155
79162,0.38330598474212396
79163,0.3045581792955326
79164,0.30494680868882673
79165,0.24171164235451265
79166,0.2603987184126144
79167,0.32840238491893337
79168,0.2906262414057595
79169,0.3805458368552327
79170,0.33779752835113613
79171,0.31901316296904386
79172,0.3131534360709365
79173,0.4251154525709851
79174,0.29184318761383693
79175,0.3645271955323338
79176,0.35912063623223883
79177,0.3010563053804004
79178,0.3598116921741398
79179,0.31940307989334704
79180,0.3353852974935084
79181,0.34366431296654504
79182,0.30307921429726203
79183,0.31296760230739806
79184,0.33130114275259287
79185,0.4081221123592047
79186,0.32174947196732456
79187,0.39405875963303877
79188,0.3535746249499378
79189,0.38847287458461477
79190,0.34138444823508013
79191,0.3182006871673354
79192,0.3414639465760656
79193,0.27367409553188526
79194,0.3444462139802038
79195,0.3623251278990154
79196,0.3490286931867429
79197,0.329018864569683
79198,0.33845664993831387
79199,0.328905344903905
79200,0.3582371440073547
79201,0.32027272072472085
79202,0.34278190849195894
79203,0.32093865578862824
79204,0.3433057599915151
79205,0.3692415231079596
79206,0.2937187276211103
79207,0.33037369387207655
79208,0.3394792617868229
79209,0.29729751467648124
79210,0.38052860389513493
79211,0.2919289943894066
79212,0.3247071848980179
79213,0.35727354933543193
79214,0.4358689766728673
79215,0.3641288464151827
79216,0.33321477922501846
79217,0.35378735328156025
79218,0.3982823442200089
79219,0.3892071135343494
79220,0.3377018996326135
79221,0.3454088639549553
79222,0.27844249563057333
79223,0.31174632439459027
79224,0.3352245017285087
79225,0.32317019082975423
79226,0.3300440527670947
79227,0.39754063527974154
79228,0.3419795042195758
79229,0.3109028859410553
79230,0.3792385653603435
79231,0.34030303638732257
79232,0.34493714182132595
79233,0.356780969331759
79234,0.33746022087971844
79235,0.34503793661934434
79236,0.3379288058483802
79237,0.32365467588443664
79238,0.3489715806486596
79239,0.3694896107902718
79240,0.3225890980937162
79241,0.3908449590308036
79242,0.32474010507566753
79243,0.39264859306729266
79244,0.34469130619886984
79245,0.33698409011578323
79246,0.3726317737477028
79247,0.2947411122672841
79248,0.3155444807851485
79249,0.3069038727321798
79250,0.3764465830041559
79251,0.3117821162307424
79252,0.3269378842005143
79253,0.3342190525785437
79254,0.32251083042936807
79255,0.364714570212321
79256,0.3413860907696834
79257,0.35880187636856237
79258,0.3735267786667296
79259,0.3331005948280674
79260,0.31586753384520233
79261,0.380846116859194
79262,0.40317915021189565
79263,0.3500488880628174
79264,0.3582237165832439
79265,0.3551496097284224
79266,0.37050079387468576
79267,0.369758948661516
79268,0.3930847178751741
79269,0.3634697144163592
79270,0.32590952667141954
79271,0.3753678086107944
79272,0.3593123615706096
79273,0.3160792721501665
79274,0.3485782244461315
79275,0.3337274711956912
79276,0.34885121975351663
79277,0.3010642231840808
79278,0.3135341458422495
79279,0.3314250055862048
79280,0.3524654663750861
79281,0.3230368373977347
79282,0.3541253971417957
79283,0.2914678850166455
79284,0.33695762000974405
79285,0.3978391371211157
79286,0.37036238655756293
79287,0.34464288496162093
79288,0.37291513861630565
79289,0.35844212042136403
79290,0.2944660940857457
79291,0.37348831846585123
79292,0.34115121917582736
79293,0.31599554236681676
79294,0.3439723663743447
79295,0.363437420242633
79296,0.31542120271199525
79297,0.381047291667527
79298,0.37694223255102943
79299,0.3064181459018072
79300,0.3376744930078979
79301,0.39259384366377537
79302,0.3294681075564507
79303,0.38832019384102
79304,0.35304150714946847
79305,0.38533490694148426
79306,0.33651429499906094
79307,0.3253274060797492
79308,0.29054455555459996
79309,0.32310229809183294
79310,0.3200544681508589
79311,0.3472067743102052
79312,0.3545719843741283
79313,0.3210105726511875
79314,0.37741575265761823
79315,0.3343925681125502
79316,0.31722990968816195
79317,0.338732012243706
79318,0.388696566014699
79319,0.34430432674775896
79320,0.37747528052737384
79321,0.37192436364220477
79322,0.29108548181494126
79323,0.3445247944243848
79324,0.3616461547790486
79325,0.347860183145573
79326,0.33466168532907326
79327,0.34774198120936967
79328,0.3689865389147417
79329,0.29925570816267855
79330,0.3372374864701575
79331,0.39014207479231233
79332,0.3544610900786851
79333,0.35496829441982536
79334,0.3529375268326637
79335,0.32126942646841894
79336,0.3630356718917203
79337,0.33367784960020985
79338,0.36221607646439824
79339,0.35360977143170846
79340,0.3830888701525387
79341,0.35577734333513156
79342,0.35102360332340243
79343,0.366478166655477
79344,0.3571593375351756
79345,0.41867408420747576
79346,0.40588044792690325
79347,0.34289436336665136
79348,0.3647753031690483
79349,0.31552895685892546
79350,0.3288531809747569
79351,0.43614730557742826
79352,0.3571659250817386
79353,0.35326807721741676
79354,0.30791256558145796
79355,0.34735321761923493
79356,0.38702374583572763
79357,0.3365371904989988
79358,0.33399415505070507
79359,0.3014697759402196
79360,0.27215994735790106
79361,0.31771518381028724
79362,0.3202004280393341
79363,0.33416376014923
79364,0.34799382046671534
79365,0.36044720474799774
79366,0.3203014145452484
79367,0.2929730179846021
79368,0.38487618356383474
79369,0.32694139002084294
79370,0.3370897895554576
79371,0.3977135099720862
79372,0.34970201440808624
79373,0.36969982534931106
79374,0.4051253274757236
79375,0.31533489139628484
79376,0.41070914846071244
79377,0.40003559860921784
79378,0.42155122785712656
79379,0.3252536027343045
79380,0.3774941209514292
79381,0.38473260680469246
79382,0.3960022764919056
79383,0.3591598061046349
79384,0.362927082335002
79385,0.3422620518192446
79386,0.35803943570248875
79387,0.3684906112099526
79388,0.32809572547436433
79389,0.3613286751599964
79390,0.34349465253509276
79391,0.350795028442926
79392,0.34680543071108305
79393,0.32300578217031994
79394,0.39528126830674876
79395,0.3045119893221245
79396,0.3081086246717271
79397,0.35788109190763306
79398,0.35373487087472244
79399,0.33250543525343296
79400,0.34457237950807096
79401,0.3147777174887382
79402,0.32304969990329063
79403,0.3692643329773459
79404,0.3114444357056221
79405,0.3763118688427611
79406,0.3546584490871189
79407,0.2832696037325489
79408,0.31867595599401527
79409,0.3604437036488412
79410,0.39991663796259985
79411,0.35740756833168186
79412,0.34842286444474635
79413,0.30664764883509393
79414,0.3357018167647211
79415,0.3219888668286269
79416,0.3390314989148789
79417,0.3565220599460726
79418,0.3370791153618116
79419,0.306805036338479
79420,0.35611119317649914
79421,0.3792106426698092
79422,0.3373099633502897
79423,0.38126062569875135
79424,0.3938686561873952
79425,0.35487345459530584
79426,0.3426258065577197
79427,0.32825767084376445
79428,0.3479646020717613
79429,0.38560517771391967
79430,0.3798681449849865
79431,0.42024159322241544
79432,0.3306060684089217
79433,0.36992227966203695
79434,0.34346259228238357
79435,0.3659755826913503
79436,0.37739606984585994
79437,0.370240139387156
79438,0.3872481024037867
79439,0.3530229264372351
79440,0.374695824235473
79441,0.348793385507164
79442,0.34430177263858697
79443,0.3370894006327608
79444,0.39529119606777824
79445,0.2965590672894456
79446,0.3383356874930549
79447,0.32848234059955844
79448,0.31968984287587165
79449,0.36009125014169685
79450,0.33901393811569724
79451,0.34076842447524736
79452,0.4332812826171583
79453,0.3458329381645647
79454,0.29985690888165045
79455,0.404530115381982
79456,0.3245230036779141
79457,0.3800710110636406
79458,0.3890401304022509
79459,0.3895092806207088
79460,0.38063637753692564
79461,0.30273371572127084
79462,0.3816428510857783
79463,0.3652741545797683
79464,0.3860187498183596
79465,0.3236825164412933
79466,0.39419631470782845
79467,0.35633743557414366
79468,0.363537104028178
79469,0.328392774715596
79470,0.3546384722024689
79471,0.3714661737527033
79472,0.3439057658806185
79473,0.36667626309385776
79474,0.3419993807955759
79475,0.34469292295133835
79476,0.35982073968621353
79477,0.4142850409897013
79478,0.371878112445837
79479,0.3566297694334891
79480,0.34866348709137907
79481,0.3492717904836555
79482,0.33390213145977243
79483,0.36365442776858753
79484,0.38976872136329793
79485,0.33600608608721677
79486,0.3096415741719192
79487,0.35383245446325984
79488,0.35302372974326013
79489,0.36106098507730716
79490,0.37244140235419854
79491,0.40045585310880977
79492,0.4068245051382326
79493,0.39930307620820926
79494,0.3118595210130759
79495,0.3794967808186905
79496,0.27420875144339807
79497,0.3466682980679805
79498,0.27996209627455904
79499,0.37534027619624394
79500,0.3364238122555278
79501,0.42051372735223785
79502,0.34293338370058035
79503,0.38761586430822526
79504,0.3753459138463832
79505,0.334411270250312
79506,0.3357724032988123
79507,0.3784861815847011
79508,0.396050152578393
79509,0.35188217626093726
79510,0.3370199067084388
79511,0.3568515370165919
79512,0.36212317659089144
79513,0.3186683844238101
79514,0.44790641024375927
79515,0.3205248193926206
79516,0.3748561983879558
79517,0.3306379682810017
79518,0.40954947920202356
79519,0.3688980786800538
79520,0.32919052503786156
79521,0.3292172358297644
79522,0.35178403121104995
79523,0.3616163147858087
79524,0.3399233724971052
79525,0.2994197467023711
79526,0.3600777908961044
79527,0.3721840717233017
79528,0.36514227486916245
79529,0.34484479512333577
79530,0.34687603856513205
79531,0.3524699208821776
79532,0.3741616131634001
79533,0.3525311581374161
79534,0.36411570430829826
79535,0.3876785762319555
79536,0.360465734290244
79537,0.3925904640417253
79538,0.3810002777260932
79539,0.38142193984345885
79540,0.3574025804070379
79541,0.41300022664880015
79542,0.37984116280909563
79543,0.34639690939307427
79544,0.3683373507770938
79545,0.35837747415635424
79546,0.3483759653223867
79547,0.3463413841855511
79548,0.3448160585298074
79549,0.3229101919008637
79550,0.3560839644718362
79551,0.34339268888379737
79552,0.3442856016313992
79553,0.3647337578537493
79554,0.3292779808688294
79555,0.387766343684241
79556,0.3692065646512407
79557,0.3677803182379622
79558,0.3405816029576364
79559,0.36649546573130803
79560,0.3554578201543367
79561,0.35323341362980903
79562,0.37501947359551246
79563,0.35810697418378706
79564,0.34202157008517114
79565,0.3503600106723577
79566,0.3414632331556821
79567,0.3467040814774152
79568,0.34669594673073456
79569,0.3479794920669782
79570,0.3448211276428148
79571,0.39671015657824776
79572,0.3614439560248577
79573,0.31106967192768986
79574,0.3305178529800325
79575,0.33381523641791155
79576,0.3326166982226798
79577,0.3869163408782805
79578,0.3452666193073882
79579,0.33268424510484895
79580,0.40209154099544137
79581,0.41081139367335556
79582,0.3524643642466517
79583,0.3330401536671284
79584,0.29803822651808004
79585,0.3714347148889155
79586,0.3842126686499354
79587,0.3620727008558859
79588,0.35398907059760587
79589,0.3744973294258574
79590,0.34760075115064376
79591,0.36182443399683234
79592,0.4136846700874641
79593,0.31514800872169646
79594,0.3424946459842918
79595,0.3742576358010935
79596,0.39672615353054674
79597,0.3399239435111372
79598,0.3352002246525513
79599,0.3114017903475079
79600,0.32036843998001885
79601,0.3610915023530313
79602,0.33708541531761743
79603,0.33783722583536435
79604,0.34966584523716676
79605,0.3638637088876874
79606,0.38025646998478035
79607,0.3782727107101371
79608,0.3002162721202948
79609,0.30127881063621353
79610,0.35980614292696644
79611,0.3334921577883742
79612,0.3628218668773942
79613,0.28294132045439024
79614,0.3330243869539655
79615,0.3334794694128452
79616,0.3656640832645152
79617,0.3281991210423173
79618,0.31703454334766606
79619,0.33383853758591847
79620,0.2871860253518383
79621,0.39395859754218454
79622,0.3467659592455117
79623,0.3502145556396082
79624,0.3661173216150034
79625,0.3047049517933351
79626,0.2971341929994905
79627,0.333972611045772
79628,0.32443719889566036
79629,0.36684913866416025
79630,0.341605222730028
79631,0.345430617259335
79632,0.3243592488821572
79633,0.35486555821228366
79634,0.3472041151153643
79635,0.3293218398473583
79636,0.34054951537790334
79637,0.35889978065237665
79638,0.3135358619691248
79639,0.33767997131182287
79640,0.33633570671409185
79641,0.3466559828335285
79642,0.3559182774383686
79643,0.3265327468338332
79644,0.3218515609364509
79645,0.3532170913177805
79646,0.34996623869351856
79647,0.3647873217773655
79648,0.36098666343373037
79649,0.38014895835357665
79650,0.29174394169333784
79651,0.37328278381104574
79652,0.3387726729568604
79653,0.3405405627069723
79654,0.3310278300498561
79655,0.3712767509590961
79656,0.3371335558485308
79657,0.4036364825411404
79658,0.35606156697801383
79659,0.4020684999175466
79660,0.3372659839764419
79661,0.33622945056919684
79662,0.36215540373610994
79663,0.3541498713851329
79664,0.36782116082706123
79665,0.42788277424847254
79666,0.3262908026917668
79667,0.2948905753607658
79668,0.36208155293431094
79669,0.3431901038953206
79670,0.3864255855040891
79671,0.38912601385928186
79672,0.34724724633540205
79673,0.3488936894031167
79674,0.3561824999877571
79675,0.367645998727521
79676,0.3399672909513107
79677,0.25526038897389014
79678,0.33361761588061334
79679,0.3539368907873702
79680,0.34921590283121445
79681,0.30721842597129884
79682,0.3630149756199858
79683,0.3741274621830487
79684,0.3492400943988493
79685,0.34625083930289935
79686,0.3763666108609295
79687,0.3425253593018394
79688,0.43950289666543435
79689,0.3811818798960626
79690,0.3715180081621727
79691,0.3496248504525122
79692,0.2797895925415997
79693,0.38313966938586774
79694,0.3889251588187877
79695,0.4136244574286444
79696,0.3646591585208602
79697,0.3208690025463231
79698,0.3645702076578805
79699,0.359588894404779
79700,0.37741039218087896
79701,0.31695215816376104
79702,0.36328624402631016
79703,0.35933755642357557
79704,0.4000206452475823
79705,0.396027131960201
79706,0.3637095425875713
79707,0.3187483034980406
79708,0.35293882622920275
79709,0.367902695063727
79710,0.33366277066726036
79711,0.32870477996006253
79712,0.3104034047751714
79713,0.4002105541688923
79714,0.3579517848501458
79715,0.32919424896132193
79716,0.34763158846522024
79717,0.38086620560778334
79718,0.3307621926139113
79719,0.3119048234548987
79720,0.4005630117040531
79721,0.39023643633581007
79722,0.3403107191716767
79723,0.37118178760108794
79724,0.30757483584336526
79725,0.3586563110033619
79726,0.3398187073073199
79727,0.40348057925552233
79728,0.35652688064891186
79729,0.3882307056950059
79730,0.3267016546461599
79731,0.35978075837840023
79732,0.3558741235944372
79733,0.33735853423114087
79734,0.4089960314674428
79735,0.37156425967007267
79736,0.3560618524258259
79737,0.3901455456471007
79738,0.3563918175347757
79739,0.40058340597058695
79740,0.3731080659767289
79741,0.32728574339324595
79742,0.401441708251283
79743,0.3825566322173355
79744,0.24428302380846942
79745,0.3048755309826192
79746,0.376243157266921
79747,0.3486842496415376
79748,0.43195793488763135
79749,0.3247091346605072
79750,0.3485619438907258
79751,0.36925145122091213
79752,0.3500282194705614
79753,0.37611963956049826
79754,0.37777391206726696
79755,0.35890424780162977
79756,0.32501061787808
79757,0.3879113394730975
79758,0.35997678699601876
79759,0.34472502106737885
79760,0.3591356490435974
79761,0.342351562836118
79762,0.3419067978888866
79763,0.3114000423361933
79764,0.35252608616223
79765,0.30659248240214415
79766,0.31035942892294427
79767,0.3503447642622467
79768,0.31155452004298206
79769,0.35629561471230914
79770,0.39980184297261345
79771,0.2898363960033592
79772,0.33171994393012505
79773,0.37349245954413773
79774,0.37962670106394697
79775,0.37742094834367135
79776,0.36460740304702555
79777,0.29973259951613945
79778,0.3415172646347208
79779,0.38140846493551794
79780,0.4273453904254898
79781,0.38776562984070495
79782,0.3034803457197721
79783,0.2995701119927905
79784,0.3806674404603251
79785,0.36664995802245437
79786,0.326409287550019
79787,0.36200303112026755
79788,0.33144652327749663
79789,0.3571408952051546
79790,0.3524276594007281
79791,0.3297488706529429
79792,0.28468674333550986
79793,0.32850894512043066
79794,0.3706918108431545
79795,0.3139559929319682
79796,0.3455874170188541
79797,0.36005496520331093
79798,0.37009049681196154
79799,0.36128313248548805
79800,0.3490967290269329
79801,0.35019122622579857
79802,0.30978386666686525
79803,0.3580512250043682
79804,0.37722981382471604
79805,0.35393663966690764
79806,0.3615646872731954
79807,0.3746352853429518
79808,0.3759388830008964
79809,0.3282863653962077
79810,0.31775299641578003
79811,0.29390063494004837
79812,0.30949667151876975
79813,0.3764642328942465
79814,0.36982051584697634
79815,0.3167964600053674
79816,0.3825491422096703
79817,0.37817160607775674
79818,0.322550371285028
79819,0.3446534387201124
79820,0.4012144968246669
79821,0.3584725376883709
79822,0.37352774779138986
79823,0.3811928264783133
79824,0.370047642467206
79825,0.3903460015563957
79826,0.35208849616386634
79827,0.34947175589773277
79828,0.4271021596916158
79829,0.32728479907862107
79830,0.3835675366236892
79831,0.2835574357548771
79832,0.38737290377256434
79833,0.3812589926306332
79834,0.37666788384609523
79835,0.32231762549493603
79836,0.4094289863297763
79837,0.34889803686330556
79838,0.3305567492205026
79839,0.3053620154643741
79840,0.3419095226802087
79841,0.30962986547585836
79842,0.36104902068885336
79843,0.39318962040125516
79844,0.31370650140742606
79845,0.3550088445565101
79846,0.4258183421094555
79847,0.34889045064010654
79848,0.3426283105591985
79849,0.4124406548761415
79850,0.3565191838440342
79851,0.3273006167734701
79852,0.36901498924336723
79853,0.37688002297945483
79854,0.3818198403744515
79855,0.35365504204401643
79856,0.3371539194072668
79857,0.34210811882616765
79858,0.4003318872574141
79859,0.31516544870613356
79860,0.4148750914254823
79861,0.35932432966416317
79862,0.3382594684376992
79863,0.3257134771393138
79864,0.34198839760466404
79865,0.36282679221170044
79866,0.40110874981796996
79867,0.31665966336343376
79868,0.3860586103620155
79869,0.3653371518012267
79870,0.3870460428858117
79871,0.35801606700329847
79872,0.3494377859026243
79873,0.39124742945091856
79874,0.3051795785939945
79875,0.3371486119571202
79876,0.3552488486036878
79877,0.32645552102813497
79878,0.3889788179707481
79879,0.3640253782592119
79880,0.3983454126278489
79881,0.3320959516262829
79882,0.3440722833717336
79883,0.33668926953434514
79884,0.3492721107877355
79885,0.35381976614605215
79886,0.3330128755857351
79887,0.3695629148062013
79888,0.3467011872684773
79889,0.36142618116632247
79890,0.3834319560951379
79891,0.3717754945961842
79892,0.4004893576577959
79893,0.3230484186247503
79894,0.3730442021423213
79895,0.336842155946384
79896,0.3743788978549968
79897,0.3656585666428215
79898,0.3097597817911119
79899,0.3727215446199301
79900,0.34661601911164946
79901,0.33292252716695275
79902,0.3682922221954603
79903,0.3825838345710091
79904,0.3517857319247696
79905,0.3647457044527228
79906,0.3536642679511195
79907,0.35470190247638483
79908,0.34311223146496433
79909,0.3398376805180427
79910,0.3784084457796723
79911,0.33073508086800735
79912,0.35353130401569244
79913,0.36075978777646805
79914,0.2959564595614326
79915,0.3248698496921702
79916,0.31209606000621654
79917,0.37462420693583154
79918,0.3108163001485208
79919,0.3439488860677299
79920,0.35477669773468784
79921,0.3346275725437382
79922,0.32772261393445234
79923,0.3912195388828388
79924,0.3433897714762922
79925,0.34422764153735846
79926,0.3520742528833523
79927,0.3747526944329383
79928,0.38111475046568405
79929,0.3212969752938049
79930,0.3659826884856507
79931,0.3995971604248578
79932,0.3705197835232367
79933,0.35462057119050516
79934,0.4070961229471665
79935,0.35138568219719185
79936,0.3500841373777258
79937,0.31159986692411373
79938,0.3911616210102958
79939,0.3584688439474936
79940,0.3680625058262989
79941,0.30001969826593217
79942,0.3908862567485626
79943,0.3499083559686246
79944,0.3533093708886843
79945,0.3322878492222334
79946,0.35036025835390827
79947,0.3395750910226415
79948,0.3774088219891949
79949,0.3533189628465437
79950,0.32597189638006085
79951,0.28616068549742213
79952,0.36269255313742954
79953,0.37005099358647325
79954,0.39820383271396365
79955,0.3078686993305406
79956,0.37140452143832214
79957,0.3771210440218999
79958,0.37718732071474564
79959,0.32325583161448773
79960,0.3600885733607191
79961,0.29626537906193784
79962,0.3847468048313762
79963,0.39070414477017873
79964,0.3500342592146484
79965,0.4207599019227362
79966,0.3391513612778161
79967,0.3177456554047069
79968,0.3384693804375948
79969,0.3391401118983123
79970,0.3243564437604927
79971,0.3680328196229844
79972,0.35295243881065946
79973,0.34130300460393176
79974,0.3404227466150375
79975,0.34592137491625957
79976,0.3531172327630458
79977,0.3408646000552965
79978,0.4129441350659906
79979,0.3983972619486548
79980,0.3468845099225412
79981,0.36179022755404017
79982,0.35851914072636054
79983,0.33797007623057373
79984,0.4049242127772262
79985,0.3938097384401753
79986,0.3598327036321732
79987,0.36768885000306456
79988,0.3360650149512387
79989,0.37111024901531725
79990,0.3883040833078241
79991,0.3639413274943176
79992,0.35930718340329243
79993,0.3614443624327324
79994,0.33740501170070214
79995,0.37492230107225416
79996,0.33937275775194664
79997,0.3199703001584171
79998,0.357387540470713
79999,0.3706225611987048
80000,0.3128104046325528
80001,0.3263111922812154
80002,0.34830428972784205
80003,0.35663271544101616
80004,0.35158091691528315
80005,0.35106312973260084
80006,0.3862156952448143
80007,0.36342004620774937
80008,0.29938506757793565
80009,0.3245037336850425
80010,0.37586284114470386
80011,0.3223901317602419
80012,0.3479440806856458
80013,0.3702571374571173
80014,0.37038154638325754
80015,0.40356388055174724
80016,0.4076006081541114
80017,0.4086544435293875
80018,0.3641777538411477
80019,0.3511581996053727
80020,0.3907559715777504
80021,0.3394885934305088
80022,0.3946610330561611
80023,0.34824092875769685
80024,0.36152863097643023
80025,0.29205324775384567
80026,0.34866299550112445
80027,0.38007065235004217
80028,0.39577482922012497
80029,0.34346897188256464
80030,0.34992614104997793
80031,0.3725937039666902
80032,0.3446650914940383
80033,0.31142478048246236
80034,0.3331191716899681
80035,0.3551737617257572
80036,0.35453977903822864
80037,0.35713136725088035
80038,0.39295787096526197
80039,0.3752965268374829
80040,0.37180482083320854
80041,0.38182597774550164
80042,0.3695795661367613
80043,0.3306690900539069
80044,0.3793729687420143
80045,0.3644810162687906
80046,0.3595533271974165
80047,0.37619586516834885
80048,0.30875068672268935
80049,0.39018096410117725
80050,0.3439162634685715
80051,0.36742636276862456
80052,0.35594156739546545
80053,0.3515579930662442
80054,0.3290317918349329
80055,0.37365524688996377
80056,0.39018306684546056
80057,0.39274258086369873
80058,0.3216795653439326
80059,0.33863148161600276
80060,0.3330269000919767
80061,0.32633614047552817
80062,0.31602142757676066
80063,0.3427301953385087
80064,0.31737757687787804
80065,0.32162368071479336
80066,0.3128681609336105
80067,0.33088924126158253
80068,0.4191346998591158
80069,0.37419835147667474
80070,0.3665439467395508
80071,0.32884938119749774
80072,0.31726631740181893
80073,0.35684747915172266
80074,0.41442064522192895
80075,0.40353033912626707
80076,0.33416432689379066
80077,0.30709632935036607
80078,0.35722872294192837
80079,0.4034620246045121
80080,0.3643047274356747
80081,0.397355084625909
80082,0.3710472986542941
80083,0.3636192520727364
80084,0.4093685529864841
80085,0.36096514234158156
80086,0.34739621357526634
80087,0.34445913112369875
80088,0.34069742212240395
80089,0.354365847351488
80090,0.41375010019577724
80091,0.320526203777729
80092,0.33821073251117617
80093,0.3765049892704263
80094,0.333113604790035
80095,0.3449239970818255
80096,0.4047160545444667
80097,0.3229216717282266
80098,0.37850214950868877
80099,0.2928406725070291
80100,0.329383802162456
80101,0.36847985825969554
80102,0.36768171535149524
80103,0.3698394385077042
80104,0.3298848758332307
80105,0.3659270008457666
80106,0.34603429347719483
80107,0.3026379910765834
80108,0.3816055568089918
80109,0.3684382137501877
80110,0.3718128181546849
80111,0.37152752478068424
80112,0.3852976510143542
80113,0.32715366935414014
80114,0.37960251042496546
80115,0.3781821860332796
80116,0.3203946274443844
80117,0.3849862668326679
80118,0.34409733158356076
80119,0.3687471615239326
80120,0.31119289920710336
80121,0.31316208734202455
80122,0.36978178308908405
80123,0.3518378443684325
80124,0.3493146929265628
80125,0.37653265134486374
80126,0.31720304196335264
80127,0.33923581754668414
80128,0.40540403457196095
80129,0.3367299082623011
80130,0.37663270124624215
80131,0.4002566885257437
80132,0.3102082213843943
80133,0.3564354316763361
80134,0.3556471330381809
80135,0.3585206430030837
80136,0.32442777203876066
80137,0.33906473583082725
80138,0.3537299160179715
80139,0.3947017909686345
80140,0.3859348267005761
80141,0.3673022033044603
80142,0.33724514108483933
80143,0.33390024151492514
80144,0.32517560735541284
80145,0.3418693420648076
80146,0.3172133498700892
80147,0.3354665358742708
80148,0.3585632586285627
80149,0.35898418587771846
80150,0.3987828137572981
80151,0.3721544347872127
80152,0.350768468169506
80153,0.3555082629091161
80154,0.3430090516371606
80155,0.39266994690595614
80156,0.34952607049883194
80157,0.3586208325475264
80158,0.2796236268163954
80159,0.3270320055885011
80160,0.3796565379243079
80161,0.3309950375390486
80162,0.32949847399149224
80163,0.34273082416816086
80164,0.3700610442095954
80165,0.3630088946509605
80166,0.3010668220985911
80167,0.34339134937849625
80168,0.3498341835423829
80169,0.4006792568281115
80170,0.30204972789116746
80171,0.4089527984267942
80172,0.31923548962551057
80173,0.36142182873363815
80174,0.35245282712351766
80175,0.34069857498261646
80176,0.4038123244497359
80177,0.406907599168729
80178,0.38865840393054907
80179,0.32291347660735237
80180,0.3464799845712575
80181,0.3981011570580053
80182,0.3402351388791584
80183,0.3146032969281932
80184,0.3992244440442168
80185,0.37364912709673753
80186,0.3404977583675959
80187,0.35974411953884217
80188,0.36248295141758385
80189,0.3376551259426108
80190,0.350257827679006
80191,0.3772184127115374
80192,0.38141764947213397
80193,0.3343647084682883
80194,0.32809622171414743
80195,0.4309616417281783
80196,0.3281085098666032
80197,0.387904348722967
80198,0.3983192653768753
80199,0.3698179755066767
80200,0.3501079093450721
80201,0.33665170291183516
80202,0.3907467251071117
80203,0.3910854988939231
80204,0.3669439978158908
80205,0.3831766492789962
80206,0.346128345121261
80207,0.2754351642399293
80208,0.2965711734350547
80209,0.3295798361627882
80210,0.39484788662567766
80211,0.3415029357393883
80212,0.39057981094325533
80213,0.366508357696824
80214,0.3338345134316581
80215,0.40040659225275926
80216,0.39633788237956885
80217,0.36542962896768366
80218,0.30587401950531445
80219,0.3756190829640524
80220,0.3299454211597069
80221,0.3891579351266936
80222,0.34179282583767123
80223,0.32622174445376384
80224,0.36543134467894706
80225,0.35590258017165083
80226,0.3361700985786398
80227,0.3748077696431687
80228,0.31389765550189336
80229,0.34249056202885364
80230,0.3437740778039904
80231,0.34668118282774285
80232,0.3361186751917329
80233,0.3913571717906219
80234,0.3348940654100787
80235,0.3837632594702155
80236,0.3457374695257669
80237,0.39088173528944425
80238,0.3930962819224665
80239,0.3411232063169477
80240,0.34338069357216133
80241,0.31450216097621697
80242,0.38223613027652076
80243,0.3410356879573901
80244,0.3784755628220048
80245,0.3515689932704866
80246,0.35586778790455187
80247,0.3462636942300902
80248,0.3771425632352
80249,0.3929990153919186
80250,0.381737643340914
80251,0.34382848463517834
80252,0.3391813821041339
80253,0.37845271397678126
80254,0.34939213973507455
80255,0.376133137884289
80256,0.34075618047571626
80257,0.33568711027366954
80258,0.35196719899933226
80259,0.36338252204652755
80260,0.36283701878984653
80261,0.31564336722634256
80262,0.32354511911506767
80263,0.3547315358266426
80264,0.3644061397869205
80265,0.38303371900873007
80266,0.31136258748063816
80267,0.3841039016854341
80268,0.3705083145070269
80269,0.34795043401515796
80270,0.35656656545288173
80271,0.3225804916437763
80272,0.3567967421351359
80273,0.3839172554008309
80274,0.35935558425221664
80275,0.34029058553523733
80276,0.3101329657387934
80277,0.3903969617676823
80278,0.34922605261663214
80279,0.41507472263075146
80280,0.338955991311217
80281,0.3724670855361167
80282,0.361988126570727
80283,0.3781408728227596
80284,0.35999920773819116
80285,0.3111142180080424
80286,0.34464187970973886
80287,0.3852044110585379
80288,0.3872228375493422
80289,0.35038585879656503
80290,0.3799266929214925
80291,0.34907222621672634
80292,0.31080573653647364
80293,0.3141572357538214
80294,0.371134355527893
80295,0.37790389731788737
80296,0.37441759106743966
80297,0.4034959694225446
80298,0.33242401658048626
80299,0.36764375942795563
80300,0.30026486921523426
80301,0.38588470957182847
80302,0.29420460585042163
80303,0.35094226654508703
80304,0.3483963668162649
80305,0.3889709192112226
80306,0.3553801766701419
80307,0.34065226088062933
80308,0.40205282210860926
80309,0.3500040445713137
80310,0.26991289826016157
80311,0.33918833207776883
80312,0.34808920229706
80313,0.38242664316787783
80314,0.3753439783969758
80315,0.3040961882990195
80316,0.37050965729613305
80317,0.30464192487265057
80318,0.35202670619220094
80319,0.3667985366086365
80320,0.33421267716831543
80321,0.3142973459409029
80322,0.3378027833747583
80323,0.29070454477206953
80324,0.405845901763424
80325,0.36178702778739236
80326,0.3751264880010014
80327,0.3093687683289953
80328,0.3994732908605419
80329,0.3658712557838256
80330,0.3965714391564807
80331,0.3783112766956128
80332,0.35164791125035166
80333,0.3903174879786752
80334,0.34283158089293825
80335,0.3341999658292809
80336,0.31200219933979767
80337,0.37663728539417285
80338,0.3022135287574835
80339,0.3805442803669587
80340,0.33785513004987455
80341,0.33538109076847405
80342,0.3718806304690388
80343,0.34786260080168907
80344,0.38266210681710017
80345,0.30446915906660177
80346,0.31257662273064546
80347,0.35730121535584614
80348,0.3432453566062702
80349,0.31479652033370187
80350,0.3807591175427399
80351,0.3476624951847456
80352,0.34514355772441174
80353,0.32521351440251123
80354,0.3832830417485336
80355,0.3603078123006959
80356,0.3554053472581653
80357,0.34341473861905325
80358,0.30741580421361364
80359,0.3541118556034077
80360,0.3874622565908911
80361,0.3279229025543303
80362,0.3085580416465782
80363,0.37733292248770006
80364,0.34475967476007885
80365,0.31106460878461617
80366,0.3258215246643423
80367,0.34408946582695626
80368,0.4043745845349344
80369,0.35695031513127146
80370,0.36986120884454504
80371,0.3604766494577807
80372,0.372372948707968
80373,0.35971734191329535
80374,0.3554716411170133
80375,0.35744750529963965
80376,0.28900432318149005
80377,0.3690929633178932
80378,0.3758361977129082
80379,0.34957105175788566
80380,0.4163696713976426
80381,0.35162614085431493
80382,0.39111623481109226
80383,0.3386534209221707
80384,0.3150694711761624
80385,0.34767555437898473
80386,0.3632695175731577
80387,0.3408917843666524
80388,0.3649077529950445
80389,0.34778155057807475
80390,0.35044214330173284
80391,0.36680849491866097
80392,0.3825605307964008
80393,0.3956486620235151
80394,0.34643263191822365
80395,0.3834935430691767
80396,0.31696989966342626
80397,0.31276356312351417
80398,0.361272036818122
80399,0.29479281980260286
80400,0.35522575692086517
80401,0.38677911442724183
80402,0.38790474115032453
80403,0.2963756086457331
80404,0.33042428515632494
80405,0.39477686623185715
80406,0.37678206965024647
80407,0.38584209505489936
80408,0.3506645898445279
80409,0.36287482777355273
80410,0.4311547812673192
80411,0.3018883594613858
80412,0.36683114218969726
80413,0.3550086863287899
80414,0.37725837989619837
80415,0.34907215521985496
80416,0.32807299260065576
80417,0.37812425352227574
80418,0.3410645438983391
80419,0.32510423157355534
80420,0.36391190477536495
80421,0.31821149293689077
80422,0.32193317629804297
80423,0.3127052880604468
80424,0.3351516541262241
80425,0.36940725469659974
80426,0.3632443240735094
80427,0.33661022895641846
80428,0.353477613919354
80429,0.3271935364063198
80430,0.39382114936227375
80431,0.36579615074938737
80432,0.3712000689164272
80433,0.34722125202823
80434,0.31154945529452793
80435,0.3662208786858709
80436,0.36474262154975046
80437,0.31844933903991673
80438,0.341701891927918
80439,0.37791629173365904
80440,0.3626789399933736
80441,0.36061888714703616
80442,0.3420823281274758
80443,0.35050953909149374
80444,0.30618707945145807
80445,0.34819110994399477
80446,0.3552908784906324
80447,0.36897097736055656
80448,0.3104136933768982
80449,0.4299515375806951
80450,0.39965938006522733
80451,0.3232327770852331
80452,0.3176422063859715
80453,0.27895927670766396
80454,0.29331537864635976
80455,0.36312033573940417
80456,0.32863552729582735
80457,0.3566424282885437
80458,0.3143360449059775
80459,0.3915015772475173
80460,0.34792725506866873
80461,0.3720230136719132
80462,0.33504401086344354
80463,0.3551496408624687
80464,0.39004762681616667
80465,0.39170745662354817
80466,0.3080958221933297
80467,0.31527010871975136
80468,0.36417671774609056
80469,0.3539080321695375
80470,0.3336852682579622
80471,0.3468180799443042
80472,0.28129559693805384
80473,0.3333177198615049
80474,0.3515752075489244
80475,0.3880824367280477
80476,0.3536357731527385
80477,0.3837038484809381
80478,0.400817065750495
80479,0.37819924114150544
80480,0.35282538293853744
80481,0.3800127461573429
80482,0.36690365853989404
80483,0.39400907493293236
80484,0.32336207694546704
80485,0.3755326795330302
80486,0.3429986626055769
80487,0.3683646726614253
80488,0.3234857787050392
80489,0.3628788379089672
80490,0.3607174211500281
80491,0.35637820975891044
80492,0.33836157749288565
80493,0.34975424183218645
80494,0.35613836630019224
80495,0.370891029736504
80496,0.36883609857318317
80497,0.37056699720855496
80498,0.3567317558198997
80499,0.3704568608811359
80500,0.33063496513011925
80501,0.2811575352328812
80502,0.3671909035345713
80503,0.33588894675743
80504,0.3292149916569153
80505,0.3430337751796281
80506,0.32556307898183484
80507,0.3401059427977205
80508,0.35797743632270135
80509,0.3572637962724353
80510,0.35213886264902056
80511,0.37929340609684586
80512,0.35139723180288457
80513,0.30533950916896035
80514,0.3382735089980551
80515,0.3784223364495242
80516,0.3382345378811777
80517,0.3348792977267626
80518,0.284807811333023
80519,0.3296626854559534
80520,0.3858865816872135
80521,0.33118112264284993
80522,0.3036718570788091
80523,0.3451764987483323
80524,0.3376789415972055
80525,0.3674741446277203
80526,0.3365420929375642
80527,0.37771278347068415
80528,0.362114587100587
80529,0.35965441213860544
80530,0.36273166495804104
80531,0.3625238738423449
80532,0.3900149981090917
80533,0.4198203215486651
80534,0.39206415595581
80535,0.3234452510359133
80536,0.3354472540878933
80537,0.2819124178405713
80538,0.3167314846600032
80539,0.36193145081589906
80540,0.33171641293819465
80541,0.42213214886274464
80542,0.37935253820103765
80543,0.3359025165766575
80544,0.35458796061003484
80545,0.3884743112892103
80546,0.3575052591526167
80547,0.32062597912822544
80548,0.34534037462455164
80549,0.3354134266346083
80550,0.346111104632214
80551,0.3738989290680285
80552,0.34392452716635286
80553,0.37157672246304907
80554,0.35162718049556035
80555,0.31824155353683836
80556,0.33737560468800215
80557,0.37923018177905726
80558,0.37076322794970634
80559,0.36274709285878204
80560,0.33042921710415885
80561,0.3752489992233975
80562,0.37445661014529086
80563,0.3474062088882495
80564,0.36529432625267216
80565,0.34139505641833756
80566,0.3003285664334201
80567,0.3783123659271332
80568,0.37294611866436544
80569,0.38858510317607137
80570,0.36695218726205847
80571,0.38190031506756233
80572,0.32745464039858346
80573,0.34367030591443987
80574,0.35199123134126825
80575,0.3173435392852299
80576,0.3869610121154949
80577,0.3615269102012447
80578,0.31080688336691675
80579,0.34173381617694565
80580,0.334617170512168
80581,0.38856721254367227
80582,0.39461374467206434
80583,0.33083039459647534
80584,0.3580416183306545
80585,0.3465323747586271
80586,0.37630310138236256
80587,0.3422921773976101
80588,0.3577236695644814
80589,0.36507365532391833
80590,0.3626075112581812
80591,0.35800176455042093
80592,0.3116350793906674
80593,0.3513971071773453
80594,0.3187370962092566
80595,0.33279287966512877
80596,0.31301767688670223
80597,0.3419325799367317
80598,0.39557950739343617
80599,0.36771966519707716
80600,0.37650143960727317
80601,0.34838234290980435
80602,0.3630244117940069
80603,0.3890749824771907
80604,0.38800644682909535
80605,0.31601463863894375
80606,0.36199171986004947
80607,0.3605302062801704
80608,0.3087582540044602
80609,0.28622491339418965
80610,0.32030219936529336
80611,0.31347395405236245
80612,0.33744068980985953
80613,0.3878556917516056
80614,0.3078474788457026
80615,0.2590867108777149
80616,0.36304762185150447
80617,0.36771074760482064
80618,0.32958030945379857
80619,0.3455068100585688
80620,0.3508601597830571
80621,0.34878645324111374
80622,0.3168046597800303
80623,0.3838374194891591
80624,0.36454567296718793
80625,0.3480886177961895
80626,0.3515881143742017
80627,0.36157352252791947
80628,0.3642605820555912
80629,0.37906518114482385
80630,0.3767235907090954
80631,0.36298756921007985
80632,0.34520035749190386
80633,0.31148675667814263
80634,0.3291567129130117
80635,0.3289720846399647
80636,0.3952691138515159
80637,0.3894191617867663
80638,0.3856607192510082
80639,0.3182225248072036
80640,0.35101303736377437
80641,0.3857359696842729
80642,0.3505148462082513
80643,0.3933153793422932
80644,0.3679603861346143
80645,0.3468676015292909
80646,0.3561909809193852
80647,0.3811197044809439
80648,0.30047117787569466
80649,0.3613926300670536
80650,0.3328355767756449
80651,0.3256036449968975
80652,0.3776251072821435
80653,0.32344959655044725
80654,0.3333905988919892
80655,0.3244793301044294
80656,0.2938223807693946
80657,0.3686352381515526
80658,0.35472660390187855
80659,0.36125493161759414
80660,0.30224296353522867
80661,0.33940091115270726
80662,0.32802377055085413
80663,0.39446605481089436
80664,0.39326261701625803
80665,0.3572686078857625
80666,0.3388056476699122
80667,0.37450501546310755
80668,0.4007151586416074
80669,0.42007231687388547
80670,0.33180698503899114
80671,0.3545978461710566
80672,0.34133298656202876
80673,0.3891067138593207
80674,0.3622411476820841
80675,0.36569998112643126
80676,0.36268420063441037
80677,0.33247067911102673
80678,0.3257717932965661
80679,0.3884844323381284
80680,0.33422880764288726
80681,0.29822058946858737
80682,0.3137519453281258
80683,0.3728255104533593
80684,0.36119458823993716
80685,0.39181216620157727
80686,0.37490949271988183
80687,0.3429645323726111
80688,0.3454912074297747
80689,0.3743154364989898
80690,0.30273911257741715
80691,0.3422337897600501
80692,0.33598951039144465
80693,0.4153495887029664
80694,0.3446886309610179
80695,0.36722929978498625
80696,0.40730726447092114
80697,0.3226950279847476
80698,0.3683917182651236
80699,0.3982308225491948
80700,0.3603984666755574
80701,0.31617194375737523
80702,0.32608043927088803
80703,0.38754713031831084
80704,0.3744760616594993
80705,0.3491845963909054
80706,0.3425926958099427
80707,0.3845194900430886
80708,0.3994538366319099
80709,0.2982258551636218
80710,0.362678659729921
80711,0.3444426983628997
80712,0.37405864860433885
80713,0.3469175725623825
80714,0.33257128797079555
80715,0.3488106595000512
80716,0.3735769669970926
80717,0.35187350386270366
80718,0.3402388208374425
80719,0.3601808613504392
80720,0.3937997171200395
80721,0.32173234573336196
80722,0.3529488269139696
80723,0.3552009793187745
80724,0.3943580965900263
80725,0.35988523197074
80726,0.3569411309176328
80727,0.3692198089582762
80728,0.3292383846115165
80729,0.32489298416329715
80730,0.3336013773724606
80731,0.3599631666783584
80732,0.3067101324254322
80733,0.3467881620918193
80734,0.4105099201725533
80735,0.3479203361006399
80736,0.3920105662641134
80737,0.3595738984447749
80738,0.42373451050125444
80739,0.39110830288541354
80740,0.3724956943943526
80741,0.3734102574796571
80742,0.3666764294546009
80743,0.3882407716831403
80744,0.371808602639978
80745,0.35005416028077563
80746,0.35287264593295337
80747,0.3727253545832524
80748,0.3378154353500786
80749,0.34720010117936934
80750,0.3785103868296172
80751,0.352696192626332
80752,0.35190765313924816
80753,0.36221826843302546
80754,0.40812417272831514
80755,0.35885855615469175
80756,0.30446170150808227
80757,0.3120323258922661
80758,0.40460970150164977
80759,0.3118998021029341
80760,0.3346821297742545
80761,0.3835541109489581
80762,0.32549166002486274
80763,0.33672477753905466
80764,0.35071191263469154
80765,0.3615629123934862
80766,0.3717707983631755
80767,0.4155585458208031
80768,0.3652307028644626
80769,0.31307510198326105
80770,0.3175379828387966
80771,0.3277282892455395
80772,0.3698663890538855
80773,0.3734084120888216
80774,0.32299117515204867
80775,0.33744157689983223
80776,0.3646421435553165
80777,0.2758827015774327
80778,0.34153672594413065
80779,0.2948842773411637
80780,0.3491128983355543
80781,0.38096723458484094
80782,0.3492217443327782
80783,0.43786704081543737
80784,0.37966041006295365
80785,0.353699560922114
80786,0.36968370381525695
80787,0.33417043949098635
80788,0.3830357180411336
80789,0.3564800383515388
80790,0.3600643593401638
80791,0.3503321403913383
80792,0.36891119465550853
80793,0.3742875962634076
80794,0.3241151449485976
80795,0.3433599062376826
80796,0.3377392659524986
80797,0.315686258179801
80798,0.36093505358936817
80799,0.39467258394933163
80800,0.35244996182793364
80801,0.31546840755021566
80802,0.3525119516067645
80803,0.37820709659210866
80804,0.34684373023023257
80805,0.352098224025155
80806,0.38577963997261394
80807,0.32628455509273757
80808,0.3321993895704947
80809,0.3927546430975293
80810,0.3318780625707838
80811,0.35975239407244547
80812,0.40253662562974524
80813,0.28001942982711436
80814,0.37044088359466165
80815,0.3606266151222268
80816,0.33740523758545177
80817,0.33570278930711506
80818,0.29724301286668486
80819,0.3831580436437285
80820,0.33060884090575166
80821,0.3504744686297796
80822,0.3635462423445733
80823,0.3984248064172484
80824,0.38070496406157206
80825,0.35339432314331487
80826,0.3477688360375654
80827,0.33981873846694904
80828,0.35887943709685516
80829,0.3866126031835817
80830,0.2810745005649765
80831,0.3416551777392624
80832,0.34623805922591744
80833,0.33504088550394096
80834,0.36024036154734634
80835,0.37343140412429
80836,0.3775522543748288
80837,0.35229150032564266
80838,0.3408712953607007
80839,0.3388848813244291
80840,0.3584580014954722
80841,0.3345360927904356
80842,0.32407487300710996
80843,0.3608818017512013
80844,0.3554846803469246
80845,0.34737321155925566
80846,0.2565959036265265
80847,0.358868722262112
80848,0.34953793293461377
80849,0.3830958093841079
80850,0.33509166394906426
80851,0.35142532069239607
80852,0.34704816948815
80853,0.35839166220673613
80854,0.3086585005145633
80855,0.3537048721990917
80856,0.35670475143190117
80857,0.3581583858729835
80858,0.3483818033127739
80859,0.3848820931505978
80860,0.3466180704528653
80861,0.33791390304834307
80862,0.3823429504502649
80863,0.2880058004931795
80864,0.37489417810694237
80865,0.34177361167548237
80866,0.29377773707523486
80867,0.3097431613615791
80868,0.3274878973656486
80869,0.3459988765608365
80870,0.34362472661440174
80871,0.31782577596645833
80872,0.3462917096244109
80873,0.3475287708469667
80874,0.41407553761926347
80875,0.30233035795574137
80876,0.34583296667988916
80877,0.32709805118719487
80878,0.31520078221301384
80879,0.38588319272207267
80880,0.3466718117809264
80881,0.34723471952316676
80882,0.3402717452953705
80883,0.34210922314799813
80884,0.3021946843517931
80885,0.3285756296728867
80886,0.33505360284850666
80887,0.4113825890005397
80888,0.3492072392521187
80889,0.4217631899154889
80890,0.2576019434343797
80891,0.3433141891622424
80892,0.32516883017147447
80893,0.3463750044433873
80894,0.2950821065273722
80895,0.36024716510501187
80896,0.32707310999538697
80897,0.30155466356043975
80898,0.3231869755215797
80899,0.34866099099193043
80900,0.3511645505336889
80901,0.4374640477006299
80902,0.38079696941478436
80903,0.34842049540501246
80904,0.30894928532558746
80905,0.2990448559699252
80906,0.3789485709144548
80907,0.38569318015213144
80908,0.33361285832758303
80909,0.350164745996635
80910,0.3553792744085088
80911,0.3018694415851259
80912,0.3672490030896052
80913,0.36515793632709065
80914,0.3767637764655284
80915,0.39845975327449573
80916,0.33090197033405455
80917,0.36637878257988093
80918,0.3517466404712918
80919,0.3395044836612003
80920,0.34999662575836926
80921,0.397474507060967
80922,0.3469827827821303
80923,0.34155657357253727
80924,0.32285881762668195
80925,0.3366188627748044
80926,0.379742485989835
80927,0.3756186454996004
80928,0.3769787675030385
80929,0.31518090480598054
80930,0.35981264930770784
80931,0.3832851887292511
80932,0.34545769827899486
80933,0.3311011365802808
80934,0.38698622683604905
80935,0.38984059547531513
80936,0.36470492147044387
80937,0.36383219092885916
80938,0.3561504794846694
80939,0.30035288244147307
80940,0.3292276790317107
80941,0.3581347103773456
80942,0.3509182415714779
80943,0.39000018249838453
80944,0.3463714614135889
80945,0.3085906100994176
80946,0.34173167102200314
80947,0.36927029270305595
80948,0.347605898144321
80949,0.4273162365803991
80950,0.34738250615402044
80951,0.37142487347915953
80952,0.318290267582409
80953,0.35586267656825404
80954,0.37227439104249216
80955,0.3397270926743483
80956,0.3340986782238208
80957,0.3654885310102333
80958,0.3710186606455722
80959,0.4226196731421699
80960,0.36073514550301256
80961,0.3720194128111159
80962,0.3397825694855105
80963,0.36430560367756576
80964,0.3596821682493952
80965,0.3546065519877715
80966,0.30749952604480313
80967,0.38386119602933993
80968,0.3983163027349525
80969,0.33150486749718894
80970,0.34939379067598636
80971,0.31305975493760935
80972,0.34412061977443636
80973,0.38538447528360925
80974,0.3704690766783438
80975,0.3769514764295121
80976,0.35976110509151404
80977,0.3585555404486754
80978,0.3160338373195884
80979,0.344220194830121
80980,0.3582682034493072
80981,0.34570765426197103
80982,0.32527154497910504
80983,0.3662158010929576
80984,0.3503924859878367
80985,0.28320635249903336
80986,0.33593601171247717
80987,0.33776688480100076
80988,0.36357320239318325
80989,0.2900653818090816
80990,0.2931508724594879
80991,0.3215016859378948
80992,0.37718558435352156
80993,0.34266266781945226
80994,0.3651870465776674
80995,0.34069401889942263
80996,0.3062917879174583
80997,0.3346964666365769
80998,0.3259894437401083
80999,0.3540914242620518
81000,0.29883913962966985
81001,0.3695080686286239
81002,0.3567731020554142
81003,0.33120806349022835
81004,0.37027825986268376
81005,0.3829931141634607
81006,0.37484809921436024
81007,0.3386464092003106
81008,0.36247459069122984
81009,0.38996070638138736
81010,0.33958521697399363
81011,0.3374064415492291
81012,0.34794901400542927
81013,0.333298328790545
81014,0.3812604196931581
81015,0.3323071835556043
81016,0.3289267332823882
81017,0.33892215569630996
81018,0.35090698202729387
81019,0.4261485119895625
81020,0.35655972122008117
81021,0.3244580288047255
81022,0.2869212916744549
81023,0.30258938190556967
81024,0.327703530903279
81025,0.36693624148013126
81026,0.3093450066484848
81027,0.36100007020692604
81028,0.3173056890212395
81029,0.38615577611732066
81030,0.3594305945467522
81031,0.3370892609152344
81032,0.35050897879127835
81033,0.39799356408498565
81034,0.3439514940009083
81035,0.29399351800127044
81036,0.30351494516398103
81037,0.39273903860102427
81038,0.31878676685884605
81039,0.2827811653305736
81040,0.3784963420038447
81041,0.36554092375501923
81042,0.32258811851568814
81043,0.35453585809608157
81044,0.37288688944184256
81045,0.3584196966101758
81046,0.32130240386472875
81047,0.3155410253597778
81048,0.3603479281787025
81049,0.348341105558806
81050,0.34052524615800306
81051,0.4030191568749817
81052,0.3017814329693443
81053,0.345035852289978
81054,0.3272499150770787
81055,0.37272205528735014
81056,0.35905194750092273
81057,0.2743319947133999
81058,0.3888061957705366
81059,0.35497590971384196
81060,0.36835294995332485
81061,0.37528058632618405
81062,0.3529815014531833
81063,0.316747044227708
81064,0.3505879831018481
81065,0.4028139603355163
81066,0.3522304716871609
81067,0.3508068209024425
81068,0.3652682649555431
81069,0.37712126897636833
81070,0.3010014766489286
81071,0.28103747864642176
81072,0.3404410568427393
81073,0.32954166445558414
81074,0.38088382138675386
81075,0.3454243539893463
81076,0.3621089314257515
81077,0.327552489424197
81078,0.34369210467212336
81079,0.34946911703012434
81080,0.3786103103867517
81081,0.3759838429234335
81082,0.3814524587854157
81083,0.36396500006613824
81084,0.3272452988167648
81085,0.3343073791365165
81086,0.34743045790852195
81087,0.3726071198335734
81088,0.3840435940551861
81089,0.3656746698485051
81090,0.3652169902154099
81091,0.35803533988369035
81092,0.39472851585520324
81093,0.373784518313704
81094,0.3450400349986435
81095,0.35778594451900064
81096,0.38085442932742863
81097,0.3183803344372437
81098,0.38284486482493785
81099,0.3938510961803983
81100,0.31700636900101653
81101,0.37048367316588887
81102,0.35617752543732767
81103,0.3893920980881109
81104,0.3336868761310105
81105,0.34239744222520546
81106,0.3248989633365443
81107,0.33558068989217893
81108,0.34724110592584867
81109,0.36647042306126426
81110,0.34291848423285237
81111,0.3840330029691133
81112,0.358562418746926
81113,0.3280359722870162
81114,0.3896239389810666
81115,0.34415513228509537
81116,0.32993211098182257
81117,0.2626848846967733
81118,0.3886163772615742
81119,0.35424571315777154
81120,0.3488237600248277
81121,0.3802029743427894
81122,0.369507034636567
81123,0.3087871494875934
81124,0.3754793979244154
81125,0.3712490897571684
81126,0.3736145476743125
81127,0.3781201737781415
81128,0.3165737566690262
81129,0.3565474340312294
81130,0.33221963646348107
81131,0.318866648160434
81132,0.3521087014312618
81133,0.3796352284127082
81134,0.3114309955669094
81135,0.3644425871615071
81136,0.3263879764298881
81137,0.3566578829629872
81138,0.3481134802623449
81139,0.3486994960035884
81140,0.3269088637517573
81141,0.32648422565408347
81142,0.3821544639494071
81143,0.31998041355221
81144,0.3359974883613976
81145,0.3535664461702183
81146,0.38002978749535044
81147,0.3962941700782614
81148,0.3881574510696207
81149,0.3754130843216874
81150,0.34825490593422004
81151,0.3472808851225507
81152,0.3370498932397606
81153,0.3154287427919378
81154,0.342233551957395
81155,0.34426280756830635
81156,0.367473025419393
81157,0.37195824559988466
81158,0.3256899220802758
81159,0.39358381005091
81160,0.3165408467228865
81161,0.3603690901983838
81162,0.3309106907316132
81163,0.344868291599486
81164,0.33648830733702895
81165,0.34551092352609464
81166,0.3226405963395634
81167,0.3585304424585664
81168,0.33700814296048787
81169,0.3605797550155049
81170,0.4057762929593135
81171,0.3166613141222316
81172,0.3766629068925613
81173,0.3486445248365413
81174,0.39458269875112917
81175,0.3366274903574364
81176,0.3502167327709079
81177,0.37512487069997547
81178,0.3946496112650728
81179,0.36725903187160097
81180,0.31426501536606416
81181,0.3579540194720735
81182,0.3949350421146164
81183,0.35185889476867604
81184,0.394826274011007
81185,0.33770901928084635
81186,0.3235646279315052
81187,0.3749129995762627
81188,0.40995042860684583
81189,0.3969373576287225
81190,0.3653545306164002
81191,0.2773120463647498
81192,0.3891539336237152
81193,0.37997987093848506
81194,0.31632631287905655
81195,0.35814409299990074
81196,0.3826424625478908
81197,0.40015365767893946
81198,0.38098108005648007
81199,0.3057463758617923
81200,0.3868165110174858
81201,0.3368573486534764
81202,0.377364066233651
81203,0.3348110016492346
81204,0.32370440003025225
81205,0.3548073826006466
81206,0.29274326054782285
81207,0.26415743046347223
81208,0.3075041136889669
81209,0.3224015476648531
81210,0.36727141703265553
81211,0.32032467175687446
81212,0.36169046947846906
81213,0.35323656625623906
81214,0.3902855383897654
81215,0.3538063538939589
81216,0.3472341345328606
81217,0.36071424556135195
81218,0.3531336187732283
81219,0.37981896654612957
81220,0.34836578185139433
81221,0.37690085111983074
81222,0.37396892096157003
81223,0.333548509623735
81224,0.3732363767787802
81225,0.28598595711375924
81226,0.35908429235551853
81227,0.4009945713433528
81228,0.362811708406593
81229,0.3530567566957252
81230,0.35477726539438226
81231,0.3943866783586675
81232,0.40037673543034913
81233,0.36118318314254527
81234,0.33382434557780233
81235,0.34703606531797154
81236,0.32995431127780717
81237,0.353838035425561
81238,0.3836028617518354
81239,0.31616004419994115
81240,0.3266843250352267
81241,0.3823762392887004
81242,0.3460004460754713
81243,0.30113194509547503
81244,0.35282840828122275
81245,0.34824919448765873
81246,0.3631750724706882
81247,0.3755013706963933
81248,0.41254225252025284
81249,0.3423173194004088
81250,0.3596154435015941
81251,0.34716899429128767
81252,0.3662051054927436
81253,0.34589301970861797
81254,0.31892817613070495
81255,0.35272467385220707
81256,0.36178546681753476
81257,0.33365942631766393
81258,0.3115275578083753
81259,0.3043599308093978
81260,0.3779704202614054
81261,0.3242774961090802
81262,0.32396937867839076
81263,0.37050136553964386
81264,0.33936681909646527
81265,0.3530041820173035
81266,0.3412128463488952
81267,0.3993241802027002
81268,0.38627823457572763
81269,0.32260798210716624
81270,0.3380813661254075
81271,0.3429636981391261
81272,0.3302518404931621
81273,0.31302521265995187
81274,0.32219836683670705
81275,0.37036022088956805
81276,0.3820159154884726
81277,0.3264361572693769
81278,0.3849832270942442
81279,0.33444411204802044
81280,0.3554290483810086
81281,0.3504170943728158
81282,0.35592238826835615
81283,0.32736089120082734
81284,0.365097868882501
81285,0.3422038384646895
81286,0.3661392040917909
81287,0.36129912767752614
81288,0.36483453724315906
81289,0.3356675964122518
81290,0.297564828926274
81291,0.4096714854611387
81292,0.3379084178396063
81293,0.35400339230576716
81294,0.37271416423264647
81295,0.3590642247642119
81296,0.3315956211900256
81297,0.3794878148397254
81298,0.3804794393445686
81299,0.3524034089822546
81300,0.3993292552147984
81301,0.2863316154120147
81302,0.34329078017896275
81303,0.38389383122440973
81304,0.3554274991894388
81305,0.38639006396705716
81306,0.3767792156343077
81307,0.34744170816521214
81308,0.34854153351060074
81309,0.3277149622050587
81310,0.3449135643956994
81311,0.36074224484506884
81312,0.3479773800634903
81313,0.36943469834858533
81314,0.320384973406207
81315,0.32254892833093074
81316,0.3493718026139888
81317,0.38265398788423466
81318,0.3220209492825642
81319,0.330448209289094
81320,0.37892805446707173
81321,0.40983804523202044
81322,0.3650986388229528
81323,0.3499305442931609
81324,0.3113919692523614
81325,0.3590421580803392
81326,0.3544039507602624
81327,0.3653362584959821
81328,0.38302121144552315
81329,0.29581752362166436
81330,0.399624631284817
81331,0.3790698222905749
81332,0.3766336359085706
81333,0.3356557381477289
81334,0.352293356034405
81335,0.3334917262768681
81336,0.2886368409630727
81337,0.30887981870897363
81338,0.3854269927883054
81339,0.318945458885368
81340,0.3495162481612028
81341,0.3533519906369865
81342,0.3854089994019764
81343,0.28928601979021296
81344,0.29944779680726724
81345,0.3937179126693499
81346,0.3806554876747791
81347,0.34540343713667515
81348,0.34486323813494424
81349,0.3510187259677106
81350,0.3569546647794299
81351,0.31177132868297924
81352,0.3162548830533004
81353,0.3259250524156517
81354,0.38874753000404566
81355,0.35323755365619025
81356,0.33690796214238145
81357,0.40481459468978304
81358,0.3479704116246121
81359,0.32982214657155184
81360,0.3057672566534406
81361,0.3422966543432649
81362,0.34861516579219454
81363,0.39865121231309236
81364,0.3099861039772017
81365,0.352155045231824
81366,0.3725711379514913
81367,0.3780002983723673
81368,0.39488071820460763
81369,0.3771982648899932
81370,0.35921037509815995
81371,0.3581156772972331
81372,0.35507191898045015
81373,0.35169853323558675
81374,0.3726624520006746
81375,0.3406899586978713
81376,0.3443836538288244
81377,0.3795821126491826
81378,0.3475964106987069
81379,0.3182710857844714
81380,0.3797041061213167
81381,0.3167429391643714
81382,0.308016164059792
81383,0.3482109206438273
81384,0.4090740392427407
81385,0.3339676552413198
81386,0.3263515039019668
81387,0.36476855279957293
81388,0.3437060827406743
81389,0.3604135949754803
81390,0.326370900185046
81391,0.38276364302054583
81392,0.2862908385332297
81393,0.3655549096190797
81394,0.3476819106126076
81395,0.38413736381276886
81396,0.37997821702221635
81397,0.3422043396555844
81398,0.33825113653203104
81399,0.38357383708739706
81400,0.34295400169234863
81401,0.3826259209411297
81402,0.33399499757878914
81403,0.3900192872315836
81404,0.3644594838021695
81405,0.35511859856388966
81406,0.4012719488666842
81407,0.376254528581072
81408,0.28654420649728646
81409,0.32817560448837996
81410,0.3479465583773549
81411,0.37220459283669344
81412,0.4280743907082685
81413,0.36949378964411655
81414,0.38279355694052436
81415,0.3936462137077639
81416,0.3122354920975294
81417,0.34453793851943687
81418,0.3298640311673771
81419,0.29072905671293864
81420,0.394745702265037
81421,0.283019829436504
81422,0.36213381323317956
81423,0.3223724354616931
81424,0.28894917649997837
81425,0.36935467360652885
81426,0.331454942790358
81427,0.305884855519752
81428,0.28391607320348006
81429,0.37378422438593956
81430,0.3467426982620848
81431,0.3643614607503693
81432,0.325418120385759
81433,0.35181919403806183
81434,0.3232810181172876
81435,0.36807097975745234
81436,0.37074369949061053
81437,0.3197383790676263
81438,0.36799494844296926
81439,0.2917894605433434
81440,0.3539221862488984
81441,0.35057832609658796
81442,0.3792495742146546
81443,0.37781193080221326
81444,0.325588802271708
81445,0.34002229916559257
81446,0.4061085633297531
81447,0.35355891833390113
81448,0.31443967232503633
81449,0.3332114698080843
81450,0.29917056439158146
81451,0.3449553082318243
81452,0.3363201778894582
81453,0.33848707580652443
81454,0.3400708482372179
81455,0.37143108203617087
81456,0.4538142045668978
81457,0.33742152115972684
81458,0.363090292996584
81459,0.35055975423426794
81460,0.32220859700018617
81461,0.38069842094946055
81462,0.29896668105032165
81463,0.32599346474809826
81464,0.36856486425000284
81465,0.3740482411021936
81466,0.3310220094356372
81467,0.3662589748101527
81468,0.3376637550686232
81469,0.3967059166069617
81470,0.29859587067013504
81471,0.3470838903475886
81472,0.32415481462360196
81473,0.34103552248267754
81474,0.2991711116675477
81475,0.3588199890960132
81476,0.3514164683395871
81477,0.3475869247321898
81478,0.35564346474487074
81479,0.3941048842431192
81480,0.35520679827832197
81481,0.36007187446619887
81482,0.3637919088984398
81483,0.348744538351444
81484,0.38321754953575027
81485,0.32374137470881426
81486,0.3523464897943967
81487,0.3539762462375979
81488,0.3708788807639143
81489,0.2991814533761343
81490,0.35616664008508375
81491,0.3502167949791815
81492,0.3573468158864013
81493,0.3960146117976776
81494,0.3855867462384273
81495,0.3653720411292652
81496,0.363391718102163
81497,0.317800525006972
81498,0.3169694747738764
81499,0.34937348922510747
81500,0.4060042224454086
81501,0.3442004250550359
81502,0.3522819928632188
81503,0.34979107790055153
81504,0.3690923321936939
81505,0.3457478993595934
81506,0.3879350914935432
81507,0.360120183473395
81508,0.3751437139033638
81509,0.3538200098172379
81510,0.3289880661081948
81511,0.3685501767539899
81512,0.4097656965778193
81513,0.34651120615392494
81514,0.36933914280118363
81515,0.3545919322032979
81516,0.3085265305615641
81517,0.317886347080729
81518,0.3772608071884183
81519,0.3242512168826568
81520,0.37275585087311314
81521,0.3452430059878832
81522,0.34814412000145
81523,0.35861626166264227
81524,0.37224493994161034
81525,0.38269027947050954
81526,0.38361156093393695
81527,0.3566972284167629
81528,0.3463636645969233
81529,0.30283930166986645
81530,0.364673800957213
81531,0.38096225724454774
81532,0.39782088810320687
81533,0.32484592932457246
81534,0.29459191131599327
81535,0.3505369971785349
81536,0.32579391419952564
81537,0.3222606285646345
81538,0.3672390928351551
81539,0.3752676476951302
81540,0.3878730212024468
81541,0.3323358707195301
81542,0.36443314990935116
81543,0.3991357026201247
81544,0.333166523176565
81545,0.343104519804425
81546,0.3726005853741767
81547,0.3275263601788312
81548,0.3194259465109083
81549,0.3516595952502098
81550,0.3468615509560673
81551,0.33977160156269737
81552,0.37015977862016003
81553,0.34364116865324634
81554,0.36658139423691743
81555,0.32583830519536633
81556,0.3430684609972399
81557,0.35993418256512394
81558,0.3378219265300786
81559,0.38048766319553895
81560,0.3436281640234563
81561,0.36324216226541495
81562,0.38890942623461056
81563,0.4125956479607519
81564,0.3462472454988289
81565,0.3209506982438175
81566,0.361439898347115
81567,0.3528039969137983
81568,0.4110168794288565
81569,0.3790805020052907
81570,0.33531859331833475
81571,0.3609819774504602
81572,0.36554954277491375
81573,0.3372374546303484
81574,0.3282262748153073
81575,0.3151303594386815
81576,0.3729788083612305
81577,0.3564463807634532
81578,0.36104727685771426
81579,0.30524779731381285
81580,0.4177049580038693
81581,0.2808874178927666
81582,0.37865732891089127
81583,0.4112290250444713
81584,0.3600731179250264
81585,0.3633901435935675
81586,0.3544809565885652
81587,0.3799627968152929
81588,0.3472711304808875
81589,0.32460281122614626
81590,0.3072693248569908
81591,0.3937928561601679
81592,0.35753744203826626
81593,0.33490041018447414
81594,0.3552046812878355
81595,0.38888483449533234
81596,0.33861932048391336
81597,0.38096609383087565
81598,0.40898146232837884
81599,0.36351482043434863
81600,0.33973127907286566
81601,0.3909711841357256
81602,0.30497809990508495
81603,0.33753588195466516
81604,0.352710682884282
81605,0.33187176871229146
81606,0.3721869898295975
81607,0.33994162514702175
81608,0.3857901387809648
81609,0.3415818848002343
81610,0.3656541321897053
81611,0.37357642137647723
81612,0.36031273286928006
81613,0.3623405383622568
81614,0.38113980766712957
81615,0.37658071942888194
81616,0.31819778771581586
81617,0.38192805207136027
81618,0.3036346947627756
81619,0.38111629325643026
81620,0.3333423962741302
81621,0.36305618795014594
81622,0.35132298215904395
81623,0.3660570714028234
81624,0.3790779061440988
81625,0.3811457813425059
81626,0.3539288305766243
81627,0.35602962665969123
81628,0.43756074393735145
81629,0.3184110143059615
81630,0.36587686712075146
81631,0.328119855387236
81632,0.32830740738346487
81633,0.3308911202691286
81634,0.34821615803395384
81635,0.34614905229370657
81636,0.3956421429409233
81637,0.34108555500878673
81638,0.3486082643899924
81639,0.3564701766959283
81640,0.3686241953288934
81641,0.3775224857333138
81642,0.3229305409531024
81643,0.40719867631978923
81644,0.35583797192001115
81645,0.32297568629505236
81646,0.3147794773855547
81647,0.3454603590208463
81648,0.39812323404870276
81649,0.39726715438914073
81650,0.37591364607179767
81651,0.3190696144355316
81652,0.3656078424317654
81653,0.336950884787704
81654,0.3260959904693497
81655,0.36211351317589313
81656,0.31603247675402446
81657,0.35567244158320893
81658,0.34969408675866176
81659,0.3430045283229017
81660,0.34710995694201835
81661,0.3068613164965236
81662,0.3633857903059804
81663,0.33205977983830665
81664,0.35892461713825025
81665,0.3848801543783508
81666,0.38612732274456085
81667,0.37522193918678076
81668,0.37858790826263305
81669,0.39878494945047954
81670,0.3655943491720429
81671,0.3525612458422699
81672,0.3519170797543826
81673,0.380795751337703
81674,0.37668692325679026
81675,0.36023092412919416
81676,0.35222741453751766
81677,0.3760749690123014
81678,0.37239174534569786
81679,0.37925953023250786
81680,0.3269817132418125
81681,0.3502660860812905
81682,0.3776247232306543
81683,0.3238841198882602
81684,0.3290758932639803
81685,0.4144007836657789
81686,0.394276988459695
81687,0.30759829702977765
81688,0.35348232320716294
81689,0.3195083061778845
81690,0.3675109561197007
81691,0.3181011522487425
81692,0.3279298929587822
81693,0.33586801667287614
81694,0.32489878202511074
81695,0.40281545372135735
81696,0.3514082137200289
81697,0.31604339413527555
81698,0.3645614624489756
81699,0.3833162619412193
81700,0.35478766059802264
81701,0.34666043641384675
81702,0.37013050123985614
81703,0.3676293147387504
81704,0.4233717056375709
81705,0.3826852902009793
81706,0.3551074211532865
81707,0.3011934373369648
81708,0.3553326142602308
81709,0.35972211364678347
81710,0.35779616792450447
81711,0.35315578849611245
81712,0.3402678142173061
81713,0.3095830112929267
81714,0.38129629985019525
81715,0.3384729824456804
81716,0.3957079946013474
81717,0.3366357334895637
81718,0.4102939296041776
81719,0.370912987435776
81720,0.36224558833010423
81721,0.3552255934899497
81722,0.3295374391186529
81723,0.34627365519549946
81724,0.3175048815328193
81725,0.3472156372540848
81726,0.3663376652322779
81727,0.34994754527225685
81728,0.30608459064341254
81729,0.3789558348107161
81730,0.3507543569538644
81731,0.34512850393780153
81732,0.3517860230102098
81733,0.37722308287822764
81734,0.3157504537187447
81735,0.4219997658839868
81736,0.3544248653335953
81737,0.3637629361771678
81738,0.32645668636420166
81739,0.3400702420276129
81740,0.3554300792315407
81741,0.40618771982201013
81742,0.33279282223707635
81743,0.3442935165159917
81744,0.35836212419817853
81745,0.3103043223400236
81746,0.3425086611251535
81747,0.3373023632920908
81748,0.365187232694168
81749,0.3967967872396017
81750,0.36832839844806714
81751,0.34901168942227573
81752,0.3927421070113986
81753,0.43087550942676056
81754,0.3452587097258517
81755,0.2505984358406648
81756,0.31686588946546107
81757,0.3785889371547829
81758,0.3246326592272442
81759,0.3787250125027537
81760,0.3448384111472439
81761,0.37665805531093977
81762,0.33042822236453434
81763,0.3430130946045752
81764,0.3086795606334051
81765,0.38300127556956176
81766,0.39764585988747825
81767,0.3200364564527448
81768,0.3737773942899399
81769,0.36862894795839196
81770,0.3622744573632354
81771,0.3681059877344475
81772,0.41349169710733796
81773,0.36355177343191303
81774,0.3153455102964994
81775,0.4012045219179929
81776,0.3555480084618903
81777,0.29329780235115344
81778,0.33388921257627946
81779,0.33757356470454625
81780,0.38187792159839895
81781,0.411846322570167
81782,0.3290775903053103
81783,0.3312874709320455
81784,0.3473156614116379
81785,0.35764214291658314
81786,0.38139100008121235
81787,0.31390975030760704
81788,0.3755803700491566
81789,0.3572971124156867
81790,0.3838229405000919
81791,0.35015239556475314
81792,0.34944139690845655
81793,0.37068998843582984
81794,0.3757817314639267
81795,0.3857059843699805
81796,0.3094846560304202
81797,0.4103609293429644
81798,0.35608502419295013
81799,0.3278052529533001
81800,0.34998292315840407
81801,0.32681639265804413
81802,0.290128816661677
81803,0.3637953134760661
81804,0.39695367748451493
81805,0.3739000141420883
81806,0.3981774985882864
81807,0.32465301618200154
81808,0.3612028001846639
81809,0.36863756592459124
81810,0.343965841473164
81811,0.3523323443609544
81812,0.35612982472158095
81813,0.3384315956525796
81814,0.390162889395686
81815,0.3885206065862433
81816,0.3626831224741152
81817,0.32260741918710606
81818,0.34885280721389916
81819,0.2966007952125391
81820,0.32527635953614753
81821,0.3798052830932577
81822,0.3170611978843833
81823,0.35360519310130867
81824,0.4088537963434697
81825,0.37128556140700864
81826,0.40172381236806864
81827,0.37281743248591814
81828,0.349386063731915
81829,0.33206549627487
81830,0.29349922042067644
81831,0.3260024778041034
81832,0.40146297480033183
81833,0.3426095584221669
81834,0.3489974786384253
81835,0.3762468999785827
81836,0.3220548397262197
81837,0.3644614367493346
81838,0.3631709603931086
81839,0.3747059160812604
81840,0.34178365245459214
81841,0.37869240144258703
81842,0.33989711605429007
81843,0.35205998619472173
81844,0.360730444839972
81845,0.3316825374936384
81846,0.3486510206963019
81847,0.33105538011415814
81848,0.37264124202864823
81849,0.39968182794091783
81850,0.33941385305881366
81851,0.3384655354013204
81852,0.3442655443459557
81853,0.3662559020008708
81854,0.3577522727236029
81855,0.374374577629319
81856,0.3326682461767104
81857,0.27183337889671866
81858,0.34711961506939776
81859,0.3532834090162224
81860,0.4322194614827623
81861,0.38326468778907047
81862,0.34924442441898046
81863,0.3399037484857986
81864,0.3307873514434237
81865,0.3749366386743675
81866,0.36326288780078536
81867,0.295017711087334
81868,0.3682630279535557
81869,0.3491175525986001
81870,0.43690539474432516
81871,0.30095802221723755
81872,0.3716922343626219
81873,0.38839141776354763
81874,0.36378419993345473
81875,0.31792227201087614
81876,0.3336611550622346
81877,0.320804902124117
81878,0.2833884233709475
81879,0.2966721150475729
81880,0.3622696930653819
81881,0.3394954409145735
81882,0.38068688190375055
81883,0.3550561744415123
81884,0.3472092093695808
81885,0.32455902098682243
81886,0.39294056307177
81887,0.3393569615949532
81888,0.37116571922280706
81889,0.33057656476690517
81890,0.34335204519562357
81891,0.3765889519000861
81892,0.3276715729970792
81893,0.3333211830119704
81894,0.33467474530510544
81895,0.3377448730322423
81896,0.3513515879763384
81897,0.33572767280309274
81898,0.36969691123985743
81899,0.2861371339164755
81900,0.36148807917536885
81901,0.3634320270785169
81902,0.33775847266112236
81903,0.3319495051188832
81904,0.3602729104255504
81905,0.3389010692255622
81906,0.35808105448499994
81907,0.39419897586183195
81908,0.34340229504360137
81909,0.3618903076618129
81910,0.27370901404646725
81911,0.38652225447726163
81912,0.35480664105639975
81913,0.37775854521260466
81914,0.3511810379985363
81915,0.33821154423040883
81916,0.2981606349208739
81917,0.3643941291572863
81918,0.35775379431970583
81919,0.3558842585550843
81920,0.35654049397243803
81921,0.4213815384938344
81922,0.36239758925068566
81923,0.43531725120053094
81924,0.3855831643025676
81925,0.34022943539491174
81926,0.3440508681068522
81927,0.32892164531664875
81928,0.3185221788219023
81929,0.34806339877217196
81930,0.3407507180529713
81931,0.44184054463351663
81932,0.327450265131864
81933,0.34813092822610153
81934,0.34028023920798034
81935,0.37703655271311703
81936,0.34826880602368454
81937,0.3774727162548605
81938,0.3536799626101948
81939,0.350919098001522
81940,0.3293762471569415
81941,0.36557929571800346
81942,0.3574630391724563
81943,0.33312633793699975
81944,0.3004861235359776
81945,0.37420911419339037
81946,0.3500239934833746
81947,0.3325460269286955
81948,0.3344693947527748
81949,0.3996955573831937
81950,0.32449232724029975
81951,0.33926501524814423
81952,0.3268991128889114
81953,0.36479352396547987
81954,0.3756273608508426
81955,0.34852600166129305
81956,0.37717933057891906
81957,0.3807111840673982
81958,0.32810588796374446
81959,0.41221643073339903
81960,0.38591555600520716
81961,0.3304118951515718
81962,0.3852686247723912
81963,0.3482863693337125
81964,0.3709069057691584
81965,0.4008912559086935
81966,0.35757516914823667
81967,0.35220204192394816
81968,0.32368369761278376
81969,0.343142294182981
81970,0.32618554490211615
81971,0.34960547345899956
81972,0.32508944826655195
81973,0.3492602846936009
81974,0.3052008888225547
81975,0.34207181441894535
81976,0.33226296701990204
81977,0.3790700436314708
81978,0.3569376038769711
81979,0.32529191272998736
81980,0.3333380166707049
81981,0.3437890112668971
81982,0.3832606015223268
81983,0.3375598478260775
81984,0.34338273113839485
81985,0.3125545160892804
81986,0.35098534192328323
81987,0.32058867941539787
81988,0.37781122685719326
81989,0.37618974061773114
81990,0.3739535067760203
81991,0.34785103010055474
81992,0.3210747145116114
81993,0.31086630955382216
81994,0.3747077424252454
81995,0.30986374894668833
81996,0.369694699816173
81997,0.3633883409044696
81998,0.3258279848364086
81999,0.31324008210726906
82000,0.3865810865289112
82001,0.3349598848446368
82002,0.36221046227923465
82003,0.3204749449678424
82004,0.3459219555222413
82005,0.3167720201980942
82006,0.32321756513506555
82007,0.2753164055072533
82008,0.35535016188968754
82009,0.3763883872914181
82010,0.3520995228524015
82011,0.36603859168306085
82012,0.36495890961185345
82013,0.3645469137325774
82014,0.33399360381943394
82015,0.33530828250046635
82016,0.3889517555969828
82017,0.3050234167070842
82018,0.3404789686677593
82019,0.36211160853230123
82020,0.31592634177456563
82021,0.3682065702320928
82022,0.3531400733176747
82023,0.36657874152018954
82024,0.38685507761997334
82025,0.3005062501941214
82026,0.3540232428686876
82027,0.33005004184896536
82028,0.3798849512747176
82029,0.33132849019784066
82030,0.37802705334495756
82031,0.31135237600396154
82032,0.3439906456994383
82033,0.27136029444782866
82034,0.37118554228753003
82035,0.3070053497486489
82036,0.3900676413606891
82037,0.37513165769081364
82038,0.3487583729571851
82039,0.3478335356912981
82040,0.36329259382216905
82041,0.33223910706037985
82042,0.3641528109250476
82043,0.3954755331388033
82044,0.3700809608678382
82045,0.3544926601140545
82046,0.3124827915025249
82047,0.3236624486744655
82048,0.34266935997510467
82049,0.3262123708994074
82050,0.39037342343147985
82051,0.3922252362418414
82052,0.4191380114300649
82053,0.4067401189359136
82054,0.28994897618091964
82055,0.3309406051957743
82056,0.3847715812956077
82057,0.36441272058552227
82058,0.3691524461536272
82059,0.34763511305856365
82060,0.35853675089550935
82061,0.4338223066855603
82062,0.3573412437946166
82063,0.2973424212887609
82064,0.32763679162258524
82065,0.3738534887009812
82066,0.3348149745696183
82067,0.3269856356891727
82068,0.3788527607196521
82069,0.34334158355553773
82070,0.3626276107803546
82071,0.30454844569707623
82072,0.3851488031604154
82073,0.34723520740705716
82074,0.31107367552108733
82075,0.37988534969147647
82076,0.392740506818669
82077,0.39286087484704607
82078,0.3001627771945516
82079,0.3383913170816231
82080,0.3418219478900025
82081,0.31287125613022626
82082,0.37556612642797865
82083,0.34088931460061606
82084,0.3569955848170652
82085,0.2871622699411438
82086,0.34641255293909606
82087,0.35878255258017006
82088,0.3830989507164944
82089,0.3897836463767844
82090,0.30842767829709383
82091,0.34389295803706277
82092,0.370226459873768
82093,0.31202190977749455
82094,0.35507657359778105
82095,0.38163437306652415
82096,0.38275716047408825
82097,0.33684004257754724
82098,0.3381494813594645
82099,0.3541444935549814
82100,0.34685080154127496
82101,0.35305187246268305
82102,0.3360993302461074
82103,0.38062053935231455
82104,0.37902642124527125
82105,0.37132554989324856
82106,0.35385770166629693
82107,0.3242222057907679
82108,0.40828952543380953
82109,0.34572323063576615
82110,0.39053620273956385
82111,0.3919063750836078
82112,0.3160877328995432
82113,0.3508067062410428
82114,0.34076399889461917
82115,0.37757468659600435
82116,0.41779689476929605
82117,0.29703950686451963
82118,0.39788202249600757
82119,0.37036299563548175
82120,0.3345532822388719
82121,0.3828195686266627
82122,0.3580113780049195
82123,0.3867310625709724
82124,0.31684766752244276
82125,0.3627035494368145
82126,0.39052026466665857
82127,0.37284920721101467
82128,0.40140912778901133
82129,0.34168890942240865
82130,0.39502716836388485
82131,0.35668705173751686
82132,0.3201267335722894
82133,0.3737618320858156
82134,0.3016073921607475
82135,0.3395012363827664
82136,0.33749149753999313
82137,0.3181449918252797
82138,0.32506697090246045
82139,0.34671681466049614
82140,0.3635939186423236
82141,0.3278173800737546
82142,0.37752016797353904
82143,0.32997778133973227
82144,0.31403486518535956
82145,0.3268964486345342
82146,0.4184477360276117
82147,0.3367550211325836
82148,0.322000729757588
82149,0.42306006130810137
82150,0.37061215578599555
82151,0.3726838217113703
82152,0.3603707893152312
82153,0.3133513456361968
82154,0.3241517085833017
82155,0.38605143659434044
82156,0.3933317646798618
82157,0.36584554231225497
82158,0.3365095611182961
82159,0.3229099133181554
82160,0.3182939133631971
82161,0.31045491051603635
82162,0.3455072731073531
82163,0.29915943588064337
82164,0.345008200602163
82165,0.3921037204067317
82166,0.3795534288995488
82167,0.3448564883576468
82168,0.3929380460893557
82169,0.32906399060230485
82170,0.3331306769676812
82171,0.3605041081170833
82172,0.41676411012452047
82173,0.3551300833315463
82174,0.31607083186264656
82175,0.33861120410436674
82176,0.3178191784765573
82177,0.3609795599071445
82178,0.36954063585336117
82179,0.38241730594527934
82180,0.40218630459950494
82181,0.35205516179109914
82182,0.42460223048240064
82183,0.36181134972033857
82184,0.38659910853423407
82185,0.35979712320824575
82186,0.2948023891139858
82187,0.38268308880169216
82188,0.4143051205668183
82189,0.36691169151888947
82190,0.34922872126917437
82191,0.33546318726672725
82192,0.34696534266874635
82193,0.36551032342367584
82194,0.3323403229868708
82195,0.3316376181164193
82196,0.3723895970034003
82197,0.329903179337256
82198,0.3638434030302718
82199,0.4394983217202807
82200,0.34031086755435774
82201,0.30845060296760807
82202,0.37862754495692474
82203,0.3431509216207863
82204,0.37381836933159274
82205,0.34823169892388633
82206,0.2792059509196999
82207,0.30981647136886376
82208,0.3224175057628588
82209,0.3243463402177149
82210,0.3218118299739027
82211,0.3395477775238112
82212,0.3571168671293394
82213,0.3403290028584033
82214,0.35147633992779614
82215,0.32129745370849566
82216,0.3394485853378758
82217,0.36021811693516925
82218,0.3771193000311222
82219,0.40152806231672494
82220,0.37836900154308967
82221,0.3546793184279152
82222,0.37285090367358426
82223,0.4188215439898506
82224,0.3126123242192787
82225,0.3537932880789265
82226,0.3474198058911234
82227,0.3112377590104578
82228,0.41645569362817797
82229,0.3716162079087793
82230,0.32441279111913823
82231,0.3733585081580295
82232,0.2848038606112614
82233,0.34079377301133323
82234,0.3596869445700119
82235,0.36286982194305617
82236,0.32212276376215326
82237,0.3877203941016729
82238,0.3894480264770493
82239,0.33688474078182534
82240,0.36607691659785924
82241,0.368091241433591
82242,0.42533219335267336
82243,0.4172191135755914
82244,0.34358498779243324
82245,0.3519062640475437
82246,0.3850824758907345
82247,0.35996458480313986
82248,0.34635947166735304
82249,0.4098454162268798
82250,0.33435554470321976
82251,0.34477136014917115
82252,0.3980021526241291
82253,0.31957037519487697
82254,0.3523825814784474
82255,0.3192618797116329
82256,0.3123313530970624
82257,0.3991868958284054
82258,0.37460330932550095
82259,0.3342933107646414
82260,0.30871871378925686
82261,0.3462804628800448
82262,0.38007436188326976
82263,0.3580113992232798
82264,0.34064499589068525
82265,0.3871087006309597
82266,0.3487364480952428
82267,0.3911658388927581
82268,0.3294350648668336
82269,0.31659098486202486
82270,0.3376800145137512
82271,0.26531998665502793
82272,0.3320593488185303
82273,0.34840461803193046
82274,0.32912405378724696
82275,0.3662194811805284
82276,0.32492998376193627
82277,0.38412711373843084
82278,0.3411930219897869
82279,0.37256343442972434
82280,0.3821656179920628
82281,0.3443588082594173
82282,0.3521126808483318
82283,0.3316955234259419
82284,0.4198217137438599
82285,0.3471031096236686
82286,0.3477205017517162
82287,0.35519041800431533
82288,0.4241130170752911
82289,0.3844929492925698
82290,0.35167419910990294
82291,0.34002509881255044
82292,0.3499177314352727
82293,0.3430849824065423
82294,0.3493198721322788
82295,0.3272426744119235
82296,0.3598137265308235
82297,0.3339513247141987
82298,0.38477047727398966
82299,0.25823594791077936
82300,0.34488517700655547
82301,0.3312208760883804
82302,0.3256099885523871
82303,0.3502427134589066
82304,0.30656448876681136
82305,0.40740734854358795
82306,0.33282051379288863
82307,0.32629449059101606
82308,0.3324561424616621
82309,0.31400272344420466
82310,0.3053036295756414
82311,0.35217176200015704
82312,0.326821465692152
82313,0.36135035590712183
82314,0.403549371417814
82315,0.3724356127404279
82316,0.342554782509449
82317,0.3439177900190883
82318,0.3697283029464996
82319,0.35228469690961534
82320,0.3499640136097354
82321,0.3634253070005202
82322,0.3438615865206108
82323,0.34078353121667365
82324,0.3359056061023643
82325,0.35087178033740163
82326,0.34685545515823546
82327,0.3600630711614328
82328,0.3634273148390121
82329,0.3579390907309518
82330,0.3697827828460163
82331,0.3075264941743954
82332,0.3346541179541536
82333,0.33883110678531003
82334,0.34795947824333945
82335,0.36432267993446565
82336,0.3444654934179626
82337,0.36517300391519775
82338,0.38452609807131105
82339,0.3712340482658319
82340,0.329844564982059
82341,0.3488963562834159
82342,0.32824475909518963
82343,0.3849297507375325
82344,0.35310760199106955
82345,0.363470909651124
82346,0.3480346111730301
82347,0.35882968211559263
82348,0.3706662814002407
82349,0.3522683579454449
82350,0.2974537170318574
82351,0.3634258057011913
82352,0.34499733616343115
82353,0.38091314282601973
82354,0.3423492985356058
82355,0.3252683408978887
82356,0.36579514569394
82357,0.3659712301472212
82358,0.43568465670902845
82359,0.3674482075858855
82360,0.3985453618967688
82361,0.39385072060884396
82362,0.3208458597220337
82363,0.3473274546766217
82364,0.3331653887992292
82365,0.40570107118583865
82366,0.30532542313186883
82367,0.28415359658011374
82368,0.30369432205734
82369,0.3880026468116855
82370,0.302757741684035
82371,0.3270870406133789
82372,0.3917667794969008
82373,0.41217092793615806
82374,0.3506811859366836
82375,0.3520254305994136
82376,0.3557355115339637
82377,0.34912653829887313
82378,0.3822571050516054
82379,0.3614880336434263
82380,0.3650928299489818
82381,0.33410254436183007
82382,0.3057324358761528
82383,0.34934288816006126
82384,0.36138333199846656
82385,0.39617537461997376
82386,0.29983703405703305
82387,0.3727567692631999
82388,0.3534477513382402
82389,0.32063805793725153
82390,0.33545690123446853
82391,0.2749177273686281
82392,0.3227647344010469
82393,0.3484598427744991
82394,0.3435455819734544
82395,0.3695344546603983
82396,0.36460469906464493
82397,0.3316355114105566
82398,0.31112696890778485
82399,0.3853060540129723
82400,0.36447250492724187
82401,0.2965889577840468
82402,0.37107532579954167
82403,0.3667126515324493
82404,0.2821677850144563
82405,0.33477344835583056
82406,0.34467101901686725
82407,0.35636327433221904
82408,0.3592337131715629
82409,0.3291718663882718
82410,0.3948561523614908
82411,0.3447471609601894
82412,0.3166557503275702
82413,0.34672626251286
82414,0.39079096767537447
82415,0.3401163487014514
82416,0.39308961312496854
82417,0.36003569812623415
82418,0.3700781441995512
82419,0.3353692597351591
82420,0.3595911350369704
82421,0.3650340740110447
82422,0.3939327697157649
82423,0.3339532251592451
82424,0.37762879098515456
82425,0.37942866433104633
82426,0.3746872943870981
82427,0.3738549240347002
82428,0.34913585231685385
82429,0.3766184688679723
82430,0.3934445268477775
82431,0.38919218823082846
82432,0.35562963709250234
82433,0.37438036789267287
82434,0.33061753787477666
82435,0.41111614229070254
82436,0.35544447281466396
82437,0.31578135629199877
82438,0.3889684134144481
82439,0.36371446780459404
82440,0.37030222748064606
82441,0.3594058933613703
82442,0.3313467591016188
82443,0.33832906472729873
82444,0.3195641271040831
82445,0.40205977131284754
82446,0.38136813988428686
82447,0.34909346612675596
82448,0.36693514637956204
82449,0.32543984548785077
82450,0.37698804405081254
82451,0.3033116622629763
82452,0.3328388828820443
82453,0.401597437386203
82454,0.40205515310661705
82455,0.3387108782445143
82456,0.36529505693944725
82457,0.40131715007685265
82458,0.34970606660342396
82459,0.34000031857172985
82460,0.32605895609610597
82461,0.3417243738704939
82462,0.39444780076472363
82463,0.37164411618537185
82464,0.353082565985396
82465,0.33720795385132946
82466,0.354318725744494
82467,0.33793036839007773
82468,0.3821287267762478
82469,0.3415398213782123
82470,0.35628528790909636
82471,0.34345996294671305
82472,0.3596642234827056
82473,0.37866560259681525
82474,0.35846454237367364
82475,0.3842513162924154
82476,0.38697073776021357
82477,0.33909687195942945
82478,0.2819203920347223
82479,0.32945420196077707
82480,0.35139778691297757
82481,0.35195219557896956
82482,0.3396432442732058
82483,0.320312773969531
82484,0.35574416534190023
82485,0.37935192421032343
82486,0.36223216973479105
82487,0.29542528638476273
82488,0.3482517761472055
82489,0.3130946491216992
82490,0.336818731707979
82491,0.36528957247404553
82492,0.3467896340333955
82493,0.40128864136708425
82494,0.38502580903406386
82495,0.3808313538055479
82496,0.3093494092750823
82497,0.34581221568116405
82498,0.36222456713580264
82499,0.38713554006972506
82500,0.33351719108643774
82501,0.34574675489469503
82502,0.3326119064043491
82503,0.37812771821123836
82504,0.36955669993155943
82505,0.3820665460578839
82506,0.28681579261289364
82507,0.43194829293631626
82508,0.31210789685790025
82509,0.3956754918726158
82510,0.36503122674474014
82511,0.3245501695188249
82512,0.38125471205667816
82513,0.2972930329464357
82514,0.33250959905422633
82515,0.36378884070259504
82516,0.32392389633625696
82517,0.4277120805764611
82518,0.3704077202295103
82519,0.3994236767218752
82520,0.37221519531051045
82521,0.381716982063161
82522,0.34832962753683955
82523,0.3740741325557505
82524,0.3694424424602088
82525,0.3728195638158943
82526,0.4060207168795771
82527,0.3767528080388084
82528,0.3722195167017709
82529,0.3563712711212647
82530,0.34483849116169707
82531,0.4057452110902412
82532,0.3062024696557628
82533,0.32112240660935576
82534,0.37573369285431146
82535,0.3624627759318203
82536,0.36776108866302104
82537,0.34887253484971426
82538,0.31007131893635487
82539,0.35121906162634103
82540,0.38776928963436136
82541,0.36735099339875416
82542,0.34270952770815705
82543,0.37772909094536317
82544,0.34908308243648783
82545,0.30714068234868536
82546,0.37533505486312224
82547,0.3151642752410527
82548,0.3307478667326783
82549,0.39209566831848097
82550,0.3030107432829806
82551,0.3538730059434747
82552,0.3634255037444887
82553,0.35345632839534064
82554,0.3482410831167277
82555,0.37497406757333623
82556,0.28634051115534714
82557,0.3706090193141688
82558,0.32793578845544613
82559,0.3765001191173565
82560,0.33004110611016807
82561,0.34814348970548903
82562,0.37445009754940406
82563,0.4025203641041842
82564,0.36252538115573524
82565,0.3589122932058493
82566,0.3819362654521946
82567,0.2812186560371028
82568,0.36400537071264516
82569,0.37236236155986685
82570,0.34397026643408357
82571,0.36822773433128786
82572,0.36718790396212303
82573,0.3474634522807651
82574,0.3473980321018966
82575,0.37038913804858004
82576,0.29995733728500784
82577,0.344472398560227
82578,0.3362815489063194
82579,0.3359576363062591
82580,0.3609292687734957
82581,0.3187228652809983
82582,0.32453422597396575
82583,0.3724260515856528
82584,0.3343333986972161
82585,0.33552337080518024
82586,0.3884585403445812
82587,0.3665635015808759
82588,0.3524178742906211
82589,0.3361352946560569
82590,0.3761592584848707
82591,0.3505474974131689
82592,0.3560669659283378
82593,0.3577681934683467
82594,0.37485755399836046
82595,0.378973025910933
82596,0.3971476439731285
82597,0.35250967360757074
82598,0.3619914650297143
82599,0.3568053137904349
82600,0.2761055325110753
82601,0.32348426314877754
82602,0.3591468062796829
82603,0.3207536935406864
82604,0.37997793378234335
82605,0.370766939741408
82606,0.3999668037032974
82607,0.3331932240848495
82608,0.3673727961604555
82609,0.3188197444481367
82610,0.3859119512126267
82611,0.3840233339003692
82612,0.3912668775603736
82613,0.40668121313116384
82614,0.36739260065342866
82615,0.3707453744965762
82616,0.3764950981400385
82617,0.3572457235905287
82618,0.32984402765445764
82619,0.42578122100743276
82620,0.30875930577416216
82621,0.33635017777867016
82622,0.3720515303062581
82623,0.3529446428791652
82624,0.3890654492058188
82625,0.3049531185362683
82626,0.4264824003926045
82627,0.4696621666783339
82628,0.35139310160547127
82629,0.34676582210415774
82630,0.3377999428277067
82631,0.37037300255533423
82632,0.4181682714864462
82633,0.3618040752844969
82634,0.36313016033548323
82635,0.38922589728069873
82636,0.37296751570706577
82637,0.32443136559770047
82638,0.3924148375277715
82639,0.3953732381598273
82640,0.3591476277568528
82641,0.3539437078258422
82642,0.41187301994732384
82643,0.3862417804918799
82644,0.3645834669965643
82645,0.3871205224563789
82646,0.3854211521446152
82647,0.4051587198266226
82648,0.366586096894128
82649,0.33071936825011183
82650,0.3254301122224991
82651,0.3200053965929186
82652,0.34335834342767607
82653,0.35796837476584076
82654,0.428685191279904
82655,0.4022584092322215
82656,0.3660800401109751
82657,0.35570940698149495
82658,0.34412817789266853
82659,0.34395763030047866
82660,0.3492896453315602
82661,0.3807898919075383
82662,0.3468865940528061
82663,0.3482567916737135
82664,0.3374929011564442
82665,0.34635870902174276
82666,0.28835208399191364
82667,0.3632140658979536
82668,0.3561687856461659
82669,0.2914264565481075
82670,0.40451179862683845
82671,0.4012792532603086
82672,0.34526007630605243
82673,0.38642955740898866
82674,0.3562112053403874
82675,0.3514107448693078
82676,0.4232281413622314
82677,0.3956410880746384
82678,0.3228576782338858
82679,0.33848952868608795
82680,0.33494966769750073
82681,0.383518920668771
82682,0.359861642749949
82683,0.37885797893364803
82684,0.3266265909130776
82685,0.3153179680591146
82686,0.3486331918015657
82687,0.4071342268109229
82688,0.3772332715779044
82689,0.3186620645989825
82690,0.3755772709870036
82691,0.38356113288586235
82692,0.3664587835715562
82693,0.36572993896624234
82694,0.35918880748508875
82695,0.37420286854619217
82696,0.36522727184151405
82697,0.42710002037362055
82698,0.3445436835665918
82699,0.30980120250212884
82700,0.34727145373152296
82701,0.3771003787788367
82702,0.33914978301835724
82703,0.32171713336357066
82704,0.3495658559320459
82705,0.3624411699596122
82706,0.32701869757977925
82707,0.3687137540195064
82708,0.3888855292155557
82709,0.4016054911201629
82710,0.31607796851873005
82711,0.31527242067596317
82712,0.3762918621043676
82713,0.3741932826630205
82714,0.39796337273375426
82715,0.333686630548686
82716,0.35216976218662205
82717,0.370534474240327
82718,0.37050245567380957
82719,0.36615976678811546
82720,0.4118340397957242
82721,0.38535796427903846
82722,0.3462863522258235
82723,0.36615133273538975
82724,0.37230099820563584
82725,0.3307160535936238
82726,0.4032620638436908
82727,0.40151060674960204
82728,0.3293880918102457
82729,0.3671096993599791
82730,0.36401913667481955
82731,0.31971230242087584
82732,0.35167384997737355
82733,0.41207624041360635
82734,0.3819654366406785
82735,0.3638027316634102
82736,0.3145872831317898
82737,0.38834836754502383
82738,0.39848412009839485
82739,0.3904593523908629
82740,0.34911008176161956
82741,0.3722949631144267
82742,0.37666605317587154
82743,0.3977788419943139
82744,0.3740106722035689
82745,0.3262371723534233
82746,0.3362721400409478
82747,0.4132494825188409
82748,0.3370214238098446
82749,0.38446240946511984
82750,0.345283512158151
82751,0.36001638871651737
82752,0.3212282306961317
82753,0.3760444171864904
82754,0.3630137697637327
82755,0.33477596260693027
82756,0.3603737916265169
82757,0.31683713250778006
82758,0.29199059465735244
82759,0.36564233176391386
82760,0.357284944965103
82761,0.4007443441339067
82762,0.3439697613126581
82763,0.34164349356585194
82764,0.3655839164609884
82765,0.3911810265271073
82766,0.3268633874916573
82767,0.3305316392408964
82768,0.34430886389908
82769,0.30763615841821756
82770,0.2997468897141461
82771,0.3169618148731162
82772,0.36967715057013045
82773,0.3300569398547858
82774,0.3404595827185593
82775,0.3908055357918375
82776,0.29231448839000934
82777,0.33160560446288845
82778,0.43825008567568574
82779,0.3396849222790045
82780,0.34049724910475965
82781,0.3417500446742076
82782,0.3475275119624253
82783,0.392558729676985
82784,0.3950741158764367
82785,0.3620356601774726
82786,0.3609069671787931
82787,0.32399883982342687
82788,0.35051855585267444
82789,0.33383607465835663
82790,0.39888375805244575
82791,0.3631287566224328
82792,0.35542253760696296
82793,0.3415935622999961
82794,0.34699489891673235
82795,0.39460886384465654
82796,0.4281371228183342
82797,0.3923264083935158
82798,0.322923319225738
82799,0.38030941192028134
82800,0.3591384937675744
82801,0.3013148426638538
82802,0.36487424384587397
82803,0.3421021057689019
82804,0.3379052186947854
82805,0.3307552806847587
82806,0.34339498492860837
82807,0.37900503788692075
82808,0.35812722514260725
82809,0.3422711044908859
82810,0.3459081910986227
82811,0.35546765073642195
82812,0.37998063705584884
82813,0.31750526693823555
82814,0.35256300343871905
82815,0.4491116425704948
82816,0.39385542348206437
82817,0.3400115569149529
82818,0.3903648007711087
82819,0.39312551276119156
82820,0.33288415017023465
82821,0.39110923134558695
82822,0.30793411397933
82823,0.35791199854007644
82824,0.3307470979112271
82825,0.36417163758681953
82826,0.37310646896696725
82827,0.3483922316869934
82828,0.3206505133141918
82829,0.3570835812003064
82830,0.36334912471347103
82831,0.3171705182809559
82832,0.3810265985640618
82833,0.34303489093952505
82834,0.3211739831353605
82835,0.36322241279291834
82836,0.3620742159157517
82837,0.35979890477790594
82838,0.3322957510557148
82839,0.3343175335712979
82840,0.37207665371118526
82841,0.35656421485454004
82842,0.3605286106558301
82843,0.3562016095892411
82844,0.3480325392009236
82845,0.384585540740482
82846,0.370517885482265
82847,0.3587283680889368
82848,0.3301025838638872
82849,0.3478327397203949
82850,0.35810811893797956
82851,0.31545848456051506
82852,0.3212115904698436
82853,0.35508309129402676
82854,0.3528467443243446
82855,0.36220461070690924
82856,0.37459249067263145
82857,0.3508680703844956
82858,0.32224821554091626
82859,0.3227781514451943
82860,0.37413146492282195
82861,0.259092179484799
82862,0.31612092038506434
82863,0.33951298768021915
82864,0.3760656578247214
82865,0.41845983271917864
82866,0.37006889712356367
82867,0.3467227720549208
82868,0.34585606460452895
82869,0.3495180327122014
82870,0.34463876371225133
82871,0.406543078565142
82872,0.4014628397383561
82873,0.3137946646125311
82874,0.3858491429202863
82875,0.39825284120825105
82876,0.3594282316513172
82877,0.40427172100665615
82878,0.3943404868277967
82879,0.31853556474647404
82880,0.34965454796571216
82881,0.3244407635168542
82882,0.3753537362994778
82883,0.3672974387978049
82884,0.35691078699768364
82885,0.37415437665529117
82886,0.3702586759598567
82887,0.3847233143157027
82888,0.3227329873341975
82889,0.3794349107248419
82890,0.3394738340783497
82891,0.3806731025754527
82892,0.3896412364015904
82893,0.37495783804121535
82894,0.32101871039602636
82895,0.3368637903799183
82896,0.3445909529467749
82897,0.37997681588506577
82898,0.3542394293117305
82899,0.3412493791507549
82900,0.32783783052460824
82901,0.35492517770683757
82902,0.31376194295563914
82903,0.29191572515297354
82904,0.399855615146226
82905,0.3176512409575192
82906,0.37191402440033167
82907,0.3773606721124692
82908,0.35673214883237
82909,0.3411249989445106
82910,0.3189278373915428
82911,0.34512343249083527
82912,0.3625572925866687
82913,0.33451371887573794
82914,0.3243095370458461
82915,0.39268004607207796
82916,0.3233967009636138
82917,0.33552935454659194
82918,0.41828129367986866
82919,0.3868205678877862
82920,0.35779054760469026
82921,0.3336322035149897
82922,0.35352710161186535
82923,0.29876361371092547
82924,0.34459609228117716
82925,0.38023909755140006
82926,0.37207637667120314
82927,0.37272644067719063
82928,0.32974239182602144
82929,0.369388221463291
82930,0.32855909317513265
82931,0.36805363021738774
82932,0.37551611810345153
82933,0.3683506223892593
82934,0.30992665259337604
82935,0.3074590828278267
82936,0.36877937212343725
82937,0.3942715271006979
82938,0.3358682750665054
82939,0.35540655755217737
82940,0.38909136926374976
82941,0.3863053890430588
82942,0.35137337149637043
82943,0.3859698504753339
82944,0.3372581982217545
82945,0.3620144655447007
82946,0.37340434063478517
82947,0.34454527948850594
82948,0.3097655998135598
82949,0.35621143101814123
82950,0.35756084723785997
82951,0.36798955536638817
82952,0.34910768480538684
82953,0.37688594521934515
82954,0.3741469215563779
82955,0.35715377968487194
82956,0.3710854523466874
82957,0.38745489313214576
82958,0.37137964211496405
82959,0.3499492861164016
82960,0.3921147182638702
82961,0.2964940563790325
82962,0.37390098930945626
82963,0.3068534665214733
82964,0.3864926898619651
82965,0.3501238237608088
82966,0.3745627332343259
82967,0.31603412038055695
82968,0.33139240727264935
82969,0.345611468961989
82970,0.3029237726058652
82971,0.27695680063200384
82972,0.3324304736581336
82973,0.3657221246002704
82974,0.3219591831078398
82975,0.370640069941871
82976,0.3737362449544792
82977,0.35099229324158465
82978,0.3439561369170644
82979,0.3594596972895548
82980,0.362165211277427
82981,0.3334876944663042
82982,0.3340939023906609
82983,0.3098850767883977
82984,0.3487099037880848
82985,0.3752383214959669
82986,0.3672596207456142
82987,0.3162883432080761
82988,0.32778579698195004
82989,0.34663970129269955
82990,0.3679404685134463
82991,0.2833768611260459
82992,0.4063410603866753
82993,0.31522266919364433
82994,0.39117263251664935
82995,0.3782561298683933
82996,0.36060990911783175
82997,0.3722552236180282
82998,0.26376811966561353
82999,0.33552198999865473
83000,0.3102575265986456
83001,0.33963417417816727
83002,0.3449866641767937
83003,0.37066122203050333
83004,0.30046553145875704
83005,0.38552480721789945
83006,0.3457757036288105
83007,0.33609560420800244
83008,0.360328961257093
83009,0.3281318699795001
83010,0.3415249558357196
83011,0.3044904926746419
83012,0.3348908517042907
83013,0.35715633306001887
83014,0.41923382440650975
83015,0.35771455484533443
83016,0.3607459771382967
83017,0.3046012166024977
83018,0.36518704294226395
83019,0.3728227890893758
83020,0.35908031533083234
83021,0.30154365053645
83022,0.3348931421969291
83023,0.3116840242139059
83024,0.4152627148503286
83025,0.40958862809413743
83026,0.4176613016740457
83027,0.3332216615371682
83028,0.368649321552092
83029,0.35474433865787197
83030,0.39226428037502314
83031,0.38235916372494694
83032,0.3734780789498168
83033,0.3442207269715498
83034,0.4143367015221527
83035,0.3941530238152817
83036,0.3160297446212589
83037,0.317232668250537
83038,0.3652918646269307
83039,0.3948651415012724
83040,0.40983131597368416
83041,0.36309314409523447
83042,0.40942322248921653
83043,0.37448617292446273
83044,0.31571039457790245
83045,0.3134623000715344
83046,0.36284781305457897
83047,0.35716465674710396
83048,0.32994281156544203
83049,0.3886162729702047
83050,0.3269851545568387
83051,0.3399116169073204
83052,0.39122547708215205
83053,0.37503093614154936
83054,0.3762392957942915
83055,0.36686312653358866
83056,0.36091465599480543
83057,0.3620056238149905
83058,0.37248692017649065
83059,0.36691966808181053
83060,0.38409279363172866
83061,0.32318995629219127
83062,0.3744631638324386
83063,0.39403673628873465
83064,0.3651347404539074
83065,0.3921725448614577
83066,0.3682109957469578
83067,0.33520062744479595
83068,0.3553990689006456
83069,0.33757568901598645
83070,0.3721486809433443
83071,0.3478391643441293
83072,0.3392746169169079
83073,0.34348400650193994
83074,0.3245870364386406
83075,0.35738268863468897
83076,0.3311662732220561
83077,0.34208522266538804
83078,0.3623559298636928
83079,0.33689381096753257
83080,0.3294082061125314
83081,0.36680205903036917
83082,0.3512770645421838
83083,0.39553886342751243
83084,0.36212508452918346
83085,0.3616103235905659
83086,0.3637214278918815
83087,0.31051289750492594
83088,0.3569474962347439
83089,0.38577522004001363
83090,0.30613287530116795
83091,0.34816186602307037
83092,0.3547217916693991
83093,0.2933458836991114
83094,0.38182816450256607
83095,0.32760093382993677
83096,0.36267919988630903
83097,0.33895103011152694
83098,0.35527784030178394
83099,0.32217049470498627
83100,0.33333610416123344
83101,0.3401192995642241
83102,0.2764569882408034
83103,0.30910296605957227
83104,0.3684648412574825
83105,0.3540971581297992
83106,0.335638497710745
83107,0.3235931971235141
83108,0.33388562180327774
83109,0.3356956039972077
83110,0.39879015271142804
83111,0.29079073270699407
83112,0.3476816626565141
83113,0.3701033459215422
83114,0.30958918075932873
83115,0.2993729696657288
83116,0.35328316926091047
83117,0.3203378419726594
83118,0.39157861862309984
83119,0.3622118785450863
83120,0.34997504321958806
83121,0.38654906919465976
83122,0.3417036871978533
83123,0.34835564780916417
83124,0.2968222703626937
83125,0.31734320503729174
83126,0.3577928918533258
83127,0.3451307638239221
83128,0.3898051861063302
83129,0.33820445022732043
83130,0.3553075200576907
83131,0.39467174553666073
83132,0.32282011858013665
83133,0.34193511885828587
83134,0.35023304345977724
83135,0.31599231781007275
83136,0.3913158232331638
83137,0.307336440125816
83138,0.3474153119870331
83139,0.3982937559543974
83140,0.3382125417535504
83141,0.341143494236138
83142,0.36409101002272654
83143,0.3854683412881768
83144,0.4095172290754132
83145,0.364670297740776
83146,0.351269677146068
83147,0.37405720332535863
83148,0.34127264261474294
83149,0.2986265204600458
83150,0.3499750523869912
83151,0.3743966876062645
83152,0.3147426588820698
83153,0.2972367717265163
83154,0.3902305021354414
83155,0.3568916094973423
83156,0.37265301314215005
83157,0.3123387912695605
83158,0.3574448258779378
83159,0.3645311913968027
83160,0.333316792319425
83161,0.3543478493810751
83162,0.3307369963410873
83163,0.4281941210080213
83164,0.42386887531086337
83165,0.34047102370326665
83166,0.3570267466831868
83167,0.3653391268152263
83168,0.32935003584479094
83169,0.36446545433131483
83170,0.33331779819017754
83171,0.3647317743403793
83172,0.32976024892165384
83173,0.3754291251784712
83174,0.35689148820190714
83175,0.33641896478587546
83176,0.3899844155437924
83177,0.33474571122394925
83178,0.3704079103540682
83179,0.3417273366057999
83180,0.36850534398756873
83181,0.3481605506582003
83182,0.28316456839075377
83183,0.3889943274431073
83184,0.3263482454932886
83185,0.34378839766822766
83186,0.3197834360956887
83187,0.310631908922583
83188,0.33445042389789614
83189,0.35935643463800354
83190,0.38758640156741037
83191,0.3071718478107809
83192,0.35349441259063197
83193,0.34670653992073824
83194,0.36343567935421617
83195,0.366622995608033
83196,0.3592926899110832
83197,0.3873177511333213
83198,0.36792584199412115
83199,0.3320837965095711
83200,0.43441926313345575
83201,0.39284524284484107
83202,0.3398367366682813
83203,0.3762157757391225
83204,0.3589218902247116
83205,0.331852196481482
83206,0.3310203979510527
83207,0.3866630325409245
83208,0.34035662159475655
83209,0.35601946478520596
83210,0.38843831199954026
83211,0.3762948825169894
83212,0.3067588312115199
83213,0.34718303716287047
83214,0.4112858049022061
83215,0.3456961195240454
83216,0.3686641126212866
83217,0.36093624462934754
83218,0.3994590579908854
83219,0.3490653216050438
83220,0.3813067432256009
83221,0.346813680940843
83222,0.32250819708530964
83223,0.3490189300300143
83224,0.3413563177566544
83225,0.3183766318692016
83226,0.3530383804206876
83227,0.3316451691551875
83228,0.38056971777333193
83229,0.33337905074117036
83230,0.3294031127979101
83231,0.33190964458922007
83232,0.3562291441067635
83233,0.4071550334288576
83234,0.3813350153963405
83235,0.39121471070802666
83236,0.3275936425178933
83237,0.3730818147149509
83238,0.3904118142809421
83239,0.3578226690615448
83240,0.3098216683794484
83241,0.369736228519958
83242,0.37461097113780756
83243,0.3796375587020617
83244,0.3234522663778778
83245,0.3486280151301325
83246,0.3576980602571044
83247,0.3686934718630921
83248,0.34799359844789074
83249,0.34005311028830015
83250,0.4363269015717898
83251,0.4426107412544386
83252,0.3800948637470035
83253,0.3292331267836869
83254,0.38632022565545654
83255,0.3376190308232818
83256,0.35794508461865143
83257,0.3523534477020248
83258,0.3082846470089448
83259,0.29567181286437727
83260,0.3132858299634813
83261,0.36078651105579373
83262,0.33163092915739906
83263,0.431151569142431
83264,0.380952467846555
83265,0.3158849326922746
83266,0.336024050374207
83267,0.3281155930475078
83268,0.37424027170396545
83269,0.36291727576669736
83270,0.36673733305663364
83271,0.32585733545350615
83272,0.31186306620556464
83273,0.368319684128118
83274,0.3841017480726333
83275,0.3648468888538679
83276,0.3695758818410103
83277,0.34811187387160814
83278,0.3492218037308915
83279,0.3823490673213219
83280,0.32904888434558927
83281,0.3579128098390094
83282,0.3720146484912165
83283,0.3792279412601876
83284,0.40661249894219753
83285,0.3683905356693113
83286,0.3307746479609691
83287,0.37693313410033447
83288,0.30242961334613583
83289,0.342917169025
83290,0.3086543184017243
83291,0.3559792051314158
83292,0.3666813346220528
83293,0.35363639730843693
83294,0.37103940110229267
83295,0.3585167438152745
83296,0.3739268144254697
83297,0.38238360687029577
83298,0.35643120100258774
83299,0.37319214646837445
83300,0.3670089285041885
83301,0.3611252199649086
83302,0.376314508686526
83303,0.3379662948406776
83304,0.3438672017276833
83305,0.377770784958634
83306,0.3747468778601992
83307,0.3699931581258906
83308,0.3056227911641262
83309,0.3565910701173197
83310,0.40047841948467117
83311,0.37075049564322277
83312,0.37042619956002004
83313,0.3049019364464291
83314,0.3725159319758363
83315,0.3912240301917459
83316,0.3242585602459208
83317,0.40818251839489955
83318,0.41172480592078026
83319,0.31211531215594607
83320,0.32386012413728466
83321,0.3255347037950089
83322,0.3315048866492346
83323,0.35116521785053284
83324,0.35036986788085633
83325,0.400205392827704
83326,0.3776568212102446
83327,0.37424753385289905
83328,0.35422268330157275
83329,0.3033341999190446
83330,0.34273750040016254
83331,0.34555202092587883
83332,0.3616148264985279
83333,0.3444358792739745
83334,0.3501884915392821
83335,0.3569807638907484
83336,0.3280824537881351
83337,0.32108856934867136
83338,0.3657590930214765
83339,0.375372918357468
83340,0.2988742762765175
83341,0.37176846028758187
83342,0.3210396867206513
83343,0.39574155149041607
83344,0.3276417081750787
83345,0.3760128163165893
83346,0.350754777360167
83347,0.34584390398795684
83348,0.34353896696506714
83349,0.3445485392345217
83350,0.337211565304848
83351,0.32094985959185723
83352,0.33108112962536507
83353,0.32502546258106885
83354,0.39005168175799776
83355,0.30690696275788504
83356,0.35840083751523943
83357,0.3681549346992777
83358,0.3557023534759162
83359,0.3532802552618303
83360,0.3865030384030386
83361,0.29321003303444343
83362,0.4353879766313507
83363,0.3629687994322007
83364,0.37026307927454377
83365,0.34657120083720644
83366,0.3895545083587435
83367,0.36234211197188365
83368,0.37302961126183326
83369,0.2960998500177396
83370,0.36388117496941097
83371,0.34926674585555695
83372,0.371962762233148
83373,0.3706264941614941
83374,0.31676786154738135
83375,0.3917656371058307
83376,0.32069994056254403
83377,0.3018629085201089
83378,0.3343219386757822
83379,0.34774282780533744
83380,0.3637471709419913
83381,0.35782933724290683
83382,0.38834840140972643
83383,0.3297508753864612
83384,0.3249669615554716
83385,0.3802196223343554
83386,0.38190935380731855
83387,0.3530906403764774
83388,0.35018098365903566
83389,0.30014751547511304
83390,0.4051518266919576
83391,0.3777863315600661
83392,0.3632369956221108
83393,0.3288125497786084
83394,0.37945779903367816
83395,0.30033863458014104
83396,0.35989196124835204
83397,0.3334290507429855
83398,0.38762927185327845
83399,0.3901282163008038
83400,0.30524977987760454
83401,0.3805980865906285
83402,0.31620481702282494
83403,0.3569175658695798
83404,0.2909427501111887
83405,0.35873900816986437
83406,0.3082673893333032
83407,0.3467544744735571
83408,0.35895054924328124
83409,0.3474273140758032
83410,0.3371367172647335
83411,0.3370731150257136
83412,0.39178784990575033
83413,0.32547214021632026
83414,0.3778971998330068
83415,0.32474167769531104
83416,0.39323882605054294
83417,0.3698829045027907
83418,0.383894573380664
83419,0.38712145872734866
83420,0.36484316187252286
83421,0.34761931347093206
83422,0.3579615790131103
83423,0.34050750303572835
83424,0.3264806842626482
83425,0.37410514234492837
83426,0.37863969859466484
83427,0.387907807980431
83428,0.30909690430561165
83429,0.3688424274713322
83430,0.37625562898905757
83431,0.28784222939704135
83432,0.3315624679788649
83433,0.3528911400420615
83434,0.3177264360104275
83435,0.32212386754837025
83436,0.3574177419939118
83437,0.30310411180098695
83438,0.3662503468634794
83439,0.32838630579493355
83440,0.36992017924499715
83441,0.361877432790821
83442,0.3440770129009958
83443,0.3250097732722175
83444,0.35843949595402474
83445,0.3735548859610041
83446,0.3206923297341719
83447,0.3392580822460641
83448,0.3800459796179128
83449,0.350948958276511
83450,0.32420260990625305
83451,0.31936422139151316
83452,0.31280119234053566
83453,0.3450212129894779
83454,0.31189504757108427
83455,0.3763388729452582
83456,0.30786681700232166
83457,0.3144484123742374
83458,0.3259158653844466
83459,0.3453335201207789
83460,0.3333402250554926
83461,0.3385807411674186
83462,0.3286951368184208
83463,0.3744339637363615
83464,0.425613303755101
83465,0.38791570379367535
83466,0.3539142923617043
83467,0.32106532448412084
83468,0.3745978765226691
83469,0.3512915757140744
83470,0.3539462480384827
83471,0.3925615548676543
83472,0.3785973813798545
83473,0.35803071278224097
83474,0.373473698555582
83475,0.3650757299897621
83476,0.346922422955241
83477,0.33684697091229276
83478,0.4212610392132047
83479,0.36715684407803495
83480,0.3470649268428417
83481,0.3724493450304751
83482,0.3588195049222071
83483,0.3979505256489275
83484,0.35018198831005987
83485,0.37520898545424575
83486,0.4020678794464768
83487,0.3443857905036269
83488,0.3628976838111647
83489,0.37163269441474167
83490,0.358320298409172
83491,0.34028828706165026
83492,0.28985819197579044
83493,0.39105241869228646
83494,0.36323353433765765
83495,0.3647187118505265
83496,0.3998103711908953
83497,0.3506130057184977
83498,0.3397851031660518
83499,0.36253650999136366
83500,0.33444741850858084
83501,0.3751644533130103
83502,0.446639697935985
83503,0.40508387037265486
83504,0.3897255641515613
83505,0.3477150443363684
83506,0.32307446889379204
83507,0.3898582882385129
83508,0.3583939442992662
83509,0.30386616748653456
83510,0.3581401258322959
83511,0.42169279696948575
83512,0.4016021056359215
83513,0.31910573873643544
83514,0.38264236797597045
83515,0.3591176303153592
83516,0.315195572297882
83517,0.3738156420537992
83518,0.339013344964417
83519,0.3330244031704964
83520,0.304900853885827
83521,0.39371461200559515
83522,0.3270875181353315
83523,0.3716549940022332
83524,0.3305833651871016
83525,0.4117617099385352
83526,0.3472244339103872
83527,0.31657229833173156
83528,0.3343924260212346
83529,0.3774033627444022
83530,0.3530147060648195
83531,0.30873790402270945
83532,0.34636680494127087
83533,0.34613530901781875
83534,0.3809755383262431
83535,0.33512095135049164
83536,0.3443187140346905
83537,0.3320246123217062
83538,0.2825892897807463
83539,0.34900992092179334
83540,0.3136258520362649
83541,0.3832353265458878
83542,0.31085717107220223
83543,0.3289239038662818
83544,0.39245175569674523
83545,0.3217428704545473
83546,0.38148667420174304
83547,0.33962955698454894
83548,0.3243468663033578
83549,0.30465527032889206
83550,0.3555879424019567
83551,0.33569855782919017
83552,0.3865380218135298
83553,0.3485360552869904
83554,0.36903216748286305
83555,0.35678945449539246
83556,0.4480557950771803
83557,0.3753709317116389
83558,0.3595873857380032
83559,0.3725995210625532
83560,0.3363114850657708
83561,0.3369282418811212
83562,0.3620384426198764
83563,0.32220371052932767
83564,0.3366048066982626
83565,0.39760980764721077
83566,0.332148888219114
83567,0.3976649004509989
83568,0.33155554404921084
83569,0.35718871774944205
83570,0.3281495475184749
83571,0.3420446090477464
83572,0.34851316845818975
83573,0.3432565182413991
83574,0.3452717362011223
83575,0.38973581924298756
83576,0.35769783165458957
83577,0.34567155604081723
83578,0.4172240111364023
83579,0.3621465702159521
83580,0.3853336013097914
83581,0.3782200153563695
83582,0.3644485658655273
83583,0.39717023826774195
83584,0.3921379800851917
83585,0.35518162341973286
83586,0.3485468189609542
83587,0.38508419035319874
83588,0.42398378761107125
83589,0.35401608706951476
83590,0.3509943797169993
83591,0.28378113665831795
83592,0.3553999797698668
83593,0.33945667833866067
83594,0.4458457544583374
83595,0.3943538199421061
83596,0.3189902907444933
83597,0.322455335389717
83598,0.35392988989126717
83599,0.3009568975339625
83600,0.3823511727907917
83601,0.3580580041003953
83602,0.33805029158056443
83603,0.3515746329787079
83604,0.36162977388228407
83605,0.3469873969840063
83606,0.36345455396160425
83607,0.31649692905617327
83608,0.3548883062438529
83609,0.3563340512484826
83610,0.40922018812124045
83611,0.3451770052395523
83612,0.3572446577399089
83613,0.32933665976706533
83614,0.39231229953593255
83615,0.3700015012571236
83616,0.3214323470919265
83617,0.33211843652484596
83618,0.33396405627830306
83619,0.3902274670699386
83620,0.34567146129611265
83621,0.38624828837640457
83622,0.3430780102924799
83623,0.3482002075708463
83624,0.3988853901611648
83625,0.3517183763104781
83626,0.38901058693147395
83627,0.3311912837848473
83628,0.3170805573817329
83629,0.30166789377100806
83630,0.3544222986302627
83631,0.3325098389722433
83632,0.3448050634831681
83633,0.36634444523081755
83634,0.3129610537064934
83635,0.3533867064861912
83636,0.35969930069210504
83637,0.3666360644624071
83638,0.3229341275173834
83639,0.3471772049240199
83640,0.3528442356824443
83641,0.330653648526695
83642,0.3807460570230463
83643,0.3579831774310682
83644,0.34356210826291056
83645,0.3696499717964404
83646,0.4083086686478937
83647,0.37356778078855774
83648,0.33018415506692733
83649,0.3532945009146371
83650,0.3170389175202952
83651,0.28977927556356753
83652,0.3052445537711378
83653,0.387484456669
83654,0.3256627122977645
83655,0.3084582038750873
83656,0.3302307081937301
83657,0.363796854091823
83658,0.35164371789371535
83659,0.3456517770362497
83660,0.3191242736075224
83661,0.4285604266775643
83662,0.3078999201493203
83663,0.3568936292972803
83664,0.29190435803530085
83665,0.34907951769756174
83666,0.35191995985778807
83667,0.2920721457013225
83668,0.4128795702232857
83669,0.35984372292649724
83670,0.37278973203975785
83671,0.3706756609805157
83672,0.3675325755407082
83673,0.3459370766911985
83674,0.3647172661139346
83675,0.36793513838690045
83676,0.3217380570017976
83677,0.3524232869932658
83678,0.36758325115536383
83679,0.3598192019536299
83680,0.36404960376378076
83681,0.3921195336626895
83682,0.3539222602346525
83683,0.34744392453395867
83684,0.37874002742268
83685,0.3151685535682888
83686,0.30677227034974436
83687,0.32975524493668623
83688,0.37340614024235386
83689,0.2991403083184766
83690,0.3604068042785149
83691,0.38012582544000484
83692,0.32672624729572436
83693,0.38120319122744106
83694,0.35761602281256394
83695,0.35066155207709004
83696,0.3880626105020389
83697,0.3658969413697177
83698,0.3767875535055344
83699,0.4050227148615451
83700,0.3576752399774832
83701,0.36630888956172547
83702,0.34642577823937315
83703,0.31657119350981294
83704,0.36479159363717484
83705,0.31009555387570903
83706,0.4037149662080568
83707,0.34160009796802754
83708,0.395136224293617
83709,0.3957330834964322
83710,0.37320106770517414
83711,0.343773794726818
83712,0.38037403850332263
83713,0.3829990157690861
83714,0.35768673381104255
83715,0.38584755073440874
83716,0.35453113529847
83717,0.30456095341332884
83718,0.34810229209344873
83719,0.3523468981055767
83720,0.3558897522598114
83721,0.36443272726155135
83722,0.37252722901816704
83723,0.3861163594722471
83724,0.31672201449638165
83725,0.3580968959641346
83726,0.35915487566525334
83727,0.4028045543259214
83728,0.367491796244082
83729,0.36140886312080345
83730,0.34279829310462473
83731,0.3863451933442965
83732,0.3213113987803776
83733,0.35248955575950564
83734,0.36550190207683503
83735,0.3538572989139914
83736,0.37960545955828956
83737,0.37636474067517056
83738,0.341136637169096
83739,0.35980644125944006
83740,0.32886513830355935
83741,0.35926147781233414
83742,0.3827806352288443
83743,0.40439235586881783
83744,0.3586249416656954
83745,0.2723370984414809
83746,0.3413950183172054
83747,0.360931500790441
83748,0.3318259570846109
83749,0.3858070652724873
83750,0.313228922692948
83751,0.34976571446339655
83752,0.3198920997880953
83753,0.35182065355424863
83754,0.3088862461302808
83755,0.3839639051169426
83756,0.4311070414773507
83757,0.30446038386908314
83758,0.3767028898986937
83759,0.33851820063049737
83760,0.377864047623429
83761,0.3230208834609515
83762,0.3776352585735368
83763,0.347323537534707
83764,0.34167854784488055
83765,0.40520550663213767
83766,0.4006953384425561
83767,0.35252545131720603
83768,0.37830326721171165
83769,0.36902681636596457
83770,0.3138470690136677
83771,0.3983582928137167
83772,0.33990417785065813
83773,0.3471804091983037
83774,0.3369073956595648
83775,0.3681552448665851
83776,0.35019804033028235
83777,0.32571464091235514
83778,0.3578316408322063
83779,0.29465849597411065
83780,0.40791547101743714
83781,0.3895399879827842
83782,0.2876705139403458
83783,0.38268894116276786
83784,0.33589912147276557
83785,0.3317154410836298
83786,0.31521522245845884
83787,0.35397719179372755
83788,0.4235642442069819
83789,0.395252223689079
83790,0.4248452705802981
83791,0.3746100006106334
83792,0.3237977548468719
83793,0.3219906535107163
83794,0.3678517512012582
83795,0.3274842274404007
83796,0.3589596179324217
83797,0.3187520313068278
83798,0.2579001222187006
83799,0.33285672404201716
83800,0.36158689314801995
83801,0.28118318732084246
83802,0.31388400860923693
83803,0.34541460253569706
83804,0.373641281508477
83805,0.33047645427855493
83806,0.37280363583169845
83807,0.3793678107604459
83808,0.2953279639623391
83809,0.33034052369149164
83810,0.3424481300015533
83811,0.41896140042303764
83812,0.3247249877592745
83813,0.4040453979787245
83814,0.37178411521159477
83815,0.40520089391023123
83816,0.3256181950791107
83817,0.34592138715941334
83818,0.32662213122540584
83819,0.3691483320964375
83820,0.3857066754304075
83821,0.3516406166720655
83822,0.39582569115753086
83823,0.38130898801699076
83824,0.30504296690093957
83825,0.35786909560378055
83826,0.3619650127379613
83827,0.3454288764042174
83828,0.356967081648577
83829,0.3836628398120056
83830,0.3757225235560936
83831,0.36387612701161465
83832,0.3466881375465164
83833,0.3300854232589781
83834,0.3257764495416395
83835,0.3608197699403365
83836,0.3562947269723865
83837,0.3576800374661543
83838,0.30810612229505085
83839,0.3760093781008553
83840,0.37843664792584225
83841,0.33242893448289995
83842,0.3320919188415138
83843,0.3245247428268972
83844,0.35237432948231046
83845,0.35887990571314454
83846,0.3309445762109674
83847,0.367494186911576
83848,0.40835353850858513
83849,0.35957689408479127
83850,0.3383916257782319
83851,0.33513451020150337
83852,0.3290254108800724
83853,0.33886217663421137
83854,0.33997817428100385
83855,0.385943667736132
83856,0.3456775896122728
83857,0.37624706566485333
83858,0.3750140835298741
83859,0.2992560554931135
83860,0.44353537809110666
83861,0.3652596006533127
83862,0.3737468464782751
83863,0.34395706827449085
83864,0.3687295476969216
83865,0.39375211156375034
83866,0.36731890170354337
83867,0.2864263640036098
83868,0.3393761480030678
83869,0.33117336570752465
83870,0.34281370783912196
83871,0.41117285536876147
83872,0.4306712821744278
83873,0.34179288155417403
83874,0.34046676359053923
83875,0.3198895961537041
83876,0.4085239140566528
83877,0.32830606975169463
83878,0.27965638416621336
83879,0.33978432038066236
83880,0.4075470808757506
83881,0.36499675125678255
83882,0.32784638199946725
83883,0.3685299184982855
83884,0.38568771888577696
83885,0.32635841587262915
83886,0.37915957097147573
83887,0.41382241856061086
83888,0.39500599675647946
83889,0.2885264538727359
83890,0.37335195508475433
83891,0.3568775563929918
83892,0.33058783318848783
83893,0.28820682977470147
83894,0.3687494120037847
83895,0.32840573880989465
83896,0.37842724692887797
83897,0.3188828198667666
83898,0.29893524351335143
83899,0.3977094359850865
83900,0.33557155148262624
83901,0.32375131613663044
83902,0.33870905084284625
83903,0.3330318919495786
83904,0.3423722821906626
83905,0.3697265144258343
83906,0.33881926390284023
83907,0.33944856778680343
83908,0.3209002930142407
83909,0.3761830880025427
83910,0.33250510068349465
83911,0.3481560601250163
83912,0.33097459124445894
83913,0.3093643374031739
83914,0.3222193873362397
83915,0.37521830133832135
83916,0.3430024337081855
83917,0.36419457026512575
83918,0.36369666668229755
83919,0.32011913336775294
83920,0.32748789444283344
83921,0.38045672997966734
83922,0.36436944106878366
83923,0.3436452438030669
83924,0.4445981589119074
83925,0.35957593262439796
83926,0.3054464398919039
83927,0.3739133244180936
83928,0.3446228011787696
83929,0.2877613471115511
83930,0.38253235025337173
83931,0.40328564929241173
83932,0.4028175891089957
83933,0.3183166080528731
83934,0.3467688608686984
83935,0.357533597666232
83936,0.35145132426842896
83937,0.3301228448801927
83938,0.3413941941060009
83939,0.3594306165641375
83940,0.3778593980328511
83941,0.3451762175996657
83942,0.29823915313574173
83943,0.2998757042358589
83944,0.37864163699489556
83945,0.3482477132503197
83946,0.3315594903682121
83947,0.4029964356895001
83948,0.2875220729959878
83949,0.4096158758373224
83950,0.32830380429589606
83951,0.3283647255998693
83952,0.38666716553463937
83953,0.3479073412370287
83954,0.34052709295655387
83955,0.36439389931093025
83956,0.3654265637433184
83957,0.3555114511636746
83958,0.3671726970438829
83959,0.3105854879930248
83960,0.33925557742021384
83961,0.41458698912622916
83962,0.35007176803780493
83963,0.38633239464087704
83964,0.32654515172707393
83965,0.3337629485860799
83966,0.39209551462473496
83967,0.3246932539144618
83968,0.3401065739810997
83969,0.3575043980302681
83970,0.33814632811444145
83971,0.37583459250004303
83972,0.38539013066268596
83973,0.35720692668394866
83974,0.34002154179208943
83975,0.33948403543076966
83976,0.3285235996062593
83977,0.36221526194223125
83978,0.3390366104610863
83979,0.34787783882919876
83980,0.3584601413233389
83981,0.31926233733322373
83982,0.3095166080605961
83983,0.3797789226778412
83984,0.3264000920801699
83985,0.33159696086541524
83986,0.37157279797446474
83987,0.2931736954098024
83988,0.36522842573507197
83989,0.3174073580388551
83990,0.3225051153329701
83991,0.34575009286302383
83992,0.394438168456286
83993,0.3664688255970428
83994,0.3227336538050022
83995,0.349610279702675
83996,0.3433811004844288
83997,0.35010814766003756
83998,0.34771888803338713
83999,0.34088761330753975
84000,0.39302447073866
84001,0.4156009744858142
84002,0.3887502027927288
84003,0.3669063765587935
84004,0.3492712993445207
84005,0.3779141236490699
84006,0.3669166424760028
84007,0.4069619007282992
84008,0.37919785286712604
84009,0.3638574094881342
84010,0.3604156840342358
84011,0.31552387702669227
84012,0.34916271378918756
84013,0.3529285586553069
84014,0.3336470995354013
84015,0.3252498373243984
84016,0.3187085640085348
84017,0.30863648422597695
84018,0.3624975555242254
84019,0.3504097790034123
84020,0.3625094345333143
84021,0.28568956053100886
84022,0.32281724679967816
84023,0.28555354247524334
84024,0.26828183898284746
84025,0.2843613984546872
84026,0.25925489465924667
84027,0.22336294400977053
84028,0.2571247766975806
84029,0.24513250935087408
84030,0.2624623558262163
84031,0.27512258952499435
84032,0.27571381120080973
84033,0.2565851153513683
84034,0.26506546723220736
84035,0.2594794020108773
84036,0.32780816822264197
84037,0.2536127474879165
84038,0.20865979705765444
84039,0.2592798085285619
84040,0.2802362309168768
84041,0.23722143467391038
84042,0.24034646586811742
84043,0.24083984249782175
84044,0.23988691284776426
84045,0.2446364533477965
84046,0.2831271131157042
84047,0.19438078956576438
84048,0.2232223870887642
84049,0.2523476426935121
84050,0.23641684130535762
84051,0.21389105845099715
84052,0.20978487927919676
84053,0.23198380193490786
84054,0.20369121766340412
84055,0.22887035975175207
84056,0.1855736193444154
84057,0.21477577711882406
84058,0.21119722164443386
84059,0.18711181890865003
84060,0.21178842909756443
84061,0.23234708131589324
84062,0.2517234602516027
84063,0.18429385757550823
84064,0.18380071007452836
84065,0.22190580684082856
84066,0.20401261683886188
84067,0.22520082784535184
84068,0.1944328019996635
84069,0.1769788391204991
84070,0.25016853254996724
84071,0.18093026678865146
84072,0.19050664585571006
84073,0.24526823748322005
84074,0.18423506896116312
84075,0.22196351829878602
84076,0.178586715695679
84077,0.17783109411968673
84078,0.22633171955654288
84079,0.1677861676955037
84080,0.16988789444059268
84081,0.20998399059748618
84082,0.19360279367784236
84083,0.1744090832018232
84084,0.18130772068660517
84085,0.23355658172619065
84086,0.17708316265969135
84087,0.13770572490646982
84088,0.1258043099846435
84089,0.16297325191532713
84090,0.13791910562684917
84091,0.17732751996644264
84092,0.15722847324954425
84093,0.16188949748891499
84094,0.17126725752569077
84095,0.13850296325070865
84096,0.20431557033117048
84097,0.13965704670631077
84098,0.15735583033541767
84099,0.24156842670590783
84100,0.1994854711226927
84101,0.198316310093129
84102,0.11542157216407792
84103,0.20157385745917955
84104,0.1745981875981698
84105,0.1553849722210469
84106,0.16965176854490197
84107,0.14378327285400558
84108,0.15999899076869611
84109,0.21117097170494253
84110,0.14787714598796808
84111,0.18194037984525782
84112,0.1650894628410483
84113,0.14886167616992035
84114,0.16375781152070717
84115,0.20212221769370603
84116,0.10849273466024256
84117,0.1725771895908399
84118,0.1652126238587871
84119,0.16783608494786656
84120,0.1209003170483555
84121,0.1264207622282784
84122,0.15852009443938117
84123,0.16902754339982837
84124,0.13759710886035048
84125,0.15391393908761766
84126,0.134091781136445
84127,0.12713850935391752
84128,0.1771294567564876
84129,0.21101754158086938
84130,0.1568891554348028
84131,0.1459390926175066
84132,0.14653514594193429
84133,0.1632361125715862
84134,0.1745375300908949
84135,0.12577725416106483
84136,0.12990793880594023
84137,0.16603342611532101
84138,0.16290441870551164
84139,0.12605206271822966
84140,0.11053851477638585
84141,0.19219632170781545
84142,0.16486694586371792
84143,0.1471010244066209
84144,0.12396470573855775
84145,0.15120958014092534
84146,0.17659746348242453
84147,0.15618204924105936
84148,0.1300635501913742
84149,0.2057922898672214
84150,0.15581713560933597
84151,0.16866538868124167
84152,0.17924337280868274
84153,0.09693330554991123
84154,0.09930205287876327
84155,0.1606288685700615
84156,0.1314193838080002
84157,0.17364065018254493
84158,0.12954840086613686
84159,0.1242991375704875
84160,0.21798921161657225
84161,0.1658114602179146
84162,0.1488976784965907
84163,0.1135028961637431
84164,0.08781336132458484
84165,0.1655424040922344
84166,0.1369115187902067
84167,0.1433873418939704
84168,0.1707759439624315
84169,0.14541829475946352
84170,0.13042188859402734
84171,0.1642069043617018
84172,0.14840623282021476
84173,0.10498931796719448
84174,0.12905299732176867
84175,0.16410853913007808
84176,0.1624894595162
84177,0.13627785098523207
84178,0.1814451495602108
84179,0.174953381557794
84180,0.14155840339324183
84181,0.15202171497039427
84182,0.16747649124271466
84183,0.16388566869264834
84184,0.20000731768976057
84185,0.1401254930540498
84186,0.12806245368079708
84187,0.14741366669008327
84188,0.12454333854052285
84189,0.18155868875494663
84190,0.14517056729757494
84191,0.15475454639280573
84192,0.1416445712306128
84193,0.13909555113289102
84194,0.13710582646492525
84195,0.13459772748155305
84196,0.12081009164508569
84197,0.1433770433929218
84198,0.17253058359763865
84199,0.1763433649971493
84200,0.14587751386315473
84201,0.1379461766077162
84202,0.13862152002097206
84203,0.12952076783873387
84204,0.15355833211029862
84205,0.12027180103715811
84206,0.15439991041273712
84207,0.11821926098205157
84208,0.15913311908132205
84209,0.20115308887817926
84210,0.15078386576584699
84211,0.17936352245725407
84212,0.1906642055976784
84213,0.15157540983436937
84214,0.19136192532936835
84215,0.16439733919335417
84216,0.09377651596195598
84217,0.15416339224761208
84218,0.11197894369515773
84219,0.11870649856928253
84220,0.16714654592935144
84221,0.13110908278590036
84222,0.12641779601266795
84223,0.13058780083164137
84224,0.1435250792401185
84225,0.20101150303383705
84226,0.19080269812899953
84227,0.10879785218417526
84228,0.1655161810652791
84229,0.12928141811392863
84230,0.1104980240406293
84231,0.1331534370708393
84232,0.13791180883711363
84233,0.11638805560799478
84234,0.15476447460214565
84235,0.09078112243647948
84236,0.14176399571760506
84237,0.17192367079633145
84238,0.14471876181622093
84239,0.1331277881081687
84240,0.1670533178442371
84241,0.17323300895379323
84242,0.08793653165019183
84243,0.18450770498177785
84244,0.14269109510017067
84245,0.12834604019210213
84246,0.17406447242582473
84247,0.08919212573596447
84248,0.09519241913217535
84249,0.14164470109150282
84250,0.14895845115600526
84251,0.15114533016747295
84252,0.14632058420924654
84253,0.143114894879261
84254,0.15038799321522467
84255,0.14037529186113545
84256,0.14527641882034673
84257,0.12134068057919509
84258,0.11622170317826377
84259,0.19637233841447715
84260,0.167382455473374
84261,0.13337314240747447
84262,0.11289144838899483
84263,0.13959344039365687
84264,0.1506726865692887
84265,0.131878689808409
84266,0.13276339728529657
84267,0.21660330112416493
84268,0.1725164257589466
84269,0.15132112835389672
84270,0.15161900502183556
84271,0.13676566734431428
84272,0.17257610065947687
84273,0.0963939019345891
84274,0.11147309251218773
84275,0.1696618423009882
84276,0.08912203751959735
84277,0.13960215996111308
84278,0.0863676114042598
84279,0.20688406721121722
84280,0.18119560975232285
84281,0.14999939702503087
84282,0.14071243306633593
84283,0.1550003448443981
84284,0.17296139394041915
84285,0.08142570621902548
84286,0.20830385341468788
84287,0.14866118763674374
84288,0.1596574148064476
84289,0.10682642697460207
84290,0.15047564475099623
84291,0.15026234662471688
84292,0.11989140320315224
84293,0.16274586902672003
84294,0.10801810705437964
84295,0.14089168024149637
84296,0.09131573851796669
84297,0.17566659851668873
84298,0.14925041940442652
84299,0.1345528694392484
84300,0.14883525960503352
84301,0.19130851788545256
84302,0.1675372763766542
84303,0.23993260116647488
84304,0.13494673300816806
84305,0.12823936208263756
84306,0.14639539745677793
84307,0.18705206802613006
84308,0.1706756704809914
84309,0.17146182359535994
84310,0.1456065672441997
84311,0.10825783217921264
84312,0.15529768530177568
84313,0.1284881964645953
84314,0.14267870875648592
84315,0.14522927493181545
84316,0.1495894147720943
84317,0.13259358262901771
84318,0.12508516860051216
84319,0.15423231544272653
84320,0.15996564753380982
84321,0.18420070040066538
84322,0.20205463558507883
84323,0.14595485826537744
84324,0.1557302814067428
84325,0.14680071152938345
84326,0.10032879048657933
84327,0.15421794589601648
84328,0.13254516081938775
84329,0.10187907270466552
84330,0.18499414975610404
84331,0.11495283271568799
84332,0.12513625311733578
84333,0.15590489473652958
84334,0.20915316727372374
84335,0.16130860462774516
84336,0.17747353495109627
84337,0.09327552227633934
84338,0.12389203664120026
84339,0.09938398172812808
84340,0.16201700794578658
84341,0.1395831999304024
84342,0.10693402666583038
84343,0.07388750705423183
84344,0.09354442694079679
84345,0.1830531656853181
84346,0.1407250652173088
84347,0.17005234753866336
84348,0.1268731814368499
84349,0.16989432601240545
84350,0.11869765150327671
84351,0.10402722941434239
84352,0.18818510772512864
84353,0.20086190240777713
84354,0.14745596357224705
84355,0.11189909838692208
84356,0.17065200378816933
84357,0.15934239576927642
84358,0.15468952291206212
84359,0.1235657101113575
84360,0.1437147158797714
84361,0.11548764514849266
84362,0.1340818592524745
84363,0.14218667228969856
84364,0.1256824524946717
84365,0.1203689316996656
84366,0.13087552692330706
84367,0.15992099601807258
84368,0.1322060626987146
84369,0.12215389694554854
84370,0.15122316234759775
84371,0.18320084304526524
84372,0.16665091226614415
84373,0.13737072009423512
84374,0.12457235146836623
84375,0.1522777867324487
84376,0.11042306509385298
84377,0.14138976535593004
84378,0.1354563728996409
84379,0.16885968690151323
84380,0.12895912431529583
84381,0.19324325363278194
84382,0.15103329663674522
84383,0.15044017777158242
84384,0.10146710551647656
84385,0.16965874353336827
84386,0.06859482088261339
84387,0.18011860214780764
84388,0.1317925089440487
84389,0.09605098959984111
84390,0.15228559791692423
84391,0.1204597424219801
84392,0.09597636829773354
84393,0.13694229531009458
84394,0.18517735609161917
84395,0.17039609410535958
84396,0.08231018882306876
84397,0.13368064958830378
84398,0.1404773614330456
84399,0.11841184296691039
84400,0.1511055555854454
84401,0.16954393204895254
84402,0.0845123019257038
84403,0.17234088772306239
84404,0.0869028511544708
84405,0.11792109930965064
84406,0.12496423049950199
84407,0.18102960954955635
84408,0.09824005259969384
84409,0.16809262536883635
84410,0.08957110709373459
84411,0.1408208417127705
84412,0.09762549692862052
84413,0.14126210938475928
84414,0.16426216903813123
84415,0.16866009576198704
84416,0.11419803665315376
84417,0.12397594371354076
84418,0.1078998494190207
84419,0.13821680279437626
84420,0.1435040376134944
84421,0.1850568077284141
84422,0.14110888860855614
84423,0.17910616444215421
84424,0.1349095244876438
84425,0.15257394193576077
84426,0.16763322666015482
84427,0.19010506928070503
84428,0.11507897600399615
84429,0.1350319929421363
84430,0.09719359585476742
84431,0.11645968158888251
84432,0.17955124861557495
84433,0.15076878303872485
84434,0.16997450587787408
84435,0.14437500918692558
84436,0.2224079739547758
84437,0.0946181537535603
84438,0.17049133867444885
84439,0.18033673004293285
84440,0.1496745371819666
84441,0.17477285989454616
84442,0.14253869336401676
84443,0.16054582239549406
84444,0.14570774946120407
84445,0.16067744949387122
84446,0.1753274781036659
84447,0.16721350755191208
84448,0.14340553092655073
84449,0.16534457049309034
84450,0.13282208052531438
84451,0.10919109559810376
84452,0.10752013384997816
84453,0.12359772923282492
84454,0.14928469461684607
84455,0.19782811182362117
84456,0.15588720352407115
84457,0.15359275421914959
84458,0.13895447261170663
84459,0.1533711324213557
84460,0.11126622074654882
84461,0.1250405434206083
84462,0.14732494408245736
84463,0.15718390573463406
84464,0.13985341819605984
84465,0.07442130751776817
84466,0.15083876494364057
84467,0.10181887484650948
84468,0.18885043900292806
84469,0.12019895371365874
84470,0.20709815487489808
84471,0.1610286714713826
84472,0.15458809944695634
84473,0.1275292315873778
84474,0.16634832074932382
84475,0.13295233488935312
84476,0.09345291770184591
84477,0.14349559540873327
84478,0.13046455603816345
84479,0.16524248941364716
84480,0.11359219377112367
84481,0.14666977362853556
84482,0.1370214848534172
84483,0.07871087148704042
84484,0.13764929007576343
84485,0.14995375263356012
84486,0.10397827520085537
84487,0.14496416568295142
84488,0.15038895903968671
84489,0.22439528241887075
84490,0.1355546140591153
84491,0.13529011075318165
84492,0.1259790284767751
84493,0.17979569471262716
84494,0.13625070525539243
84495,0.10024358725619731
84496,0.18299682619557445
84497,0.1725626280802732
84498,0.11831872772206889
84499,0.17856017923390494
84500,0.11382498051120547
84501,0.14048754683371803
84502,0.17102077896756468
84503,0.18110060149922186
84504,0.14347347346848674
84505,0.1626107022988578
84506,0.10359564312412527
84507,0.11782562499489323
84508,0.0936366123266982
84509,0.13525303852259946
84510,0.11538374495028986
84511,0.17779965776849188
84512,0.14509707186007514
84513,0.1220815307378754
84514,0.14606723860190554
84515,0.10016158535479658
84516,0.17545830277330726
84517,0.1426002048316961
84518,0.08856797369257434
84519,0.18820437892753258
84520,0.1297226444344956
84521,0.13318377084594477
84522,0.06045025956500433
84523,0.16133057477791304
84524,0.0902303204971589
84525,0.11620066363210851
84526,0.13951454102902922
84527,0.12324247294314938
84528,0.10451300462301279
84529,0.14684804515469743
84530,0.06893076167026889
84531,0.13108839066401998
84532,0.16811947352918244
84533,0.1279605552389034
84534,0.15668460531173078
84535,0.09094805865276798
84536,0.11905965907033517
84537,0.15980266475766047
84538,0.1194799187495636
84539,0.1337113040972375
84540,0.12589801450026983
84541,0.14653828616629774
84542,0.15880969968203998
84543,0.15193935509075734
84544,0.14891335044085566
84545,0.12410590539233535
84546,0.14267330199992717
84547,0.18070927443601903
84548,0.16994407447003318
84549,0.1332854987023376
84550,0.12588502281205124
84551,0.09133030163800533
84552,0.1696383668910309
84553,0.14995600429074096
84554,0.06788814933015877
84555,0.14797492586390698
84556,0.0795851449295572
84557,0.11285396711965726
84558,0.13650197537928593
84559,0.1830784555008152
84560,0.09052566775712399
84561,0.11190421407304739
84562,0.11209135656063121
84563,0.12036650025280657
84564,0.11699350578111688
84565,0.14819506366009072
84566,0.1016606104612652
84567,0.1728674461865611
84568,0.13450966297263203
84569,0.0696039793162265
84570,0.13706073723987236
84571,0.16753366333995895
84572,0.14225506529576526
84573,0.10491528892940252
84574,0.171436487818687
84575,0.123031650094997
84576,0.12697220402720696
84577,0.13748090155166515
84578,0.1304104289886953
84579,0.12397696784977894
84580,0.13764225589366036
84581,0.16110458529563249
84582,0.15887224631193075
84583,0.17746100980296858
84584,0.10649137710909702
84585,0.09399891558887372
84586,0.17642699246710614
84587,0.13468379136223244
84588,0.14283495059475806
84589,0.136505850260361
84590,0.15823707962896286
84591,0.11853558332915151
84592,0.15400364769011268
84593,0.09358424543683777
84594,0.08007535172077171
84595,0.160346656324535
84596,0.15034488958558065
84597,0.12868485822399123
84598,0.1224010941345033
84599,0.14526688203196356
84600,0.0982515476224958
84601,0.12403516061913349
84602,0.09545261024554175
84603,0.15758069567819977
84604,0.08927293153338992
84605,0.08657550302735813
84606,0.15401588965284602
84607,0.12849912124771343
84608,0.09225475244598087
84609,0.1477088776241575
84610,0.1375474722681553
84611,0.18753472832649026
84612,0.08718438450874505
84613,0.1602158634296723
84614,0.12822226617793045
84615,0.12181352531483754
84616,0.14804165602135871
84617,0.16809777435578388
84618,0.14483687530439035
84619,0.15407871706612966
84620,0.16817576097976447
84621,0.09642999327760032
84622,0.16971948565954414
84623,0.17844443819463993
84624,0.15784162492309706
84625,0.2001568307081717
84626,0.13806950419185818
84627,0.19003209258547402
84628,0.17738843122160083
84629,0.1464747497385846
84630,0.14104054686086853
84631,0.1272936713264411
84632,0.18439802292985763
84633,0.09837892880533691
84634,0.18156064248510603
84635,0.1287718478553501
84636,0.12380644649151666
84637,0.1365670166146167
84638,0.1329097823564698
84639,0.15574661099855056
84640,0.12058232515715926
84641,0.14518121972641077
84642,0.12097108214642016
84643,0.13798316277076844
84644,0.134367121675388
84645,0.13856108178437695
84646,0.07050562978646698
84647,0.19035852662055663
84648,0.12943799728074756
84649,0.15295768879291524
84650,0.14303858113781187
84651,0.17900598858489086
84652,0.13830913902977515
84653,0.18732129941087822
84654,0.1397395055454682
84655,0.12271522730658765
84656,0.1077459091805971
84657,0.16407092132918114
84658,0.16273579971407062
84659,0.13263443111694562
84660,0.18022546854455715
84661,0.1283608851080298
84662,0.11800519161805528
84663,0.10130217152034232
84664,0.12568103237457803
84665,0.1416376515990108
84666,0.18762999596265745
84667,0.1398301600033529
84668,0.20086587526394012
84669,0.1676900066407433
84670,0.13944339931910707
84671,0.13928802981768312
84672,0.15047721608083772
84673,0.09111916364806674
84674,0.12060262906741735
84675,0.15613739830212037
84676,0.1582863595771472
84677,0.08955382878455673
84678,0.10841881552386665
84679,0.15576175242309395
84680,0.1483960877854376
84681,0.1984160439986213
84682,0.1545311147088546
84683,0.16933059534199701
84684,0.13380077630868062
84685,0.11769034208291518
84686,0.14924547788864972
84687,0.11963395179991786
84688,0.11903791127330066
84689,0.12218754478373972
84690,0.14070133374426488
84691,0.19588007692038245
84692,0.1210710636345699
84693,0.12390973017805548
84694,0.12444977376139504
84695,0.12138974975947257
84696,0.13854199805981693
84697,0.19054198004894196
84698,0.18546092658213242
84699,0.14696704861976315
84700,0.0961024532098628
84701,0.08819830120231867
84702,0.1284399611474938
84703,0.1390807314752829
84704,0.11321395522678762
84705,0.14732042369164702
84706,0.17448998582543834
84707,0.1121129043761178
84708,0.12701513829454017
84709,0.08874942625264115
84710,0.14096449087776874
84711,0.17909334473446642
84712,0.1576417030411559
84713,0.13852159086962776
84714,0.18685884940844283
84715,0.10137823757962827
84716,0.14043341993790828
84717,0.15604571109530724
84718,0.1538350852174186
84719,0.140994755395182
84720,0.17958803501188433
84721,0.13176395395229712
84722,0.10840648153720146
84723,0.16144273783898525
84724,0.12300425407343415
84725,0.14366386351091054
84726,0.1740793291222651
84727,0.16414696674167445
84728,0.10589033688257009
84729,0.12119380232710086
84730,0.13837901431574542
84731,0.12129524324490845
84732,0.11117018440045338
84733,0.10881980272673952
84734,0.11037180090474749
84735,0.12779246759632626
84736,0.13928243542378912
84737,0.15977357402754847
84738,0.1741551529149741
84739,0.1333294023876355
84740,0.14802766369158044
84741,0.1386710844504683
84742,0.11890691631087985
84743,0.1308278541685025
84744,0.132945674949643
84745,0.13803566804301656
84746,0.13308081681531064
84747,0.12117154141762193
84748,0.1417353197226336
84749,0.1292981151713251
84750,0.15734256983453765
84751,0.15690346203790612
84752,0.1200276966458161
84753,0.16702383863859577
84754,0.11039094812365392
84755,0.1705430769253267
84756,0.08414515464743658
84757,0.11214033916380628
84758,0.14004807526870025
84759,0.1281861717722957
84760,0.09694007003384218
84761,0.138068202137251
84762,0.16347942680777278
84763,0.11729291566517844
84764,0.1618651418370175
84765,0.17710782073040204
84766,0.09697152596584177
84767,0.10362592103425053
84768,0.11170838014858475
84769,0.11380254335126908
84770,0.18128584425365152
84771,0.12670507085955812
84772,0.14339765591068973
84773,0.08024306151999097
84774,0.1385934852250074
84775,0.11388867792044119
84776,0.12386160213636167
84777,0.10895966284187832
84778,0.1234095358177466
84779,0.1296610540604134
84780,0.18189069209561343
84781,0.1910677477621958
84782,0.16831448041391797
84783,0.113485223565611
84784,0.13021750619707265
84785,0.09744501766881893
84786,0.15655179262026783
84787,0.19338198707234427
84788,0.12506016321176278
84789,0.10501560528358952
84790,0.14551001279869633
84791,0.14755135275207798
84792,0.1701732225972703
84793,0.14701857398078993
84794,0.1127832851966775
84795,0.13170695067583266
84796,0.1722782186250226
84797,0.14577813370916057
84798,0.114163729684354
84799,0.13492634397867742
84800,0.13993588333913717
84801,0.13167672235483383
84802,0.14648253301527892
84803,0.10074564309453113
84804,0.11123313417543379
84805,0.20017394193511803
84806,0.12895817600748893
84807,0.12150948465829783
84808,0.17203923028767784
84809,0.12154790493478781
84810,0.15096444667801667
84811,0.09962237875749491
84812,0.18002935654174063
84813,0.10227863980590021
84814,0.11184395712915288
84815,0.16356510356709988
84816,0.15402231111301018
84817,0.1610440226905699
84818,0.09874189109606954
84819,0.1785670607973444
84820,0.20901851810084754
84821,0.089099849954065
84822,0.17707582528176724
84823,0.11074952334635893
84824,0.11382765624626462
84825,0.16323048169239196
84826,0.13532518409121394
84827,0.17738947684757603
84828,0.16367850193057382
84829,0.1258420832436763
84830,0.1267431054980262
84831,0.1717159586769264
84832,0.10453128043335293
84833,0.1350832718576851
84834,0.08343920954169345
84835,0.16056007224548888
84836,0.07575018256074768
84837,0.08782499062930824
84838,0.1447363031979529
84839,0.17915938977548104
84840,0.19850399660492787
84841,0.15181483271966525
84842,0.12129280296428825
84843,0.12511490805941958
84844,0.11092645148626663
84845,0.1250690592603542
84846,0.16747857585593065
84847,0.14705921443763795
84848,0.15422039406600047
84849,0.11525052725257437
84850,0.1588714297197495
84851,0.15415321854031777
84852,0.1775963091461698
84853,0.12882245219685753
84854,0.15331996999968722
84855,0.12693438367871535
84856,0.19465757627452224
84857,0.1310358681659671
84858,0.1346936789261944
84859,0.14868823166631284
84860,0.16280056263608952
84861,0.15506790519797636
84862,0.15268067138723893
84863,0.15235963448539597
84864,0.12322222194492302
84865,0.11496649151342148
84866,0.15189279771325753
84867,0.15464860550983445
84868,0.11573423567519393
84869,0.11287781625836792
84870,0.16906203117878388
84871,0.1192501153952832
84872,0.13777847926921025
84873,0.1458174876590834
84874,0.10796823602077338
84875,0.16854151189423192
84876,0.11577250826753994
84877,0.09255564072053389
84878,0.1247597480259435
84879,0.16350119501103658
84880,0.15704752861167195
84881,0.2112820023930313
84882,0.18151376349592666
84883,0.13800563747151864
84884,0.17596952947227645
84885,0.15147728622005963
84886,0.12679719087427654
84887,0.1752510342218658
84888,0.11684572899832185
84889,0.15158008961475491
84890,0.1882910431202507
84891,0.09201614816631207
84892,0.11030881621603994
84893,0.13586119892708148
84894,0.1356026734073103
84895,0.1659060527386035
84896,0.15662467826217438
84897,0.1456114372998747
84898,0.16942764576242902
84899,0.10106886725831268
84900,0.1510079518864561
84901,0.15470206148624652
84902,0.15267955097833283
84903,0.1812310628022033
84904,0.13033680322685262
84905,0.1331853335618681
84906,0.14915723218410795
84907,0.16146446427468092
84908,0.18163682011815951
84909,0.08862082017593552
84910,0.1886533011825595
84911,0.18808481060314036
84912,0.1235401038090613
84913,0.13486515014053257
84914,0.09440165913766405
84915,0.11385811407227514
84916,0.11411009799103206
84917,0.17771869689211167
84918,0.16323574237541988
84919,0.13705523248629753
84920,0.17164606809267688
84921,0.1654282754965367
84922,0.11988851080351666
84923,0.20274207228822738
84924,0.12253559064807365
84925,0.12352079195685456
84926,0.09955739849522761
84927,0.12264770199797713
84928,0.17481847384743085
84929,0.11498330901589132
84930,0.18083934441191324
84931,0.12798804088833898
84932,0.1862474883536941
84933,0.1636307381207702
84934,0.1975500037478991
84935,0.1449457705153077
84936,0.12084341652117864
84937,0.10932426438133674
84938,0.10994642466593156
84939,0.1796889379541598
84940,0.11420486244984053
84941,0.14566058872198612
84942,0.11868951412733313
84943,0.10575222911177884
84944,0.16865305164323519
84945,0.12629161919186566
84946,0.07303173220143848
84947,0.1233305807087708
84948,0.22547095365218284
84949,0.16197458000350912
84950,0.1254218893935101
84951,0.12180909180388977
84952,0.1309937187619623
84953,0.1742548262129322
84954,0.16351214670273084
84955,0.1783175548659594
84956,0.15342669746076612
84957,0.13703345953386864
84958,0.16683014609786398
84959,0.18278246202190146
84960,0.08541203976865683
84961,0.11509801606723433
84962,0.18329159988101473
84963,0.13608914699316021
84964,0.14720102531266485
84965,0.1655307482538606
84966,0.19144662471722995
84967,0.14142288974356948
84968,0.14437884037171164
84969,0.1506909354792097
84970,0.15070870250622484
84971,0.145165270808309
84972,0.10925198552254307
84973,0.147866019763867
84974,0.1503454569124843
84975,0.13285370341016967
84976,0.15210022550636346
84977,0.165561563693464
84978,0.14646401806883608
84979,0.13356076110569096
84980,0.13276753688886814
84981,0.12901828117535014
84982,0.14489265677556
84983,0.18383054635574553
84984,0.09386284621697236
84985,0.11236939926976794
84986,0.14284745679999292
84987,0.15470083054730724
84988,0.09482218511314319
84989,0.17882985396194834
84990,0.16530965912119913
84991,0.12058397832106232
84992,0.14188838737451676
84993,0.12767688472332653
84994,0.1867123091478366
84995,0.15145503780160346
84996,0.10357169542459768
84997,0.14297707250763975
84998,0.1338460338926278
84999,0.17418347820744493
85000,0.18523490703995205
85001,0.1593718089144258
85002,0.1958548465847787
85003,0.1441036467444058
85004,0.13035777191034317
85005,0.11887160399369638
85006,0.08706409715496609
85007,0.13597857120026333
85008,0.1775467375552151
85009,0.12512012427580962
85010,0.1645112640055205
85011,0.16123379925572326
85012,0.16590382947210036
85013,0.13558893963871546
85014,0.16099764995423432
85015,0.0929299927282595
85016,0.10211747259846557
85017,0.149013791978714
85018,0.13560385181259033
85019,0.08008578181988994
85020,0.09787613433396708
85021,0.13388225334638043
85022,0.12902157330907804
85023,0.14533960311581112
85024,0.11036509263766942
85025,0.12801902237113577
85026,0.14798274534312886
85027,0.13989441180245749
85028,0.11209496597294326
85029,0.12034378896001574
85030,0.13123072790121348
85031,0.1489417166511792
85032,0.11651759815887025
85033,0.18797851920470715
85034,0.11540462067823205
85035,0.0780651885546792
85036,0.18433985910274664
85037,0.1673608684927621
85038,0.16022796879651588
85039,0.08720058618310941
85040,0.14770810974799076
85041,0.09285150527632448
85042,0.15041960294713572
85043,0.1579677196747883
85044,0.12407960937415977
85045,0.07172781452148032
85046,0.12759906299914064
85047,0.12750870437813944
85048,0.13579186162802134
85049,0.12360614441492983
85050,0.13200157966131615
85051,0.1541856912690101
85052,0.15964567294227375
85053,0.1543233906775778
85054,0.09096152518943743
85055,0.15982057724373763
85056,0.15551718977765966
85057,0.056748879097864594
85058,0.16386863459720546
85059,0.17668978707232696
85060,0.10255547156993483
85061,0.12718929377854518
85062,0.1277291230258795
85063,0.1596847446857135
85064,0.09862312202355872
85065,0.1304499349816457
85066,0.18769796991711338
85067,0.1489920348152533
85068,0.14266900358982673
85069,0.14057913474902117
85070,0.16086121129743602
85071,0.1306848693270724
85072,0.18625928465170086
85073,0.11700853058469177
85074,0.09293617391095915
85075,0.16810106418464857
85076,0.16544367949376582
85077,0.15500502169482605
85078,0.15707437911320188
85079,0.09522477239815555
85080,0.08728312785029
85081,0.12995440287800578
85082,0.16585269460243127
85083,0.12147147149039582
85084,0.13116263724995036
85085,0.13551063120319654
85086,0.20307792998155139
85087,0.17703590886084805
85088,0.1253196760313506
85089,0.19318304389030927
85090,0.08134917057386498
85091,0.1441127505012833
85092,0.14064233275057636
85093,0.1749472743712355
85094,0.10272937288030015
85095,0.1504788039249179
85096,0.15731570674215098
85097,0.1296900481093952
85098,0.18634110197385373
85099,0.10680524685867585
85100,0.14179503644400543
85101,0.17058686262834077
85102,0.14917117912763572
85103,0.0999343478618508
85104,0.13548894785157667
85105,0.14368436750113012
85106,0.0723028358920398
85107,0.13837886605915298
85108,0.13270181538523423
85109,0.14976519021156956
85110,0.15812856055809962
85111,0.1198741139773957
85112,0.16207310919423826
85113,0.12619887821490755
85114,0.14478379594540913
85115,0.16445386979751142
85116,0.09372302234956587
85117,0.15728087863928927
85118,0.13566053780542725
85119,0.1226845818482284
85120,0.12799472677610635
85121,0.22305313312466835
85122,0.08257257270004575
85123,0.18398674044634164
85124,0.12524186643651938
85125,0.1043266909391945
85126,0.18542792499881217
85127,0.157355908679191
85128,0.1313875532841272
85129,0.12563149799397594
85130,0.08713467269331693
85131,0.16571706216994445
85132,0.13087894780780618
85133,0.13538448378913698
85134,0.10075151056369072
85135,0.1701146922068691
85136,0.15377237305435928
85137,0.1495852209754633
85138,0.14061985735688956
85139,0.1539531576505145
85140,0.14076424290253595
85141,0.13917746445920645
85142,0.08545849506605743
85143,0.15860024265038772
85144,0.09285199140443814
85145,0.12799838190218252
85146,0.1128246026219739
85147,0.08678595472759677
85148,0.15391042923117645
85149,0.14931665758459547
85150,0.15631903348349108
85151,0.12238260878572206
85152,0.12550219661792547
85153,0.10300435788222581
85154,0.15801649293628472
85155,0.13052436952427005
85156,0.1400149284574958
85157,0.16205073292234143
85158,0.1456407470809546
85159,0.15752657643504897
85160,0.18641285783266176
85161,0.0876878908886396
85162,0.15791836884167892
85163,0.13283058842932133
85164,0.13936442818814296
85165,0.13002585340416709
85166,0.14386716005879696
85167,0.1061407231004782
85168,0.08003362404426123
85169,0.10932063931986061
85170,0.1014708164115332
85171,0.1238972781822042
85172,0.1405763752138338
85173,0.13173157758099005
85174,0.16516278281529312
85175,0.15630698061376713
85176,0.1565879317457593
85177,0.16796917602465866
85178,0.1635279254175894
85179,0.15680433891048928
85180,0.17162426122051652
85181,0.12326215089241106
85182,0.11035394666292273
85183,0.16139849401595963
85184,0.16899696952239937
85185,0.1514375045967034
85186,0.190427980058567
85187,0.17714457660381017
85188,0.14872268990962675
85189,0.1485791870097498
85190,0.1440482586576061
85191,0.18688500156277044
85192,0.12407775834076945
85193,0.11151678742997434
85194,0.11554423482768406
85195,0.09620053151989658
85196,0.1367543309004126
85197,0.14170322677140681
85198,0.19095041994437753
85199,0.11364903406211248
85200,0.15857858183120055
85201,0.11900513988238351
85202,0.1410776936032372
85203,0.13185116641070038
85204,0.17335002672021205
85205,0.1370865877448911
85206,0.11906058303216166
85207,0.11665416477276566
85208,0.14669914999153
85209,0.18301945949956294
85210,0.11455636839071776
85211,0.18566991554557943
85212,0.1377656915022703
85213,0.1150001816612964
85214,0.1357592635156814
85215,0.08122458664500765
85216,0.15085260561793293
85217,0.11394492160738909
85218,0.08043174233376715
85219,0.14871799154155543
85220,0.12710340411547513
85221,0.19910195874058806
85222,0.10558691584592494
85223,0.13056787421813584
85224,0.13108009432927326
85225,0.11122954993308883
85226,0.16482392642302243
85227,0.1602015055823119
85228,0.15698357092374118
85229,0.09817033124961752
85230,0.15356375278450926
85231,0.18578047291638766
85232,0.20340996597186217
85233,0.1114500692011665
85234,0.18275835270853658
85235,0.08469153099401988
85236,0.12918187077994228
85237,0.15319214711480958
85238,0.1521406563310612
85239,0.13228064404418693
85240,0.14150228393296643
85241,0.11480737214163983
85242,0.1946712687209938
85243,0.08096194116699977
85244,0.1446356414492019
85245,0.13582055485664987
85246,0.22016298907451848
85247,0.16383608416462903
85248,0.08131828233732534
85249,0.09643124271952663
85250,0.11779720976520139
85251,0.13889897523832978
85252,0.11648351254971714
85253,0.17857516776918125
85254,0.16818071216616826
85255,0.1277118294213542
85256,0.14446833286393923
85257,0.1325567431537305
85258,0.1307150110555362
85259,0.1001777396039108
85260,0.09776888236293549
85261,0.189580071991768
85262,0.12290150475070981
85263,0.1607806041165784
85264,0.15345036752306834
85265,0.11488580161084035
85266,0.16112190772975094
85267,0.10597122250026125
85268,0.16530451019855424
85269,0.12652992419023085
85270,0.19202100345300646
85271,0.10970201791661714
85272,0.10237707976983078
85273,0.15098282640903318
85274,0.12056449120468664
85275,0.116163549409397
85276,0.10068263091157248
85277,0.14272356129956817
85278,0.16328496099017323
85279,0.14673048723076793
85280,0.15273906740400897
85281,0.2140681655133023
85282,0.15083416455501755
85283,0.1643869192576537
85284,0.13156594234568222
85285,0.10222612867363678
85286,0.13140549861903758
85287,0.1851535087878086
85288,0.12494690234317335
85289,0.13637143466400953
85290,0.15365007639735234
85291,0.10690624077149494
85292,0.1507436433849212
85293,0.1407806666069779
85294,0.13285391794683576
85295,0.10954013534173246
85296,0.09908960566925437
85297,0.1265621166030054
85298,0.12939597079524887
85299,0.14718604123357115
85300,0.11048922351245646
85301,0.17947831969095066
85302,0.16551656457510944
85303,0.12012634187562173
85304,0.12351336098283566
85305,0.1773809790566811
85306,0.13873373381556464
85307,0.1640550099121503
85308,0.19137393095826943
85309,0.14001391950443198
85310,0.10731236819752979
85311,0.10687560860131086
85312,0.16035009604922074
85313,0.17752330617929757
85314,0.13224705315846205
85315,0.11462990274700051
85316,0.0978252919439598
85317,0.1514148456078994
85318,0.1839341401430777
85319,0.1516425694631464
85320,0.1562352270511299
85321,0.1129849050805139
85322,0.17568292051733683
85323,0.06293314489599657
85324,0.07529628270619954
85325,0.13932502462183005
85326,0.15490376796368688
85327,0.11016547847181371
85328,0.12612190796558934
85329,0.125672674595364
85330,0.11789862727445957
85331,0.15938964559676308
85332,0.15730991794071292
85333,0.12740879833758645
85334,0.1479502742282635
85335,0.1434321590866662
85336,0.17681033096945187
85337,0.18800577620147169
85338,0.09362829071932241
85339,0.16936521585010286
85340,0.16607324595529346
85341,0.110744949576318
85342,0.11480471503804547
85343,0.17960468221117973
85344,0.14297407736549003
85345,0.1581795459576212
85346,0.11670868990514356
85347,0.22433911168325082
85348,0.09224625630250223
85349,0.14357441376012697
85350,0.09237422827365262
85351,0.15540144312320403
85352,0.11969022906531435
85353,0.09850987484492864
85354,0.18553356560236642
85355,0.19221463222936364
85356,0.1279557746665551
85357,0.1628675953300166
85358,0.1633239989026409
85359,0.14295915446716687
85360,0.12688350449998115
85361,0.14519684739638317
85362,0.1794982458861596
85363,0.16224377338010282
85364,0.12755033839126334
85365,0.18732852244461196
85366,0.11222258699722663
85367,0.17709699160936573
85368,0.09603265777002082
85369,0.09411050903789248
85370,0.08757542142722585
85371,0.10958594389788624
85372,0.16448311421198786
85373,0.11084073803896673
85374,0.09739635830106352
85375,0.16292160254192628
85376,0.1919461311132366
85377,0.1465719655350498
85378,0.1607290093061819
85379,0.18141760816107314
85380,0.16610927178560952
85381,0.14037287064549123
85382,0.1472031308721561
85383,0.09273154857977489
85384,0.13157499945329074
85385,0.15204489394530235
85386,0.13381806856851064
85387,0.1312203118151644
85388,0.14789241571571182
85389,0.147287762300296
85390,0.18321147728353832
85391,0.18792369486078064
85392,0.149290574901372
85393,0.14967956566874197
85394,0.16391828922542273
85395,0.12008500833405207
85396,0.14895835496280332
85397,0.2066150806194899
85398,0.1587022894590913
85399,0.15777553606580683
85400,0.17660870927574768
85401,0.1306177187705458
85402,0.1463196182197823
85403,0.10790474404988737
85404,0.09786274063397535
85405,0.13778086651560098
85406,0.1442080029438766
85407,0.1325482708810659
85408,0.09275854097526623
85409,0.16214428026713631
85410,0.1817728135490713
85411,0.12272877763546154
85412,0.17901542548638497
85413,0.13776507351358638
85414,0.16507280005323097
85415,0.15724780310989583
85416,0.12374260526891415
85417,0.12866081244768823
85418,0.1637684344279355
85419,0.09893084800447592
85420,0.15454700987246148
85421,0.09313406981941663
85422,0.1618020804296184
85423,0.1507538483506312
85424,0.12561747928336098
85425,0.11510573501524396
85426,0.14988808744000903
85427,0.1176749975604773
85428,0.16773230267484338
85429,0.12269287543625992
85430,0.2134160774889272
85431,0.08833333421896057
85432,0.13125953493064654
85433,0.13125263530992673
85434,0.1212090171437877
85435,0.11075471599093709
85436,0.13582303986916772
85437,0.11690458261336914
85438,0.15644662152632702
85439,0.13175112084295906
85440,0.10100737528868323
85441,0.11781410799464356
85442,0.1539187403278119
85443,0.186667233772187
85444,0.14825248824217946
85445,0.1690065590832599
85446,0.15396846976266873
85447,0.15672440448213587
85448,0.07340822016165152
85449,0.1405932132538108
85450,0.11372531962990076
85451,0.14488497410523693
85452,0.1529629591640863
85453,0.11811295666422815
85454,0.16848030576091375
85455,0.09288868753853198
85456,0.12773721809442004
85457,0.152184143301227
85458,0.11542743882481657
85459,0.11116075716111218
85460,0.12689230219178804
85461,0.11560951727226663
85462,0.13484986576902758
85463,0.11701282779507721
85464,0.15141872253625244
85465,0.14127856446042983
85466,0.1546002520153252
85467,0.14449842180245157
85468,0.12476334273588723
85469,0.10778927643519831
85470,0.1120611492697203
85471,0.13362484724360446
85472,0.1791210475315231
85473,0.1834420993082067
85474,0.1460175589855732
85475,0.14400230917824497
85476,0.09338583959171634
85477,0.11883918989527564
85478,0.1261517238560393
85479,0.12269004840187905
85480,0.12469733529885516
85481,0.1353531476412854
85482,0.2011013651717693
85483,0.1061481746011318
85484,0.14481397474663055
85485,0.11756832327844031
85486,0.10269667200419863
85487,0.14218044890561354
85488,0.12179139385784267
85489,0.09485000187121498
85490,0.10363464317724541
85491,0.12804781133499585
85492,0.17742750505852906
85493,0.15489315090139472
85494,0.09656652992305564
85495,0.1366946179322093
85496,0.19514984034948485
85497,0.08900313920545154
85498,0.15445585604091108
85499,0.09666782018604934
85500,0.11444469490430889
85501,0.15979357998687077
85502,0.1764168458006724
85503,0.1195755381996334
85504,0.15681364908740492
85505,0.08607157031165964
85506,0.12279093887352856
85507,0.06694776038688537
85508,0.06622048952732536
85509,0.11018190792816689
85510,0.14922521733105443
85511,0.11104072060003788
85512,0.1407858685209296
85513,0.15985974843174425
85514,0.08519178398774271
85515,0.2211278803515423
85516,0.15404861831683825
85517,0.19070868006655245
85518,0.13058689468528079
85519,0.1265197273032573
85520,0.13178381868079142
85521,0.14774779565211069
85522,0.18290197284051513
85523,0.17580215235051538
85524,0.14056032912257407
85525,0.14543981339642026
85526,0.11061348857833614
85527,0.08257981611907848
85528,0.129764884071708
85529,0.09168197999463865
85530,0.16372636895275997
85531,0.1118452057585383
85532,0.1634733273486113
85533,0.09631935570998952
85534,0.1383591762267714
85535,0.12090543713309514
85536,0.1538095032973679
85537,0.0947108437466352
85538,0.122418351400324
85539,0.0858399719971577
85540,0.16271429788346148
85541,0.17455386666894623
85542,0.1384600967400879
85543,0.10171950701122451
85544,0.1586589427015267
85545,0.12614352149484204
85546,0.07107349836881174
85547,0.10027499391661657
85548,0.11014522398057669
85549,0.13216930944928462
85550,0.18200955793041618
85551,0.09201691640121339
85552,0.1645922535657694
85553,0.13931288381567897
85554,0.12974250309694507
85555,0.14806434775553762
85556,0.1094388462523144
85557,0.15349025459195276
85558,0.14263271449859938
85559,0.13402592887500844
85560,0.1626700173192915
85561,0.1722262739999615
85562,0.07332926986619748
85563,0.14915737285707006
85564,0.16157701024958251
85565,0.10943094184786478
85566,0.11941269986458587
85567,0.1493705815124875
85568,0.1289235914136631
85569,0.16074367856110539
85570,0.11186372862259397
85571,0.17866862786912419
85572,0.1369784019807486
85573,0.13222212610975084
85574,0.11970524230329804
85575,0.1726590196994594
85576,0.10763011377150833
85577,0.10786088723706724
85578,0.13258506034230766
85579,0.16732650328717502
85580,0.12368658331156063
85581,0.12315315397572121
85582,0.18520405550308147
85583,0.12524581276383057
85584,0.20238612296611053
85585,0.06246200799552036
85586,0.11133950130792529
85587,0.18542372586251515
85588,0.10457126742406005
85589,0.14124700631976278
85590,0.17373020201998457
85591,0.09104685956948258
85592,0.13046831659475516
85593,0.19481638269328716
85594,0.13935061927396403
85595,0.12009279887565902
85596,0.15868526731075605
85597,0.08288427762292128
85598,0.10807792034357172
85599,0.12957826758921465
85600,0.12461536047321692
85601,0.0923982711818957
85602,0.1747906854019999
85603,0.1514242796721072
85604,0.15921792750032798
85605,0.11009500982909073
85606,0.13910020070391824
85607,0.16708754383158383
85608,0.1688224977925315
85609,0.09909774497706028
85610,0.18126120723957173
85611,0.1264124204236703
85612,0.11103611170410005
85613,0.2060972509235957
85614,0.10825371770766207
85615,0.10067656404015167
85616,0.13820806647054212
85617,0.13681163525746076
85618,0.08839626486769842
85619,0.13177480913378076
85620,0.14135891934456013
85621,0.11044513849809165
85622,0.14687796566055808
85623,0.1300545243094737
85624,0.13917163240324076
85625,0.11371991648341612
85626,0.14118875006522738
85627,0.14171852322865638
85628,0.14779052966334383
85629,0.1152562160267484
85630,0.18215883691450918
85631,0.14315269426911828
85632,0.16899873883853384
85633,0.16487181234253534
85634,0.12257722830778363
85635,0.10075169956906253
85636,0.1059771903727636
85637,0.11873403141960315
85638,0.08570927625881582
85639,0.13608575887086002
85640,0.161913311022981
85641,0.14146919627619137
85642,0.18920676531314748
85643,0.17527676499838404
85644,0.11527046287380122
85645,0.11198179071540093
85646,0.1806383272619822
85647,0.13931101749353708
85648,0.10625475840786892
85649,0.14015166220192238
85650,0.16768253057406723
85651,0.13056657882156705
85652,0.16180998104131464
85653,0.14420775256248627
85654,0.15589875184631308
85655,0.13135545060254056
85656,0.1407599112435384
85657,0.1276729040302411
85658,0.13882940039861197
85659,0.15226540901029229
85660,0.14840408024758828
85661,0.1290225210858547
85662,0.10020271815872367
85663,0.11388911240306626
85664,0.1582547945617473
85665,0.16465156196658937
85666,0.14689943565237878
85667,0.14928389207987627
85668,0.11988193779588352
85669,0.15559085393945685
85670,0.13792590692280618
85671,0.06914526444148386
85672,0.08395941157104911
85673,0.09384364355396499
85674,0.15742906625283065
85675,0.09384413052142526
85676,0.12257272136916286
85677,0.10364180475608425
85678,0.09733178777238656
85679,0.13612891707219224
85680,0.09167397958677295
85681,0.12259289916848906
85682,0.12469397437408092
85683,0.10647222245977739
85684,0.10049664325227367
85685,0.036942004364953304
85686,0.15251378767714616
85687,0.15090441912165542
85688,0.16597961555669108
85689,0.10810825398608778
85690,0.16166009824583805
85691,0.15808259827787274
85692,0.16487430702746778
85693,0.11242718163996464
85694,0.15009548880379353
85695,0.1500799467297367
85696,0.1005635630975043
85697,0.16849154720522797
85698,0.1446078682619613
85699,0.11079980081524768
85700,0.14576301822921042
85701,0.15353441396500417
85702,0.09663239215128011
85703,0.1416756242149425
85704,0.19938437544830565
85705,0.12010107624994165
85706,0.1819180147468777
85707,0.13333132623952662
85708,0.10939466808530694
85709,0.12691078865842118
85710,0.15846677477790455
85711,0.14889123821363281
85712,0.1312998919775105
85713,0.12228844136270518
85714,0.10283715744925254
85715,0.13172806251763272
85716,0.14768316312213625
85717,0.20476884459848407
85718,0.18362083656882477
85719,0.12874727974398725
85720,0.17159583357831434
85721,0.11689616744677468
85722,0.15803577456271412
85723,0.13137575876648644
85724,0.1452861428563379
85725,0.12271772978125477
85726,0.11127115617186276
85727,0.14740507308283624
85728,0.13668637409926565
85729,0.14786996235161742
85730,0.176699937473858
85731,0.13863580162692682
85732,0.14755408921109228
85733,0.11070773092588103
85734,0.15302502415174551
85735,0.12062251135413793
85736,0.1516370073528902
85737,0.13034762564971372
85738,0.14680793800318911
85739,0.15403225532447792
85740,0.12966577074660673
85741,0.20905928011703656
85742,0.1363097421906844
85743,0.19336684203181956
85744,0.16577646330283197
85745,0.1153446500611485
85746,0.1662832316115586
85747,0.1646533447225484
85748,0.13122662266626184
85749,0.15421854567292012
85750,0.14682066810952474
85751,0.13842038773279305
85752,0.13798234902553755
85753,0.16496756747081187
85754,0.1256113287176669
85755,0.1992633281371464
85756,0.08075402179565327
85757,0.15683867235208918
85758,0.05913631086416676
85759,0.17758647033727232
85760,0.13128093996896345
85761,0.10188818747497116
85762,0.14952320188848334
85763,0.17528124128438577
85764,0.1524566614029017
85765,0.13283960572865372
85766,0.1365480613934151
85767,0.1392880878100408
85768,0.13204392253378364
85769,0.12780264145246942
85770,0.20308529963011124
85771,0.11821075924035285
85772,0.11424885027128893
85773,0.17481551806112397
85774,0.14059592000092105
85775,0.19772522087786543
85776,0.15400910569922327
85777,0.14349833142572718
85778,0.13802777036097863
85779,0.17604672139855637
85780,0.1804917888068485
85781,0.12309413887387899
85782,0.15856139124006327
85783,0.13934627762979035
85784,0.15896198229411065
85785,0.1508523451462418
85786,0.163942748800065
85787,0.14613120686706013
85788,0.18220646054311693
85789,0.12970048812551063
85790,0.1491970172154847
85791,0.13776736583156735
85792,0.1352557395103575
85793,0.16102504772099582
85794,0.14024631648931052
85795,0.15074014612544157
85796,0.1589202833632993
85797,0.1632314391534406
85798,0.07072255674078963
85799,0.11140956907761598
85800,0.1767478512763633
85801,0.16809379709947084
85802,0.16589486641362047
85803,0.19158268843613624
85804,0.18176958039800972
85805,0.13371432026188698
85806,0.0990633298410698
85807,0.1388407054450344
85808,0.15499239686192942
85809,0.10904196049541282
85810,0.151551158748517
85811,0.1930647601682966
85812,0.15694761279407174
85813,0.08964973621386944
85814,0.14960348115375877
85815,0.22226517375264174
85816,0.14162490057579627
85817,0.12377097752606205
85818,0.10260748537629184
85819,0.11705338331047092
85820,0.1509332700424349
85821,0.16306131154818385
85822,0.11465709128070126
85823,0.17706446427288644
85824,0.14403334189034736
85825,0.14562720082206562
85826,0.05615735392949528
85827,0.1642481989178221
85828,0.13827858586793773
85829,0.13804933060822272
85830,0.1392833189391971
85831,0.14414741417587984
85832,0.1577006158843986
85833,0.15011432325577656
85834,0.14421632667490716
85835,0.1432794928841867
85836,0.08767945509787198
85837,0.1520775399538579
85838,0.15454613573883313
85839,0.09432609571107584
85840,0.15215750753473206
85841,0.1292027763299496
85842,0.13620034198258715
85843,0.13418299844933673
85844,0.1071469852016905
85845,0.11101381253441728
85846,0.14185687686020476
85847,0.12876248570615118
85848,0.16765293799329592
85849,0.11840236459919067
85850,0.20942942826133382
85851,0.17176624606199817
85852,0.13705965732751016
85853,0.1387247864384139
85854,0.05581133901370891
85855,0.1285591063919123
85856,0.20066876900254257
85857,0.10618665969647403
85858,0.15516828003740182
85859,0.14843630941589225
85860,0.12390825044307337
85861,0.09663747794641789
85862,0.14005684604970353
85863,0.07713266940632063
85864,0.11256303656563926
85865,0.18832271260965655
85866,0.13110208885018002
85867,0.12923330981846456
85868,0.1509897249946001
85869,0.13876337469163189
85870,0.0910218463573925
85871,0.14466255333048222
85872,0.13138935019815492
85873,0.11723858223032699
85874,0.12079893677108358
85875,0.14811673373868592
85876,0.07598292188864117
85877,0.15127737103330083
85878,0.14503204691360752
85879,0.10201046145984023
85880,0.13067679210129346
85881,0.17974159793973632
85882,0.10068003068609169
85883,0.13863050085585338
85884,0.12142696651581075
85885,0.1656224983546863
85886,0.13076401171191246
85887,0.11412716917855663
85888,0.1335218795457142
85889,0.11524897742124
85890,0.11216248911216974
85891,0.17217126165939445
85892,0.12661827151623875
85893,0.16507049072555044
85894,0.11324378884180002
85895,0.18786545821684789
85896,0.09117584774629438
85897,0.14523732517479856
85898,0.12390035567802653
85899,0.11876674408946611
85900,0.1312203710373805
85901,0.10360561560729628
85902,0.15168111807037613
85903,0.17848053585574697
85904,0.07980252949631891
85905,0.1210438599119947
85906,0.1485579488383789
85907,0.22954631385507862
85908,0.18337337359885764
85909,0.10806809699092632
85910,0.07552656517156263
85911,0.18567118426320997
85912,0.13434519836290676
85913,0.10006087809345407
85914,0.1581013373035859
85915,0.07002064360103687
85916,0.1426936315908174
85917,0.14720626580506607
85918,0.1702063011244756
85919,0.17249735806914915
85920,0.1471705793940339
85921,0.1630776742674728
85922,0.12605734225139736
85923,0.1470207815975143
85924,0.14797694375182677
85925,0.11896874567146232
85926,0.19460711489732518
85927,0.12976461624906235
85928,0.11622073034832078
85929,0.1872274862734634
85930,0.12210779219800882
85931,0.16794617854751126
85932,0.12412712897564405
85933,0.16538039635181384
85934,0.14923586949766676
85935,0.10557539449684292
85936,0.12709047247588637
85937,0.1396651220790201
85938,0.08580960428322636
85939,0.14191977873118614
85940,0.1215938600254477
85941,0.11711921104189038
85942,0.1883744941308954
85943,0.145319406062974
85944,0.14800884954402305
85945,0.17323545409435498
85946,0.1304214124276385
85947,0.16738656188430318
85948,0.13118422474514946
85949,0.11829225045579875
85950,0.19325776859466803
85951,0.17771199072035798
85952,0.10277894560919507
85953,0.13717872372018866
85954,0.09738479815634499
85955,0.1147880607089591
85956,0.11009409918420412
85957,0.1575339083565834
85958,0.128050698241811
85959,0.15169195245910247
85960,0.1449944274303527
85961,0.15212668454375988
85962,0.13182507392337764
85963,0.13882157686905858
85964,0.1905570486331319
85965,0.1972323311681593
85966,0.09115306979924626
85967,0.14236283632272526
85968,0.10807217762405272
85969,0.18189428828447435
85970,0.1035672872890101
85971,0.1688572082751134
85972,0.0926417096427117
85973,0.15319420013251148
85974,0.12005103097428536
85975,0.14549043799893752
85976,0.12523465663175767
85977,0.13954884335941548
85978,0.10334190612419669
85979,0.17772834503664076
85980,0.1234682557990495
85981,0.11141492316595253
85982,0.13862926062730427
85983,0.19278819832001093
85984,0.15254769363139026
85985,0.19492194495844473
85986,0.10854714067157789
85987,0.12817640937334407
85988,0.1622912121184877
85989,0.1975357423872342
85990,0.10247770865422114
85991,0.15819561941288313
85992,0.13937745876821117
85993,0.1468176734019547
85994,0.1482977677395682
85995,0.16443169546275543
85996,0.13469714773075106
85997,0.1682175034071784
85998,0.20036504535833927
85999,0.11483881823012775
86000,0.14078825612904072
86001,0.16275167143528935
86002,0.076786982512412
86003,0.17981777054687795
86004,0.10421851002940268
86005,0.16592569269746865
86006,0.17830552139233966
86007,0.12221878905548039
86008,0.17052188684784525
86009,0.11458116138427682
86010,0.13867281955247854
86011,0.15595164207984621
86012,0.15081940310139838
86013,0.1502248803418782
86014,0.09746916594905028
86015,0.13827673949515043
86016,0.16229347369622318
86017,0.07624238617920256
86018,0.14703167264093966
86019,0.16148900787425868
86020,0.0871076512545482
86021,0.16979553929110475
86022,0.12360931682297824
86023,0.16306809550439638
86024,0.15881810378068137
86025,0.11312151037549754
86026,0.12132471585816718
86027,0.11817145631987122
86028,0.1161216189580248
86029,0.1177684070150615
86030,0.15886255443942546
86031,0.18374826178058282
86032,0.11352843858778507
86033,0.16278743292119038
86034,0.16205596731038605
86035,0.16062965190090805
86036,0.1599886907293625
86037,0.096683826147135
86038,0.08719529709698842
86039,0.0960691066228544
86040,0.18383354514079267
86041,0.14814410157696695
86042,0.13181248519360614
86043,0.16705083340348742
86044,0.13352473732456355
86045,0.13332822122628982
86046,0.12341150088500907
86047,0.135515957198254
86048,0.13127043504301805
86049,0.1455947831321586
86050,0.19951706740428435
86051,0.11919156804536435
86052,0.1477856883162063
86053,0.13820086436203713
86054,0.11219701126807652
86055,0.10001161097063482
86056,0.1206057659269201
86057,0.14857589490717882
86058,0.1352186954178487
86059,0.1849023312057225
86060,0.1608979385399115
86061,0.05316602381594457
86062,0.14959374541528375
86063,0.13814623791738453
86064,0.1286065859678097
86065,0.12045066574397909
86066,0.11935972850248214
86067,0.1577714487835393
86068,0.15495494835876317
86069,0.14876978984237751
86070,0.17258685316447614
86071,0.11963375341306084
86072,0.10145799190040711
86073,0.13183891838719314
86074,0.14968145930058596
86075,0.05429934947848972
86076,0.11274754077492796
86077,0.1449199676705894
86078,0.06294582765418312
86079,0.08892912032737924
86080,0.14909937444859928
86081,0.11402841009765817
86082,0.1323928567330108
86083,0.10087203044299356
86084,0.10275815200231248
86085,0.19689008730839885
86086,0.1673003634790519
86087,0.14166763223583106
86088,0.14307346880179325
86089,0.17222777959742702
86090,0.18450731890494781
86091,0.09383584113966362
86092,0.11525643037830414
86093,0.1624776389860344
86094,0.08475046497097898
86095,0.123952912200847
86096,0.16961243669880133
86097,0.0709679272858314
86098,0.14128101740613466
86099,0.15637197659804306
86100,0.12101161309459996
86101,0.1590931425092743
86102,0.10557758785724032
86103,0.13946376057885285
86104,0.09938573061160058
86105,0.10667007131559195
86106,0.11795382524169479
86107,0.14257665282084725
86108,0.15052720652654353
86109,0.12691137486631368
86110,0.143924353399258
86111,0.17201896260944013
86112,0.07901473982559262
86113,0.15616755083255784
86114,0.13823248748106645
86115,0.059842530068636254
86116,0.08931762122532742
86117,0.12103093460087039
86118,0.1100021377323326
86119,0.1317507787426523
86120,0.15882434525259836
86121,0.15237889289730508
86122,0.1542847895793544
86123,0.12177143143813775
86124,0.18251994952139639
86125,0.13571390136805506
86126,0.13839013568261965
86127,0.1299215688635887
86128,0.15969864569117262
86129,0.12121261159862234
86130,0.14681884931651376
86131,0.1636367824929773
86132,0.13158194576691812
86133,0.1187245306596466
86134,0.16424843633401612
86135,0.09679334676435689
86136,0.11892477147293068
86137,0.13204976373979876
86138,0.15095151181116803
86139,0.12704583624839821
86140,0.1026205591937776
86141,0.12449149462598258
86142,0.16470078227442483
86143,0.16549617655419815
86144,0.15157691426044084
86145,0.16759998471610435
86146,0.12329021393173775
86147,0.1692554268883418
86148,0.15499339789021319
86149,0.196803078821305
86150,0.1518188220130298
86151,0.16525831750997622
86152,0.11101938100973768
86153,0.22069581773613156
86154,0.14157712816059523
86155,0.1667273603046999
86156,0.15422312821074516
86157,0.1507531191047841
86158,0.11570249098606737
86159,0.09638522933245691
86160,0.09585806931563892
86161,0.11706010103630207
86162,0.19317574648392294
86163,0.10235313100408927
86164,0.10325016339513156
86165,0.18902622133738675
86166,0.09418892112495567
86167,0.1026888322201143
86168,0.1816771881344761
86169,0.11125070789253504
86170,0.14546417893987781
86171,0.12842741787560827
86172,0.11791641169919698
86173,0.13774399282244948
86174,0.12661419604449273
86175,0.10266817605052769
86176,0.14614069370576221
86177,0.11587204504156352
86178,0.13755856831546517
86179,0.15759084801090767
86180,0.2036990547684326
86181,0.20099914876798602
86182,0.09313990350351288
86183,0.09773431901644626
86184,0.13067305043255992
86185,0.09433779263587785
86186,0.16490203281839522
86187,0.15691348307784134
86188,0.10291078126973256
86189,0.16534689425602872
86190,0.1804278999993883
86191,0.15518506001177992
86192,0.10632722789434035
86193,0.15757483862923938
86194,0.1203936440554584
86195,0.13515476455239261
86196,0.1374025605251133
86197,0.1549224944461117
86198,0.16857160197030163
86199,0.07826407823913267
86200,0.1330702720378828
86201,0.11104663640418483
86202,0.16506933922477057
86203,0.18462823215650664
86204,0.11645176776424856
86205,0.1553065112039385
86206,0.153116960115222
86207,0.13665662653266974
86208,0.16520225588279852
86209,0.125917537262422
86210,0.11969875358452291
86211,0.1414633197288747
86212,0.15844782990586215
86213,0.11951264108336776
86214,0.13375167648248626
86215,0.1366171638299237
86216,0.12409071711275027
86217,0.14554583495484572
86218,0.06042442145575823
86219,0.19720343687028713
86220,0.15117263239255835
86221,0.12577688791506825
86222,0.18651043089403369
86223,0.08729735784453113
86224,0.125335563426791
86225,0.14189671224825587
86226,0.09956676983222008
86227,0.15083747863277822
86228,0.10392736102273009
86229,0.1554691626851908
86230,0.11033609770999038
86231,0.13585748787507035
86232,0.12777353061939623
86233,0.0899150310099869
86234,0.17721672527943214
86235,0.06769859860514979
86236,0.1511454876082616
86237,0.19907760422770693
86238,0.12909319989620305
86239,0.1464577286889954
86240,0.14393011227638208
86241,0.11785666803235681
86242,0.18527883494727054
86243,0.12566806933026772
86244,0.17768839037217396
86245,0.12396438502409295
86246,0.17808513069617413
86247,0.17485820433253682
86248,0.11503935289773123
86249,0.0883637059104053
86250,0.13117312763647665
86251,0.12908732440675952
86252,0.09072573672417808
86253,0.15368312754685326
86254,0.19233462348120448
86255,0.14104632430560332
86256,0.14792857300171283
86257,0.14098221585197815
86258,0.18822916540004392
86259,0.1614885756393287
86260,0.16007197027136055
86261,0.14747546803862308
86262,0.17111485396840087
86263,0.12280291981107766
86264,0.15289337536205516
86265,0.10435121130213376
86266,0.1551736386818781
86267,0.14596755598475097
86268,0.12532524809498513
86269,0.14114077454831914
86270,0.14539961352000907
86271,0.1273453543901899
86272,0.13774452863356232
86273,0.12605530375285834
86274,0.10584235414081089
86275,0.17968079875675758
86276,0.18331358773534198
86277,0.20418559694940108
86278,0.08360986552334154
86279,0.05202092528564918
86280,0.14874090198933176
86281,0.1351106018104522
86282,0.1270892821580053
86283,0.10963690346529878
86284,0.15503773950575758
86285,0.17946685949116659
86286,0.18307185821220562
86287,0.0991607108285486
86288,0.11755854513384331
86289,0.07854089450464218
86290,0.11160075649970974
86291,0.14714365763378853
86292,0.18376019937353927
86293,0.11505528685636157
86294,0.16703764257621515
86295,0.155262686144185
86296,0.097239953559272
86297,0.07731756976617615
86298,0.18981563284049985
86299,0.0990521817452983
86300,0.08487780025488065
86301,0.11580193874471728
86302,0.13619111360137515
86303,0.1745793621651217
86304,0.12628707541278944
86305,0.14082628526161628
86306,0.07598971800835624
86307,0.1498327351971264
86308,0.1310272744676624
86309,0.14447817030864707
86310,0.14453003562357655
86311,0.10809593164676506
86312,0.1295458751538404
86313,0.15680733363566823
86314,0.14298345675649135
86315,0.1841065491633911
86316,0.14479564457871177
86317,0.14814964338502448
86318,0.10381922491807048
86319,0.1477582817491213
86320,0.11878554252935278
86321,0.11243876675042282
86322,0.14350886266051172
86323,0.13018375651287697
86324,0.14160578537960156
86325,0.11552449571837127
86326,0.16989705632188937
86327,0.16488333957007753
86328,0.13502680935735834
86329,0.14015929855992015
86330,0.12146713750841263
86331,0.18423186397826705
86332,0.1215361910146084
86333,0.1527232285371572
86334,0.1292987590868975
86335,0.1555187268776449
86336,0.15029565308842366
86337,0.09103565869047042
86338,0.11672210037124338
86339,0.16842918243703026
86340,0.09612014675561181
86341,0.13287231429809504
86342,0.10742561347337831
86343,0.17214101397814352
86344,0.12799901198585167
86345,0.14898365491249418
86346,0.13074028716388128
86347,0.13723294247192755
86348,0.10358204367610578
86349,0.18034282657061135
86350,0.12201924983331791
86351,0.15658286901703775
86352,0.18913161909788048
86353,0.18488691791875275
86354,0.1410590482605191
86355,0.17031362622301544
86356,0.1304248241932675
86357,0.14286755108354748
86358,0.1615325512540845
86359,0.1717874004468238
86360,0.1295677226964694
86361,0.11624262147092246
86362,0.11847087067245256
86363,0.12402367018738167
86364,0.12876280382266997
86365,0.14213084201903178
86366,0.12378182448114433
86367,0.10997213303105499
86368,0.16679365881151947
86369,0.162618541676475
86370,0.1385457628788965
86371,0.11284686011079936
86372,0.17274698227314203
86373,0.12803822918412958
86374,0.1463360629194846
86375,0.14935837144700861
86376,0.1378213458835322
86377,0.15575223684493317
86378,0.17183109417557513
86379,0.1151253752102054
86380,0.15048958692915276
86381,0.13433284700454948
86382,0.17326874284440372
86383,0.1634441422850197
86384,0.16267166189741025
86385,0.1351995132677986
86386,0.12427222197594542
86387,0.07576583388018306
86388,0.11847753738679731
86389,0.18907453558529144
86390,0.12180558001158784
86391,0.12174614308184627
86392,0.15411013544132038
86393,0.13940242559427954
86394,0.1896865590646078
86395,0.16677851266391938
86396,0.17670903206025956
86397,0.21702129809715526
86398,0.09193298842820047
86399,0.12491135488612608
86400,0.13570944334656396
86401,0.12483283757262012
86402,0.11608899786758817
86403,0.14482891187582086
86404,0.11800946268227194
86405,0.09688475707170092
86406,0.17451603468650476
86407,0.11053929721698137
86408,0.1975729910105579
86409,0.1159286988813571
86410,0.12187753415515619
86411,0.11829805476344167
86412,0.12173227405927559
86413,0.11769581421966502
86414,0.14837761264425434
86415,0.08537053852115964
86416,0.15429233130991193
86417,0.11546405437844279
86418,0.1618125191725415
86419,0.15640459108747326
86420,0.08402428196608192
86421,0.11844111675982444
86422,0.1578532029729199
86423,0.10651310104417494
86424,0.12561526319644778
86425,0.14682284717017624
86426,0.16327905964388745
86427,0.10482580890512797
86428,0.1765165475696526
86429,0.22205775028004993
86430,0.1566957061276802
86431,0.18103883177697186
86432,0.19679634663600942
86433,0.12719635479695693
86434,0.1495979531118932
86435,0.15100176730458068
86436,0.1348736676907099
86437,0.13635557391170497
86438,0.10153584306675553
86439,0.07425928791338479
86440,0.13373692212966667
86441,0.11916127412082693
86442,0.1226376286040553
86443,0.13214181107100395
86444,0.19518833595595964
86445,0.11649809968636275
86446,0.14113393004991706
86447,0.09622018608909533
86448,0.2003118121655113
86449,0.11191013971774716
86450,0.15720772797908766
86451,0.15973709615496176
86452,0.13640418688356448
86453,0.1824847902944479
86454,0.1458221621243662
86455,0.16846865684841375
86456,0.10939099896844871
86457,0.15086903235649515
86458,0.16219974520564215
86459,0.12127286529174498
86460,0.15531851078025088
86461,0.16747642773679072
86462,0.13954557810013268
86463,0.18283265884907515
86464,0.14101984548724675
86465,0.1441836291077966
86466,0.16543194383245505
86467,0.16174300947176476
86468,0.11671517655250228
86469,0.13038216784056855
86470,0.1726723604447712
86471,0.12024844776019697
86472,0.14973634154284257
86473,0.0928854547270507
86474,0.13481417921350525
86475,0.1543583366241958
86476,0.13338251886115882
86477,0.17971066256837162
86478,0.1545601155505441
86479,0.07383185376825012
86480,0.15159110273954654
86481,0.10426439372191251
86482,0.10667572540147366
86483,0.12663382866812006
86484,0.13035819671330234
86485,0.11843416532168023
86486,0.12249564590100127
86487,0.11821454522483625
86488,0.10869695792545098
86489,0.10138874143533969
86490,0.1564856389932566
86491,0.13165317770899382
86492,0.15448678243354583
86493,0.12168712693459949
86494,0.13701893303728999
86495,0.0669939485621182
86496,0.17199782057157018
86497,0.22367503406274702
86498,0.10421936952316913
86499,0.13317667224948576
86500,0.12980340417268857
86501,0.10063569176287751
86502,0.09998172531592335
86503,0.16321894118913316
86504,0.1390009530475226
86505,0.15525316904472986
86506,0.12547049758152826
86507,0.1445340920096609
86508,0.12284979441225094
86509,0.1305417684398975
86510,0.15572176954869038
86511,0.1501690014504653
86512,0.08220538826163146
86513,0.17146852507383215
86514,0.10180704493716985
86515,0.16405497814824588
86516,0.1678490447666211
86517,0.16360339426357995
86518,0.1088864664897618
86519,0.14463836575272856
86520,0.21290850850430595
86521,0.158783734711066
86522,0.12628900635527965
86523,0.13219821213433636
86524,0.19432467187583194
86525,0.1701715112914797
86526,0.10560146808443631
86527,0.10906550421883704
86528,0.16499597440367708
86529,0.13347249494494728
86530,0.17547123456039
86531,0.08827273192844465
86532,0.1565383513958084
86533,0.14422720637764325
86534,0.15316263816856568
86535,0.17444583669901437
86536,0.12922911460686337
86537,0.1750782170934318
86538,0.10735138948842078
86539,0.125931318408562
86540,0.11505577487366658
86541,0.1509305548483197
86542,0.14214567390702856
86543,0.13301863973078734
86544,0.12288700929218685
86545,0.11805006018576643
86546,0.09646400463005628
86547,0.11429323268944924
86548,0.1637034160415285
86549,0.2041244038404309
86550,0.09145863866692158
86551,0.13787790855298682
86552,0.13739598245518614
86553,0.14403065355402359
86554,0.12534984558011597
86555,0.1301325129678139
86556,0.15942195346066132
86557,0.1585675409359501
86558,0.1522513906799221
86559,0.13090656209287238
86560,0.2023292336202523
86561,0.15078393584067545
86562,0.13157799551453675
86563,0.09939564434347423
86564,0.12984465684511912
86565,0.20495777013812522
86566,0.08936144590556339
86567,0.11969626445718243
86568,0.14329324404626606
86569,0.159884556073715
86570,0.10248385626379103
86571,0.11678673323207153
86572,0.13314756085264043
86573,0.13416458870255993
86574,0.10542953611176482
86575,0.16399590876533537
86576,0.11295228237857559
86577,0.05931151467231041
86578,0.17863668140451205
86579,0.154499602623733
86580,0.10735259224878918
86581,0.13152606583526957
86582,0.11837229615276416
86583,0.17973265534661403
86584,0.15930106881650044
86585,0.15357545145844884
86586,0.15701159464320777
86587,0.2198845307099301
86588,0.1308216699451924
86589,0.14422850285003738
86590,0.1593624276030072
86591,0.12983467251031458
86592,0.12403626518296354
86593,0.13783445416213363
86594,0.04764067116934888
86595,0.10054496912259789
86596,0.12631628519878102
86597,0.11945087720106445
86598,0.11317369266979423
86599,0.15626244506439751
86600,0.14593712756744498
86601,0.12021434576631547
86602,0.1270744636111628
86603,0.15940292486798338
86604,0.11936260150554821
86605,0.12159012922838293
86606,0.13201327752674072
86607,0.08260648984974175
86608,0.12359385669126068
86609,0.12250112563157187
86610,0.16892444896026437
86611,0.10044474611199214
86612,0.156140386683057
86613,0.11402435346197122
86614,0.16499888587566522
86615,0.10500128632381935
86616,0.13621566619277656
86617,0.14008037288817082
86618,0.10647176498731867
86619,0.14286211307335173
86620,0.12382861431119821
86621,0.14324919862906882
86622,0.16876512369861404
86623,0.10801727125818583
86624,0.17732675650734275
86625,0.13654182867127376
86626,0.12029984643730544
86627,0.14032555562569038
86628,0.18698918745216653
86629,0.09731863359030003
86630,0.062020654200153985
86631,0.1587452117968191
86632,0.14532018618600057
86633,0.17275371560322084
86634,0.13868766711957756
86635,0.12215169426044845
86636,0.16638048245954945
86637,0.13371203665571837
86638,0.12782622211910405
86639,0.10735271900773388
86640,0.16002650409923577
86641,0.13719319188443535
86642,0.17002438869890363
86643,0.20670092517528205
86644,0.1695883032092859
86645,0.14654731618556732
86646,0.173400109898794
86647,0.13087331189578658
86648,0.16558015359244677
86649,0.13372989780684505
86650,0.15022517441116454
86651,0.10932482418743728
86652,0.0959833248997132
86653,0.13431909604317424
86654,0.11992338843316847
86655,0.1723929829960947
86656,0.09857054548636532
86657,0.17918921721919479
86658,0.12202808186743155
86659,0.12547094417142785
86660,0.10536818131011545
86661,0.13914948045983186
86662,0.11540466040582503
86663,0.105067085897181
86664,0.1006167445152237
86665,0.11727349825136754
86666,0.1197952759698761
86667,0.10538383684138963
86668,0.13359821677682412
86669,0.15122188007100124
86670,0.18675035110847754
86671,0.22464629954949394
86672,0.12819870555232873
86673,0.1863901404732569
86674,0.11562526432316511
86675,0.14049101011416842
86676,0.15879353354448036
86677,0.11841082420920285
86678,0.12470830576672061
86679,0.13263339989131512
86680,0.18020140642940533
86681,0.10139761390927743
86682,0.15627311860032886
86683,0.16362640007787954
86684,0.11110970636521926
86685,0.13160332769594668
86686,0.0903887990628046
86687,0.13338964871092335
86688,0.15084833123829547
86689,0.08474284696731411
86690,0.13313664120587587
86691,0.1465965483829456
86692,0.21269297094798018
86693,0.1505015545944498
86694,0.11278367035116961
86695,0.0955900415826653
86696,0.12462053275437832
86697,0.12541028361741713
86698,0.18094572474738235
86699,0.13412537134328378
86700,0.09968959319477648
86701,0.14074547695666573
86702,0.15916098496191067
86703,0.16954914470472676
86704,0.1397117001690369
86705,0.07197038968400668
86706,0.11716357190101748
86707,0.11963163526228335
86708,0.13074229401950996
86709,0.13437888310538837
86710,0.14743413427073798
86711,0.15314264660558594
86712,0.1333662198921713
86713,0.14724486679426818
86714,0.10792670160427713
86715,0.15584542283961791
86716,0.10346616810355982
86717,0.1442151183819047
86718,0.09985069935275412
86719,0.15774228486191177
86720,0.13853640204889697
86721,0.12457148915020987
86722,0.19052073930270924
86723,0.1502035278200352
86724,0.14038721971640367
86725,0.11900894896163827
86726,0.1091834236746094
86727,0.09723760373947153
86728,0.1385942730816471
86729,0.11690511773041742
86730,0.1756152181060069
86731,0.16127245690815287
86732,0.22955889443074326
86733,0.1289127857483761
86734,0.16885428525864055
86735,0.12389988457699871
86736,0.17668353013357996
86737,0.11715633360317422
86738,0.11338368325640957
86739,0.14783585134320423
86740,0.14312564894602556
86741,0.16286449503988049
86742,0.15292272425373413
86743,0.1607763780533546
86744,0.22516397665619867
86745,0.16459873696233576
86746,0.17530964399725305
86747,0.13399827493802383
86748,0.06584192577006807
86749,0.11699083656039974
86750,0.1839757456455432
86751,0.08455032932387387
86752,0.1188912108919774
86753,0.1078878068978355
86754,0.21512821175361013
86755,0.15641174150473552
86756,0.09234855870851345
86757,0.11074216616383568
86758,0.14456542733872027
86759,0.10806220174936815
86760,0.0995015413462143
86761,0.16005306906798958
86762,0.1609512991537917
86763,0.157729877337742
86764,0.16358461498414334
86765,0.1370603687465079
86766,0.19691267197152232
86767,0.09021337704300186
86768,0.13906890999438612
86769,0.1435961724815064
86770,0.12534281819431148
86771,0.12914149787613305
86772,0.11769299071144627
86773,0.11943826291110976
86774,0.12712626981268105
86775,0.10359237334346186
86776,0.12874496585627082
86777,0.11247418596396756
86778,0.11790748791665663
86779,0.071407777675812
86780,0.13387971154497885
86781,0.14911235967219433
86782,0.12961371952396017
86783,0.15008667433872144
86784,0.1226855137769303
86785,0.10913767128938764
86786,0.1587044594048158
86787,0.09612474604862654
86788,0.11093726064642329
86789,0.16182124963410938
86790,0.13693941052294234
86791,0.08906349264863664
86792,0.14300106448303296
86793,0.19597679502458784
86794,0.13350271886611814
86795,0.14587455167559768
86796,0.1621175685420404
86797,0.15368625949273623
86798,0.10847569905849157
86799,0.07869933728403489
86800,0.18404353700348475
86801,0.13255295354503221
86802,0.12725986454417618
86803,0.15878932867305046
86804,0.13220237205298918
86805,0.1558102549756639
86806,0.10775459480930419
86807,0.10135299531700193
86808,0.1100864652808395
86809,0.1295130135438734
86810,0.06161185241705365
86811,0.17044250116458753
86812,0.1512678050929553
86813,0.10550069583665352
86814,0.12983771139508699
86815,0.17256734734283904
86816,0.11163529675303686
86817,0.1067570815611305
86818,0.19157187271039622
86819,0.1579333589885848
86820,0.11124800574883234
86821,0.15799532205957584
86822,0.12702704794132308
86823,0.10243212654884486
86824,0.07413005151206126
86825,0.15936391846812323
86826,0.09066783396114425
86827,0.1501948511915396
86828,0.12450170323188157
86829,0.17338124455106468
86830,0.15832512400825655
86831,0.13801818897778037
86832,0.14528768112020649
86833,0.14084505033182013
86834,0.09027115967291782
86835,0.18083738138911726
86836,0.2040739305899903
86837,0.1890230566238747
86838,0.19928058992960554
86839,0.15770287951683568
86840,0.14920808539863106
86841,0.132820930035753
86842,0.08223913950589856
86843,0.15361648359841218
86844,0.14532804779612507
86845,0.11379776424783254
86846,0.128493413817658
86847,0.12312560750003639
86848,0.21139546411295024
86849,0.1327854122462812
86850,0.16859429497379297
86851,0.1546935202570287
86852,0.08262561550586561
86853,0.10826400155890711
86854,0.17837797822378434
86855,0.11478976110488158
86856,0.09160758708728489
86857,0.1145880148726799
86858,0.11245913310899927
86859,0.1812604059659121
86860,0.17579426785307156
86861,0.14891285737218643
86862,0.1756040779969604
86863,0.1275516822545974
86864,0.11997723336097475
86865,0.1468728220495428
86866,0.15101004092963916
86867,0.13879040922524175
86868,0.12058490898372967
86869,0.16287874107297703
86870,0.07932506913548681
86871,0.21908431302429293
86872,0.1574009446285736
86873,0.15039521310920656
86874,0.09990090758643924
86875,0.18336158538845126
86876,0.14441536011200565
86877,0.18904614446797846
86878,0.11874754528872306
86879,0.16339972666919922
86880,0.16717226771839083
86881,0.16623144347444388
86882,0.11922504672748241
86883,0.11356942750487922
86884,0.14697209857008284
86885,0.1377897605309964
86886,0.12377805114118567
86887,0.10999250086428586
86888,0.14345457301295944
86889,0.13448630066918882
86890,0.111466671729163
86891,0.0872222685690135
86892,0.19586354939011097
86893,0.10909956819060196
86894,0.14874555891851748
86895,0.16167134918084688
86896,0.14614362787150062
86897,0.17195723281546546
86898,0.1350388478094188
86899,0.1374664222094554
86900,0.12945660406715476
86901,0.16045556727691918
86902,0.15267808984400083
86903,0.17255976902001974
86904,0.12666576400580132
86905,0.17740244691589424
86906,0.10903853242471971
86907,0.11097207268181503
86908,0.19956059781060745
86909,0.1750648075086626
86910,0.141780297991398
86911,0.1579725138978028
86912,0.17141704633819105
86913,0.17053387965560776
86914,0.08936818466096177
86915,0.18589516222499575
86916,0.18295475944005907
86917,0.1641691984695409
86918,0.17586505167872976
86919,0.13834391829560175
86920,0.1560541305274263
86921,0.1683565792913022
86922,0.1113317352384933
86923,0.10795677712935085
86924,0.11902437388075617
86925,0.10836235881459227
86926,0.15551331784383174
86927,0.12460150729967412
86928,0.08491398344018472
86929,0.16195399650227998
86930,0.15382740254324848
86931,0.1435713837754407
86932,0.1322576534605281
86933,0.10398576386092372
86934,0.141184887493911
86935,0.1304206424486116
86936,0.1383070368891439
86937,0.17140519369858528
86938,0.1384200769433002
86939,0.15286059520576203
86940,0.15328027710763964
86941,0.14200837248220582
86942,0.11451641223488575
86943,0.13058321471190545
86944,0.09569407407082572
86945,0.14770550693921605
86946,0.16920004242296377
86947,0.11759495858271579
86948,0.12370814436977705
86949,0.11609085028307047
86950,0.11891471555548921
86951,0.12445542924909532
86952,0.19289691105845
86953,0.14940391766550257
86954,0.14709057916265425
86955,0.17315069201425398
86956,0.22973849356217388
86957,0.16053402501838843
86958,0.15521260092888012
86959,0.09161099590630668
86960,0.137233730674372
86961,0.1686985098695817
86962,0.15245456710596425
86963,0.17467971589057377
86964,0.14460377225589105
86965,0.13242127840105108
86966,0.1971818423747141
86967,0.13974839899808691
86968,0.09313071721006398
86969,0.16510950287731735
86970,0.14400690364079383
86971,0.12195451778410221
86972,0.15637862842668498
86973,0.14390700978058257
86974,0.15046648410717955
86975,0.12364333907601067
86976,0.12129698323715754
86977,0.11939077486340464
86978,0.16681658019272774
86979,0.12169000256137347
86980,0.15948591660478972
86981,0.1486854238724692
86982,0.17042792317430353
86983,0.1818572481357252
86984,0.17649702016285723
86985,0.17384529210349678
86986,0.12887360757038366
86987,0.16583663470033105
86988,0.1643210027989088
86989,0.13105717237739084
86990,0.1411065865562454
86991,0.18916576837360688
86992,0.10719823819247142
86993,0.11299849176270452
86994,0.12608342116587423
86995,0.14030190375803017
86996,0.11459043711158597
86997,0.13585727520427382
86998,0.1087682732950415
86999,0.1273114655201829
87000,0.13297983826590462
87001,0.16659537467275343
87002,0.1450789333314589
87003,0.14946217769928594
87004,0.12006870716255913
87005,0.07112498362664531
87006,0.13291896465537575
87007,0.09628056426626418
87008,0.13280712085716492
87009,0.11036501363902007
87010,0.10550406173688509
87011,0.13828283199999436
87012,0.16886477543345796
87013,0.16279631337612124
87014,0.16823883768756992
87015,0.1537087520889009
87016,0.12735776917932579
87017,0.17120595446140166
87018,0.17281862850630494
87019,0.18037802172048356
87020,0.15143805649379993
87021,0.1185518951530716
87022,0.18497791177948508
87023,0.15287497168633454
87024,0.20105555046467874
87025,0.12015115843844837
87026,0.17286398622848667
87027,0.1465288437641613
87028,0.09026194652297884
87029,0.1396914224487354
87030,0.18094258268884372
87031,0.162362726164123
87032,0.15364561046943687
87033,0.1122699431268105
87034,0.1335607565147949
87035,0.1558051869743478
87036,0.13531936083105475
87037,0.07720895592921836
87038,0.17897750190540365
87039,0.18043311643678067
87040,0.12283042291392865
87041,0.09201714793801852
87042,0.18406191141871017
87043,0.13867431749820783
87044,0.13233860510326825
87045,0.15070999870851026
87046,0.1451254957855628
87047,0.16130236934696326
87048,0.11283045847834856
87049,0.17644253639244767
87050,0.15371904126660743
87051,0.11093530582885144
87052,0.16080604238119298
87053,0.16228777957101867
87054,0.14817327701707755
87055,0.16880609089911575
87056,0.1002829989441805
87057,0.1455391136596889
87058,0.1219568094194899
87059,0.1216452569937398
87060,0.17494070143843005
87061,0.08786751205386592
87062,0.1218893354070415
87063,0.19476066977143072
87064,0.14370346989804075
87065,0.14458303886751306
87066,0.11456589722358247
87067,0.19733943664466863
87068,0.10985753920563206
87069,0.1258701082449417
87070,0.11148325422826671
87071,0.13482272700032538
87072,0.15251902410840878
87073,0.11490115397713782
87074,0.10748597368280838
87075,0.11756609956542577
87076,0.07546440323032944
87077,0.13575116858174852
87078,0.1732047013199046
87079,0.1567543793158318
87080,0.13411187042163972
87081,0.1750550777994543
87082,0.1416401716295737
87083,0.13743002693842213
87084,0.12833222658245957
87085,0.18321725717525408
87086,0.14619737949872885
87087,0.1344866081993518
87088,0.1283824762382041
87089,0.1770212915181334
87090,0.1229007630561669
87091,0.17102197050488696
87092,0.12628188267307905
87093,0.10755966153611818
87094,0.1627328424412372
87095,0.11730671768148132
87096,0.14106211682322325
87097,0.11825826829201322
87098,0.12726382975514575
87099,0.16217047331210294
87100,0.12714098687132322
87101,0.14154529813024727
87102,0.13368452143534687
87103,0.18932944201773438
87104,0.08664836804623718
87105,0.1420106636203493
87106,0.12941460825310405
87107,0.0755395441845573
87108,0.13050376738059877
87109,0.15547521829181843
87110,0.10465270241218391
87111,0.1736648766003699
87112,0.1917778514982914
87113,0.14074844558680827
87114,0.17349136799951737
87115,0.1961606423671528
87116,0.11709168012396223
87117,0.15500787413068826
87118,0.15455493465469844
87119,0.09927728684488507
87120,0.16156796041226806
87121,0.17450770969034582
87122,0.13001410295564217
87123,0.12015434085898527
87124,0.15375641887471658
87125,0.1494276346959172
87126,0.13904986094378285
87127,0.1432747606527184
87128,0.13834065879383528
87129,0.15653242168101794
87130,0.13159823257377956
87131,0.1734643733164244
87132,0.16543210212074874
87133,0.018991162437512865
87134,0.16917625030725908
87135,0.17473082889950078
87136,0.13018599148776933
87137,0.2048778893186426
87138,0.1617330559250083
87139,0.1323802958771922
87140,0.07147697095781289
87141,0.14785301600865847
87142,0.1489426301092641
87143,0.15514063100205872
87144,0.1429440466833234
87145,0.11807039704673457
87146,0.08769198488357606
87147,0.1406269281287812
87148,0.09891749823255784
87149,0.21355400256684928
87150,0.12620749246198595
87151,0.12846486353356737
87152,0.1113766626430736
87153,0.1008070367391895
87154,0.17711242041397135
87155,0.14478738235608274
87156,0.11209030220473604
87157,0.14779934816800863
87158,0.20342949319929435
87159,0.1290914442724682
87160,0.1564834928497039
87161,0.16282950708939495
87162,0.1131786323196691
87163,0.1016800428217569
87164,0.08850089261532865
87165,0.11472521314135592
87166,0.15335810672346992
87167,0.1431678273751625
87168,0.10345761837909043
87169,0.08299572334426439
87170,0.14345644954959683
87171,0.17927380218158398
87172,0.15586078603498557
87173,0.13864434566505593
87174,0.17859720170130072
87175,0.1674508842507225
87176,0.11734945443153232
87177,0.12157721794925416
87178,0.1619134281853943
87179,0.178487005582336
87180,0.14427144267839112
87181,0.1859843782032209
87182,0.19726912528462137
87183,0.14294578177311987
87184,0.11803031041673379
87185,0.20038661656629983
87186,0.11180011735345433
87187,0.14036209693587146
87188,0.12583988436997853
87189,0.14267605088412952
87190,0.12517753987713812
87191,0.10768900023782968
87192,0.1403131171037627
87193,0.1996430189151569
87194,0.12393757816790912
87195,0.14775787744299956
87196,0.17249901183058663
87197,0.1318841072871619
87198,0.176018915431532
87199,0.16270158913676036
87200,0.16203842283005968
87201,0.1077888837578521
87202,0.13451470019665673
87203,0.10651771624734349
87204,0.1323436427222947
87205,0.13947217864407932
87206,0.20072130555376733
87207,0.120380987257008
87208,0.10002696847610967
87209,0.08611760612899526
87210,0.13561982776707276
87211,0.0858444288413267
87212,0.0977001132222599
87213,0.14785483108800707
87214,0.15607314071462997
87215,0.14779507462151414
87216,0.13496050007330593
87217,0.1124137455243832
87218,0.19020775834609158
87219,0.16412598450286645
87220,0.14339755608153054
87221,0.21963823935968263
87222,0.16169865510583867
87223,0.16857617470148956
87224,0.1521741679821636
87225,0.13073410339240665
87226,0.11296366442937825
87227,0.128273770174955
87228,0.185188099094649
87229,0.14313621540225063
87230,0.12697103899791404
87231,0.12245982317181417
87232,0.18529415875106264
87233,0.13342263407129845
87234,0.17660092530272378
87235,0.1775915406576316
87236,0.16869816163630438
87237,0.11593790390674616
87238,0.13797799097787805
87239,0.1604674498849502
87240,0.14942576999356694
87241,0.13075664252640135
87242,0.10170969063331589
87243,0.1691134480399342
87244,0.12344546738490063
87245,0.11075802503377839
87246,0.16247146161422388
87247,0.13006862552063048
87248,0.12795906591957137
87249,0.1364746670828447
87250,0.13830143290734534
87251,0.14629835756130447
87252,0.10833584798424176
87253,0.15324356284170382
87254,0.13291635870329044
87255,0.09436224424471458
87256,0.1788871257515196
87257,0.16147034903589874
87258,0.186386745644486
87259,0.12895937413575936
87260,0.11203865451226684
87261,0.1152539674877151
87262,0.158942775633702
87263,0.16509912765798992
87264,0.1645752059350755
87265,0.12747380627943544
87266,0.12506174272679269
87267,0.19396427473149883
87268,0.15667209653603037
87269,0.15008646672041023
87270,0.10511569791405317
87271,0.12229863318028025
87272,0.1411649333357644
87273,0.20492737161825625
87274,0.17702555646381804
87275,0.2122993377968449
87276,0.12786676223661866
87277,0.14403156406090617
87278,0.16262110148643258
87279,0.1396818808477875
87280,0.1217447853513822
87281,0.16272602044540085
87282,0.15966759914674936
87283,0.11948134437391704
87284,0.12116973178515048
87285,0.15191301097497506
87286,0.105299977506005
87287,0.13959880430588809
87288,0.1211650902089531
87289,0.12212672117017614
87290,0.08211906962276877
87291,0.1427205512179581
87292,0.12624838469331254
87293,0.1261591683575673
87294,0.1442267734752043
87295,0.19371511009902792
87296,0.15850558187869948
87297,0.19646592995828294
87298,0.14348574286345334
87299,0.1807970483881403
87300,0.13367538033437665
87301,0.10472716781251841
87302,0.1433686434773172
87303,0.09387265007235021
87304,0.12222177262677535
87305,0.12889082139219324
87306,0.22585474015617535
87307,0.15349997104327187
87308,0.13970207854626857
87309,0.15239409549818098
87310,0.1491507178225741
87311,0.11064617720190903
87312,0.10546438526608126
87313,0.11602869930860234
87314,0.10328182559151795
87315,0.11379896533333284
87316,0.17751349564800453
87317,0.08368666856566327
87318,0.10097003595139402
87319,0.10167463542929833
87320,0.17198446569428472
87321,0.08834853998826427
87322,0.11515604990566933
87323,0.09379345445304532
87324,0.17781608120154202
87325,0.12322143867171115
87326,0.11995145120731845
87327,0.19428836479692918
87328,0.15332024273086364
87329,0.2277471442820902
87330,0.13662586876722363
87331,0.1937203016843349
87332,0.06314624313955991
87333,0.1487979733913273
87334,0.13036518997848295
87335,0.12978225391326423
87336,0.1745265621923679
87337,0.15306680533054137
87338,0.14019814254514015
87339,0.11856394437766274
87340,0.16125702629255395
87341,0.11797542834204582
87342,0.13284366754820243
87343,0.16165536872863295
87344,0.11339362663267566
87345,0.12413447984089622
87346,0.1320655954421873
87347,0.16416505690797278
87348,0.09751973882455695
87349,0.12435889920870724
87350,0.1395657150879965
87351,0.09684891601757864
87352,0.06433390869472383
87353,0.1466008966599914
87354,0.14512736606065668
87355,0.12524084405246394
87356,0.18780699223830669
87357,0.11527572782707257
87358,0.14173061982422866
87359,0.15013301361583112
87360,0.11089089997726952
87361,0.1426348858248113
87362,0.1797441020450015
87363,0.16614866817521468
87364,0.16818171352931013
87365,0.11259542379643334
87366,0.13401389715072967
87367,0.15466725932768344
87368,0.061511378575402106
87369,0.09260605117464485
87370,0.1576248358353167
87371,0.11733996948321243
87372,0.12475770313978732
87373,0.11162530966765997
87374,0.13229161477313064
87375,0.08394972574889518
87376,0.09694745362330977
87377,0.14291473554647194
87378,0.11938290473268943
87379,0.21289712136373506
87380,0.12993280166283577
87381,0.17223849334657265
87382,0.15994781650027506
87383,0.16592455056703692
87384,0.10241463206895583
87385,0.14717861287335782
87386,0.12002174849824301
87387,0.15665608084425067
87388,0.10916963177159843
87389,0.14969295465469504
87390,0.19569554232176065
87391,0.14647865954650055
87392,0.13538088923719707
87393,0.1150732781618282
87394,0.13284653233661436
87395,0.1382179930338099
87396,0.16686610823095882
87397,0.13534941710064496
87398,0.18442719208605968
87399,0.1080625025410659
87400,0.19352693184547617
87401,0.15284336604712595
87402,0.13218618109907235
87403,0.061877201689647734
87404,0.16235641030671388
87405,0.1553643532406691
87406,0.1685290433203645
87407,0.1291547618296052
87408,0.1474403250503173
87409,0.14865270686975882
87410,0.11275003493095227
87411,0.21045476671896457
87412,0.15276458631811765
87413,0.13719248364493958
87414,0.10686729086914773
87415,0.19074181281040614
87416,0.12260272004446753
87417,0.15775941683338748
87418,0.142967924836052
87419,0.17636401662210552
87420,0.1574971306701092
87421,0.14800709530367887
87422,0.18611938098713254
87423,0.10346838175243381
87424,0.1256193243055077
87425,0.11472424628905811
87426,0.05697979987821768
87427,0.11063535417010598
87428,0.14506807025190274
87429,0.1418249685482903
87430,0.15911608331699745
87431,0.1540632757096666
87432,0.08588419891256506
87433,0.13648918531245424
87434,0.1538282786467913
87435,0.1185298465125932
87436,0.1665262209875606
87437,0.1357533286816007
87438,0.17367717912763642
87439,0.08142951035522593
87440,0.14645415565370173
87441,0.07051359264260552
87442,0.0982741979786076
87443,0.14989993338822552
87444,0.15107712266990445
87445,0.13958455563445535
87446,0.10742034237811926
87447,0.13585367083212524
87448,0.14389314362168878
87449,0.124239444144694
87450,0.16908720557798151
87451,0.16429636044807222
87452,0.17040311769168992
87453,0.08582721781937969
87454,0.11997122140700478
87455,0.20317702299411414
87456,0.1671723865670612
87457,0.13541009870035145
87458,0.1511188988283791
87459,0.16964557198645144
87460,0.15783811418687685
87461,0.15454497968896813
87462,0.13895557942008377
87463,0.1391723781909559
87464,0.09491989152177102
87465,0.06999563993477328
87466,0.129568792389822
87467,0.15896471476064555
87468,0.15914826773871013
87469,0.11304008776292125
87470,0.18969140036827287
87471,0.16504424105600163
87472,0.12158077038123931
87473,0.12492365001458759
87474,0.08880722343304978
87475,0.14886312750921113
87476,0.1199540296117752
87477,0.11959333158744305
87478,0.1390481891971458
87479,0.16728378872545058
87480,0.1587785041009403
87481,0.09635784496474503
87482,0.10221242705046522
87483,0.13941622650355362
87484,0.11913104831491729
87485,0.13169787069698025
87486,0.123842107155373
87487,0.13423122725954406
87488,0.08983526528582231
87489,0.15023112275798492
87490,0.13758265025701844
87491,0.1747346795699047
87492,0.14559806421506521
87493,0.1608509401080686
87494,0.11245455256379054
87495,0.18220432060593245
87496,0.1473449585917815
87497,0.10070279913264416
87498,0.15488747334679992
87499,0.13793334181072833
87500,0.1425262899369005
87501,0.1984072183003765
87502,0.18964779511474805
87503,0.11432337161436762
87504,0.16093996342546257
87505,0.153333498744884
87506,0.160965263157825
87507,0.17222041825587495
87508,0.17336014679825332
87509,0.13613955974800104
87510,0.12869590876680867
87511,0.18557833428344736
87512,0.12513210252761667
87513,0.17105129352487247
87514,0.1594033402453011
87515,0.15189084620452306
87516,0.2005168844652707
87517,0.17369361784061238
87518,0.10547692631295774
87519,0.1464933125704643
87520,0.15847176708994806
87521,0.13369961279450754
87522,0.16890466834823226
87523,0.16357039044989788
87524,0.10444798377136669
87525,0.19564179784159347
87526,0.20546927354831357
87527,0.10602252629599368
87528,0.1602679677321812
87529,0.14136371827719224
87530,0.13931143830617482
87531,0.15062063917925853
87532,0.18354985650175681
87533,0.1721122033966649
87534,0.10741386881274387
87535,0.17589809211835244
87536,0.2000212327962695
87537,0.1819537254211786
87538,0.16216921392873748
87539,0.12024406875980354
87540,0.15456004714492902
87541,0.15710166926973124
87542,0.13337282692371907
87543,0.14979055504348937
87544,0.13369839877827847
87545,0.13589221752513042
87546,0.21170648266889508
87547,0.10692850967390069
87548,0.16824054461154322
87549,0.15321795896165707
87550,0.1463972535227299
87551,0.1090452785821655
87552,0.07597514069975841
87553,0.1510071339377962
87554,0.11151689602248374
87555,0.12515980928325116
87556,0.10257442551583432
87557,0.18714337761972388
87558,0.15445412948953932
87559,0.10548111270754239
87560,0.10766451590417075
87561,0.14944900723159976
87562,0.11224770148730752
87563,0.1755482004007708
87564,0.0843276844109832
87565,0.16747832303980717
87566,0.08966608833245104
87567,0.1482705509237732
87568,0.15661745918791828
87569,0.15623833159654238
87570,0.13525202114164633
87571,0.10516926670209047
87572,0.13262605505151712
87573,0.1366468529499817
87574,0.1232006126942609
87575,0.15800644496310443
87576,0.1914672740979909
87577,0.12298093015756534
87578,0.16264286122968252
87579,0.17433984446570788
87580,0.16604090867929233
87581,0.15714515791716735
87582,0.15748838060828405
87583,0.15448284997677572
87584,0.15779690416767728
87585,0.13846735505027355
87586,0.1449984978758159
87587,0.11107908401957631
87588,0.10702173872252818
87589,0.12435058674076582
87590,0.20070117008345453
87591,0.15863238435311855
87592,0.05543314441722402
87593,0.13282223873090118
87594,0.1396153638425195
87595,0.16618476340350694
87596,0.16265282954964844
87597,0.08207788254844912
87598,0.13427378845337923
87599,0.12277098788568765
87600,0.07784478412571738
87601,0.13932324975487667
87602,0.1043774230810591
87603,0.11840869878224612
87604,0.15081174128432104
87605,0.1303374944094328
87606,0.1247008534494778
87607,0.12196817368676754
87608,0.1387002585483257
87609,0.1361063207377832
87610,0.18570537698814685
87611,0.11758866909293784
87612,0.1440069725967745
87613,0.12054925430881609
87614,0.12434990051422937
87615,0.15287741085252454
87616,0.14486871963919812
87617,0.11178944430068863
87618,0.15506031304362217
87619,0.16873137603263863
87620,0.1594416322021149
87621,0.19574618702289637
87622,0.13941097268226488
87623,0.16589403123259003
87624,0.057720788498539385
87625,0.15488676151851544
87626,0.14286420476537978
87627,0.16026901994468692
87628,0.12249675447933632
87629,0.1623235819132204
87630,0.17283399360275944
87631,0.11245337547604758
87632,0.12563791854883422
87633,0.16097577956010065
87634,0.14782981754331267
87635,0.15314521027242897
87636,0.12638349870536253
87637,0.15120896866399242
87638,0.13877379236538687
87639,0.10720244737737958
87640,0.09156320094116362
87641,0.10594302601287076
87642,0.09486009054018267
87643,0.15676932305921867
87644,0.15883886477457368
87645,0.10774701367380204
87646,0.15636883435330026
87647,0.16319841028553028
87648,0.1593831169178324
87649,0.0750392734145389
87650,0.11673000902099942
87651,0.15251040799543183
87652,0.1056918915810997
87653,0.06137535626278824
87654,0.09457493441366512
87655,0.08335837271659702
87656,0.16628162212040803
87657,0.10303912108472829
87658,0.0901086843876736
87659,0.17404535435636093
87660,0.10651038420808703
87661,0.14349005943081192
87662,0.16593508386220857
87663,0.08613688411655226
87664,0.1183573641623106
87665,0.1254348832432426
87666,0.12433703682635057
87667,0.13961888102223136
87668,0.1400417869939541
87669,0.09646818360444119
87670,0.1436829347601486
87671,0.13151945286400024
87672,0.12342960274166208
87673,0.1713050448539157
87674,0.1474022138705642
87675,0.16178786749693314
87676,0.15201799475954397
87677,0.14686867474300974
87678,0.15387586045527285
87679,0.1535557187946482
87680,0.13824059256221474
87681,0.12367027783236267
87682,0.1627977946538119
87683,0.11006434594709436
87684,0.10316824574799216
87685,0.17459277326203393
87686,0.10439217946675741
87687,0.11033611551023409
87688,0.16472005762658076
87689,0.17269561804898803
87690,0.1402061252402739
87691,0.14421657352351888
87692,0.16636758373627922
87693,0.12038712242350996
87694,0.14231158047733192
87695,0.11510694994091636
87696,0.1280519187066091
87697,0.11875764011655764
87698,0.17822515461742178
87699,0.19058371559781245
87700,0.13410912940431313
87701,0.09461553956187842
87702,0.1677644718230518
87703,0.1438930092457504
87704,0.13854606707342437
87705,0.1312667277060562
87706,0.1389471982227114
87707,0.13174823722830528
87708,0.12068914764380934
87709,0.1555715594145913
87710,0.18293265388582797
87711,0.14414166755710037
87712,0.13981584143984285
87713,0.12316721394038226
87714,0.1371472402881824
87715,0.16149387344964372
87716,0.08586120988607168
87717,0.17550847397371475
87718,0.15767604330172735
87719,0.18972664114170962
87720,0.13772953338859803
87721,0.1730603127002084
87722,0.15240121645195212
87723,0.1179441801280354
87724,0.06922852463648686
87725,0.18322518474852534
87726,0.14967334258632417
87727,0.1432056440796413
87728,0.16195062853395958
87729,0.10421019733026886
87730,0.09706465126366312
87731,0.15906912659081313
87732,0.12583653096062297
87733,0.16728120959125042
87734,0.170978626035083
87735,0.12736588527221643
87736,0.10773698207590399
87737,0.16776687776289206
87738,0.1232791432805569
87739,0.12376404436187338
87740,0.12925061139306732
87741,0.18514804483613034
87742,0.15949763080953475
87743,0.11724350960652041
87744,0.10646960207929974
87745,0.09586157244249925
87746,0.07856283307423645
87747,0.13020663912827235
87748,0.18917431695717885
87749,0.17735129995497523
87750,0.11692315287665082
87751,0.15286968675778284
87752,0.14005431154000964
87753,0.12975175799055794
87754,0.1502674108218884
87755,0.17298256001057732
87756,0.14083355184204932
87757,0.12505837222608712
87758,0.1570589842098729
87759,0.1129637676298172
87760,0.15729396717540428
87761,0.1764562026560371
87762,0.15049736564558444
87763,0.17635531980927444
87764,0.15479031864448195
87765,0.13367733920238636
87766,0.1945953025931613
87767,0.13347769853302172
87768,0.13926233905799984
87769,0.15436819837774837
87770,0.1555680644038986
87771,0.12001108426353556
87772,0.1596887384461199
87773,0.1153892163177496
87774,0.09330646473031791
87775,0.1410729663063955
87776,0.13867878888843968
87777,0.14927311863222226
87778,0.10385119431419507
87779,0.16462304687609125
87780,0.059901744637330126
87781,0.13931209638860717
87782,0.15343713159541628
87783,0.1308110200046033
87784,0.1145237022237318
87785,0.13166600818217128
87786,0.12630361470865614
87787,0.13720998197084044
87788,0.14007312196336302
87789,0.10645657306013558
87790,0.15150106722284776
87791,0.11859564193503126
87792,0.1026233969081854
87793,0.09260479012924894
87794,0.1417602629495002
87795,0.1399625205089723
87796,0.1559106488277474
87797,0.16544002388185322
87798,0.10622782715464771
87799,0.1029052313584631
87800,0.1570206311657808
87801,0.16233336522291747
87802,0.14072751119892338
87803,0.12460077964390391
87804,0.14695094085649987
87805,0.15170257529667214
87806,0.2036386340096735
87807,0.13351131074204467
87808,0.15261300528494945
87809,0.14911533760032947
87810,0.15727661667094564
87811,0.16571115646104742
87812,0.16364612173876045
87813,0.16126465404955587
87814,0.08430237284473437
87815,0.12925677823659315
87816,0.13222192455395665
87817,0.12719692017371043
87818,0.1129616531598641
87819,0.16318806867209623
87820,0.17444623073292875
87821,0.13720743157998563
87822,0.12831606401439144
87823,0.17899131073566155
87824,0.1331805454462345
87825,0.15470613260789093
87826,0.08469418375825212
87827,0.15228015450485366
87828,0.18256702870373015
87829,0.12253692072278893
87830,0.15399953566239494
87831,0.10078248796022923
87832,0.11943614406129459
87833,0.16579219909628873
87834,0.12721834955805666
87835,0.15200298569727
87836,0.14259142610411737
87837,0.19737483703669595
87838,0.14543036631152692
87839,0.17462043665905871
87840,0.12421866830524222
87841,0.12096070940906875
87842,0.10025512364354452
87843,0.17247766235828968
87844,0.11118032805940642
87845,0.09174346874447116
87846,0.16545759498918233
87847,0.14063901117344235
87848,0.12606436542061333
87849,0.11129482840976056
87850,0.13843704213632108
87851,0.1500154148485933
87852,0.1524038727880378
87853,0.12252668177964414
87854,0.13162552927714904
87855,0.0867003435734418
87856,0.10617388012585907
87857,0.14883081598753456
87858,0.15656997590459898
87859,0.1619227494961048
87860,0.10355204939782009
87861,0.1420290701449798
87862,0.18216296426121292
87863,0.1485673098200223
87864,0.12367740900915916
87865,0.13825876164423428
87866,0.07613364172716733
87867,0.08481937255140193
87868,0.14201554293453642
87869,0.14664087415920632
87870,0.12871275084663866
87871,0.10509734710068874
87872,0.1209283415410738
87873,0.07449009596693096
87874,0.21144209241371853
87875,0.13659366729365507
87876,0.1411489112942728
87877,0.07439240023556727
87878,0.07084815083366597
87879,0.14265676493211488
87880,0.1768876497676613
87881,0.11664685368955778
87882,0.21176402966895883
87883,0.13943187287650127
87884,0.11728155867099377
87885,0.1490778441964789
87886,0.15999014408078788
87887,0.15960067240313403
87888,0.16719169177355098
87889,0.07882798502995578
87890,0.13555719680221143
87891,0.09984084840851082
87892,0.07794606931860487
87893,0.11101914669197246
87894,0.12724730730406855
87895,0.15888311062251287
87896,0.1180224354027995
87897,0.1597717494236846
87898,0.18082648612939844
87899,0.15782994674021103
87900,0.14167532996335308
87901,0.1475326295801352
87902,0.16437600663750102
87903,0.16676428579446712
87904,0.15494865231472485
87905,0.16125089488387903
87906,0.1313615431991977
87907,0.1756507685498889
87908,0.16888477436080046
87909,0.1338076738462301
87910,0.11957480011208399
87911,0.14845453982586093
87912,0.08998921756145548
87913,0.11137200386586757
87914,0.18057385852843105
87915,0.16043709316804217
87916,0.1432184358786647
87917,0.1541412925005206
87918,0.11876816504217141
87919,0.14323685732768207
87920,0.1408364570537077
87921,0.13157900474626688
87922,0.17997947174005385
87923,0.14539177508004686
87924,0.16419162064494872
87925,0.1412323241027914
87926,0.09994595085919958
87927,0.12415578422128973
87928,0.07193428249087729
87929,0.11709242604660958
87930,0.0598934480797825
87931,0.14294297861200225
87932,0.17545659748065492
87933,0.17000503599873634
87934,0.1454277690313241
87935,0.15268683811354494
87936,0.12582917127523602
87937,0.10378816282316801
87938,0.15852283105870116
87939,0.1677136623672752
87940,0.12251312503519776
87941,0.1479762693813833
87942,0.09365638359429976
87943,0.10643269095813013
87944,0.13185388774369566
87945,0.14584251286511712
87946,0.13531310921769862
87947,0.13582174962288646
87948,0.11876234638981405
87949,0.11358179213887405
87950,0.14443615745956329
87951,0.08621304262898458
87952,0.18061910155735322
87953,0.14516371600940514
87954,0.0909617256188256
87955,0.1527667313169811
87956,0.14487399162431347
87957,0.11906558391049804
87958,0.14435481482680595
87959,0.13956700666459737
87960,0.1416748255248313
87961,0.1587889558389925
87962,0.1648869604191445
87963,0.1442223234745577
87964,0.15644612030342253
87965,0.09889709459626708
87966,0.17826354555401613
87967,0.12765378378373854
87968,0.19883294793032186
87969,0.15305131680555958
87970,0.08524767444214522
87971,0.13823856314376137
87972,0.1467633891681891
87973,0.16245640844012507
87974,0.1814024945003314
87975,0.16305607411907272
87976,0.16190205833084678
87977,0.16450347577716756
87978,0.1646183590032377
87979,0.18270538175441817
87980,0.13777767878079947
87981,0.12033471012160626
87982,0.12387521577605307
87983,0.1654030441995488
87984,0.128618362968349
87985,0.15495272481259942
87986,0.1250686765175983
87987,0.1191953382400269
87988,0.11466785005079842
87989,0.12624834868354073
87990,0.1678935721077906
87991,0.10984448915752865
87992,0.14739784116872742
87993,0.1838970609404804
87994,0.199738807570097
87995,0.10253530091394719
87996,0.11875680792314053
87997,0.13080041282505306
87998,0.13397187102646804
87999,0.12743542485814163
88000,0.09952203354014014
88001,0.1301189995571278
88002,0.1479834571737637
88003,0.10735814321022726
88004,0.10862687295485868
88005,0.15665587031543368
88006,0.10425451936833055
88007,0.14769507366416235
88008,0.11895971191617086
88009,0.149904508768136
88010,0.07567793837690949
88011,0.18514639329949273
88012,0.1025883847396801
88013,0.0955862130363283
88014,0.1595562907713455
88015,0.1678920997224532
88016,0.13189830011398818
88017,0.17186505288041887
88018,0.14357874542755653
88019,0.15300900319229183
88020,0.15043151482533879
88021,0.08414131464258548
88022,0.13541756704303426
88023,0.14207206607117856
88024,0.12053873944495166
88025,0.11094920641167172
88026,0.2111470356180036
88027,0.16397341011396235
88028,0.14860181170729853
88029,0.15950513688165968
88030,0.12218879739177388
88031,0.06558047743314081
88032,0.11788632782142808
88033,0.15642065794214413
88034,0.15346796797301804
88035,0.13198176426536973
88036,0.09803506172731931
88037,0.14275115868239036
88038,0.15490490433352197
88039,0.13019142953612983
88040,0.16949423849310133
88041,0.16499046608080828
88042,0.1174433267742394
88043,0.12882795183355356
88044,0.18173731425702808
88045,0.11805277403387365
88046,0.12705793852708056
88047,0.21215820128718577
88048,0.1401540908330205
88049,0.18451102915927894
88050,0.17454321749143037
88051,0.1139345793532992
88052,0.14633063196313223
88053,0.13726859145778297
88054,0.13592997535552717
88055,0.1271246593839198
88056,0.08376653443715029
88057,0.16955752921461692
88058,0.18264112177051303
88059,0.15423542308577468
88060,0.10946424038417193
88061,0.1494927804969713
88062,0.1468654622560885
88063,0.14680374488211081
88064,0.12232231821006503
88065,0.15772551057634462
88066,0.16461644063484276
88067,0.12284802310355335
88068,0.14714773994604582
88069,0.144374940185421
88070,0.10409124997919164
88071,0.10105154677779467
88072,0.14868330601173846
88073,0.12175149286157938
88074,0.1599352171916397
88075,0.10075090601519915
88076,0.17020164001520077
88077,0.1593757250640928
88078,0.1138140578498135
88079,0.15726021747988414
88080,0.1998700133763212
88081,0.17477350799546695
88082,0.1335334449921443
88083,0.19965553700714525
88084,0.11161880089939571
88085,0.12380490244042128
88086,0.10872503896242355
88087,0.17430524265308525
88088,0.1407979778200923
88089,0.13114577328479074
88090,0.116427811099788
88091,0.10802565033791241
88092,0.13999850334169417
88093,0.13215783731658642
88094,0.09524945022341386
88095,0.1522780473575438
88096,0.11773100726446048
88097,0.14940174332775158
88098,0.1332651435462637
88099,0.11223146855813552
88100,0.1599542038449503
88101,0.12346527021142847
88102,0.13578663588697187
88103,0.12155172172094446
88104,0.14722003984755822
88105,0.10740867214111435
88106,0.15911282338973992
88107,0.16721179625328125
88108,0.1236565071158057
88109,0.19771531509599582
88110,0.10291038974093347
88111,0.12860449597539947
88112,0.13299482149656808
88113,0.10818974670248804
88114,0.14208111211234886
88115,0.12247345088291137
88116,0.16806081431798342
88117,0.112658151112223
88118,0.1268302012919271
88119,0.1291812065596803
88120,0.15108432183351006
88121,0.17295889456668437
88122,0.1584996595651346
88123,0.16173481222998431
88124,0.13687042778617273
88125,0.07685965010643257
88126,0.11997166040956239
88127,0.14791629474144855
88128,0.1386180039654115
88129,0.1828330691610128
88130,0.1814939137297376
88131,0.15483534415884012
88132,0.16837801520080053
88133,0.1457389196531347
88134,0.14701188174344446
88135,0.13862396006778996
88136,0.10532213835777965
88137,0.1407730705704615
88138,0.0966643954145
88139,0.2023827635560065
88140,0.1514906273820851
88141,0.11455818287123772
88142,0.19200014374319915
88143,0.17813221345322414
88144,0.15790980817511857
88145,0.16723599967914934
88146,0.1297845079871891
88147,0.1522064201257954
88148,0.15342415852941424
88149,0.15317557376595406
88150,0.14879995685156344
88151,0.19098252725420994
88152,0.1742550802432182
88153,0.1547973950286848
88154,0.1478043731453229
88155,0.10537780510777055
88156,0.10954124750083981
88157,0.15421280370678558
88158,0.12942766650902296
88159,0.16365874091269395
88160,0.13890700119321095
88161,0.16827966463007318
88162,0.15969073565762085
88163,0.11333193600842349
88164,0.13208048333681646
88165,0.10116029462034334
88166,0.13936908531399445
88167,0.12540811915615005
88168,0.0644235650913519
88169,0.12225287092300563
88170,0.14615114260586176
88171,0.19200977274911793
88172,0.1668869564952242
88173,0.1557052650347213
88174,0.1437076354838029
88175,0.17033394623377465
88176,0.10964077232183372
88177,0.15591444206275687
88178,0.15804086366459122
88179,0.11483120769025183
88180,0.14132699376026814
88181,0.14388489674866728
88182,0.15185370425073466
88183,0.17126149456227346
88184,0.12053603013574794
88185,0.13700205734548687
88186,0.15146140336516714
88187,0.14983577590502498
88188,0.07538398067382561
88189,0.13199283359837705
88190,0.16212741246832924
88191,0.13377311002227926
88192,0.16393302725360054
88193,0.1458503603346788
88194,0.1673215175085715
88195,0.18396699306729353
88196,0.17982345238726322
88197,0.1264243126535093
88198,0.13275866903300554
88199,0.16390194079553977
88200,0.11712337660798165
88201,0.10706259702963866
88202,0.1688051368672278
88203,0.10292224895151969
88204,0.1834595474832988
88205,0.12688911672283493
88206,0.12241241239623664
88207,0.11865847983685436
88208,0.10928861013971823
88209,0.13858709981773992
88210,0.17851688276618782
88211,0.143233067913804
88212,0.09327285479245623
88213,0.11756895256198972
88214,0.1528980964852264
88215,0.12841060076364402
88216,0.09604200246918651
88217,0.1338325703139871
88218,0.13104155582796695
88219,0.10356816683700606
88220,0.14856265778615207
88221,0.11282135549919013
88222,0.13539589995214038
88223,0.13167294466211485
88224,0.1423050059036683
88225,0.1546643049480503
88226,0.12690837660307852
88227,0.09597887024691454
88228,0.14078114266555686
88229,0.1314098269939129
88230,0.17527092447527806
88231,0.13720122371201965
88232,0.12274207443272056
88233,0.15588373778592277
88234,0.1398619587500603
88235,0.14792323744676922
88236,0.12839268583970367
88237,0.1191465839486549
88238,0.12593171314743637
88239,0.12471252869810873
88240,0.07831679425297508
88241,0.10592491557708826
88242,0.14565169803116562
88243,0.14482146535720244
88244,0.10784683149130737
88245,0.07939713572940503
88246,0.10056342013076389
88247,0.15834888215076426
88248,0.0843667217280118
88249,0.14515731032933793
88250,0.1254621826813034
88251,0.1147661376902435
88252,0.12784069078343163
88253,0.1907570032312796
88254,0.19723588902882525
88255,0.13356834852616487
88256,0.13649677192096388
88257,0.17445025186362875
88258,0.16484098224878643
88259,0.09676642231919821
88260,0.13581197488806795
88261,0.13870743415271525
88262,0.17610507057434904
88263,0.14911840818228464
88264,0.18644070676602664
88265,0.17513507823352203
88266,0.09582354465911985
88267,0.08523874921828506
88268,0.12095909263166535
88269,0.07920386052129691
88270,0.11285505856462291
88271,0.1524316463073932
88272,0.12218525970718368
88273,0.1868484698423932
88274,0.19179204499857
88275,0.14559377768909856
88276,0.14822287888812297
88277,0.17875614537591905
88278,0.12471404058065085
88279,0.13796277403557164
88280,0.10202329020660766
88281,0.13634203939821438
88282,0.12824417943393715
88283,0.12315239959656864
88284,0.11571878757270342
88285,0.1519760602392054
88286,0.16106415616002748
88287,0.1751553436161266
88288,0.12788725045435972
88289,0.13476296715725683
88290,0.13869456045573825
88291,0.11320532201806592
88292,0.14660490260781678
88293,0.10222845400510322
88294,0.1289677261509451
88295,0.1276401693166985
88296,0.1438263044241679
88297,0.1232477565508914
88298,0.1206951693902674
88299,0.1885557320979627
88300,0.13390892084817863
88301,0.15458738784002643
88302,0.09903924382454546
88303,0.18903754275702206
88304,0.1331219104481384
88305,0.12934610992925463
88306,0.09832989325793051
88307,0.13351905726160504
88308,0.16327553549862273
88309,0.11417779481321595
88310,0.10936557247855644
88311,0.13570913575754168
88312,0.12576782085233407
88313,0.11871619492511519
88314,0.13955678556221943
88315,0.18895714057288654
88316,0.09611928854451018
88317,0.11028963486698781
88318,0.1499034932048007
88319,0.13555127420464147
88320,0.14380795884562306
88321,0.15823292466330754
88322,0.19010588416860857
88323,0.10499508827617896
88324,0.16443199068842418
88325,0.11100957364604888
88326,0.13894878597699137
88327,0.13460202326802279
88328,0.10267329813342424
88329,0.1555589430633298
88330,0.1514344197330606
88331,0.17295770004657973
88332,0.14698091465185908
88333,0.1571560081692587
88334,0.12600134614557484
88335,0.12496518449028596
88336,0.14200713146946325
88337,0.11237737413818741
88338,0.1643457878797753
88339,0.19082336673238018
88340,0.1331922335236509
88341,0.08777149703446636
88342,0.20309024721920116
88343,0.11796179058391597
88344,0.18995863571565488
88345,0.13715311381666814
88346,0.1274806320284217
88347,0.16463047442408135
88348,0.11943728361162678
88349,0.16999960278431214
88350,0.12981199858647544
88351,0.136136127922052
88352,0.1524747566996926
88353,0.19241502880432598
88354,0.13075712995932687
88355,0.15911759884366317
88356,0.1552122477504867
88357,0.1355634990066585
88358,0.19091895848487672
88359,0.1401774777583794
88360,0.10828700632950905
88361,0.14890465553565083
88362,0.16200636536768886
88363,0.1442556867861
88364,0.18655349049636474
88365,0.12820211112315652
88366,0.1100472798098174
88367,0.10058786404078437
88368,0.15008768002379905
88369,0.17689672511308577
88370,0.10907800328715068
88371,0.08511755441417285
88372,0.12882107194678827
88373,0.18666242075285308
88374,0.1484182480852717
88375,0.10130004790530774
88376,0.16619001811477585
88377,0.1511950430249762
88378,0.12240577870294189
88379,0.16181153588832864
88380,0.14356299093984132
88381,0.1299172387248324
88382,0.1846463522075245
88383,0.17173700927567587
88384,0.11653306074690098
88385,0.14507784594300013
88386,0.1360110799983002
88387,0.18530290879853253
88388,0.16208067330879897
88389,0.09986216109095566
88390,0.1781437061871371
88391,0.1528827238698889
88392,0.1251773044276872
88393,0.16293786359261564
88394,0.11444734387036336
88395,0.13593169980861342
88396,0.12512472448815998
88397,0.12018083471570556
88398,0.10909253809120179
88399,0.16393312833065263
88400,0.1570980198227564
88401,0.10625478329945631
88402,0.0941623220496445
88403,0.17746796815942797
88404,0.16292608259806135
88405,0.08116708920955149
88406,0.11972193738473798
88407,0.11668022752206139
88408,0.18345200570445985
88409,0.1563831896968425
88410,0.12516556270290322
88411,0.09775926375028607
88412,0.16709420149639262
88413,0.15735048397550683
88414,0.14739411742437702
88415,0.15641619312282773
88416,0.19281236381247083
88417,0.16306875204895768
88418,0.1456495833733617
88419,0.18332479362247006
88420,0.11787663360820762
88421,0.12580094934259428
88422,0.14443980917983273
88423,0.156716565722825
88424,0.1468877500460168
88425,0.11526557386883056
88426,0.1385108086525196
88427,0.07426089053792095
88428,0.12020535257438704
88429,0.16149132135953076
88430,0.12252605255158526
88431,0.14052004219054548
88432,0.12254495528683962
88433,0.14206863377408768
88434,0.12288553933171456
88435,0.08405652005541994
88436,0.1034088641197703
88437,0.14560903214636114
88438,0.11933555260293194
88439,0.09637503537256945
88440,0.20565645644945424
88441,0.13137519080084772
88442,0.12803760151131527
88443,0.12442263971032702
88444,0.13012498218337726
88445,0.12709364323199837
88446,0.14898363025888114
88447,0.12482291273200179
88448,0.13544765328829309
88449,0.16430708249986659
88450,0.10373287088009112
88451,0.16559305755407006
88452,0.13200667538319003
88453,0.148754896220876
88454,0.1303767294672348
88455,0.11220383516337074
88456,0.15292606713740195
88457,0.1403115537941916
88458,0.15882418856973096
88459,0.11588601979951167
88460,0.12692656335231858
88461,0.11801044813350389
88462,0.19425392554350598
88463,0.17158068211362273
88464,0.13781038602812207
88465,0.18077784391665258
88466,0.10560390841996109
88467,0.18437950754511337
88468,0.08372821949476064
88469,0.111416877431099
88470,0.15801600940809402
88471,0.2251357968610983
88472,0.13564558089285889
88473,0.12296813946483323
88474,0.15410885529024698
88475,0.16865268342733095
88476,0.11544613242610208
88477,0.15911348650020515
88478,0.1619108651737812
88479,0.14460151831347376
88480,0.12568441298659327
88481,0.10395948804247247
88482,0.14462241053864672
88483,0.1058042919171264
88484,0.12397756938801471
88485,0.09434140565013574
88486,0.1209352605319562
88487,0.1480375992778535
88488,0.1255399076034561
88489,0.14307578406136257
88490,0.20412624968430484
88491,0.13059075817788846
88492,0.11432144219432468
88493,0.18180843781591577
88494,0.20991659987368483
88495,0.13112726067861685
88496,0.15439061653286185
88497,0.15904870864436338
88498,0.11950879760718389
88499,0.14934319609998734
88500,0.14525116013776562
88501,0.18222145271740664
88502,0.08636646347280516
88503,0.1680793349289868
88504,0.17614051124988092
88505,0.1211383317197863
88506,0.07546651581578329
88507,0.09961186827502995
88508,0.14938116833824908
88509,0.17739892114249084
88510,0.18710935463099873
88511,0.1476897645700985
88512,0.12573291697964992
88513,0.18354089422870012
88514,0.1680684634441578
88515,0.1892680480363793
88516,0.16505476787817538
88517,0.10251187565962352
88518,0.13784125429470115
88519,0.1431276443755593
88520,0.14185610134970392
88521,0.12416982466174453
88522,0.14759562577994584
88523,0.16385872107118196
88524,0.11371519778019414
88525,0.15362552431274726
88526,0.14893390577567833
88527,0.16160711474386497
88528,0.1596744660243374
88529,0.0966018987104463
88530,0.1289237341524627
88531,0.15642927477229937
88532,0.07963297657506047
88533,0.1459869636397678
88534,0.11759303788805207
88535,0.15926299077689982
88536,0.11912007090477758
88537,0.16578455917043938
88538,0.16869229173484063
88539,0.1247433524027522
88540,0.18467867749245337
88541,0.1042884088303356
88542,0.16524263286326996
88543,0.16987218482053923
88544,0.16306798166358552
88545,0.18560974609816788
88546,0.16347943426895217
88547,0.14818952733121682
88548,0.11566561627421851
88549,0.12574109431022815
88550,0.09151638393085752
88551,0.15870185725498526
88552,0.1337839533617972
88553,0.14082776922505422
88554,0.12406666022534857
88555,0.16752200566703834
88556,0.14947546600490608
88557,0.1415838447406391
88558,0.12430173319725218
88559,0.17540458775359527
88560,0.1683653614043193
88561,0.14881207090029566
88562,0.1111912465717414
88563,0.20698459634485206
88564,0.14907098661361423
88565,0.13263613445549488
88566,0.14046360031572244
88567,0.11098757465797317
88568,0.16398719973508416
88569,0.10029546775101436
88570,0.15533614810029478
88571,0.13070181757133084
88572,0.12179218404142278
88573,0.11463279542661393
88574,0.10578107953708976
88575,0.14116619257209165
88576,0.16736010617725414
88577,0.10610636547739899
88578,0.18389613677598093
88579,0.12079031325972359
88580,0.09531148084884847
88581,0.1034936089770219
88582,0.1365643462702764
88583,0.14930400801454421
88584,0.09782720835499839
88585,0.16412556270547138
88586,0.18398263975980325
88587,0.06761324419214966
88588,0.12766643321704466
88589,0.13577172745292326
88590,0.15248526072845575
88591,0.0675809987172256
88592,0.14499047112297914
88593,0.14539789047517937
88594,0.1496831424738953
88595,0.09744793259061613
88596,0.1615105495143372
88597,0.24614617603915873
88598,0.0844171693680085
88599,0.14100328324293815
88600,0.1199730149963267
88601,0.12638316484452644
88602,0.1836717439124802
88603,0.15276546428069038
88604,0.15688359912302477
88605,0.09498520637727031
88606,0.14781481753575748
88607,0.10497624989072851
88608,0.13431294191955778
88609,0.09038047257021214
88610,0.12142056171898112
88611,0.13616911891833486
88612,0.1513077102920154
88613,0.12229930447481215
88614,0.11254445320460607
88615,0.14918878628145682
88616,0.16337229349322144
88617,0.13982124445407723
88618,0.13390887938819926
88619,0.16209700068816002
88620,0.14682679237067772
88621,0.08561535284552407
88622,0.1299476378033458
88623,0.12238013600866034
88624,0.13033717346301507
88625,0.1538248117794558
88626,0.13165695425406404
88627,0.1648122177411174
88628,0.12744769041630585
88629,0.15124364137251473
88630,0.14578005382493936
88631,0.1304096988066179
88632,0.11699468755696908
88633,0.10742200746715438
88634,0.15523510317811584
88635,0.09581324970900144
88636,0.14053641930162736
88637,0.14415589523847017
88638,0.15865143527022205
88639,0.1150649541982316
88640,0.11768023363509021
88641,0.11112186236223583
88642,0.1119929614286908
88643,0.09881176826626065
88644,0.15144575239077812
88645,0.1137510849232439
88646,0.1380808679373164
88647,0.16356395217122294
88648,0.1068652881741632
88649,0.14645024509950696
88650,0.10292926721249057
88651,0.1496915693635168
88652,0.12637571579545265
88653,0.15288900853231913
88654,0.18167970689117563
88655,0.0791428846316414
88656,0.1236712381247892
88657,0.17583409482228926
88658,0.16208603235444616
88659,0.17654579961851485
88660,0.17815081811385913
88661,0.1319511578033008
88662,0.16531742350754927
88663,0.12196354593212326
88664,0.22274800593487099
88665,0.15465758769986537
88666,0.16600830537909517
88667,0.18380604538808992
88668,0.09400619812529423
88669,0.10228366454873045
88670,0.13499041041120433
88671,0.09396735569723047
88672,0.16474990234257672
88673,0.09587725016913755
88674,0.09913202708832827
88675,0.137557733357192
88676,0.13853009646811562
88677,0.1019390924164704
88678,0.11912189922844928
88679,0.14445615852672705
88680,0.10060072793123458
88681,0.14795507600615837
88682,0.09574038540592701
88683,0.1882034464471226
88684,0.18131803186902062
88685,0.13748052318299628
88686,0.09342462415070724
88687,0.13436803873133393
88688,0.1968576049280647
88689,0.15067088720823488
88690,0.18055648928299622
88691,0.12741038619088702
88692,0.15424635053465277
88693,0.1511597019715357
88694,0.12367464813294166
88695,0.1483728687620372
88696,0.16314860217194316
88697,0.16412515734487537
88698,0.07896365256783322
88699,0.1883435499757643
88700,0.10685557145545149
88701,0.14802629380139862
88702,0.11272262118797073
88703,0.15530982645618857
88704,0.15331776995211588
88705,0.1295943582780448
88706,0.15856710324106443
88707,0.17356700543639747
88708,0.13888466241804415
88709,0.148188763474257
88710,0.17481480422954232
88711,0.1274493825285974
88712,0.1107841764342864
88713,0.14800161484346552
88714,0.1210779053696126
88715,0.1095021293390101
88716,0.1505519510713314
88717,0.17402388162525745
88718,0.17194379351451683
88719,0.1927401647482328
88720,0.127627888013765
88721,0.13982729241885322
88722,0.10864249579827531
88723,0.13972914702550088
88724,0.18014420521562255
88725,0.15892449065525072
88726,0.14331975313247228
88727,0.16142010036664983
88728,0.12628603327003263
88729,0.16360173671638192
88730,0.1687426006986377
88731,0.1079822499436841
88732,0.16327160326206552
88733,0.15490955557030459
88734,0.1838636108353741
88735,0.12421299096310193
88736,0.1625653596543195
88737,0.13247857471780908
88738,0.11184993842313368
88739,0.14368361249275344
88740,0.15296500668866916
88741,0.17605321002684274
88742,0.1917728386062354
88743,0.17756163386170234
88744,0.11279605238769072
88745,0.15128466849108024
88746,0.0831857452275397
88747,0.1696917844122506
88748,0.1559456149379363
88749,0.14025333366050888
88750,0.1514533628220054
88751,0.14917937458989353
88752,0.1556087799403021
88753,0.14051579654719418
88754,0.1368474179623589
88755,0.1421606226403953
88756,0.11308151515497995
88757,0.12737194275962857
88758,0.14151298552530128
88759,0.11703006208558571
88760,0.17383460561389913
88761,0.1240968606004979
88762,0.17595710538084175
88763,0.12569033892905834
88764,0.21086350972983914
88765,0.18122032272247024
88766,0.15140207331211308
88767,0.1705028309124163
88768,0.1774443106490478
88769,0.14334463566004169
88770,0.16555399575366292
88771,0.20774293862739762
88772,0.17232395383338847
88773,0.1330134407150976
88774,0.14832419834159705
88775,0.12042882659131712
88776,0.1485168445963282
88777,0.1624357580085933
88778,0.1825891217765848
88779,0.1231605085236811
88780,0.18554952780662895
88781,0.1283052874736291
88782,0.10164717973885803
88783,0.1604525173402217
88784,0.12408171593358541
88785,0.2050170984943694
88786,0.18398114702727678
88787,0.1794646183568388
88788,0.13452714064522153
88789,0.16333695970197437
88790,0.14579784728614487
88791,0.13520239916745244
88792,0.13507706755987625
88793,0.1352583487713664
88794,0.13405650824092516
88795,0.1689443463991417
88796,0.14029445630846352
88797,0.08215057422943109
88798,0.14710357704066288
88799,0.1760083206385643
88800,0.09263877041885382
88801,0.1299247562210257
88802,0.13813325235137036
88803,0.13193015868024163
88804,0.13798083459717284
88805,0.1372118449160812
88806,0.1363891388082905
88807,0.1656000815187527
88808,0.12660145980875143
88809,0.13082869391215546
88810,0.15453176850825534
88811,0.14411107876437967
88812,0.19739864833935689
88813,0.16596898054742498
88814,0.12004126354741682
88815,0.15485224371923578
88816,0.13975712471623922
88817,0.11483910505612617
88818,0.17003303889488014
88819,0.16332103337378018
88820,0.15413204131469202
88821,0.1483576908162134
88822,0.12356421496048983
88823,0.13778789530809776
88824,0.1196176921637367
88825,0.12032729104386639
88826,0.118980931722654
88827,0.1304428271516555
88828,0.04863298411237539
88829,0.09365357261135804
88830,0.1482989588203323
88831,0.0953396491392561
88832,0.13549323347060244
88833,0.13692441460964144
88834,0.13750163835417087
88835,0.10850197373754418
88836,0.14659160384556597
88837,0.14922830396973397
88838,0.12986587590983664
88839,0.15177244346424074
88840,0.18102638740172425
88841,0.12632472851497314
88842,0.12701005488937894
88843,0.15911986863721708
88844,0.12262737783274395
88845,0.08816291391242469
88846,0.15106078778086116
88847,0.1678790488887151
88848,0.10687661928684203
88849,0.10934551725184241
88850,0.16423564362018847
88851,0.12258883407851676
88852,0.12162766533495056
88853,0.12946968059734137
88854,0.1513279616316967
88855,0.12931011506261433
88856,0.1929750092369488
88857,0.12212300972637125
88858,0.1297761955060753
88859,0.15345244871414776
88860,0.17935457438041327
88861,0.11961654691705245
88862,0.13220178460274684
88863,0.1513317267300825
88864,0.09234492776954653
88865,0.1491331413439275
88866,0.11667240655509753
88867,0.14889271718885574
88868,0.11018265906882588
88869,0.18288091933164863
88870,0.11351342198117355
88871,0.17300627353365516
88872,0.10779719827002957
88873,0.16923612517987258
88874,0.1119971882940928
88875,0.119485489340376
88876,0.10605333299878572
88877,0.12580569753894463
88878,0.1722843158109833
88879,0.1762020153039526
88880,0.15355904563311218
88881,0.19925869349841158
88882,0.14720200832877375
88883,0.18392521264251044
88884,0.15162711039244148
88885,0.190005581774378
88886,0.1609585813894932
88887,0.13268489137380643
88888,0.17027028630647129
88889,0.1273863206060927
88890,0.1399694699639514
88891,0.17797158573947214
88892,0.1455542038281646
88893,0.1546385336678929
88894,0.14617279219506774
88895,0.1595118942738999
88896,0.09658416343695005
88897,0.09545153906771711
88898,0.13811433407158133
88899,0.16863375203132003
88900,0.15197669872449926
88901,0.1791957338667417
88902,0.14059453618754525
88903,0.10777479248692662
88904,0.06810332087787153
88905,0.16584778773124198
88906,0.08211643304458348
88907,0.13618390405896466
88908,0.1609312650044718
88909,0.20133562190153984
88910,0.18685802640046534
88911,0.149092992132313
88912,0.1883549694611579
88913,0.13253708622467336
88914,0.17072072732926663
88915,0.16422681406085038
88916,0.1531051173107905
88917,0.1521829336133336
88918,0.1411238219765227
88919,0.13932531779546206
88920,0.17302607798737796
88921,0.1547436891489639
88922,0.06367195823596587
88923,0.14088252634691725
88924,0.16611032145182175
88925,0.10299160311719519
88926,0.13672468774615554
88927,0.17296962340463737
88928,0.13295759984805416
88929,0.1516968892093898
88930,0.14804253485637658
88931,0.15442406164332925
88932,0.13026372335656494
88933,0.12531656416140324
88934,0.1111081544495793
88935,0.18479012781023407
88936,0.167627494568385
88937,0.1656584897138504
88938,0.12161570382351615
88939,0.11411361677477369
88940,0.1275972068329033
88941,0.11311298827739846
88942,0.14323013133470663
88943,0.1602510672354332
88944,0.055456564923759985
88945,0.12960017198043422
88946,0.14153094068032676
88947,0.13487541614579865
88948,0.1085508864415132
88949,0.15955116911570352
88950,0.14712647660246742
88951,0.15147389689544996
88952,0.11421696576960139
88953,0.14111494204484182
88954,0.19343422700254342
88955,0.18067153877304593
88956,0.1485345280846191
88957,0.08640425035499319
88958,0.16411488102867441
88959,0.12789806364378892
88960,0.13303841563403435
88961,0.0727759855284743
88962,0.17692092566746354
88963,0.15052163009544867
88964,0.1530137890139406
88965,0.13592756485440033
88966,0.16706816129811589
88967,0.11537858059201649
88968,0.13544624532569036
88969,0.20450118123183209
88970,0.1620659242658976
88971,0.18451871663408043
88972,0.11981498273713284
88973,0.14038381394835142
88974,0.08990968158605506
88975,0.1289685491878777
88976,0.162436159803666
88977,0.19842086101003426
88978,0.1433962366526541
88979,0.17188756379185063
88980,0.13431731062381844
88981,0.1635839300922166
88982,0.13829481814972322
88983,0.14089005155818346
88984,0.19129509982576826
88985,0.16688444752809625
88986,0.1314815370524784
88987,0.17643557495514633
88988,0.12422469773742424
88989,0.13147422361742697
88990,0.16000525477837083
88991,0.11624181163188874
88992,0.1363203096063978
88993,0.12598195349354152
88994,0.16592002330321942
88995,0.09202576559027537
88996,0.1235504482040572
88997,0.16784686346300565
88998,0.16995781260012433
88999,0.17297900474824923
89000,0.11854565211810547
89001,0.10076362596318317
89002,0.09184395663964352
89003,0.10447624658190381
89004,0.11932233291861838
89005,0.15165361343686243
89006,0.15596044412380686
89007,0.16257380430087653
89008,0.13740551043210764
89009,0.16965332240728687
89010,0.1760368876774561
89011,0.14559611759034774
89012,0.12823970381494593
89013,0.16677554261486863
89014,0.15862538907302018
89015,0.17942405096151703
89016,0.1612311580752649
89017,0.2387672896072621
89018,0.23845294594241276
89019,0.22372335692848033
89020,0.2115387755838352
89021,0.2583113165684802
89022,0.24824008164071545
89023,0.18825703282517867
89024,0.2408832675419855
89025,0.24400238858754905
89026,0.2998089874765312
89027,0.25287122554204455
89028,0.24076258573105597
89029,0.3025361779519922
89030,0.2692471118168958
89031,0.2527523077323108
89032,0.35054725403072357
89033,0.2958459058734626
89034,0.2882504454202022
89035,0.2893725036196302
89036,0.3154692628818287
89037,0.2905940386206356
89038,0.3023113684201411
89039,0.39209573978169404
89040,0.3534961529143143
89041,0.3051759185234214
89042,0.3321536022910054
89043,0.37226177453817455
89044,0.3964951116498892
89045,0.37894459304119166
89046,0.38030604578794885
89047,0.38254148719499165
89048,0.374918180804465
89049,0.4226598453518514
89050,0.3481090285298241
89051,0.40851588979886516
89052,0.41173146554069234
89053,0.40750114690269235
89054,0.4386574222152186
89055,0.3876985956863472
89056,0.39593511913970736
89057,0.3629340180371271
89058,0.4636080859265203
89059,0.4001156426221915
89060,0.43850351119138525
89061,0.4367117458377738
89062,0.4132062439856853
89063,0.4382092498497853
89064,0.4485321685642444
89065,0.4256380634297728
89066,0.41549723506435643
89067,0.4473976242711779
89068,0.45789312576478375
89069,0.47032795119437776
89070,0.44378996091250367
89071,0.45867287840050797
89072,0.440113932166159
89073,0.47666520315580985
89074,0.4189695774313634
89075,0.5445376209930175
89076,0.5522568238956975
89077,0.46087825966598844
89078,0.458083574266239
89079,0.505413720652939
89080,0.5240047222880888
89081,0.5013568884578133
89082,0.5250640928993424
89083,0.4957079105173943
89084,0.5457295150114507
89085,0.513051499050933
89086,0.5258873238938621
89087,0.5117045671286877
89088,0.532865254748062
89089,0.5973105594373845
89090,0.4836485082683096
89091,0.5653350329149431
89092,0.5148497275454874
89093,0.5596337333372995
89094,0.47798536272449677
89095,0.5270948220525551
89096,0.5788876079615624
89097,0.5239151860024448
89098,0.5312106585232585
89099,0.5611628515344569
89100,0.550162336864275
89101,0.5431043871365608
89102,0.5416301265876525
89103,0.564545646144212
89104,0.5348656885993586
89105,0.5480540993341705
89106,0.5252780430563234
89107,0.5572412543394628
89108,0.5424972027188063
89109,0.5278527778421201
89110,0.5915822041342401
89111,0.49774018578930357
89112,0.6108613082813266
89113,0.5339709769961374
89114,0.5777482595740673
89115,0.5899873345571949
89116,0.6300260252877734
89117,0.5833879424530469
89118,0.5706951996116189
89119,0.597751618675267
89120,0.6316183936574392
89121,0.6186220499540892
89122,0.6076976405860686
89123,0.5849272961013782
89124,0.6044011434676553
89125,0.5593720563681973
89126,0.6300248928779906
89127,0.6173062631721334
89128,0.6459530822565843
89129,0.594473313069817
89130,0.615982109098282
89131,0.6140698476809151
89132,0.6065814857439753
89133,0.6557949955029655
89134,0.6215793211905165
89135,0.6292516493134231
89136,0.6497036786832907
89137,0.6080133415200273
89138,0.5938735825471333
89139,0.6241758563012137
89140,0.6342142331676172
89141,0.649567634233138
89142,0.6625170028112851
89143,0.6622537847117994
89144,0.6197369876437612
89145,0.6387593406515509
89146,0.6070601595524235
89147,0.6338775063179678
89148,0.646516325315872
89149,0.6569361645476298
89150,0.6544581784179642
89151,0.6779252581517463
89152,0.7162542291407259
89153,0.658505160915225
89154,0.7075921199984425
89155,0.6357089853218196
89156,0.6899480381173079
89157,0.6804317540911581
89158,0.6675277885188929
89159,0.6339916702267865
89160,0.6714052487189984
89161,0.7078279223421785
89162,0.7015532678911948
89163,0.6604935041974384
89164,0.6490577707935139
89165,0.6573333758652733
89166,0.6726733563705468
89167,0.7388470371161179
89168,0.6974938148015684
89169,0.6989051546455155
89170,0.70324633977005
89171,0.6653682726279904
89172,0.7030032657735238
89173,0.6840681344638166
89174,0.6722268910705068
89175,0.7288110311252005
89176,0.7073194136886949
89177,0.628802902263627
89178,0.72108746592268
89179,0.6641155464649282
89180,0.6998938563670073
89181,0.733743028557504
89182,0.7341521695638534
89183,0.710175641909488
89184,0.6498108846233863
89185,0.7368672415191064
89186,0.7359393345438087
89187,0.7324143994676697
89188,0.7494871510400675
89189,0.7338858582275175
89190,0.708042853326703
89191,0.6897138357923526
89192,0.7101820899115526
89193,0.7499983860567492
89194,0.6878858684186029
89195,0.7361055019928052
89196,0.7370449836157559
89197,0.7090471219096283
89198,0.7043397092017043
89199,0.7231820389216903
89200,0.7460856136994589
89201,0.7087959249073542
89202,0.7440092457076979
89203,0.6975577978024119
89204,0.7653156567043142
89205,0.7178051981565896
89206,0.7439933488729308
89207,0.6814701548357128
89208,0.7161814688833922
89209,0.6953152068701947
89210,0.784586461294859
89211,0.7309131869103901
89212,0.7356917221105846
89213,0.7388376746399592
89214,0.7744446674015455
89215,0.680360075720581
89216,0.7450546869515856
89217,0.7245114604548277
89218,0.683104187556508
89219,0.7382233717914459
89220,0.7452942157174411
89221,0.7457361498084473
89222,0.7830213426983645
89223,0.8141598707576615
89224,0.7431115466716
89225,0.7304709078530536
89226,0.7481437764647073
89227,0.7664011823274246
89228,0.7568561760519
89229,0.7538611301858444
89230,0.7416804287485352
89231,0.7736730732421334
89232,0.7863330510509552
89233,0.7815612467767353
89234,0.7833064409082753
89235,0.7744682294344152
89236,0.7246450037823143
89237,0.7495302238072394
89238,0.783734695603491
89239,0.7684428780283793
89240,0.6848991290755164
89241,0.7317762111778955
89242,0.7733160127991336
89243,0.7335669025780822
89244,0.8085289054921861
89245,0.7755083425270917
89246,0.780804114456203
89247,0.7812533135265215
89248,0.7752860088529208
89249,0.7709431839735785
89250,0.743812471143433
89251,0.7873203176033152
89252,0.7927322547779138
89253,0.8209183468612813
89254,0.6912911830172526
89255,0.7626972358247704
89256,0.7890507477819767
89257,0.7655612775191872
89258,0.7759250684248309
89259,0.7432031949026157
89260,0.7604525166158035
89261,0.6822101429524647
89262,0.6966804615056106
89263,0.7258115898770207
89264,0.7737516032653675
89265,0.7437171316821798
89266,0.7114880212636738
89267,0.7404327103899946
89268,0.761793520971315
89269,0.7428354491432846
89270,0.773995461045071
89271,0.777111645097045
89272,0.8168186071070971
89273,0.763700050937298
89274,0.8022981645213223
89275,0.7879189311398002
89276,0.7386574363496169
89277,0.8414317739710235
89278,0.8241680962921377
89279,0.696220597630586
89280,0.8022448069210658
89281,0.8259631772341847
89282,0.8079894845710947
89283,0.8159689893732208
89284,0.7218776991593299
89285,0.7894172286789798
89286,0.8131208336002985
89287,0.8040796455028488
89288,0.7883750753806821
89289,0.8015263771615826
89290,0.7969961364354874
89291,0.7615708188054271
89292,0.8528322161988904
89293,0.7798573273042833
89294,0.7768635894166569
89295,0.7674906617280601
89296,0.7683016130004262
89297,0.7999971191454608
89298,0.8154277360170291
89299,0.8201932792054514
89300,0.7765521256762058
89301,0.7662229559260129
89302,0.8266836422187614
89303,0.7640803933641928
89304,0.7501329245476905
89305,0.7902576582504582
89306,0.778773854207626
89307,0.7939154652549643
89308,0.7791731647197272
89309,0.7593250261360371
89310,0.7758738018010779
89311,0.8551427499015747
89312,0.738550805015816
89313,0.7788660080065539
89314,0.773461144728786
89315,0.8176691907259672
89316,0.8250701146954276
89317,0.8083544370360014
89318,0.8499871917351135
89319,0.8178713290790337
89320,0.8305558114261846
89321,0.7925300420537186
89322,0.7865598468203416
89323,0.7814630312780977
89324,0.8144957052326047
89325,0.7645433004700417
89326,0.7790264773526798
89327,0.8345438106712245
89328,0.7433858179866403
89329,0.7752051634234924
89330,0.8093442981506065
89331,0.8223310729000377
89332,0.7981452075744102
89333,0.8329199533647771
89334,0.768030289722879
89335,0.8083621923229988
89336,0.8056483069610927
89337,0.7846772984700152
89338,0.7885726037636802
89339,0.7881187128642374
89340,0.7811079925745131
89341,0.7949891448432055
89342,0.8167493706199174
89343,0.7592398230896875
89344,0.8081685763153468
89345,0.8358010895790423
89346,0.8612429805527012
89347,0.7421673997447235
89348,0.8025883243515552
89349,0.8889884371801796
89350,0.8483193005892493
89351,0.813139818502808
89352,0.8393019665882016
89353,0.8188079600808962
89354,0.8104987550966026
89355,0.8255082054415717
89356,0.8257996977446489
89357,0.7628731057300535
89358,0.8064149952255334
89359,0.8422252324831019
89360,0.8166229422507377
89361,0.8000323306273974
89362,0.7933141305864653
89363,0.8476474904966919
89364,0.7709886843821284
89365,0.7963054989515767
89366,0.8374393715332789
89367,0.8068875274898236
89368,0.7153285246934845
89369,0.7980558248660704
89370,0.7852932686896648
89371,0.7415133700572967
89372,0.8159606967650183
89373,0.8075415958318816
89374,0.8059334741038668
89375,0.798946483941878
89376,0.803759901978169
89377,0.8000582041209918
89378,0.782722714571821
89379,0.82668359831015
89380,0.7789009885620726
89381,0.7736447439610872
89382,0.7713624048147151
89383,0.8280172764926558
89384,0.7972431228177095
89385,0.7335122242148535
89386,0.8522128834629488
89387,0.7632063462598252
89388,0.7960869027066411
89389,0.7553050386409829
89390,0.7690956301916607
89391,0.8720247525558218
89392,0.8813692939188695
89393,0.8211760054795655
89394,0.8329944405833203
89395,0.8095011008564946
89396,0.7941454675987998
89397,0.8261484124491182
89398,0.8235194386957979
89399,0.7919858985468622
89400,0.8807066519698904
89401,0.7682584122637313
89402,0.8051233440785935
89403,0.7827555176016696
89404,0.7479791851840837
89405,0.8128965776845328
89406,0.8492233752249218
89407,0.8517011649795423
89408,0.8023970880081835
89409,0.8039062776591512
89410,0.843192392647602
89411,0.7809256697320813
89412,0.8058167539733986
89413,0.8109032601461853
89414,0.8038446797436573
89415,0.8353694392786711
89416,0.8549446162574758
89417,0.8337149480527862
89418,0.8026407509739863
89419,0.7983316257323644
89420,0.8540148910678617
89421,0.7995236475721201
89422,0.823412501110748
89423,0.8028249871801186
89424,0.8128257323271773
89425,0.8535756104019738
89426,0.8518375883413645
89427,0.7858770348016803
89428,0.8323955085086842
89429,0.8137527417843922
89430,0.8142368666215546
89431,0.809899798626203
89432,0.8249152311225849
89433,0.7925419063353826
89434,0.780663317811865
89435,0.8004839031925398
89436,0.8266653417044955
89437,0.7443622092057709
89438,0.7792946973506946
89439,0.8468702373490543
89440,0.8501472826043109
89441,0.8035567452844513
89442,0.8241940330165141
89443,0.7671954813744966
89444,0.8280607947614029
89445,0.7918850242049164
89446,0.8210428663446047
89447,0.8188723963946852
89448,0.8129891761692157
89449,0.78223173164842
89450,0.8128688068722412
89451,0.8203737144993609
89452,0.7958868739357741
89453,0.82205303023403
89454,0.8034840056500994
89455,0.8030473634059544
89456,0.873181688520217
89457,0.8655140337012162
89458,0.8524852456153832
89459,0.801081819808936
89460,0.8112661810579426
89461,0.8608843141467152
89462,0.7824763553792808
89463,0.7793834102570777
89464,0.8236731524386066
89465,0.8409322979242319
89466,0.8304812897122227
89467,0.8456654448857829
89468,0.8110399133478212
89469,0.8057601525144817
89470,0.8026439731997842
89471,0.8318207240068594
89472,0.8644272279724173
89473,0.7996169073748933
89474,0.8028404492779
89475,0.8645939561945367
89476,0.7876315300835985
89477,0.7748594819948351
89478,0.8352224183574033
89479,0.8077982033689649
89480,0.8175823727725254
89481,0.8013655744605422
89482,0.8549900045213205
89483,0.8444034185096347
89484,0.7802296975162274
89485,0.8326426924202261
89486,0.8669504421643817
89487,0.8280961398755684
89488,0.8179169745935935
89489,0.7871641353149504
89490,0.8551742427156749
89491,0.7864300905580643
89492,0.8167828938412973
89493,0.8524506272966796
89494,0.8173020783042074
89495,0.819709112872731
89496,0.7542285545728733
89497,0.8453061544181
89498,0.8089432250330697
89499,0.8688601631611995
89500,0.7849879462721775
89501,0.7791399246437535
89502,0.7973922308566354
89503,0.7743736836298539
89504,0.8232945292913317
89505,0.8080714634674905
89506,0.8214871821351419
89507,0.8230107161824081
89508,0.8410312041546844
89509,0.892067232817275
89510,0.8101803513990165
89511,0.8552020608450746
89512,0.8446156403649401
89513,0.808388767073551
89514,0.7744620307998122
89515,0.8451372413237102
89516,0.8132107767183447
89517,0.8435607505033785
89518,0.7934608945133892
89519,0.8332803678632306
89520,0.8002882891899515
89521,0.8533042328533175
89522,0.8694919349878126
89523,0.8602795469326684
89524,0.8032343752572378
89525,0.7978337563869118
89526,0.8008202539138564
89527,0.8182196680487861
89528,0.862440080500761
89529,0.8338909133369895
89530,0.8608530579117335
89531,0.7922657629502444
89532,0.8422726087950663
89533,0.8578658488348201
89534,0.8380678327401424
89535,0.8274193500530725
89536,0.8390345889280664
89537,0.8513841715692927
89538,0.8433162838720863
89539,0.8270913807462746
89540,0.7835682659142857
89541,0.8244359672803007
89542,0.8172661638117952
89543,0.7799778339152768
89544,0.8356866340168535
89545,0.8685425751680189
89546,0.8125325917800762
89547,0.8531468374594269
89548,0.8214690208463128
89549,0.8340686567398936
89550,0.82818470582782
89551,0.8271153365984614
89552,0.8081122889560691
89553,0.8157620158179313
89554,0.8008566701072661
89555,0.826807606727069
89556,0.8132373892811748
89557,0.8120775509878359
89558,0.8235442001765364
89559,0.8549186205037232
89560,0.8795099168455923
89561,0.8209760491127964
89562,0.8127153772010559
89563,0.9059340656521135
89564,0.8053864589591303
89565,0.8731005298680324
89566,0.8102938807120176
89567,0.839798612330729
89568,0.809127176694466
89569,0.7998859290186671
89570,0.8583261734124948
89571,0.7743183714239574
89572,0.7960163609748317
89573,0.8358112002680086
89574,0.8272363799171197
89575,0.8674011854026552
89576,0.8327180065741338
89577,0.8362840489935239
89578,0.8112297794359259
89579,0.8421374021084347
89580,0.8378669499219856
89581,0.8572523030214496
89582,0.838903684650868
89583,0.8302838974088045
89584,0.8217519971428741
89585,0.7713205557899443
89586,0.8731589498387909
89587,0.8213561950686248
89588,0.8108902407180315
89589,0.7435965121230446
89590,0.9198542008535228
89591,0.7524592295822136
89592,0.8474864783047559
89593,0.840205066578763
89594,0.8021208957780547
89595,0.873282565581456
89596,0.8870119863258902
89597,0.8219397751506881
89598,0.886868639435386
89599,0.7816006332835341
89600,0.8179431860116895
89601,0.8338849620070905
89602,0.8502596183816667
89603,0.8218058253859445
89604,0.8460642161730534
89605,0.8094771730495559
89606,0.8420497513407141
89607,0.8305475898418295
89608,0.8121795338538281
89609,0.849495342805941
89610,0.8210337121929744
89611,0.8346832882676901
89612,0.8398568439395669
89613,0.8464878526875427
89614,0.8221610134657137
89615,0.8287006165279662
89616,0.8087727291913905
89617,0.7926078945866624
89618,0.8735159435112104
89619,0.8031072171655919
89620,0.8384367312610779
89621,0.7852448522147494
89622,0.8599718788083253
89623,0.8416303534464663
89624,0.8256013991890899
89625,0.8147830462945503
89626,0.8432697131494588
89627,0.8657008268251983
89628,0.8429765366197451
89629,0.7987648402998765
89630,0.8051563691314679
89631,0.8032418463411324
89632,0.8393347652324551
89633,0.7549211087151992
89634,0.877414304579059
89635,0.8676499922572799
89636,0.8150627381631994
89637,0.831433072784908
89638,0.8344286319780747
89639,0.8674156093967649
89640,0.8235387224302821
89641,0.8314709407395807
89642,0.8298116043219614
89643,0.7773227124142684
89644,0.8112984277136897
89645,0.8310669332453104
89646,0.8711187239093884
89647,0.8833282348004879
89648,0.8058996966648992
89649,0.8259584451065201
89650,0.8107409715929855
89651,0.815071330420136
89652,0.8549020545470057
89653,0.7805864838735651
89654,0.7905060517593124
89655,0.8253997306386898
89656,0.8468406074463305
89657,0.8418985150463011
89658,0.8263569888350873
89659,0.7938987755973372
89660,0.832507389651253
89661,0.8673388101912495
89662,0.8260857052270253
89663,0.80457977558061
89664,0.8157918521835547
89665,0.8218452409157565
89666,0.8594564280540502
89667,0.8075995784554619
89668,0.8490857096191338
89669,0.7699922452443392
89670,0.8544276190529413
89671,0.8570466931983047
89672,0.8350677293171197
89673,0.8115182084021483
89674,0.8326364717667826
89675,0.8267592558489076
89676,0.8129306297980641
89677,0.8714135027124702
89678,0.7904841757680584
89679,0.8605622794249957
89680,0.8681711265409615
89681,0.8366160919349227
89682,0.8363907489728064
89683,0.8199031178017803
89684,0.8017875722288761
89685,0.8406040260527124
89686,0.8226354360322473
89687,0.8154639795530775
89688,0.8618739850692588
89689,0.8674670049057915
89690,0.8246400478558535
89691,0.7768244783612481
89692,0.8342270253153501
89693,0.8688571741566892
89694,0.8878615815103154
89695,0.8584295278284358
89696,0.8048782310714543
89697,0.8228670300635588
89698,0.8696278302945016
89699,0.8407354539345823
89700,0.8414452349265444
89701,0.8855181908747204
89702,0.8561510414722985
89703,0.8342534673731821
89704,0.794198521637272
89705,0.8579754675444378
89706,0.8442829407314618
89707,0.8666796456441938
89708,0.8032694292914858
89709,0.8943821674341222
89710,0.8236624107368833
89711,0.8471326162504625
89712,0.830950740622183
89713,0.8182447636652448
89714,0.8055161730772877
89715,0.8430890176945163
89716,0.8450789952648698
89717,0.8584558995354935
89718,0.8604911823881495
89719,0.8355590099182524
89720,0.8364612869613072
89721,0.8171842139210976
89722,0.837349816485843
89723,0.850876106599673
89724,0.8975203575985539
89725,0.8689111959313617
89726,0.8178643356540479
89727,0.8271227822922007
89728,0.8192761235583133
89729,0.8512834267474629
89730,0.8399885521368379
89731,0.8164088368207713
89732,0.8170726987492664
89733,0.8313180785218433
89734,0.8110469198965664
89735,0.8699902114999599
89736,0.8189298177985681
89737,0.8498978017213598
89738,0.8518935379277872
89739,0.8408318140283608
89740,0.863384774305996
89741,0.8710285271396305
89742,0.8043531417368772
89743,0.8532282424715251
89744,0.8028250238364552
89745,0.8623703143523596
89746,0.8249215520147466
89747,0.8073062584608105
89748,0.8287272937042554
89749,0.8775324310073991
89750,0.8349034747672077
89751,0.8097059360795574
89752,0.8533097265891909
89753,0.8671837697143832
89754,0.8179104306807262
89755,0.8257146911345511
89756,0.8655956837313649
89757,0.8420603141110062
89758,0.8123081101371837
89759,0.8709193970133365
89760,0.8449750719077078
89761,0.8510020866634093
89762,0.8681184921700109
89763,0.8370539845370731
89764,0.8367604334766533
89765,0.8339542048913584
89766,0.8391820926771324
89767,0.8377736549300385
89768,0.834343755246843
89769,0.7921032660618103
89770,0.7688359120525068
89771,0.8639529571065755
89772,0.8228094077642542
89773,0.822427492314629
89774,0.87323428024601
89775,0.8469198374310299
89776,0.8203677602448515
89777,0.8188512350820024
89778,0.8415232729870008
89779,0.7985155150942709
89780,0.8435542607905103
89781,0.80299124568348
89782,0.8529788841700937
89783,0.8259726783610608
89784,0.8403563363172487
89785,0.8130099281362467
89786,0.7838615003339926
89787,0.825386022952552
89788,0.874170287846307
89789,0.850471999367658
89790,0.8380125418743655
89791,0.863735846205815
89792,0.7367722915297832
89793,0.883925084557691
89794,0.7676070208014812
89795,0.8079443661933164
89796,0.8534965587500957
89797,0.8423795957126378
89798,0.8525220450298124
89799,0.8216893790630974
89800,0.8615296453939844
89801,0.8305008693885978
89802,0.7951794082073042
89803,0.801796238140144
89804,0.8474742143367878
89805,0.8345662170109948
89806,0.8013714520382498
89807,0.7913681435169277
89808,0.8168133591401251
89809,0.792367561758933
89810,0.8286521644620988
89811,0.8273176053511768
89812,0.8084886669109207
89813,0.840334419555989
89814,0.793864842315905
89815,0.8709466473217539
89816,0.7569198227756644
89817,0.8631933722189427
89818,0.7837298862497589
89819,0.9049589615706133
89820,0.8071687832537294
89821,0.8301472185638495
89822,0.796880813809552
89823,0.8719503245701166
89824,0.8463378845537142
89825,0.8680656969513213
89826,0.8520038006551599
89827,0.8545198162351918
89828,0.7872697539908076
89829,0.8364173743438131
89830,0.810134128483693
89831,0.8131742893498568
89832,0.8493713931469797
89833,0.8377687509167213
89834,0.8408089219558732
89835,0.7825200122535944
89836,0.8062161128291185
89837,0.7994808247355688
89838,0.8349665534466156
89839,0.8497844927957072
89840,0.8373559506879128
89841,0.822464466638473
89842,0.8298073211681223
89843,0.8487707932114724
89844,0.8172650202109728
89845,0.8037351856802538
89846,0.8246900639823846
89847,0.8097721122317898
89848,0.8188113164316816
89849,0.8209345583467402
89850,0.8534175517809215
89851,0.8358251163997997
89852,0.8634673870679864
89853,0.8641557441899259
89854,0.8096786107664641
89855,0.8745653536559322
89856,0.8714756150343779
89857,0.8547158203510052
89858,0.8939809015549612
89859,0.8195051917491983
89860,0.8184567864866678
89861,0.8327831221559061
89862,0.8612018224664747
89863,0.8277845301314921
89864,0.828653553946006
89865,0.8088517970911756
89866,0.8378087640544868
89867,0.7938516413533099
89868,0.8047620223365795
89869,0.7960279895666081
89870,0.7957595511229483
89871,0.8107118061833836
89872,0.8900582494912523
89873,0.8091981856368153
89874,0.8339150019369544
89875,0.7751938175010802
89876,0.8487247813534069
89877,0.7890416660940891
89878,0.8244943587531204
89879,0.8061131154488944
89880,0.8130188272301995
89881,0.8148014687637453
89882,0.8206802370186316
89883,0.799636789442998
89884,0.8480828937035247
89885,0.8017135293329365
89886,0.8650818384064973
89887,0.8281513597281641
89888,0.8692673392776357
89889,0.8376900135838837
89890,0.8147520541319931
89891,0.8056838113979017
89892,0.840205805463009
89893,0.788812321967823
89894,0.7872409772628369
89895,0.8080782018137312
89896,0.8214577468067733
89897,0.8019772511844775
89898,0.8084061309627328
89899,0.8377010971479915
89900,0.8171563376683634
89901,0.8028175051587652
89902,0.8060639601224253
89903,0.8410684682590033
89904,0.8915547045373521
89905,0.8191054443701574
89906,0.8364960274309359
89907,0.8477033873659631
89908,0.8461155995560128
89909,0.802577054244347
89910,0.876819879453381
89911,0.820276656906214
89912,0.8151948211597527
89913,0.8442275330155385
89914,0.8006276269995425
89915,0.802358188704371
89916,0.8270342749771179
89917,0.8232143482735162
89918,0.8518200010024994
89919,0.8164319203322811
89920,0.8567958108675057
89921,0.8605971328440908
89922,0.7805101342243548
89923,0.8239277545100266
89924,0.8266637820806904
89925,0.8103676410410254
89926,0.8215296259914971
89927,0.8286095011735544
89928,0.8422664685155776
89929,0.79818979267952
89930,0.8310838722213134
89931,0.8004603504269419
89932,0.7834138531002557
89933,0.8321737343516495
89934,0.7902853292375726
89935,0.8464226766415893
89936,0.8605626383066463
89937,0.8051862124081585
89938,0.8416510070860513
89939,0.8575635297157356
89940,0.8038912394635347
89941,0.8077864832786398
89942,0.8377873883131586
89943,0.8509215367264641
89944,0.8177016712768076
89945,0.8041159318240746
89946,0.78646979323338
89947,0.8373648717142373
89948,0.8721698438433925
89949,0.8177447296162499
89950,0.8994548263489508
89951,0.7990312577687371
89952,0.8256413014417423
89953,0.8168693121043872
89954,0.8032639222845191
89955,0.8766124537198736
89956,0.8149856886583609
89957,0.8248272222424199
89958,0.8667346867553967
89959,0.819947496258155
89960,0.816443138579765
89961,0.8474631094687523
89962,0.786496826951112
89963,0.8494062615520367
89964,0.84616713017997
89965,0.7721456238608759
89966,0.8373583568282187
89967,0.8386684188285483
89968,0.8749917024994718
89969,0.8231594696977435
89970,0.7927728358798057
89971,0.8293531600727115
89972,0.8722417720325695
89973,0.7459352843036675
89974,0.7919908181138666
89975,0.7962819981397333
89976,0.795095014530911
89977,0.8110450693593643
89978,0.8489372293742995
89979,0.8379286228710604
89980,0.8491226379863055
89981,0.8034911442526915
89982,0.8161512864249169
89983,0.8025460089954113
89984,0.8550298758314859
89985,0.8120570380554818
89986,0.8196624749329982
89987,0.8271195363023283
89988,0.7921952724497169
89989,0.8535343776856184
89990,0.7922921096940082
89991,0.8586122780126951
89992,0.8102083290837188
89993,0.8333271958933319
89994,0.8649269432187803
89995,0.8766729158132515
89996,0.817942602370506
89997,0.838282272633724
89998,0.8405472449935281
89999,0.834084050584242
90000,0.8365549927492407
90001,0.8107461257593679
90002,0.8366194818388413
90003,0.9025194754216472
90004,0.8552351266898068
90005,0.8801928028868867
90006,0.818858520521466
90007,0.8591679691859533
90008,0.8118789314882703
90009,0.8193391540858741
90010,0.8525091389838081
90011,0.8699644670304025
90012,0.805849682103948
90013,0.8109845370674096
90014,0.807860906158918
90015,0.8171781473550751
90016,0.8389107135823536
90017,0.8419420000514768
90018,0.8397008644106337
90019,0.855345570731232
90020,0.8755380098030219
90021,0.7953664656683366
90022,0.8411870769441725
90023,0.8075412507187689
90024,0.79852054615839
90025,0.8220203646704607
90026,0.8167755210249389
90027,0.8347591948845923
90028,0.8342082037726908
90029,0.8808362999637
90030,0.8540089969157135
90031,0.8868103103274818
90032,0.8472199564464981
90033,0.8146806190158381
90034,0.838884596717997
90035,0.8118844754452836
90036,0.859847136516493
90037,0.8466296269197697
90038,0.8398246023372076
90039,0.8384596610670555
90040,0.8511347231590388
90041,0.8205680858232884
90042,0.8444962110571684
90043,0.8227668252634899
90044,0.850580204153088
90045,0.8438839341220903
90046,0.8048455021469201
90047,0.852962178572297
90048,0.8384996627355205
90049,0.818091425591535
90050,0.8142651186971556
90051,0.8075305823235417
90052,0.7938772830695743
90053,0.831524846889073
90054,0.8124542973151837
90055,0.8659708656421632
90056,0.7773120177986044
90057,0.8355460674603916
90058,0.8336078118373031
90059,0.8149867829823962
90060,0.8028626605790867
90061,0.8103481729340898
90062,0.8544339140406858
90063,0.8405624617382443
90064,0.7987317676422664
90065,0.8314272339527429
90066,0.8517003184002937
90067,0.8832107424772038
90068,0.8212383167630019
90069,0.8623535246918426
90070,0.8420841503486027
90071,0.8100218956135375
90072,0.8290930378239486
90073,0.8722773202347046
90074,0.832789002138215
90075,0.7849335896835175
90076,0.8059283335943254
90077,0.8189912507882415
90078,0.8787770499198369
90079,0.8032880821704405
90080,0.832425644815714
90081,0.8733963768443854
90082,0.8458290704162083
90083,0.7793797923725568
90084,0.7906736220146579
90085,0.8299497744496995
90086,0.8412028921155212
90087,0.8810406097499107
90088,0.842459789633847
90089,0.8292655211179605
90090,0.8080140018932142
90091,0.8338397737023655
90092,0.8674543778476719
90093,0.8162924781820973
90094,0.8453218017929675
90095,0.7880821941015539
90096,0.8240667574118172
90097,0.8438004230006932
90098,0.8703182660499679
90099,0.8329120996543339
90100,0.8038080376598529
90101,0.8468777412103613
90102,0.8117429450925542
90103,0.858982606821436
90104,0.8427722161036356
90105,0.8082908418670933
90106,0.8240199693708252
90107,0.8243543044540746
90108,0.7851434521666423
90109,0.8202655869936023
90110,0.8307216664627523
90111,0.8141796321662056
90112,0.8713045430927921
90113,0.7931858320355943
90114,0.8149217818341319
90115,0.832710700956311
90116,0.843960846409361
90117,0.8329234058125033
90118,0.8023192007245971
90119,0.7727151401631789
90120,0.8475656072328348
90121,0.8671044418570051
90122,0.8375948978381597
90123,0.8209695276014999
90124,0.836950136256536
90125,0.7965841584140093
90126,0.8227247327714188
90127,0.7678846572633529
90128,0.8186494229259833
90129,0.8687832318941252
90130,0.8611614925819474
90131,0.8115148066042754
90132,0.8236565397305513
90133,0.8399883062372578
90134,0.8290102960932023
90135,0.7813978363718665
90136,0.8228591468395465
90137,0.8228875006856377
90138,0.8108673745693651
90139,0.864821470745847
90140,0.845359671892528
90141,0.8230959536397071
90142,0.7829713761402347
90143,0.8398649522695797
90144,0.8648373591440932
90145,0.8266467534704074
90146,0.8404098185266116
90147,0.8497564839875916
90148,0.7922199308360307
90149,0.8407848306702769
90150,0.8292203143163429
90151,0.8444189634160391
90152,0.8272967599206
90153,0.8091688994748281
90154,0.8237212017643781
90155,0.85716268747614
90156,0.8213955311194514
90157,0.8039462299101743
90158,0.8299610095144899
90159,0.7947045659323432
90160,0.8510135288277976
90161,0.865851131589195
90162,0.7861692124606549
90163,0.8288057925483886
90164,0.8304719066960452
90165,0.7854989663773146
90166,0.8264124399401173
90167,0.8008246596813515
90168,0.8424020774575255
90169,0.826803768999438
90170,0.8232838809310687
90171,0.8030352228472768
90172,0.8228597611343463
90173,0.8968398103762056
90174,0.8152829289340374
90175,0.8351214265869784
90176,0.8542587747890877
90177,0.7843507064821957
90178,0.8235284741381972
90179,0.8208505378869598
90180,0.8450144305842108
90181,0.7911688689380518
90182,0.7926916719719591
90183,0.819187584735383
90184,0.776768695576834
90185,0.8083765834391661
90186,0.8099023362491439
90187,0.8050468000011245
90188,0.8365787200342663
90189,0.8541272110618792
90190,0.7733850944279377
90191,0.8559239819164753
90192,0.8566484086255427
90193,0.8139399978110334
90194,0.8201029812777062
90195,0.8937573804011459
90196,0.8292500610716205
90197,0.8585226309029864
90198,0.8576995896707609
90199,0.8273482615154762
90200,0.7478848026268639
90201,0.8063146409991
90202,0.819279057155934
90203,0.8348219987666669
90204,0.8499589175516141
90205,0.8549828131738537
90206,0.8438119013658409
90207,0.8197699132157166
90208,0.8684513110463316
90209,0.794383621121514
90210,0.8145210239352426
90211,0.8218467128303134
90212,0.8249990654639054
90213,0.8848333100463402
90214,0.8644484982938027
90215,0.8926276884701945
90216,0.8390328792159794
90217,0.8356481486761874
90218,0.8342959615863595
90219,0.8368287779536748
90220,0.8398509869443189
90221,0.8516168868241849
90222,0.8480228367809083
90223,0.8385833388987073
90224,0.7563093637746827
90225,0.821808594679823
90226,0.8689856292622564
90227,0.83119617981749
90228,0.8997931774489509
90229,0.7542796269279339
90230,0.8192229841057505
90231,0.877221476690194
90232,0.8344968709999884
90233,0.8149635619882296
90234,0.8503546110330006
90235,0.8366530466893091
90236,0.86111779882103
90237,0.8306407811494652
90238,0.8678435466085489
90239,0.8766844776230798
90240,0.7876438561460142
90241,0.8590359174771564
90242,0.825806327451919
90243,0.7948027433151857
90244,0.7946206493781542
90245,0.832639918833805
90246,0.8297870105154367
90247,0.8456560454899473
90248,0.7926535766647924
90249,0.8295739129074228
90250,0.8771341379410652
90251,0.8358692252585292
90252,0.8159332743877559
90253,0.8545518810684116
90254,0.8132500874295069
90255,0.8330807371725517
90256,0.7922859265416832
90257,0.7756952835824961
90258,0.8506844744041355
90259,0.7900732607900629
90260,0.8331879804976634
90261,0.7902543662139948
90262,0.8818210831479429
90263,0.8962798402802561
90264,0.8178317797039831
90265,0.8318296747186719
90266,0.7956033836816757
90267,0.809798054806055
90268,0.8407320714591611
90269,0.850523718040892
90270,0.7897839798313713
90271,0.8549373096992253
90272,0.8386841038683001
90273,0.8693297678377194
90274,0.808392826269492
90275,0.8196126884933
90276,0.825240025826384
90277,0.8367534409222965
90278,0.8405252522712368
90279,0.838856422268254
90280,0.8479552228135053
90281,0.8179734147405893
90282,0.7830385492184334
90283,0.8458500421510283
90284,0.8409845092940603
90285,0.8711822795490858
90286,0.8531147277986539
90287,0.8006792837721058
90288,0.8447652083733567
90289,0.849659199789961
90290,0.7735232329411509
90291,0.8551605798237749
90292,0.815666637567429
90293,0.7890471990838233
90294,0.7660302111073936
90295,0.7865604683462827
90296,0.8148430512883157
90297,0.880873139821797
90298,0.8993454482750265
90299,0.8469687220937624
90300,0.8391002948862634
90301,0.8464359173080871
90302,0.784083228181895
90303,0.8414171218720262
90304,0.7757681644722255
90305,0.886029062388213
90306,0.8197336888244385
90307,0.8464832751880456
90308,0.8366028137750554
90309,0.8877505092347175
90310,0.7750624649272061
90311,0.8326320319120888
90312,0.8410206417158907
90313,0.789699746020875
90314,0.8308404378707968
90315,0.8557761315939317
90316,0.8453105606127571
90317,0.7961576092002239
90318,0.8474236917433104
90319,0.8142939920217642
90320,0.7984021924471902
90321,0.8703833399307946
90322,0.7945253250130171
90323,0.8521069334978106
90324,0.8266293252887164
90325,0.8874011902056661
90326,0.8301354490311746
90327,0.8323359032250176
90328,0.8759915717961664
90329,0.8409161484200066
90330,0.8646777073503307
90331,0.81415681727412
90332,0.8902574358499599
90333,0.7759715690043043
90334,0.8181964470533949
90335,0.845300979330018
90336,0.8649632491026675
90337,0.9007088521691415
90338,0.8608760919323262
90339,0.7989805123912059
90340,0.8228130658707413
90341,0.8339181316819746
90342,0.8377704369596239
90343,0.8163848045523374
90344,0.840283392939816
90345,0.8462854476477628
90346,0.8266169590071049
90347,0.7868661358990896
90348,0.7717431295715885
90349,0.8705314062359829
90350,0.8132742854652552
90351,0.8799331681543843
90352,0.8812473776541496
90353,0.8076360889469044
90354,0.846182056244735
90355,0.8143898259677024
90356,0.7880742087791918
90357,0.8372227391993802
90358,0.816866171308531
90359,0.8198702638421845
90360,0.8234965069775037
90361,0.8745573477622299
90362,0.8393423555302889
90363,0.7893717461566068
90364,0.8837066367293374
90365,0.8460539254529984
90366,0.8044938296401193
90367,0.8418572479265137
90368,0.7964190574619918
90369,0.8274991058817212
90370,0.8379173837547885
90371,0.8346092930779797
90372,0.8064128785259845
90373,0.7864716367908332
90374,0.803988564289694
90375,0.8786654243240989
90376,0.8179097283048632
90377,0.8268111236991403
90378,0.8494320019326215
90379,0.8017058852359993
90380,0.8155852870213506
90381,0.8667715134928301
90382,0.8002955911128067
90383,0.8548777012159545
90384,0.8402985963745666
90385,0.8292798280378902
90386,0.7725395246315723
90387,0.8252008769193544
90388,0.8487545462713166
90389,0.836735502811631
90390,0.8316646119216525
90391,0.7995669841965306
90392,0.8458167080283404
90393,0.8654613299429605
90394,0.8608886842220034
90395,0.7946132763958211
90396,0.8542597084921336
90397,0.8071148213049342
90398,0.863643751668032
90399,0.7935575693024132
90400,0.8496920925783928
90401,0.8217283167210466
90402,0.8477633955199639
90403,0.8377611999725124
90404,0.873409165917729
90405,0.8845146071095019
90406,0.7857399217271559
90407,0.8154364962280231
90408,0.8440591380895537
90409,0.80595029142871
90410,0.845820601745873
90411,0.8323874108592473
90412,0.860832403353126
90413,0.8319533404396069
90414,0.8097570010962846
90415,0.8222556771972065
90416,0.8378067048465434
90417,0.7686581655707688
90418,0.771447177810115
90419,0.8336978389252875
90420,0.8686750874276458
90421,0.8384476308759838
90422,0.9272832171508464
90423,0.8434548831875549
90424,0.8593152638196726
90425,0.8420324919750642
90426,0.8406005789485705
90427,0.8423888077059972
90428,0.8280798862625364
90429,0.8085295564926503
90430,0.7958765262389828
90431,0.825963052481085
90432,0.7880807957388773
90433,0.8467675885657957
90434,0.848290225944683
90435,0.8437865488613309
90436,0.8331112228435783
90437,0.8585593002143506
90438,0.8643970710637563
90439,0.8259958465814512
90440,0.8120680677342842
90441,0.8392092127177122
90442,0.8841745855421931
90443,0.8195846945469345
90444,0.8694699431699536
90445,0.8599819378393608
90446,0.9021585100687075
90447,0.8183602756048272
90448,0.8510849356377396
90449,0.8138178718047369
90450,0.7898976157650162
90451,0.8338174228010425
90452,0.8336469205990903
90453,0.7591729882908911
90454,0.8118378462138167
90455,0.8501189790454139
90456,0.8863304088642668
90457,0.7892722397023562
90458,0.8405766665332316
90459,0.7864445483675074
90460,0.8234275010460509
90461,0.7756100551671533
90462,0.8738816782020564
90463,0.8439657277584118
90464,0.8192309445686994
90465,0.8322245287188986
90466,0.8252769876345553
90467,0.8467928779476823
90468,0.7838788033462284
90469,0.8318258007572825
90470,0.8222902455241354
90471,0.8501190566025435
90472,0.8813365544514862
90473,0.8466525664604545
90474,0.8356151154810968
90475,0.764785953217052
90476,0.8543138906523416
90477,0.8457083533218802
90478,0.8579335154833012
90479,0.8271021216114001
90480,0.8594730403025257
90481,0.8365668074286504
90482,0.8605246446950245
90483,0.8831885825665411
90484,0.8497578564955567
90485,0.8267689909536869
90486,0.8389965536368947
90487,0.8474271733745513
90488,0.8693656167500369
90489,0.8195841479090286
90490,0.8015318412288422
90491,0.8340142908237589
90492,0.8375907602404192
90493,0.8394747373390306
90494,0.8209261802915548
90495,0.8641836387416185
90496,0.8145603400607433
90497,0.8153108235602369
90498,0.8276503327804349
90499,0.8288738991023923
90500,0.7900187758095105
90501,0.8939355982259731
90502,0.8221450938076665
90503,0.8004612238991902
90504,0.7887295860879594
90505,0.8717586319098402
90506,0.8480307389979047
90507,0.8495687191355724
90508,0.8477401734994088
90509,0.8275289461561365
90510,0.8332039911353571
90511,0.7951464483545319
90512,0.7870555682197232
90513,0.8216637909086673
90514,0.8246349785957409
90515,0.8262455419748399
90516,0.8359670728479126
90517,0.8067804493225894
90518,0.8821898691620921
90519,0.8411410857788056
90520,0.8795721464879369
90521,0.868123796633636
90522,0.8723646731693637
90523,0.8543704303396334
90524,0.8170734940703244
90525,0.8072888556478216
90526,0.7940369455944365
90527,0.8447440778224817
90528,0.8326504931372681
90529,0.8105269199322437
90530,0.8599791774417735
90531,0.817262171673868
90532,0.8751050947587958
90533,0.8590459145564131
90534,0.8539523356023755
90535,0.8392054676974048
90536,0.8110752811267766
90537,0.8435131816560193
90538,0.8330636543461919
90539,0.7973596224070137
90540,0.8215734125716726
90541,0.8468734449059012
90542,0.8474618542171016
90543,0.8748019940405009
90544,0.8828414308327737
90545,0.8171516467987306
90546,0.8411452082564923
90547,0.8154402306040873
90548,0.8474703903320899
90549,0.851665914712622
90550,0.8350119246391414
90551,0.8119125731601686
90552,0.8683211392636065
90553,0.8273713025951321
90554,0.8619680998781221
90555,0.8013222257277436
90556,0.8207760457976695
90557,0.84637517166807
90558,0.8467474103892905
90559,0.8626244301774093
90560,0.8331019330039833
90561,0.8171315229178803
90562,0.7998614165500925
90563,0.8051338090833775
90564,0.8036984835597775
90565,0.7852233276090413
90566,0.8039049107910238
90567,0.8362993584159116
90568,0.8311530432730367
90569,0.7880896446424799
90570,0.8058457456621047
90571,0.834996096759642
90572,0.856919995736854
90573,0.8245539875707887
90574,0.853201936495006
90575,0.8795092194074898
90576,0.8414589189296217
90577,0.8363317938675275
90578,0.8791057924703531
90579,0.8452728995602862
90580,0.8855111457020013
90581,0.8224510925834337
90582,0.8678987110878081
90583,0.7975227918465833
90584,0.8417619323212042
90585,0.8532925815430711
90586,0.7978487089340134
90587,0.7655797716493455
90588,0.8545162080824124
90589,0.8162187695523531
90590,0.7919348715799933
90591,0.7907975000077871
90592,0.8483626105445836
90593,0.8377116169490653
90594,0.8316301624126168
90595,0.8444657296151594
90596,0.8681019304412956
90597,0.828184165379008
90598,0.7969706313518693
90599,0.8767820049940164
90600,0.879179960503173
90601,0.8170083150122536
90602,0.809334700687653
90603,0.8355795938422335
90604,0.8783806684652015
90605,0.800195331997934
90606,0.8581746331915593
90607,0.8244919135575989
90608,0.8262087256800816
90609,0.8206248900748869
90610,0.8099614884829197
90611,0.8522674700753348
90612,0.7567419507800406
90613,0.8201784614843803
90614,0.8530814795579169
90615,0.7847147165606695
90616,0.8453394050504458
90617,0.8744674791068614
90618,0.8395557963953248
90619,0.8481511104366054
90620,0.8224034936053999
90621,0.8210294090758713
90622,0.8325072475352062
90623,0.8556646497855418
90624,0.8701447437734917
90625,0.7999097606883715
90626,0.8550005171896871
90627,0.8130162494454128
90628,0.8254731853074685
90629,0.851494290763238
90630,0.7635133557348167
90631,0.8165163282304803
90632,0.8212549411776304
90633,0.8271891907756939
90634,0.8287757522039981
90635,0.7983085846408643
90636,0.8255211712018048
90637,0.8291030463631623
90638,0.833014425440883
90639,0.815672701209607
90640,0.8547256891434748
90641,0.8237197711583893
90642,0.8311346404719971
90643,0.8245581483920426
90644,0.8328252120195613
90645,0.8143731610445725
90646,0.8473223476102918
90647,0.8110440689703692
90648,0.8350672717188862
90649,0.8393250869704821
90650,0.8065625650233468
90651,0.8289920442925486
90652,0.84521557265057
90653,0.7958733747754112
90654,0.8326286617214393
90655,0.8310308962670458
90656,0.8341964005628989
90657,0.8165900491482699
90658,0.8245507033697873
90659,0.8606187885744132
90660,0.8316832569109494
90661,0.8508035056583696
90662,0.776628753946682
90663,0.8221245724731121
90664,0.8776881569139539
90665,0.8348656135291128
90666,0.8279100781155717
90667,0.8112374326726851
90668,0.854802023365133
90669,0.8799038801240147
90670,0.7914607216763209
90671,0.8728034589764876
90672,0.7794074178835066
90673,0.8144689293162984
90674,0.7942597729957059
90675,0.8470384930217094
90676,0.8618631255480875
90677,0.8020959232623667
90678,0.7782952211243536
90679,0.8444221377587579
90680,0.8498977202137823
90681,0.8393579318958511
90682,0.8982341834905514
90683,0.7432124669889599
90684,0.7822666347798647
90685,0.8630004603866435
90686,0.7844390701499827
90687,0.8313006358972382
90688,0.8236202492840778
90689,0.7992146516642838
90690,0.8732651949999254
90691,0.79484199323
90692,0.8763070288109872
90693,0.8334043736613376
90694,0.829068758077873
90695,0.7982780422828404
90696,0.8411101759445204
90697,0.8630982152528537
90698,0.8255949902662417
90699,0.838576271597472
90700,0.8369041274365405
90701,0.805698290054462
90702,0.8443089874088782
90703,0.7963773618736171
90704,0.7624776171241385
90705,0.81467888656777
90706,0.8523674697499761
90707,0.825068183919813
90708,0.8763828201886285
90709,0.786226577860925
90710,0.8360922319737839
90711,0.831918960829536
90712,0.8120099530915948
90713,0.8274855600331839
90714,0.8022115502765995
90715,0.8412826418159017
90716,0.798482836019403
90717,0.7626510594021602
90718,0.8307516253950736
90719,0.8419684877909199
90720,0.8427400656245115
90721,0.8572473688256519
90722,0.8174411711858907
90723,0.8003355477951526
90724,0.8134854689509229
90725,0.8371507224698886
90726,0.8752590185039747
90727,0.8066788934613832
90728,0.8919315811512811
90729,0.8723617034077276
90730,0.8921156697736331
90731,0.8910921280135181
90732,0.8024684039207336
90733,0.8313787332034349
90734,0.8208361630573402
90735,0.8031441934831617
90736,0.870223460640174
90737,0.7776848956702817
90738,0.8591108405148095
90739,0.7739519238915116
90740,0.8561420533718265
90741,0.8026444667467155
90742,0.8469646910976691
90743,0.8415750120023165
90744,0.8026264231251639
90745,0.8586584209233322
90746,0.8185726375228061
90747,0.784315712613597
90748,0.7821281753909305
90749,0.8153694866844833
90750,0.7862804014423447
90751,0.8576276211599699
90752,0.8636666006581077
90753,0.8192306168188142
90754,0.7997421362075533
90755,0.7867015053058192
90756,0.8105390557349808
90757,0.818177127118935
90758,0.8265174584931566
90759,0.8378943019785072
90760,0.8056345948794537
90761,0.837713739117286
90762,0.8086767767467371
90763,0.8226613437396624
90764,0.8691740330790065
90765,0.8333885224866662
90766,0.8671123522827888
90767,0.7904536940878472
90768,0.8424896828426776
90769,0.85748360388
90770,0.8271848174252134
90771,0.824966496024677
90772,0.8300179711224993
90773,0.7845510706381741
90774,0.8680711842350205
90775,0.8361591022038696
90776,0.8093521243208932
90777,0.8352732710818522
90778,0.8552835383134747
90779,0.8550353204865438
90780,0.8838418653975706
90781,0.871290282151141
90782,0.7786993890253564
90783,0.8646670436934506
90784,0.7840178445226209
90785,0.8560492940031127
90786,0.8402943297910889
90787,0.8345854429242904
90788,0.8437620311501799
90789,0.8058278862965325
90790,0.7914909401359501
90791,0.7729458180137319
90792,0.7801625943588505
90793,0.8336498310598276
90794,0.7895951683788394
90795,0.7789311422471418
90796,0.8306820860237865
90797,0.7711195674195382
90798,0.8639632117206647
90799,0.814745381509223
90800,0.8655438272358192
90801,0.8232380479414076
90802,0.7724917923653312
90803,0.8186393861383829
90804,0.8630720736844645
90805,0.8674965805323182
90806,0.8143953007453263
90807,0.8067227542253933
90808,0.8731272219797476
90809,0.7983639671392457
90810,0.8693645629871084
90811,0.8264974621348615
90812,0.8162985873720399
90813,0.7945854196207345
90814,0.8565067060237793
90815,0.8081956120421678
90816,0.8749771148360183
90817,0.7620532484187232
90818,0.8035089393709187
90819,0.8547020101380869
90820,0.8594228865484488
90821,0.8015458578000395
90822,0.7810613010818973
90823,0.8457454221337215
90824,0.8668822329629526
90825,0.8090630534456751
90826,0.8083653181600842
90827,0.8368893207515501
90828,0.8034752746484537
90829,0.8144686697549408
90830,0.8421501793520663
90831,0.8442785844597642
90832,0.8094093277256836
90833,0.8045385779453116
90834,0.8081604133806548
90835,0.8298570727191364
90836,0.8188371670990006
90837,0.8571046254093714
90838,0.7596858244417909
90839,0.8061630851826612
90840,0.8336699668332173
90841,0.7524816355953282
90842,0.8170667031082446
90843,0.8549944423813844
90844,0.8178062535349198
90845,0.8330096996207883
90846,0.8157167552523035
90847,0.8074226879953682
90848,0.816664333096163
90849,0.8043744177918325
90850,0.8403267134572152
90851,0.8837756527362165
90852,0.8042863864569146
90853,0.8525770047765072
90854,0.8114456824475994
90855,0.7771559515666199
90856,0.8697543326289007
90857,0.8517870879882422
90858,0.8714502871144082
90859,0.7863359838574944
90860,0.7566497945732563
90861,0.8203261506876794
90862,0.7829214666977093
90863,0.8716440838553409
90864,0.8070184615578407
90865,0.7894188696028152
90866,0.8265542869380692
90867,0.8042143598927305
90868,0.8146284474385046
90869,0.8491499426697251
90870,0.8527719305227814
90871,0.844289353065743
90872,0.8050682290129034
90873,0.8482420246203927
90874,0.8313114263354463
90875,0.8084051332351463
90876,0.876446225966784
90877,0.8253118540693665
90878,0.8475157919724765
90879,0.8497522598825611
90880,0.8586405200214806
90881,0.8078506430952774
90882,0.7972563304541693
90883,0.8078789210841554
90884,0.8335744443954693
90885,0.8419378907526702
90886,0.8205248567190264
90887,0.7723052119105274
90888,0.8423729523933862
90889,0.8282426004266854
90890,0.8529551356248392
90891,0.8449569550067088
90892,0.8298823866670662
90893,0.863452673618963
90894,0.8394804814054043
90895,0.8236016769433738
90896,0.865370300754452
90897,0.7879340544407033
90898,0.8278807177564553
90899,0.8299293475750182
90900,0.8122238025137914
90901,0.7975392414690096
90902,0.8058601155286425
90903,0.8368590366595137
90904,0.8088412949903464
90905,0.8158589793685537
90906,0.8826120817727144
90907,0.8181648462191486
90908,0.8257289018961704
90909,0.7786857578582939
90910,0.8664846788505493
90911,0.8457711473479294
90912,0.8504700855003856
90913,0.8259661189280779
90914,0.8311422884419384
90915,0.8231131884919718
90916,0.8064826923527185
90917,0.8047616309654931
90918,0.8589072720816034
90919,0.8224877003372234
90920,0.7950070484001593
90921,0.8034786510802897
90922,0.8377610243641165
90923,0.8732025013593853
90924,0.8329515714242731
90925,0.7918105987611292
90926,0.8233201212531824
90927,0.8237000687425192
90928,0.8382722404397746
90929,0.8157218888608669
90930,0.8232739284702445
90931,0.8738373992799252
90932,0.8091849089090015
90933,0.8583775644175456
90934,0.8077970015225342
90935,0.8197378387026771
90936,0.8224278980164557
90937,0.838904474939159
90938,0.8156157450363903
90939,0.8726822868093782
90940,0.8379489562104504
90941,0.8309825399997608
90942,0.8703191349327999
90943,0.850248179435566
90944,0.7748518875178543
90945,0.8430263924331978
90946,0.8323082034681333
90947,0.8179384487361324
90948,0.8008610645855997
90949,0.8381341288873995
90950,0.8163014750560109
90951,0.8349356783157817
90952,0.7678003291726069
90953,0.8529332267092169
90954,0.7919697988009711
90955,0.7778764964265643
90956,0.8100435144069352
90957,0.823065674274133
90958,0.8159531513596255
90959,0.7823700744744654
90960,0.8050565062243156
90961,0.8330797123445688
90962,0.8406650907891153
90963,0.8537362377190297
90964,0.8096577735153764
90965,0.8333643439903119
90966,0.7996211342834217
90967,0.8688980746584258
90968,0.8266006545114725
90969,0.8273021562969521
90970,0.8665787334440678
90971,0.8102764611391738
90972,0.9103313721739044
90973,0.8264946983251852
90974,0.8460561498363116
90975,0.8164475481807627
90976,0.8779400740463106
90977,0.8170018676427602
90978,0.8458223896053286
90979,0.8312161887051304
90980,0.7987015691208226
90981,0.7423044297978152
90982,0.8475406148200668
90983,0.7837362946368187
90984,0.8546425291208237
90985,0.8100597067115827
90986,0.7989403656429884
90987,0.837630903879535
90988,0.8384464471035655
90989,0.8325811444227045
90990,0.7979984643941026
90991,0.8939454001986497
90992,0.8358350592195396
90993,0.8221891295258598
90994,0.7969046185452877
90995,0.7741555015186025
90996,0.854936073427604
90997,0.8858461308107727
90998,0.8174834832220166
90999,0.8084851461403763
91000,0.8640078153746283
91001,0.8386683826258619
91002,0.8326274119257838
91003,0.8221949666652619
91004,0.824019054364077
91005,0.9244585139252766
91006,0.8383966896782319
91007,0.8340957583826096
91008,0.87328004054563
91009,0.8099359626667818
91010,0.8398882603843442
91011,0.8312447207770004
91012,0.8384994919035558
91013,0.8062325865641786
91014,0.8702825051568052
91015,0.8157032090373643
91016,0.8912559748271479
91017,0.830217017740969
91018,0.8218738669733594
91019,0.8758597900666051
91020,0.8668696558053651
91021,0.8016049993039929
91022,0.8359967873318118
91023,0.8534237779544483
91024,0.8061471745018466
91025,0.844901972854305
91026,0.8427785445708957
91027,0.8169973859147351
91028,0.8134657692935612
91029,0.9088933708241764
91030,0.8327843746521184
91031,0.8153503425093142
91032,0.8299836440227997
91033,0.8243426093327976
91034,0.8212758349065072
91035,0.8632490927790615
91036,0.8106001084532233
91037,0.8499980521214887
91038,0.8593564278738243
91039,0.8119838913372563
91040,0.8593955229226141
91041,0.7663106469255981
91042,0.8203721937118619
91043,0.7804651921341882
91044,0.7440290576920077
91045,0.9001973287285595
91046,0.7946637673080578
91047,0.8340115552580104
91048,0.8661466256271769
91049,0.8069123748141386
91050,0.8832574516888301
91051,0.8622557232328487
91052,0.8368366862078536
91053,0.8500872326702729
91054,0.8420323701061936
91055,0.860036107646714
91056,0.7992449171322034
91057,0.8405110744088684
91058,0.8337061192097242
91059,0.8168349797933843
91060,0.8498021251606284
91061,0.8319649879047262
91062,0.8465038769532174
91063,0.8671566629408496
91064,0.827012347131712
91065,0.8696394350479025
91066,0.8178369484635704
91067,0.8338290013531897
91068,0.8256667415417217
91069,0.8367135141087524
91070,0.7738073047900745
91071,0.8590733979985822
91072,0.7860345311113096
91073,0.8899759393531795
91074,0.8122247256765877
91075,0.897667569121751
91076,0.8350502393009293
91077,0.8237660333329262
91078,0.8674387568460259
91079,0.7744053997439783
91080,0.8157130091561619
91081,0.912700496411743
91082,0.8496967109144652
91083,0.8100321435986082
91084,0.7910229874048733
91085,0.8267683285597881
91086,0.8180214900199624
91087,0.8223594221650935
91088,0.7827016005973876
91089,0.7953534531477162
91090,0.8689186745549591
91091,0.819513313420784
91092,0.7968075561853305
91093,0.7717420290594104
91094,0.7588873456046453
91095,0.8157534233377693
91096,0.8141932435631243
91097,0.8248803184960214
91098,0.8113595751880919
91099,0.8362399254179873
91100,0.8943803335825635
91101,0.8090423294304352
91102,0.8555901821554133
91103,0.7860191467096531
91104,0.8680569009926973
91105,0.8139825093630297
91106,0.7743795142452691
91107,0.836313409635723
91108,0.8614863897772337
91109,0.8756637853852591
91110,0.8694276894766575
91111,0.8122363866740197
91112,0.8844244069584961
91113,0.8300514088748374
91114,0.8555444716405154
91115,0.8942829310994241
91116,0.8135863753428157
91117,0.8333687580835613
91118,0.8365685315818271
91119,0.7933592873834582
91120,0.8296397949351947
91121,0.7580687538705838
91122,0.8657442574114923
91123,0.8150082643471638
91124,0.8462040081603323
91125,0.8384917997970892
91126,0.7942742740463762
91127,0.8117115867552382
91128,0.8308636603025752
91129,0.8791941735818359
91130,0.827357956275646
91131,0.8007609934913511
91132,0.8902184278351009
91133,0.8160412995889958
91134,0.8517945513054607
91135,0.8508211894019916
91136,0.8162302573481827
91137,0.794025294405753
91138,0.7801750875736854
91139,0.8403524872465764
91140,0.8162480200978357
91141,0.8138116629932803
91142,0.8047878429215604
91143,0.8274404730431677
91144,0.7905496216339247
91145,0.8166896888433206
91146,0.8088231464823633
91147,0.8485302535933084
91148,0.8396761146071581
91149,0.8525666057527094
91150,0.8346854578305217
91151,0.8266609390343337
91152,0.8567518258281066
91153,0.8034988930297341
91154,0.8273313577712302
91155,0.8305152128801357
91156,0.7995743553474645
91157,0.8188637951079397
91158,0.8083777532817167
91159,0.8168438349348838
91160,0.8380106135436892
91161,0.8033241400837267
91162,0.8068072791934245
91163,0.875977174955831
91164,0.8039016220606379
91165,0.7685353061275063
91166,0.8564689708388046
91167,0.8904246235515902
91168,0.8310037350664422
91169,0.797533100623164
91170,0.8229798188816351
91171,0.8050780016636357
91172,0.8099039536851973
91173,0.7940968851728273
91174,0.8270671398812982
91175,0.8238242228920156
91176,0.798439606663291
91177,0.8105480410547297
91178,0.8870278216904341
91179,0.8672645873768289
91180,0.8149810672992417
91181,0.8578876215683826
91182,0.8032055787672201
91183,0.8406123278859886
91184,0.8415882309319496
91185,0.7967005735167692
91186,0.8281446064606296
91187,0.8318619996043052
91188,0.8183937643605439
91189,0.7992985890527556
91190,0.8662132382507982
91191,0.8360499322357455
91192,0.833972676704002
91193,0.8880760794181449
91194,0.8497337199562545
91195,0.8178844834319456
91196,0.8676636332431913
91197,0.8380605245606837
91198,0.8188977834511391
91199,0.8675749647199625
91200,0.8594376922547977
91201,0.8339484880997218
91202,0.8922588101375589
91203,0.8236611325764109
91204,0.8472846592639686
91205,0.8969320840961479
91206,0.8122980778431812
91207,0.7913170631943659
91208,0.8153974651154574
91209,0.816806796657263
91210,0.7977907017433719
91211,0.8237044377002891
91212,0.7933889905595319
91213,0.8004033801560871
91214,0.8620225375354067
91215,0.8298282406493749
91216,0.792909601390948
91217,0.802776750802165
91218,0.8525408540771675
91219,0.8475332462239961
91220,0.7821082220571134
91221,0.7586264180596333
91222,0.787971425041552
91223,0.8156860114502276
91224,0.8596257635119147
91225,0.8360720104675186
91226,0.8250495706519435
91227,0.8369887864209073
91228,0.8632455077199326
91229,0.8387169482558521
91230,0.795977506562937
91231,0.829672193351877
91232,0.8337330885081538
91233,0.7838978155657593
91234,0.871989383993572
91235,0.814839511270129
91236,0.8264146067903847
91237,0.793815309400864
91238,0.816194222709669
91239,0.8450570163603459
91240,0.8482909761827295
91241,0.7984175358243271
91242,0.8626702926481226
91243,0.8031560458377377
91244,0.8691440402575106
91245,0.8319841984110947
91246,0.7986695929144672
91247,0.8079209214735756
91248,0.8968539075273337
91249,0.8556714211455261
91250,0.8634115865136819
91251,0.784775240571222
91252,0.8826500040808176
91253,0.851019784203569
91254,0.8674495658375206
91255,0.8251408671171061
91256,0.8257612889334215
91257,0.8124780211087687
91258,0.8314238487538232
91259,0.8136987547662745
91260,0.8213713162376616
91261,0.8955124230217318
91262,0.8619424531444395
91263,0.7866977758055039
91264,0.8786822602237476
91265,0.852667351234786
91266,0.8364681088733819
91267,0.8112386800367132
91268,0.8471801030206036
91269,0.7773862764581416
91270,0.7890403292246245
91271,0.8519438473467923
91272,0.8241646571191045
91273,0.8212358192424215
91274,0.8410621820892165
91275,0.8019809624966263
91276,0.8339223708209549
91277,0.8279820036526595
91278,0.8060770877267821
91279,0.86428481480566
91280,0.8507217712233318
91281,0.8560427184303395
91282,0.8469370341888918
91283,0.8388512380878201
91284,0.856521145235156
91285,0.7954960444333835
91286,0.7651668061766004
91287,0.8327175678822417
91288,0.8307756557755599
91289,0.8225880116779963
91290,0.8038457727404916
91291,0.8423787519138397
91292,0.8275912238443422
91293,0.8270527362971848
91294,0.8520665413863168
91295,0.8430867528787866
91296,0.872211073183938
91297,0.8469846205378356
91298,0.8804037096829747
91299,0.8527329735962932
91300,0.8268377183488397
91301,0.8100657534843148
91302,0.8507889849407687
91303,0.8691778015759436
91304,0.8176945561409042
91305,0.776535606029017
91306,0.8562883182864321
91307,0.840923030752654
91308,0.8249459917033584
91309,0.8081439840645999
91310,0.8110563717255049
91311,0.8077780485327585
91312,0.9493199924847691
91313,0.8287787739696947
91314,0.8338618605863826
91315,0.8559080113073737
91316,0.8430227345243064
91317,0.818182207280992
91318,0.7415783371579783
91319,0.8667667747809347
91320,0.7804594036286124
91321,0.8276473713156574
91322,0.7964671472318986
91323,0.8445519461838237
91324,0.8285372842581102
91325,0.8331220064669904
91326,0.8045291638006573
91327,0.7835316420266584
91328,0.7755574927544602
91329,0.8309999814708244
91330,0.7981369445820604
91331,0.7896076470794092
91332,0.8272111341444915
91333,0.8570905617416106
91334,0.7775853155324763
91335,0.8419121115264991
91336,0.8370658164985345
91337,0.8122372361881678
91338,0.8621367419917922
91339,0.8675541221498352
91340,0.8592522589770784
91341,0.8369537400295919
91342,0.8032239365051843
91343,0.8197148458041629
91344,0.8597142109326276
91345,0.8691986480917161
91346,0.8983268959994386
91347,0.8167190615018097
91348,0.8341174308097722
91349,0.8219546048232854
91350,0.8189881677246081
91351,0.8425571972073213
91352,0.8485821043688837
91353,0.8160551009363031
91354,0.834989549712941
91355,0.8309734984854732
91356,0.8566201672183198
91357,0.8650467464901963
91358,0.8754572275667867
91359,0.7911286347651191
91360,0.8355182675802468
91361,0.8620031281977467
91362,0.8456759579609984
91363,0.8068772992872958
91364,0.777428113697497
91365,0.7848256605112406
91366,0.8187907643920845
91367,0.8618430534081055
91368,0.8235819150508954
91369,0.8433317304145853
91370,0.775233751839334
91371,0.8780990410316207
91372,0.8478768182009999
91373,0.8374473190692335
91374,0.8117850114013171
91375,0.8040713593917665
91376,0.8404652917480803
91377,0.8366624971571096
91378,0.8334844453878625
91379,0.8209668311355118
91380,0.8230969266771653
91381,0.8490221042341766
91382,0.8548689468133734
91383,0.8479905063203468
91384,0.8350261786588702
91385,0.775674854470237
91386,0.8442880661409816
91387,0.8262783319473921
91388,0.8407555536885357
91389,0.7730123532029081
91390,0.8366908922617597
91391,0.8396912485556194
91392,0.8619960123291834
91393,0.8317899497801946
91394,0.8374968012811961
91395,0.8559239846480048
91396,0.8088167802849404
91397,0.8106507373326031
91398,0.7904401150467573
91399,0.7736605163046022
91400,0.8231220982998517
91401,0.8680943541031253
91402,0.744148285872088
91403,0.7949855692913415
91404,0.8585762838337716
91405,0.8145103528127701
91406,0.8034704909034719
91407,0.8347074412359562
91408,0.7936566449275172
91409,0.8198947255985055
91410,0.8170752404789744
91411,0.8565363476927523
91412,0.797224759889084
91413,0.8325577444091349
91414,0.8419655981434132
91415,0.8441036154092652
91416,0.8223544257031452
91417,0.794596538482302
91418,0.8350287742343505
91419,0.8587746925652088
91420,0.8277781626245135
91421,0.8264328039332599
91422,0.8293696273407242
91423,0.820213866235345
91424,0.809743530387833
91425,0.8324319822946963
91426,0.8929258418464711
91427,0.8305297268221415
91428,0.8815381309772126
91429,0.872239041646184
91430,0.8066959520422513
91431,0.8267170378825529
91432,0.8296724880926771
91433,0.7480265725072709
91434,0.8057429210433162
91435,0.825152543095081
91436,0.8244718526483955
91437,0.8401016625669413
91438,0.8356284006100843
91439,0.8299488675999951
91440,0.8555183007538306
91441,0.8572189878699039
91442,0.8461264753015975
91443,0.8877727258976215
91444,0.8115636038042483
91445,0.8574010625828941
91446,0.7788440909912226
91447,0.8234581856162724
91448,0.7967775643656063
91449,0.8081201467421905
91450,0.8621641304796034
91451,0.8441635639966507
91452,0.7751725373692834
91453,0.7602761850248749
91454,0.803903860379498
91455,0.7916339137013558
91456,0.8621664402898556
91457,0.8462900223290039
91458,0.8542517498435703
91459,0.7890936734187161
91460,0.8200762610900137
91461,0.8235046188069055
91462,0.8379266103815114
91463,0.839964389264922
91464,0.7894341922777899
91465,0.8244342395124833
91466,0.8241290992421825
91467,0.8234846262602925
91468,0.8437497631816863
91469,0.817748233834031
91470,0.8264869529339499
91471,0.7930905021487396
91472,0.8228823706632564
91473,0.8152982337739717
91474,0.8259293259729074
91475,0.7980216415823153
91476,0.8286825404911444
91477,0.8808455382197552
91478,0.8120909015276114
91479,0.8277682707335616
91480,0.7977873921258234
91481,0.8336129951737387
91482,0.8767057225779079
91483,0.8279552996185074
91484,0.9077925658837092
91485,0.8429936555386333
91486,0.8429960458823275
91487,0.7975110529597809
91488,0.8331305223452609
91489,0.8149507740596191
91490,0.815126701444814
91491,0.8666285133480436
91492,0.8498114551995206
91493,0.8628692135155959
91494,0.7817106772189372
91495,0.8580774229574255
91496,0.8311260976070357
91497,0.8511175012465086
91498,0.8359647316998281
91499,0.7877963935543901
91500,0.8725640012043551
91501,0.8474979995772162
91502,0.834818861508236
91503,0.8497988658836445
91504,0.8502560110451547
91505,0.8297102352920116
91506,0.8448821434096526
91507,0.8550198711489588
91508,0.8507754091378114
91509,0.8415118328377594
91510,0.8723189463361964
91511,0.8365294909325811
91512,0.8333647441786123
91513,0.8531209957208863
91514,0.8198999407626838
91515,0.803111412263244
91516,0.8405167042198117
91517,0.8182947759159334
91518,0.8135224218257078
91519,0.82899896326742
91520,0.8474577944387525
91521,0.8225072246482072
91522,0.857044650004986
91523,0.8392262931336014
91524,0.8083988706283055
91525,0.83892741828348
91526,0.8546549651616172
91527,0.8425963783220086
91528,0.826778102803266
91529,0.81639564954477
91530,0.8272030880077497
91531,0.8508072002969197
91532,0.7764633774285479
91533,0.8181735819073985
91534,0.8699771432258453
91535,0.7794098935526983
91536,0.8663703577292102
91537,0.8399783690590006
91538,0.8249616172987013
91539,0.838118157396206
91540,0.8402867460768555
91541,0.8511025774107045
91542,0.8314452775910378
91543,0.8650969659452654
91544,0.8424700242206998
91545,0.7796300228307027
91546,0.8344195091051749
91547,0.8099305709588386
91548,0.7856541522947488
91549,0.7905679913960105
91550,0.8207226054451497
91551,0.8910476040326197
91552,0.8137249711792881
91553,0.8092125605126781
91554,0.8580482364013732
91555,0.8453190674410476
91556,0.8237848143414056
91557,0.801900033751948
91558,0.8187760051196217
91559,0.8423268238766113
91560,0.7949368557109385
91561,0.8880196812098036
91562,0.7854280932162707
91563,0.7892683907653911
91564,0.8268691524348653
91565,0.7824625514238236
91566,0.8370527363029886
91567,0.8255867309103615
91568,0.8073893003075973
91569,0.8970699362465256
91570,0.8276022783943863
91571,0.8643528511189894
91572,0.8260939410270006
91573,0.8420615360626182
91574,0.7967682054412629
91575,0.8792128145295612
91576,0.8116294756777389
91577,0.8265963517924041
91578,0.8288361694315802
91579,0.7993492786129921
91580,0.8244275083081953
91581,0.8415212148921059
91582,0.8451463178233589
91583,0.8678730817538208
91584,0.8979473223415353
91585,0.7682207914333797
91586,0.784058182722948
91587,0.8377924030641574
91588,0.8511799690122536
91589,0.802340833663943
91590,0.8598032388814086
91591,0.8790814067160551
91592,0.8474184269766785
91593,0.8289645204392576
91594,0.9128593530893719
91595,0.8643604615782542
91596,0.8565644926948814
91597,0.8256894282820263
91598,0.8361798264338781
91599,0.8326872288287507
91600,0.8317735205052148
91601,0.8028144621006363
91602,0.8716155720535198
91603,0.8601157842915883
91604,0.8297534611760095
91605,0.8349397914476484
91606,0.8104839313966007
91607,0.8432529240061567
91608,0.8261865986685646
91609,0.8046572346983529
91610,0.7999452571343554
91611,0.8767227327627116
91612,0.8164345689155279
91613,0.8195664998467932
91614,0.810647163189934
91615,0.8401675013423219
91616,0.8644398540051152
91617,0.8494704977729024
91618,0.8251883752373185
91619,0.8092970270265966
91620,0.8441943183742725
91621,0.8079854330215724
91622,0.8168688846507222
91623,0.937780701206462
91624,0.8199490566307651
91625,0.8547065925608812
91626,0.7902261967804701
91627,0.8405962159774537
91628,0.8292985814067946
91629,0.8527647009378903
91630,0.8830399016890111
91631,0.8474109995821801
91632,0.8290821304211629
91633,0.8358351563611633
91634,0.877632467921191
91635,0.8026620383450316
91636,0.7914122087265822
91637,0.7702407153503716
91638,0.8354377208621497
91639,0.8547702301068245
91640,0.8198578774133107
91641,0.859177636945007
91642,0.7831949163703034
91643,0.8451706557587858
91644,0.8333734061582876
91645,0.8597718510193681
91646,0.7990700391705566
91647,0.8284399292232231
91648,0.8230049117869163
91649,0.8322201761522887
91650,0.806800831734647
91651,0.8351238095592566
91652,0.8313260465282383
91653,0.8394913468655919
91654,0.8385562264555123
91655,0.8139102301798546
91656,0.8448177995629309
91657,0.809606170348591
91658,0.8520465441978379
91659,0.8016975727378187
91660,0.8184563639570847
91661,0.784653345555735
91662,0.7780862642259232
91663,0.8105577064402281
91664,0.8159408180766358
91665,0.8610882071355326
91666,0.8146691615331885
91667,0.8122416083106672
91668,0.816089060157566
91669,0.8324520655327367
91670,0.8769100962074028
91671,0.8124478201767716
91672,0.8274706504717028
91673,0.848551921483156
91674,0.8142744918194234
91675,0.8464979445465316
91676,0.833230512002334
91677,0.8625522383592679
91678,0.8244593971735342
91679,0.8151199874936124
91680,0.8701016429232225
91681,0.8527072893214026
91682,0.8380925592780906
91683,0.8757827617325159
91684,0.8435072956848622
91685,0.8569343195754068
91686,0.8561421388643842
91687,0.8310431034871524
91688,0.8205011713448154
91689,0.7996200077637525
91690,0.8036127551891076
91691,0.796277152565512
91692,0.8117815629323314
91693,0.8112183037932139
91694,0.8196501891404185
91695,0.7806327292474546
91696,0.81649028359605
91697,0.8157618607863619
91698,0.8355583713177838
91699,0.8467942870088774
91700,0.796254409034155
91701,0.8148999752868437
91702,0.8338281700797845
91703,0.8423622845582593
91704,0.8169937977308996
91705,0.8290910180790324
91706,0.8643346195784707
91707,0.7971044745171265
91708,0.8495628460595376
91709,0.845743165704839
91710,0.8103504446200849
91711,0.8199368553490316
91712,0.7970102100357459
91713,0.8197328473443807
91714,0.8098034423619679
91715,0.7921579528129403
91716,0.864982966931355
91717,0.8285779504704008
91718,0.8047697933803962
91719,0.7576933084202041
91720,0.810131852770668
91721,0.7661310505505877
91722,0.8049344698328834
91723,0.8449651409949382
91724,0.7942681096311716
91725,0.8602690291489167
91726,0.7893181556888659
91727,0.8443723135753537
91728,0.8214657335162356
91729,0.8641474069875906
91730,0.8762208434706761
91731,0.8092735424800721
91732,0.8674932954870781
91733,0.8460783402545208
91734,0.844549419947448
91735,0.8182453549107949
91736,0.811855948381332
91737,0.8041148460830264
91738,0.8394142412478137
91739,0.8389406464290371
91740,0.8245627903792644
91741,0.8208890114288161
91742,0.8061025929563015
91743,0.8592986690100793
91744,0.8309984396273473
91745,0.8624462864243077
91746,0.8920818010205585
91747,0.8659614963886639
91748,0.8150889229488232
91749,0.7582806582427405
91750,0.8339883575864839
91751,0.8165849610530151
91752,0.8197753783411555
91753,0.8432731063239207
91754,0.7801938500700905
91755,0.8946543294835734
91756,0.8244896695176948
91757,0.8193110781048979
91758,0.8256735063951635
91759,0.8359025887131899
91760,0.8631240722746882
91761,0.8397480296384141
91762,0.8568868084447757
91763,0.8402727719252574
91764,0.8169567950046409
91765,0.844240623790504
91766,0.8488652434893176
91767,0.8166503578502574
91768,0.8265895628489353
91769,0.8502432602536966
91770,0.8451470377666098
91771,0.810946917842063
91772,0.836279236462993
91773,0.8455238080289802
91774,0.8279513115964919
91775,0.8251120252638144
91776,0.7970364654296802
91777,0.8391441195163517
91778,0.8334716690759986
91779,0.8814165760133061
91780,0.8074863508746728
91781,0.8696185293783762
91782,0.8063166096002821
91783,0.8553762781801166
91784,0.8503021694220865
91785,0.8393989865495447
91786,0.7706820312245382
91787,0.8642299726029772
91788,0.7996027970391186
91789,0.8402977123477603
91790,0.8641811110255644
91791,0.8464082668816759
91792,0.8243778716750777
91793,0.8407226223343899
91794,0.8596154383019448
91795,0.7983453226214665
91796,0.8025924181266052
91797,0.8499239241421692
91798,0.8145271680021239
91799,0.814677468108455
91800,0.8085303289403052
91801,0.8385673898204503
91802,0.8257608240268333
91803,0.8341982024653899
91804,0.8000405298813704
91805,0.8072346153047706
91806,0.847457450488448
91807,0.8151640436055091
91808,0.8335260328254888
91809,0.7914780046919848
91810,0.8423687512056186
91811,0.8054044507530209
91812,0.8233748864140394
91813,0.8001928130016457
91814,0.8418450523083939
91815,0.8575295323962712
91816,0.8366001032716301
91817,0.8540364243738586
91818,0.8851367784665856
91819,0.807944194597802
91820,0.8612529127001779
91821,0.8104996564524951
91822,0.8489572412835572
91823,0.8078441465028081
91824,0.874940244342199
91825,0.8575073416226204
91826,0.8185573351627854
91827,0.8725826019038022
91828,0.7977744597019061
91829,0.8464784938168053
91830,0.8210168474245381
91831,0.843496227401254
91832,0.828390449959145
91833,0.8396086252960778
91834,0.8046307744237761
91835,0.831071382997388
91836,0.8362748241209911
91837,0.8196395485080435
91838,0.8074691896218674
91839,0.8861118962723645
91840,0.8386172949570628
91841,0.8722661800746543
91842,0.8421103596377443
91843,0.8512313260168348
91844,0.8345161202730162
91845,0.8218502052192594
91846,0.8287945687367703
91847,0.7956867404962326
91848,0.7885210053566547
91849,0.7726357444395172
91850,0.7910647607559279
91851,0.8203267958800761
91852,0.8611160983693525
91853,0.7828896798985007
91854,0.829221100963316
91855,0.8309947364984768
91856,0.8360989521473569
91857,0.8589918590403507
91858,0.8334018125185187
91859,0.8395317665314671
91860,0.841991238696393
91861,0.8606361165111814
91862,0.8341631697674062
91863,0.8158245052240305
91864,0.7599397499306888
91865,0.8399950863930584
91866,0.8118825908185207
91867,0.8404960802421462
91868,0.820791963085339
91869,0.8726497627290324
91870,0.8548697044751489
91871,0.8137442675084641
91872,0.8219055947738105
91873,0.8326778266752732
91874,0.829069313273219
91875,0.8476008020717473
91876,0.8551714217483991
91877,0.8700900645181898
91878,0.8277039792956611
91879,0.8501150768796728
91880,0.8539547471476102
91881,0.8232622768431787
91882,0.8028230994220088
91883,0.8033800312837676
91884,0.868678396450214
91885,0.8579733957204846
91886,0.8154162383661454
91887,0.8231018803981217
91888,0.8431637799257846
91889,0.8258286757901374
91890,0.8436029550672695
91891,0.8462087646638284
91892,0.8479976505246898
91893,0.8005728882188706
91894,0.8243771668659671
91895,0.8121303418369455
91896,0.8703235997589426
91897,0.782116508845572
91898,0.8005867703484657
91899,0.8175933554039505
91900,0.8308986312790506
91901,0.8343325691393597
91902,0.8605807297986806
91903,0.8248977690467518
91904,0.8185987740275849
91905,0.8459403373450566
91906,0.7552247521993951
91907,0.8697489867330954
91908,0.818322515339623
91909,0.8439263101079741
91910,0.8471719417503508
91911,0.8714704212569162
91912,0.8290623282350217
91913,0.846322655178835
91914,0.8391492951029429
91915,0.8448150803789872
91916,0.8484345093672571
91917,0.8562773848332268
91918,0.821976353368515
91919,0.8502510511751871
91920,0.7923889296759469
91921,0.7987569436250443
91922,0.7877533690948012
91923,0.8263415001956658
91924,0.864432853440264
91925,0.751880099017022
91926,0.8027415336762488
91927,0.8266432967211088
91928,0.8939194385417241
91929,0.8246264505625281
91930,0.7793455949458236
91931,0.81593313447864
91932,0.7831513098955564
91933,0.8095659079444958
91934,0.8395823238772535
91935,0.8207009698824268
91936,0.8350930347906673
91937,0.8361277552479742
91938,0.8446979245006018
91939,0.8713494622468141
91940,0.7941471577901732
91941,0.832313793664729
91942,0.815419486759749
91943,0.7714054384114931
91944,0.8000702317319137
91945,0.8269802578719617
91946,0.89488475909599
91947,0.8367708030346913
91948,0.7659630800039202
91949,0.8658179190989195
91950,0.8130298599726192
91951,0.8437304153741747
91952,0.8379843990455561
91953,0.8185837600762135
91954,0.8150878422029441
91955,0.8051073995814173
91956,0.8397450286497548
91957,0.8504722387346857
91958,0.8306525550709425
91959,0.7900071280963561
91960,0.8270286325952887
91961,0.8678816296905745
91962,0.8180471689768765
91963,0.8445010131357117
91964,0.8665005667606159
91965,0.824828231498685
91966,0.83126707745188
91967,0.8684449480483105
91968,0.8726997151690371
91969,0.8598409344086612
91970,0.8095331051690768
91971,0.8438411995353573
91972,0.8237392999143484
91973,0.8193286762740445
91974,0.8333010887497778
91975,0.7876133016974118
91976,0.8526649673368423
91977,0.8948677354490236
91978,0.8808079235080583
91979,0.8396593279685611
91980,0.841314730069501
91981,0.8834161529029472
91982,0.8548082173074909
91983,0.8235014592926115
91984,0.8760956225236599
91985,0.8687767630723011
91986,0.8854970599896927
91987,0.8835049757152151
91988,0.8787968113380944
91989,0.8603965931332531
91990,0.8036424500810614
91991,0.8625586944803109
91992,0.8582096070073063
91993,0.8854791122184895
91994,0.8286885579509986
91995,0.8168536298474415
91996,0.8716666196916936
91997,0.8424884336801842
91998,0.8835042184873423
91999,0.823451677491651
92000,0.8317373254071516
92001,0.7901148566756924
92002,0.8299688978545721
92003,0.8186898200916785
92004,0.7877905556629248
92005,0.8352991316033103
92006,0.8244805491100797
92007,0.7765268477666026
92008,0.8258405217236805
92009,0.7955998347780008
92010,0.7594628577398523
92011,0.8764948103214871
92012,0.806034760453533
92013,0.8373467397941476
92014,0.8539942172678481
92015,0.8567016282764298
92016,0.7958581114313732
92017,0.8774792113299473
92018,0.8676413843068568
92019,0.797648004183251
92020,0.8209569219654329
92021,0.8326036154962911
92022,0.8361455717132228
92023,0.8032418077100366
92024,0.8510131543559979
92025,0.8539404603243756
92026,0.8233952941910428
92027,0.7877257297329631
92028,0.8081590815240701
92029,0.8389967149684832
92030,0.7635656575971298
92031,0.8867243788671367
92032,0.8516943706221626
92033,0.8410484290541145
92034,0.8269899868658555
92035,0.7870321390558256
92036,0.8464039848641575
92037,0.8582855389518571
92038,0.8583477688032914
92039,0.7989592268223253
92040,0.8330449477598316
92041,0.8320781472460694
92042,0.8342687086107156
92043,0.8005739744619145
92044,0.8198539500135815
92045,0.8478897954956658
92046,0.8751595931166484
92047,0.8660348808425786
92048,0.8225700442445092
92049,0.8806270999446458
92050,0.8174847733377437
92051,0.8308125698661629
92052,0.825315248897291
92053,0.8440291152703239
92054,0.8074229772167215
92055,0.8494126339043185
92056,0.7892107977433204
92057,0.8164230883539229
92058,0.8947493313133232
92059,0.869879375915957
92060,0.922139480477595
92061,0.8043545681177926
92062,0.8155335747342003
92063,0.7987490970239971
92064,0.8007824410992292
92065,0.8094515550748923
92066,0.8442506478324282
92067,0.8117410845249604
92068,0.7789457583132734
92069,0.8212867686086717
92070,0.7973566261036461
92071,0.769848082679248
92072,0.9002483620635384
92073,0.8109331349471889
92074,0.8305424233916487
92075,0.8353593786623693
92076,0.8494773744000549
92077,0.8774966331678836
92078,0.8586230501131201
92079,0.8572221340892827
92080,0.8677204551064388
92081,0.8648373967821621
92082,0.8092199526341517
92083,0.8664735499537727
92084,0.7737108709208164
92085,0.7619381811692958
92086,0.8338865421296502
92087,0.8177920105518461
92088,0.8605274497523833
92089,0.7693398147244043
92090,0.7939955516724404
92091,0.8228846303433427
92092,0.8562176505474186
92093,0.8468406927454759
92094,0.8133788896861311
92095,0.8355892578025479
92096,0.824275324175999
92097,0.8015896108930185
92098,0.8210511791628264
92099,0.792695903791361
92100,0.8152372472476653
92101,0.8525799062299346
92102,0.8451851594506946
92103,0.7685953587070393
92104,0.8761360129669404
92105,0.7922715815110087
92106,0.8112800582586385
92107,0.8799766119166709
92108,0.83204747784732
92109,0.8887296857590203
92110,0.842378790288278
92111,0.8303276665672249
92112,0.8207443294312657
92113,0.8259062649728663
92114,0.8451949074505899
92115,0.8245170965150168
92116,0.8504369977986215
92117,0.8854078410605225
92118,0.8200086448279823
92119,0.794594058750559
92120,0.8771528533518572
92121,0.8925382966858542
92122,0.8111312397549293
92123,0.8205545233581137
92124,0.819560399308626
92125,0.813121254140941
92126,0.860597054700737
92127,0.7952216949941449
92128,0.8378934430502079
92129,0.807137526527258
92130,0.7674665859141471
92131,0.8083537056440525
92132,0.8210990712768638
92133,0.8132692215085363
92134,0.8299934269631285
92135,0.8041438768716413
92136,0.8475424743467486
92137,0.7770070010143377
92138,0.8541691049671667
92139,0.8161855839442522
92140,0.8277287921693146
92141,0.8406162733076824
92142,0.8756058829073355
92143,0.8163602265540435
92144,0.8165508188195592
92145,0.7609982384053566
92146,0.776824643607362
92147,0.8241603555165293
92148,0.8308311977687016
92149,0.8372794397985819
92150,0.831009841341098
92151,0.8376423300040043
92152,0.8107764781930595
92153,0.8798438085543298
92154,0.8366748120349817
92155,0.8572938023685717
92156,0.7939562134172333
92157,0.8060182266376682
92158,0.8365509703354677
92159,0.8244016267906871
92160,0.7937096610910191
92161,0.8556333945187103
92162,0.7984393291887888
92163,0.7701527931216906
92164,0.8605019453917585
92165,0.8574944432041197
92166,0.8248576512342487
92167,0.8340100027507955
92168,0.7971293888627756
92169,0.8389376394750331
92170,0.8168921092769706
92171,0.8003009034448068
92172,0.8369161919580347
92173,0.8304600577219866
92174,0.7588120159024249
92175,0.8204574585713161
92176,0.8037718016019127
92177,0.7867264297119513
92178,0.8564967937127969
92179,0.8959593159226207
92180,0.8403824829083931
92181,0.8292734369456494
92182,0.7901374237970371
92183,0.8621626763112171
92184,0.8441314470223468
92185,0.8122428751221024
92186,0.8152126272923642
92187,0.8031290650167264
92188,0.8132799008517071
92189,0.8573097390678546
92190,0.889485402486629
92191,0.8162354491441098
92192,0.8189621932565944
92193,0.8391181561714947
92194,0.8470759131314147
92195,0.8859734925606703
92196,0.7994971339492849
92197,0.8224712695872127
92198,0.8312924851484104
92199,0.8266318403318285
92200,0.8597731151872962
92201,0.8042333482313758
92202,0.8536790413737355
92203,0.8267474544386334
92204,0.8075407383882561
92205,0.8805188838469218
92206,0.8858698585429097
92207,0.8455195002367549
92208,0.8514191244220922
92209,0.8454245080002825
92210,0.8401800840950107
92211,0.8443104847695285
92212,0.749571237284514
92213,0.8679290050686254
92214,0.7940604269299214
92215,0.8241826071341296
92216,0.8602682400841288
92217,0.8344901152085572
92218,0.8359611523571459
92219,0.8523797324368548
92220,0.8335635815096658
92221,0.8575124822887865
92222,0.8527299987398234
92223,0.8297614028788936
92224,0.8428949103593143
92225,0.8273470355862577
92226,0.8415555659127387
92227,0.8495759865866235
92228,0.8091972749696443
92229,0.8091792278112329
92230,0.8142208805559946
92231,0.8130433492396866
92232,0.8175501802281832
92233,0.8646168036675439
92234,0.8871067507681908
92235,0.8475894877875425
92236,0.8471506169942259
92237,0.7949383774211239
92238,0.8371884883830316
92239,0.8489353007307248
92240,0.8743878827274915
92241,0.7871106344404597
92242,0.8091296408611937
92243,0.8678937343550178
92244,0.8415134434907309
92245,0.8243501304752674
92246,0.859424717807798
92247,0.8470989922478361
92248,0.8063336989838542
92249,0.8185212135323665
92250,0.8024405697759827
92251,0.8409839448517646
92252,0.7926790517028471
92253,0.8399084358601976
92254,0.8491013314419692
92255,0.8681850401177582
92256,0.8528429564980753
92257,0.8607690344344356
92258,0.8457447980252644
92259,0.8392367054712612
92260,0.8392633578673256
92261,0.8480588396396309
92262,0.7774649618609691
92263,0.8121122500559589
92264,0.7909462924248052
92265,0.838015655201792
92266,0.8053926232236972
92267,0.8177394145401625
92268,0.8650057690696277
92269,0.7865657772718738
92270,0.833634200520407
92271,0.846107320423072
92272,0.8432590626035459
92273,0.8668828159712284
92274,0.8240712041707903
92275,0.8568964676677375
92276,0.7943082459938855
92277,0.8521706481843626
92278,0.9161448738179987
92279,0.8335759426908628
92280,0.8037376379983011
92281,0.8525537247412428
92282,0.8226313377380111
92283,0.8754209523568055
92284,0.8089457221389967
92285,0.8462046358232809
92286,0.8397577661294885
92287,0.8643624566840618
92288,0.8109896514913423
92289,0.7755900670109738
92290,0.8232650850813591
92291,0.8355147853313096
92292,0.8066773087379612
92293,0.798489695451556
92294,0.8566067112539618
92295,0.7903676330183025
92296,0.8202510610461131
92297,0.7947465118243588
92298,0.8238801136166872
92299,0.7975854520489742
92300,0.8281220291265838
92301,0.789697615388802
92302,0.8199948975582974
92303,0.8650983362670203
92304,0.8392568965846073
92305,0.8570611915125161
92306,0.842563503146909
92307,0.802009702353279
92308,0.8218379797086176
92309,0.7929270977726709
92310,0.8477115671864547
92311,0.8492881996661502
92312,0.8009703488591092
92313,0.8363730978694435
92314,0.8547778049538483
92315,0.7968652642031923
92316,0.878305336032548
92317,0.8199589757426373
92318,0.8531631156237186
92319,0.8028706195910132
92320,0.7986112848918485
92321,0.7794657524603853
92322,0.800869563654642
92323,0.8696783122465287
92324,0.8166743685911274
92325,0.8046450953948682
92326,0.8009151530746556
92327,0.8454253925057628
92328,0.8571304938920142
92329,0.7827552446908237
92330,0.8606514796727026
92331,0.8700228014039131
92332,0.842604069853419
92333,0.774714799186881
92334,0.8312466501593843
92335,0.8609785417616325
92336,0.848028128640747
92337,0.8019273172895471
92338,0.8358405814206513
92339,0.837508200183783
92340,0.8753898884309667
92341,0.857077159579692
92342,0.7924883451425905
92343,0.8688692581113775
92344,0.8462258019063418
92345,0.8122773063233306
92346,0.8093297453829517
92347,0.8446899812561351
92348,0.7880726668083797
92349,0.8224679001452219
92350,0.843400127039474
92351,0.7907854817842882
92352,0.8604417264432915
92353,0.8019783676037128
92354,0.8109673017824184
92355,0.7793571686216186
92356,0.797622113979712
92357,0.850717391426422
92358,0.834178139757808
92359,0.8613254795443338
92360,0.8257408520964452
92361,0.775915796511082
92362,0.8321874525685065
92363,0.8454531821895486
92364,0.8090243329893848
92365,0.8569250566465836
92366,0.8174988812914706
92367,0.8033900759291878
92368,0.8552942330066892
92369,0.8531918565318135
92370,0.8353936913698755
92371,0.8367762363306129
92372,0.8068628750432417
92373,0.7239205659182012
92374,0.8477597407213482
92375,0.8503863504219864
92376,0.8179619639907357
92377,0.8419163275082117
92378,0.7940808146923006
92379,0.8430996213409645
92380,0.8274560245144913
92381,0.7894358658110546
92382,0.8302645134748782
92383,0.8279330289316027
92384,0.8358301906656165
92385,0.8584479747988796
92386,0.8259332764910831
92387,0.8395420925827576
92388,0.8490867270775837
92389,0.7954028918971493
92390,0.8171970208688387
92391,0.757026920490522
92392,0.844359903245194
92393,0.8406610898446034
92394,0.7871014251266564
92395,0.817851950603321
92396,0.7858366758132537
92397,0.8157041804546638
92398,0.8839715538143594
92399,0.8628457667233321
92400,0.8151273303123446
92401,0.8652776929396773
92402,0.8026868888701643
92403,0.7834694728675512
92404,0.8142498132747039
92405,0.8867535857369439
92406,0.8488537067489509
92407,0.8250362156376945
92408,0.8225213251836558
92409,0.8384122113855109
92410,0.8830328587809528
92411,0.8278743056913453
92412,0.8287074800617227
92413,0.7978544825924315
92414,0.8527438269811373
92415,0.856738180119793
92416,0.8519865085954414
92417,0.7910481922058784
92418,0.8630366228206607
92419,0.7839174557122391
92420,0.8272131608959641
92421,0.8195458128670813
92422,0.8469169027224797
92423,0.7837941171023245
92424,0.8339038380581093
92425,0.8619086301118859
92426,0.8921513895336823
92427,0.8818399973654086
92428,0.7887841160999106
92429,0.8479349796613947
92430,0.8309903619808184
92431,0.8334424381014559
92432,0.8433430645412687
92433,0.8414865279524005
92434,0.8547959143258345
92435,0.8298188224197296
92436,0.8555377740251257
92437,0.8558024860333308
92438,0.8214956328114755
92439,0.8342400457202869
92440,0.750945486198767
92441,0.7832757649388835
92442,0.7910969234001848
92443,0.8129277521737448
92444,0.8178971032941417
92445,0.8250755517987106
92446,0.753657968837237
92447,0.8217009282920837
92448,0.8061642445603892
92449,0.8248759760359459
92450,0.85038110772125
92451,0.8092192078478714
92452,0.8093690487998093
92453,0.8468366717078823
92454,0.8218551158798373
92455,0.8166297916255075
92456,0.8323802893108868
92457,0.8530330323226348
92458,0.8163739065356682
92459,0.7815144365554196
92460,0.8457426389668891
92461,0.8046675860394139
92462,0.8084289534398249
92463,0.8429252882733743
92464,0.7943078795225165
92465,0.8594986497678812
92466,0.7715792885658449
92467,0.8405513888205156
92468,0.8457006120701388
92469,0.7879392701018234
92470,0.8578766085398817
92471,0.8702728284175228
92472,0.8279521653896593
92473,0.769245732132196
92474,0.8072515819065929
92475,0.8383690032346557
92476,0.8205597311940092
92477,0.7842764095269337
92478,0.7994133133206331
92479,0.8097030445904122
92480,0.830122586006698
92481,0.7783163745714207
92482,0.8065466656843521
92483,0.8377513607143638
92484,0.8054434376617879
92485,0.8401571948842321
92486,0.8510045481810323
92487,0.7927513920744685
92488,0.8061404275926763
92489,0.8414149741436112
92490,0.8962001890089953
92491,0.8915401959729468
92492,0.79925629289674
92493,0.8096959925186875
92494,0.7659722119169332
92495,0.852069733230313
92496,0.8331419839384892
92497,0.8274829696220046
92498,0.8118641855558753
92499,0.7482746800257584
92500,0.8470093794763933
92501,0.843276808429005
92502,0.8064548946083456
92503,0.7911742880782278
92504,0.861770350338289
92505,0.8187843144475954
92506,0.8145937515504981
92507,0.7784610925546226
92508,0.7724389842938713
92509,0.862684241245622
92510,0.8620523177403175
92511,0.9163987768680627
92512,0.8529446927086973
92513,0.809778042234531
92514,0.8694163398182571
92515,0.8131746211224071
92516,0.7970008225054583
92517,0.8303474106573844
92518,0.8163561716961146
92519,0.8021403418531925
92520,0.7903069901736169
92521,0.8580832038081087
92522,0.8862549217164334
92523,0.8151485325592049
92524,0.8561552125031916
92525,0.86481914182822
92526,0.8405995662224149
92527,0.8372288693712879
92528,0.8342462890523789
92529,0.791423140930282
92530,0.8146785576140531
92531,0.7864797390226816
92532,0.8581318470644009
92533,0.8272973168209957
92534,0.8391478461330613
92535,0.811957941049043
92536,0.8285057012400876
92537,0.8567101344401741
92538,0.8855674067114276
92539,0.8509557769099595
92540,0.8252181511946859
92541,0.8312792272021386
92542,0.7973595311753641
92543,0.8389904547679534
92544,0.832033134375967
92545,0.7824551778606836
92546,0.8070818145922267
92547,0.8348818386410598
92548,0.845844286813847
92549,0.8225946957471835
92550,0.7880482212668118
92551,0.8446225452106848
92552,0.8446989293113843
92553,0.8637413433918827
92554,0.8221523145803794
92555,0.8848226882036878
92556,0.809053518620712
92557,0.8393165523053343
92558,0.8118134381356397
92559,0.886181931390092
92560,0.8370217513683229
92561,0.8492987155299725
92562,0.8275121715854658
92563,0.7490195900326175
92564,0.8236917497889611
92565,0.8254385123593116
92566,0.8135125284465038
92567,0.770154277893987
92568,0.858639415859628
92569,0.8179458885361232
92570,0.7951829335554742
92571,0.8833251189818293
92572,0.8664158538900685
92573,0.8669137557890514
92574,0.8391575294238762
92575,0.8592804900306417
92576,0.8298236795286213
92577,0.8383505399403767
92578,0.8332871008008553
92579,0.8609337357398635
92580,0.8331926709778672
92581,0.8595201257712751
92582,0.7919426991655711
92583,0.8678759719909874
92584,0.8755391573923104
92585,0.8074235382945939
92586,0.8298252958263236
92587,0.8514956499468955
92588,0.8375787292256102
92589,0.8184571888799653
92590,0.8825781819943739
92591,0.8144089475501153
92592,0.8230648437852024
92593,0.8209790203288573
92594,0.7958755027388091
92595,0.8611592551431978
92596,0.8485926265771495
92597,0.8455874325295983
92598,0.8495376502794002
92599,0.82762830542775
92600,0.8414509637551694
92601,0.8386452157670136
92602,0.8030633053346282
92603,0.8457033972050849
92604,0.831498502410045
92605,0.8400413774672585
92606,0.8659069068129384
92607,0.8449577072486214
92608,0.8874063976962372
92609,0.8232768279283535
92610,0.8539088550098877
92611,0.8040301717068702
92612,0.8223218437531113
92613,0.776265542731907
92614,0.8511639194267469
92615,0.8169447998987874
92616,0.8333352028160268
92617,0.8131086183709862
92618,0.8157853429328581
92619,0.8376452640783705
92620,0.804929488750318
92621,0.8114742332585136
92622,0.8463729832156138
92623,0.8455041741234945
92624,0.7908372437683031
92625,0.7698162087025044
92626,0.8160819037854089
92627,0.832966813890738
92628,0.8430477962230811
92629,0.8850414841819095
92630,0.8285444102617925
92631,0.8318638762633628
92632,0.8401112522420082
92633,0.8640619921291091
92634,0.809233618864354
92635,0.8273075737561006
92636,0.8539731385119484
92637,0.8561753528510253
92638,0.793454330913701
92639,0.8273001026545688
92640,0.8231139804604929
92641,0.7793568879425319
92642,0.8609768967890418
92643,0.8460358294788481
92644,0.7974355093981697
92645,0.8732360007730628
92646,0.8392758449084824
92647,0.8320977253812876
92648,0.809808506030582
92649,0.7737939060903511
92650,0.8392391505583117
92651,0.8125547229000323
92652,0.8751771308126743
92653,0.8486612591449497
92654,0.7612892586230869
92655,0.8089945929237374
92656,0.8143097707570236
92657,0.8695275501494325
92658,0.8914516653802068
92659,0.8368755131516228
92660,0.8043896460814914
92661,0.8143908921706533
92662,0.8512727665161903
92663,0.8467656917754878
92664,0.8370186121311025
92665,0.8595609229011404
92666,0.86470589260255
92667,0.7789289082479204
92668,0.850898450363295
92669,0.8224761268678008
92670,0.8240227459046755
92671,0.8424452818955499
92672,0.8360948299055546
92673,0.7947602633581288
92674,0.8262533476135439
92675,0.8033968136645682
92676,0.8324679614444885
92677,0.8438869369370099
92678,0.8806404484940874
92679,0.8333489060408809
92680,0.8662640783698378
92681,0.8464187802982879
92682,0.8803309701949474
92683,0.8977710299372611
92684,0.7934885447387998
92685,0.8318214330657511
92686,0.8620799192956456
92687,0.7930719603329797
92688,0.7927986768696567
92689,0.820266503795949
92690,0.7652274777248126
92691,0.8895568190831376
92692,0.8588851199292667
92693,0.8648235307376053
92694,0.867730251568242
92695,0.8296337102778664
92696,0.8496119253703039
92697,0.8164881334218234
92698,0.8357058835070227
92699,0.9043941319870521
92700,0.8977948377718048
92701,0.8318996672875799
92702,0.8534318377872948
92703,0.8158659824370126
92704,0.8781904515110392
92705,0.8679487867786325
92706,0.84595703588137
92707,0.8390225876408381
92708,0.7947455113122218
92709,0.8155823101633793
92710,0.8007613344504074
92711,0.8110031661929716
92712,0.8254228157422074
92713,0.8560628667132822
92714,0.8902355760244873
92715,0.8306036558310458
92716,0.7800746081126667
92717,0.8395109708986292
92718,0.7942081351921183
92719,0.8292392089932595
92720,0.8299219048953258
92721,0.8320084380404964
92722,0.8158350044615093
92723,0.754085196914623
92724,0.8385746512268408
92725,0.78333437780105
92726,0.8607350516814118
92727,0.8395901430872792
92728,0.8358980051927067
92729,0.7981685378299213
92730,0.8080960302154583
92731,0.837313867579951
92732,0.7916355458900415
92733,0.8545155395581202
92734,0.8271537086542333
92735,0.8197258423713526
92736,0.8562115260398908
92737,0.7823096874760623
92738,0.8738162176736355
92739,0.812384559275505
92740,0.8442839215500246
92741,0.8494970751242136
92742,0.781878416926147
92743,0.8123053114063453
92744,0.836200569036405
92745,0.7824411107554273
92746,0.7772364441085956
92747,0.7717494564898785
92748,0.784188292908642
92749,0.866487314791797
92750,0.8242053698900866
92751,0.8474112272543236
92752,0.8235191950621263
92753,0.8546635726623883
92754,0.824768547637757
92755,0.8625491150106653
92756,0.8172614886343152
92757,0.7788680614119811
92758,0.7985338132686453
92759,0.859266794082156
92760,0.8522994479535028
92761,0.8583550369795802
92762,0.8495884170175915
92763,0.8294063452912921
92764,0.857546202999036
92765,0.8389824883668248
92766,0.8788517169689756
92767,0.8168467288993048
92768,0.8508195329359505
92769,0.8657768749866954
92770,0.8070192241869218
92771,0.8046646337070189
92772,0.827943559699619
92773,0.8470348389339833
92774,0.8690300247949789
92775,0.7997527244983084
92776,0.8521325085348659
92777,0.8445258833653282
92778,0.8314436953681679
92779,0.8443026084754881
92780,0.8522267801697885
92781,0.8098594123818021
92782,0.7880639311545881
92783,0.7992303043924345
92784,0.8152629743555379
92785,0.8285454233393436
92786,0.7890524152641856
92787,0.8249624587499363
92788,0.8542232727662479
92789,0.8123053523708456
92790,0.7988040617557702
92791,0.8388823063219887
92792,0.8154981793244859
92793,0.8630042277359335
92794,0.8602578719479117
92795,0.8442660720908438
92796,0.8208868628692352
92797,0.8152001130531147
92798,0.8402892875791382
92799,0.8520982381629356
92800,0.8415676366220269
92801,0.7946755762236736
92802,0.7593350514525163
92803,0.8331073939355726
92804,0.8174059186833441
92805,0.8304840553206879
92806,0.8027220338620115
92807,0.8139498262350108
92808,0.8486677647499462
92809,0.8192051512311609
92810,0.9027770794683693
92811,0.816225748932231
92812,0.7663663856276317
92813,0.8453453188616108
92814,0.8308150044953796
92815,0.8598852448603944
92816,0.8210197986576714
92817,0.8267236755546561
92818,0.8198772564825799
92819,0.8226917936667746
92820,0.801022012295643
92821,0.8462361689975642
92822,0.7949552609949356
92823,0.8528435618859606
92824,0.8310366361961894
92825,0.9092441618026432
92826,0.8970698123940497
92827,0.8365109782203043
92828,0.811792326304437
92829,0.8666730372482934
92830,0.8986175767718574
92831,0.8393864338133905
92832,0.8166260833635225
92833,0.8733605535788308
92834,0.8426389345626025
92835,0.8447639748965975
92836,0.8251622307747974
92837,0.8364538286180316
92838,0.8253002950808276
92839,0.8215905592976862
92840,0.8063528902928222
92841,0.8172596240198798
92842,0.7955345923501108
92843,0.8624264775317381
92844,0.8853122281992889
92845,0.8081888942289395
92846,0.8382649981739431
92847,0.8053309481212861
92848,0.7718649134052291
92849,0.8210148632119865
92850,0.8131935161010979
92851,0.7968589873763862
92852,0.8132699043875092
92853,0.8172939398501506
92854,0.8397169750372768
92855,0.7855865334551355
92856,0.7996606757719223
92857,0.8371338201872373
92858,0.8411776945112371
92859,0.818393548351339
92860,0.8702251230992459
92861,0.8348531181769867
92862,0.8096395196804248
92863,0.81016863578436
92864,0.8151616368362612
92865,0.8156105027987388
92866,0.8240775811569573
92867,0.8103414107926074
92868,0.7544862427624108
92869,0.8515800981152627
92870,0.8420716326637525
92871,0.809511178859022
92872,0.7802240119003137
92873,0.8415221532728314
92874,0.8376981658803612
92875,0.8998491916553444
92876,0.8197544706203795
92877,0.8071740673163595
92878,0.8151974644359682
92879,0.8244959337208477
92880,0.8427419569318633
92881,0.8023986453252624
92882,0.8325620996552686
92883,0.8348922922792337
92884,0.8604596510372834
92885,0.8256061954207354
92886,0.7991281286289247
92887,0.8176696850014143
92888,0.8282592293847758
92889,0.8250363894875488
92890,0.8392758414736141
92891,0.795141548498785
92892,0.8223818922479237
92893,0.8112173670735946
92894,0.86042743263726
92895,0.8011989414735899
92896,0.7868138401351163
92897,0.8274100080243486
92898,0.7832334147953032
92899,0.8047518970281179
92900,0.8281311042616005
92901,0.8161698385018699
92902,0.8556919057371758
92903,0.8173469411276597
92904,0.8733520290134843
92905,0.7928011154499705
92906,0.88080149587803
92907,0.8241220810361624
92908,0.8521105395570046
92909,0.7755072534776186
92910,0.808598394435022
92911,0.8361685259095498
92912,0.8451889255578021
92913,0.8352597284611203
92914,0.8161232709415358
92915,0.8446153747300975
92916,0.8134591974853851
92917,0.8024116840698462
92918,0.8350661905094324
92919,0.8428906308993537
92920,0.817874308013359
92921,0.7890838834860244
92922,0.8361840358684629
92923,0.8418223834100865
92924,0.8058728072891945
92925,0.8149849753744459
92926,0.8644149311235153
92927,0.7892285832204057
92928,0.7852675867288674
92929,0.8437661419635543
92930,0.8755617242258295
92931,0.8295982520422917
92932,0.7942160237367917
92933,0.8153706771065033
92934,0.8268183506507701
92935,0.8019062629782718
92936,0.8149802780227577
92937,0.8627401218375951
92938,0.8040913085170674
92939,0.8134640060422765
92940,0.8019563222754288
92941,0.8381607042685781
92942,0.8518532014548926
92943,0.8228390487197926
92944,0.796631580779536
92945,0.7832765713787614
92946,0.7938322073460367
92947,0.7846674671379225
92948,0.8803541564012578
92949,0.8463516331487948
92950,0.8311168240462701
92951,0.7836155310339752
92952,0.8904489595775368
92953,0.8604704329344581
92954,0.8068393947174279
92955,0.836296939612042
92956,0.7843441280641049
92957,0.8491424384640882
92958,0.8059116791989237
92959,0.8228418996759282
92960,0.8363904464779607
92961,0.7930651216729621
92962,0.8405649242176217
92963,0.8831988984433324
92964,0.8775775614502209
92965,0.8025672615137363
92966,0.8484870771042166
92967,0.8648682932771107
92968,0.8051766421899962
92969,0.7900530485450417
92970,0.8015096981733646
92971,0.8394582648627203
92972,0.8297451597944089
92973,0.8495912635744023
92974,0.812913221225189
92975,0.7672491589583195
92976,0.781258199008845
92977,0.7878938904865544
92978,0.8826186888491889
92979,0.8180339129166757
92980,0.818757684114601
92981,0.8535201456696467
92982,0.850002804957862
92983,0.8325534035492829
92984,0.8681774691145325
92985,0.876527647525631
92986,0.8454632944174754
92987,0.7934413100515935
92988,0.8444339591619798
92989,0.848123039672382
92990,0.8198205484334503
92991,0.8945394179310381
92992,0.8038878536590272
92993,0.8853244933384283
92994,0.8744953839746779
92995,0.873582843837008
92996,0.786519200385595
92997,0.841025357389525
92998,0.7875681840985195
92999,0.868675364029047
93000,0.8199441614186761
93001,0.79659964719336
93002,0.8418447175901074
93003,0.8158997374191853
93004,0.8343073760269951
93005,0.855817351164463
93006,0.8965504278994371
93007,0.892924054921339
93008,0.8554783935741844
93009,0.8493889970494019
93010,0.8211963411496885
93011,0.8307448335239073
93012,0.8444419063062908
93013,0.8282732663732147
93014,0.8153912345509222
93015,0.8615933758920312
93016,0.8159335382617069
93017,0.8575071694011824
93018,0.7968629850534789
93019,0.7965229845775632
93020,0.8180346866028292
93021,0.8350792823278219
93022,0.8045146663256338
93023,0.8299080301614786
93024,0.8482416858449686
93025,0.7909032025640392
93026,0.8124345299524578
93027,0.8787804016674372
93028,0.8301096689121663
93029,0.838572914284391
93030,0.8001742163733769
93031,0.8765171989517996
93032,0.8847743627914636
93033,0.8389997769536006
93034,0.8419026679745748
93035,0.821901180407301
93036,0.7822978633631281
93037,0.839848423991736
93038,0.817824987610558
93039,0.8064652072139844
93040,0.841935731133541
93041,0.837555025278127
93042,0.7922151670166109
93043,0.8623385145203888
93044,0.8586531395534827
93045,0.843655786812627
93046,0.8383032806612416
93047,0.8177819123785494
93048,0.7980489908761383
93049,0.8155899127034537
93050,0.903557707280192
93051,0.8163939577095691
93052,0.8490268726229953
93053,0.8032796794297089
93054,0.8664833625108314
93055,0.8401072168224623
93056,0.8352299353654026
93057,0.8218803904598793
93058,0.8266594634993357
93059,0.8622158868385487
93060,0.8132554066806387
93061,0.8241789467973173
93062,0.8007499524804151
93063,0.855471072776251
93064,0.8570185353575557
93065,0.8349386767025695
93066,0.7856410491563041
93067,0.8339380431574037
93068,0.8773219444392302
93069,0.7994642772707917
93070,0.8550433253141654
93071,0.8345643684658378
93072,0.7847874084183282
93073,0.802778539877825
93074,0.7596078023330172
93075,0.8500723557137072
93076,0.8005758684318564
93077,0.7659890858630265
93078,0.8186507713226333
93079,0.8532733880745912
93080,0.8539206900973684
93081,0.7963473721966909
93082,0.8386243099719909
93083,0.7768244829757658
93084,0.848462630010666
93085,0.8525450693272127
93086,0.8508687312133156
93087,0.8723411525094501
93088,0.8283317967966762
93089,0.8383227888395223
93090,0.8767099866119469
93091,0.8576309905623181
93092,0.8779214390814916
93093,0.8569634957662227
93094,0.8255890414336594
93095,0.8362298268839322
93096,0.8771675003813553
93097,0.8326029161408594
93098,0.8199905596195243
93099,0.8191162619128506
93100,0.8056818505210868
93101,0.8609545734330505
93102,0.8284975891118281
93103,0.798806331023078
93104,0.8789147776740917
93105,0.8579576690507641
93106,0.845064380419491
93107,0.7859767843852433
93108,0.802982227283373
93109,0.8175586743758539
93110,0.8446986725683622
93111,0.8001262359349486
93112,0.8528476749647037
93113,0.8219451176712487
93114,0.7450393793891305
93115,0.7975432395427262
93116,0.8142480014065694
93117,0.7955311205200659
93118,0.8176345089595154
93119,0.865479536152706
93120,0.8339635491778314
93121,0.8595921968897726
93122,0.8434808489585836
93123,0.8346764195159181
93124,0.854637824109267
93125,0.8396145832644978
93126,0.7889515862200496
93127,0.8197757201819431
93128,0.7644057269008513
93129,0.8463207990629475
93130,0.8440070808595896
93131,0.8407490511809846
93132,0.8079532026132699
93133,0.8183969838725401
93134,0.8126530110315526
93135,0.7957629663736742
93136,0.8587328397214379
93137,0.801731079673617
93138,0.8408618331068508
93139,0.8350454120015413
93140,0.8500464967083674
93141,0.8141782444621497
93142,0.832340105132284
93143,0.8418289960078722
93144,0.8553803481869524
93145,0.8262020863230296
93146,0.8411645872800441
93147,0.872023963347516
93148,0.884006838190658
93149,0.870105403714624
93150,0.831111815630753
93151,0.8735034913699473
93152,0.8887875747191253
93153,0.8411286377604348
93154,0.8063306110961275
93155,0.8238176453436815
93156,0.8299018723177359
93157,0.8275809437785654
93158,0.8185867634566085
93159,0.8689917094622484
93160,0.764753074748185
93161,0.8390013463737848
93162,0.8295427223904379
93163,0.8198032065637002
93164,0.8573114824746121
93165,0.7971540219228277
93166,0.7951406170948815
93167,0.7894032718936652
93168,0.8172285829420868
93169,0.8342350148103717
93170,0.8724400725540228
93171,0.820591007002454
93172,0.8543118976766284
93173,0.7892698926929507
93174,0.8259225200579348
93175,0.8436362589998513
93176,0.8508923882309303
93177,0.8304782201343763
93178,0.8073906660297376
93179,0.8110379222967424
93180,0.8875895289181785
93181,0.8155250984373144
93182,0.8229711010733661
93183,0.8529680222155126
93184,0.8055108666475047
93185,0.8773400220109059
93186,0.7941142378586985
93187,0.7905339817495245
93188,0.8352216669598558
93189,0.8218622437134181
93190,0.7760645833621332
93191,0.8395828380114077
93192,0.8345066413368393
93193,0.8355399387602895
93194,0.8127781897892459
93195,0.8209008340126445
93196,0.8428837510400115
93197,0.7825329677367455
93198,0.8712486341428032
93199,0.8521154022366707
93200,0.835354017195909
93201,0.8290467474163972
93202,0.7926188773472269
93203,0.8597709258615945
93204,0.8353458217789437
93205,0.7873887946703132
93206,0.7573206628511889
93207,0.8342029404885789
93208,0.7540091231327383
93209,0.8487025627362839
93210,0.8623483274688433
93211,0.7813090873968648
93212,0.927665234669724
93213,0.8580353957825045
93214,0.8175028370418576
93215,0.8565411993583797
93216,0.8720302969666383
93217,0.8404418372562176
93218,0.775820459516827
93219,0.8870655105785312
93220,0.8164900995214377
93221,0.8801589960727494
93222,0.8381241028024231
93223,0.8308458757103149
93224,0.7769395996135295
93225,0.83999642374712
93226,0.8272661835865579
93227,0.8686075254725645
93228,0.8327894615042017
93229,0.8350444457971298
93230,0.7653774671606209
93231,0.8667248318488345
93232,0.8049557070729464
93233,0.8050334507338202
93234,0.8015132381236271
93235,0.822311563500474
93236,0.8212146515537609
93237,0.8597168780034473
93238,0.7962919388871433
93239,0.8728408146752119
93240,0.8285155984903276
93241,0.8558381803833658
93242,0.8213365799705742
93243,0.7969228362166475
93244,0.8310504942960173
93245,0.7943237920726025
93246,0.8255279892170817
93247,0.8415407210757689
93248,0.8094721570350977
93249,0.8249798693473276
93250,0.8325543885599336
93251,0.7787745701036991
93252,0.8184534896867022
93253,0.8523184487057754
93254,0.8361524467221407
93255,0.7874758192874433
93256,0.8286400580445715
93257,0.8299231288867076
93258,0.8587756845669527
93259,0.7722476870028562
93260,0.8246908129200473
93261,0.8409914482739677
93262,0.7827839156594523
93263,0.8169338799379232
93264,0.8500510654645551
93265,0.8025198825386037
93266,0.8278685360207692
93267,0.8435969169754752
93268,0.8032442644501837
93269,0.8436295478443816
93270,0.7796613172991772
93271,0.812945493647329
93272,0.8124804192624808
93273,0.859724458164457
93274,0.8767461261031844
93275,0.8240120459514408
93276,0.8411648434549197
93277,0.8612771207746698
93278,0.8749855451205547
93279,0.8478536900330552
93280,0.8149751334459693
93281,0.8577128435110313
93282,0.8331962425723684
93283,0.7624780417035927
93284,0.8494959702966144
93285,0.8188520909851577
93286,0.7826791786493789
93287,0.7679631076387248
93288,0.8387126728103552
93289,0.8549982490521777
93290,0.8487197466061249
93291,0.8053324150595218
93292,0.8756749624177288
93293,0.8455816441261734
93294,0.8111516479965529
93295,0.78487388477608
93296,0.8019806174685322
93297,0.8683468359892188
93298,0.7728548834454766
93299,0.7921747867703702
93300,0.8516182952508392
93301,0.8267827677829714
93302,0.8617011062382838
93303,0.8945891348075161
93304,0.8311919349579932
93305,0.8262854121584852
93306,0.8224345929848881
93307,0.7525388655791925
93308,0.8369768309633706
93309,0.7844246259539059
93310,0.8440437293237603
93311,0.7798365051700277
93312,0.8070146134890068
93313,0.8451367780950546
93314,0.8148744810522552
93315,0.9069061157025347
93316,0.8217151469059443
93317,0.7956220278402979
93318,0.837787798956028
93319,0.8339809652210618
93320,0.8426832407977097
93321,0.8326755182037938
93322,0.7988152661552915
93323,0.8155113609371974
93324,0.8467847038536688
93325,0.7949911024616608
93326,0.8575123434466655
93327,0.85073871910599
93328,0.8776191591433344
93329,0.8247168886168376
93330,0.8407518792265685
93331,0.778623952630785
93332,0.81247396590917
93333,0.867969550136892
93334,0.8151801104895773
93335,0.8183649688153701
93336,0.8326562760086762
93337,0.8417734979326801
93338,0.771524243081801
93339,0.8697190713665737
93340,0.8131651224189024
93341,0.8251284758675521
93342,0.8318942357605023
93343,0.8386463888006701
93344,0.8391045938933774
93345,0.7983115480825005
93346,0.8856620257901024
93347,0.8330762260877848
93348,0.8149299630767246
93349,0.837810920449768
93350,0.8161756848530507
93351,0.858811102562047
93352,0.8279898322329361
93353,0.8670569057490104
93354,0.8232453307017644
93355,0.7959598674376133
93356,0.825893477104172
93357,0.8531512394969972
93358,0.8534100284645958
93359,0.8309165183185014
93360,0.8807581883900699
93361,0.8464729806471658
93362,0.9009950826885101
93363,0.8472783640118876
93364,0.8531995658641572
93365,0.8414077775897588
93366,0.7897044869909905
93367,0.7853451205563524
93368,0.8471911320424848
93369,0.8415302560258695
93370,0.8364009216986028
93371,0.784738417768932
93372,0.8128343179428337
93373,0.8802494716472934
93374,0.779445497780683
93375,0.7934604198912834
93376,0.8560502416161674
93377,0.8618349685219834
93378,0.7799939266296295
93379,0.8722982102078546
93380,0.8313308890993786
93381,0.8453612815885783
93382,0.8456871449059365
93383,0.8263280732017654
93384,0.8514248063932008
93385,0.776801350436165
93386,0.8441763713342179
93387,0.8164799824675841
93388,0.8762770324335717
93389,0.7859357256788109
93390,0.7875012105309938
93391,0.7168259863928962
93392,0.8395594112620229
93393,0.8315398359182095
93394,0.8094513720375247
93395,0.8429486882364461
93396,0.8201382141468045
93397,0.8595083764977762
93398,0.8206746393683497
93399,0.8635440862904488
93400,0.86044919600416
93401,0.8526452773557293
93402,0.8181095228369076
93403,0.8492050181523664
93404,0.792957413718317
93405,0.8521761393169397
93406,0.8649398439984806
93407,0.8103560270183591
93408,0.8842034762921696
93409,0.8107658484670404
93410,0.8585342731100647
93411,0.8854503618574783
93412,0.7894625144308715
93413,0.8387669388308369
93414,0.7903851095015033
93415,0.8110527047852473
93416,0.8586630623226894
93417,0.8645562865745416
93418,0.8208906997139558
93419,0.8313022885169515
93420,0.7778686366865933
93421,0.8317070945248211
93422,0.8660504189259113
93423,0.8610347819946434
93424,0.8335103161585332
93425,0.81666941808275
93426,0.8477177445749337
93427,0.7964393159613963
93428,0.8050274620431479
93429,0.8213959183625106
93430,0.8189856609478614
93431,0.8264625769044497
93432,0.8355859698060936
93433,0.8727497599060505
93434,0.801013638004359
93435,0.8780339470971805
93436,0.8450280580344611
93437,0.8647428578312127
93438,0.821365230790885
93439,0.8336624157877465
93440,0.8622112833127826
93441,0.8261979671464167
93442,0.8167640721503229
93443,0.8701846692361628
93444,0.8329124541712591
93445,0.8320518082851678
93446,0.8492082648926977
93447,0.8446086850207779
93448,0.8490111863741541
93449,0.8321385738130564
93450,0.7989631094767103
93451,0.8287389927919803
93452,0.842740996102554
93453,0.8345918766808801
93454,0.8469568931301021
93455,0.8079516270725181
93456,0.7933502464137775
93457,0.7562606101706413
93458,0.8277561439488063
93459,0.8496951609508906
93460,0.8084669694302895
93461,0.8577913460150641
93462,0.7947446050995485
93463,0.8258878873123657
93464,0.8193816161628689
93465,0.8121930523320986
93466,0.8386156470219797
93467,0.7606670491827927
93468,0.8567068830296506
93469,0.8378794708082884
93470,0.7876979492830919
93471,0.8100009863106357
93472,0.7926863090531415
93473,0.830092772797329
93474,0.8550804689572509
93475,0.8314912660491461
93476,0.8106405485516802
93477,0.8394273278792268
93478,0.8597498754347922
93479,0.7841113260701023
93480,0.8799598639046798
93481,0.8283623881495334
93482,0.8510049153386584
93483,0.847583335424977
93484,0.8475349262087333
93485,0.8183644163349669
93486,0.8614937724873373
93487,0.7996414380875763
93488,0.8042899317735088
93489,0.8235952224865315
93490,0.8742459634469952
93491,0.8215053014863211
93492,0.8266199718652026
93493,0.8260797738689569
93494,0.8434454472852806
93495,0.8096709847793051
93496,0.8146417560948991
93497,0.8814351341261233
93498,0.8036509500327222
93499,0.8855482424568089
93500,0.834692702874314
93501,0.8356896592822688
93502,0.8769420098537258
93503,0.8391356552793581
93504,0.7912717884203868
93505,0.8483651090757323
93506,0.7856757521082256
93507,0.7939102844311392
93508,0.8594204569383669
93509,0.8461909532344141
93510,0.800685791033096
93511,0.8347938252959677
93512,0.843635576441218
93513,0.8142354531927257
93514,0.8374559675890872
93515,0.8163463563290433
93516,0.8415116876070373
93517,0.7768778921501762
93518,0.7993454244636656
93519,0.8055495750136943
93520,0.8041533629809267
93521,0.8065424163321062
93522,0.8101396353371811
93523,0.819747185853958
93524,0.8179955231969172
93525,0.8884050545584204
93526,0.8650012694710013
93527,0.8480734877172622
93528,0.8466958127040471
93529,0.8474223681973452
93530,0.8278459327992562
93531,0.8681632537130333
93532,0.8336582102808888
93533,0.8340429865150255
93534,0.7959563278311164
93535,0.8323944770845075
93536,0.7891057761829693
93537,0.7796898845518544
93538,0.7682007145692217
93539,0.8471374873465091
93540,0.8283431526664788
93541,0.8443493767895948
93542,0.8263436192937222
93543,0.8530145670969258
93544,0.8903090775650374
93545,0.8399938211558542
93546,0.8020947759024082
93547,0.7802177442086718
93548,0.8200140069194386
93549,0.8701978839686607
93550,0.8645942299264593
93551,0.8234226234804654
93552,0.8758105018426053
93553,0.8581846917663327
93554,0.8896906470582191
93555,0.8078535496282032
93556,0.8040989063348248
93557,0.8323435308270443
93558,0.8131287462585439
93559,0.8017146009015073
93560,0.8297783541220647
93561,0.8147675074468012
93562,0.8550991453614383
93563,0.9323683329247152
93564,0.849851716770808
93565,0.8158107872566308
93566,0.8453739391701388
93567,0.8079541171219101
93568,0.827703492453326
93569,0.8755330318499244
93570,0.8249144721695599
93571,0.832690670639918
93572,0.7955263372291512
93573,0.8063152830292329
93574,0.8442533529552609
93575,0.8264527095805749
93576,0.821860467379304
93577,0.8197989630255145
93578,0.8527146532680097
93579,0.8375510376981045
93580,0.8494345131891724
93581,0.8550526350792897
93582,0.8443372403564793
93583,0.8813841573939135
93584,0.8329275626241667
93585,0.8162116730552437
93586,0.8100416758781037
93587,0.8224503186377962
93588,0.8239606457865329
93589,0.8384893720670761
93590,0.82260568336666
93591,0.821193425664386
93592,0.8497625493215004
93593,0.8375033964558475
93594,0.8436023712610328
93595,0.8314560074364059
93596,0.8355760797403123
93597,0.826751195226265
93598,0.7952761583451502
93599,0.8045749723398369
93600,0.8355186436663146
93601,0.8404795104461544
93602,0.8909959819077534
93603,0.7964952341597086
93604,0.8554466289307586
93605,0.8422060776572428
93606,0.8434693590295365
93607,0.8151321387964675
93608,0.8621531929925089
93609,0.8324954730290847
93610,0.8653988203770911
93611,0.7844970936979773
93612,0.8576281613969353
93613,0.8027415065471726
93614,0.7815562759181341
93615,0.8032711912185835
93616,0.8290937545153175
93617,0.8664567219727877
93618,0.8276847941143048
93619,0.8781185600730042
93620,0.8671939746395804
93621,0.8013621219945118
93622,0.8027261628837181
93623,0.8611937788174374
93624,0.8192896686422292
93625,0.8447762136488571
93626,0.8075465525239847
93627,0.8308235436470834
93628,0.8200521725784812
93629,0.8061112745559272
93630,0.831598027434352
93631,0.8865233447428874
93632,0.8247049635705602
93633,0.8126838393316119
93634,0.804447901053439
93635,0.8704507663674147
93636,0.8586909784732472
93637,0.8300364593224169
93638,0.8092974584369191
93639,0.8473047925538778
93640,0.7917854143066523
93641,0.768191138698851
93642,0.7889386513751144
93643,0.8344039027660999
93644,0.8502590629365782
93645,0.8826633593101088
93646,0.8179238841590184
93647,0.7831127964285263
93648,0.812993695162053
93649,0.8598969247292297
93650,0.8436623474767904
93651,0.8074107240886705
93652,0.8472290185219704
93653,0.8572436091915778
93654,0.8409267972114176
93655,0.801238212562154
93656,0.8347844899391259
93657,0.8259492940571087
93658,0.838135709916468
93659,0.8158104766089337
93660,0.7990658477711216
93661,0.8478259870612695
93662,0.8213172972514375
93663,0.8339460579103531
93664,0.8211862339065576
93665,0.8394661361169127
93666,0.8676198674988146
93667,0.8637843137627702
93668,0.808815030551555
93669,0.8306181493639122
93670,0.8510048850225789
93671,0.8017095858944795
93672,0.8632414933693627
93673,0.8653453949129226
93674,0.8667173121254517
93675,0.8086170126396635
93676,0.785166832517056
93677,0.8590195688176774
93678,0.8265872691101609
93679,0.8275260507828842
93680,0.8119862537863403
93681,0.8582407242700092
93682,0.8216893676583149
93683,0.7968076118777467
93684,0.8342427601054998
93685,0.8852055809241351
93686,0.8962539930091352
93687,0.8520834879517087
93688,0.8359740123878948
93689,0.794901265666012
93690,0.8412398018086127
93691,0.8516708159093588
93692,0.833490133677231
93693,0.8427264787086477
93694,0.8370101398915082
93695,0.8076319523507951
93696,0.8511651034010527
93697,0.8834957419775379
93698,0.8212598281623499
93699,0.8084209669127244
93700,0.8169271401232625
93701,0.8799972276471422
93702,0.8038554775288089
93703,0.7927747782696679
93704,0.8543555980587034
93705,0.8710964495119008
93706,0.8495371519265034
93707,0.8051480136732208
93708,0.8099305451216547
93709,0.8500725345177195
93710,0.8245483534709145
93711,0.8298067094818136
93712,0.8049051561373431
93713,0.806293187252343
93714,0.8181515104552759
93715,0.8608679236135748
93716,0.8557918019532688
93717,0.8032195136458399
93718,0.8140179115247418
93719,0.8210223478343415
93720,0.8750735227232571
93721,0.7830028750468608
93722,0.7940283807532811
93723,0.8499727028984498
93724,0.7418240927241877
93725,0.7911879745046688
93726,0.8035266356827212
93727,0.8367322714303203
93728,0.8620509113236783
93729,0.8408434071953842
93730,0.8393555819653802
93731,0.8571831780166378
93732,0.8610425153575182
93733,0.8291978968239502
93734,0.768541666291254
93735,0.8077770945764521
93736,0.8539424785392783
93737,0.8261162417258621
93738,0.8102374991797682
93739,0.8225147803393995
93740,0.8354992910831864
93741,0.8622599314475945
93742,0.807404668680217
93743,0.8250293294175582
93744,0.8012702931491831
93745,0.8570112652963516
93746,0.8237815619741816
93747,0.8204520670998299
93748,0.8756728145740904
93749,0.8447106769096451
93750,0.883442000523345
93751,0.7796394289324209
93752,0.8249168571912596
93753,0.776714212366046
93754,0.8223110891167406
93755,0.8079106893222235
93756,0.8635107431715159
93757,0.8118628732310269
93758,0.8588587816334421
93759,0.8554017527810474
93760,0.7704380104665716
93761,0.777327805285889
93762,0.8225370450414188
93763,0.8542841656754028
93764,0.8331219086345414
93765,0.8041497197272145
93766,0.8556245918072022
93767,0.882505202170067
93768,0.7981494340287554
93769,0.8700515815012662
93770,0.8052097945221194
93771,0.8374095342504678
93772,0.7834139638467796
93773,0.8506018662699418
93774,0.8367964262727254
93775,0.7911786654184064
93776,0.8143847289559435
93777,0.8458292814037677
93778,0.7995040784880683
93779,0.8358221431506887
93780,0.8413848003633723
93781,0.8161436544888255
93782,0.7897592552070727
93783,0.8936741828812922
93784,0.8434522877810643
93785,0.85984374206837
93786,0.8503597367956637
93787,0.8886444058527163
93788,0.8390378177467414
93789,0.8213966968365998
93790,0.8958720994645325
93791,0.8717518551013563
93792,0.8479240726977177
93793,0.794005003215046
93794,0.8510248566059393
93795,0.8149459438865055
93796,0.8547966988525706
93797,0.7941358540808672
93798,0.8223874746139332
93799,0.8283906699665803
93800,0.7649440935267631
93801,0.7906403567420346
93802,0.7583535709444146
93803,0.8566580105366511
93804,0.8432781254190101
93805,0.8710143089754417
93806,0.8102176866015857
93807,0.8187377248993231
93808,0.7843567699007193
93809,0.8285015107859907
93810,0.8543513988956084
93811,0.8358479606135856
93812,0.8068619772697581
93813,0.8361755751073818
93814,0.8686595380634983
93815,0.7880636871473277
93816,0.8492661369002058
93817,0.8087806356173746
93818,0.8281036492831245
93819,0.8289407771740719
93820,0.8111429845497399
93821,0.8635735338986146
93822,0.8070965841343016
93823,0.8342310210134657
93824,0.8241744460756781
93825,0.8313756624255029
93826,0.82071343712355
93827,0.8531314708145495
93828,0.8260021829526027
93829,0.8101177224708657
93830,0.7848403774438196
93831,0.8297963940612795
93832,0.8096192337516568
93833,0.8782474048662912
93834,0.8063713992032436
93835,0.8261306441278926
93836,0.8788404014202473
93837,0.8456785877326604
93838,0.7987967910159642
93839,0.7789165796751057
93840,0.8634151639135335
93841,0.8106775574564161
93842,0.7928087295987214
93843,0.8419056966689782
93844,0.8300216381687021
93845,0.8323120643178418
93846,0.8219687314866084
93847,0.8941112911380861
93848,0.8949294007649619
93849,0.8322697040826645
93850,0.8238885536012022
93851,0.8367336096957616
93852,0.8665878481681777
93853,0.8052073535054816
93854,0.8659120916997565
93855,0.7936998478703482
93856,0.82494077786715
93857,0.8568233689967075
93858,0.8340957313284582
93859,0.8040755176751405
93860,0.8428881004381188
93861,0.8929532147882426
93862,0.8311770845902134
93863,0.858861080591275
93864,0.8279415077672247
93865,0.8112506539422292
93866,0.8184975248881151
93867,0.827335163960115
93868,0.880072882758785
93869,0.7742227363195044
93870,0.8291624892732826
93871,0.8276417759198064
93872,0.7725385657158885
93873,0.8126828030323662
93874,0.8514599502429332
93875,0.817737397661862
93876,0.8259085636801645
93877,0.8085354900718442
93878,0.7784918816259817
93879,0.8484581746153252
93880,0.7769656729181375
93881,0.8615609688508958
93882,0.870479672496041
93883,0.8339272590796308
93884,0.8179257297461672
93885,0.8673530567003381
93886,0.7823100740916605
93887,0.8446725645671861
93888,0.8643690598542226
93889,0.8022951955287988
93890,0.8383156421692484
93891,0.828841364526253
93892,0.7953562622868973
93893,0.8433840189312473
93894,0.8071525493871078
93895,0.7956722828987806
93896,0.780317320084251
93897,0.8088756064716479
93898,0.8158851274551312
93899,0.8298619213593913
93900,0.8116460162429268
93901,0.87206812297517
93902,0.8601045241537842
93903,0.8291504785717926
93904,0.8035883903393102
93905,0.7914049896336647
93906,0.8136228701896789
93907,0.8766743391102594
93908,0.8408732725877247
93909,0.7533555107803651
93910,0.8193527697213793
93911,0.8145653798362837
93912,0.8160429084341714
93913,0.8677858799946329
93914,0.8368918337074842
93915,0.7839517700246069
93916,0.8389734522617759
93917,0.8334197952147774
93918,0.8401877545580521
93919,0.8910720460761629
93920,0.7883889919906706
93921,0.8354908175170723
93922,0.8330733251472464
93923,0.8594342212260745
93924,0.8339467546347581
93925,0.8694499196255954
93926,0.8283325555484219
93927,0.8637127244871207
93928,0.8145902447400176
93929,0.8049638833321794
93930,0.8170121440662855
93931,0.8402902817487414
93932,0.8918261223038795
93933,0.8399072069019122
93934,0.8266196934391993
93935,0.8775606268101224
93936,0.8657431874284255
93937,0.8233778266522812
93938,0.8490601213500681
93939,0.8250801582192849
93940,0.8545913736917624
93941,0.8481467003616326
93942,0.8412286850196438
93943,0.8005211739121555
93944,0.8345928644916562
93945,0.8606838738149405
93946,0.8181806689753413
93947,0.8422347303003015
93948,0.7867265017665385
93949,0.7696258533442564
93950,0.8283655768320982
93951,0.8306939690087741
93952,0.8690087997308604
93953,0.8168403019835279
93954,0.8298063952858279
93955,0.8381418253425538
93956,0.8238006313731728
93957,0.8096704941683068
93958,0.8345197521086541
93959,0.8832083145115593
93960,0.889197584680625
93961,0.8376187514021457
93962,0.8287515941608166
93963,0.8491298407186461
93964,0.8230883790086124
93965,0.8236448090971873
93966,0.824971154406734
93967,0.8661958841960609
93968,0.8086379275097927
93969,0.8541316640876201
93970,0.8326317305955578
93971,0.798346064103991
93972,0.8014650233456575
93973,0.7760850619418731
93974,0.8009182721761661
93975,0.83476901590466
93976,0.8117722482524882
93977,0.8054123854682576
93978,0.8242756421385498
93979,0.8760929703088097
93980,0.8631265872096487
93981,0.8349897527814876
93982,0.8117898667212841
93983,0.8730699599265864
93984,0.8066668676985385
93985,0.8702392092245897
93986,0.8048042487759628
93987,0.8686971931564045
93988,0.8574708092193173
93989,0.8717455777125261
93990,0.8417482300871786
93991,0.8013701835579048
93992,0.8317609184451897
93993,0.8501875228260427
93994,0.8249599407734566
93995,0.8934474522271066
93996,0.857765650451813
93997,0.8087939889896374
93998,0.8529725632146737
93999,0.8067389401711133
94000,1.0376608087196142
94001,1.0088785733152121
94002,1.0215535133783997
94003,0.987716530962527
94004,0.9623036153435276
94005,0.985697474200195
94006,0.9561648825916262
94007,0.9614763555198645
94008,0.9984657681593264
94009,0.9727789778563607
94010,0.908030404970153
94011,0.9479677027743224
94012,0.9231334614321425
94013,0.9032454690210261
94014,0.8704876064824667
94015,0.8839549667407732
94016,0.8479474517472857
94017,0.9047618814348821
94018,0.8742124050335747
94019,0.8693949038351223
94020,0.8355388865923874
94021,0.830585542811001
94022,0.8520459207412532
94023,0.8675739617349474
94024,0.8974571097228032
94025,0.807961734815566
94026,0.7964188427453319
94027,0.843337477474485
94028,0.8071372674363135
94029,0.8018298444389036
94030,0.7848477859336667
94031,0.7827924878168648
94032,0.7952703605801164
94033,0.76191159808837
94034,0.7137005411324965
94035,0.7533465205816307
94036,0.7252278204973618
94037,0.7535801536453149
94038,0.7149446130421414
94039,0.7956443885389678
94040,0.7463793381203591
94041,0.7076810242913287
94042,0.7013654152965537
94043,0.7037589177760212
94044,0.714228909600468
94045,0.6969117689866092
94046,0.755739794386723
94047,0.7169720843245572
94048,0.6092067648183817
94049,0.6984790107572464
94050,0.6656034421030216
94051,0.6418160598179442
94052,0.6729656550965597
94053,0.6272953666535193
94054,0.6640074845300663
94055,0.6143375074554052
94056,0.6882186430509577
94057,0.6597772838010617
94058,0.6344159180898219
94059,0.6378610451428632
94060,0.6558898531856875
94061,0.6460006812034468
94062,0.680093017016182
94063,0.6182401170941475
94064,0.593616950135205
94065,0.6355156314936806
94066,0.6408005362817191
94067,0.623370825894505
94068,0.6259447404771858
94069,0.6091921335821835
94070,0.6520831727647651
94071,0.5488438134842868
94072,0.5623384631420246
94073,0.6231419769365782
94074,0.5540668182126189
94075,0.575205669928551
94076,0.5799481823334208
94077,0.5917713136560625
94078,0.5590676887005457
94079,0.6320022841702965
94080,0.5754872295909774
94081,0.5737117714600535
94082,0.5927194679710943
94083,0.5493880062604554
94084,0.5908320651132578
94085,0.5990083202175895
94086,0.5389856693145246
94087,0.5334879556147418
94088,0.5256365524377765
94089,0.569796391524999
94090,0.5675928168532001
94091,0.6030677475766765
94092,0.5555181379708357
94093,0.5346078891014869
94094,0.47237881047407015
94095,0.5486870891621752
94096,0.5385772872527483
94097,0.5372940570030347
94098,0.5211387207385942
94099,0.534036716491673
94100,0.5114105668911422
94101,0.5344326897195453
94102,0.4963398549654178
94103,0.5088047127430111
94104,0.45167401957807085
94105,0.4917885622432809
94106,0.5064692820359105
94107,0.46724738862681825
94108,0.4273166748655094
94109,0.5226816570460122
94110,0.49005190092904777
94111,0.4583304825346616
94112,0.5574521535182954
94113,0.44963191486380955
94114,0.45796642377398256
94115,0.44421499569096967
94116,0.47051968819312673
94117,0.4754685305074622
94118,0.5046887839449434
94119,0.47686089559760064
94120,0.4982793195417175
94121,0.5173659360203857
94122,0.4534622583438711
94123,0.4179148993520402
94124,0.43935924180958863
94125,0.5080939032792434
94126,0.4975284309310168
94127,0.47505799677512184
94128,0.42442588884538135
94129,0.4321147788705039
94130,0.4576736896715047
94131,0.4566037130887149
94132,0.4343667216651476
94133,0.4221969424387477
94134,0.4186962585945098
94135,0.4450761230851248
94136,0.4747773722861962
94137,0.4041830586020931
94138,0.465009378089134
94139,0.4269303259667095
94140,0.4404187907105728
94141,0.4051036689882746
94142,0.44564719130460057
94143,0.464124499979457
94144,0.407864117403253
94145,0.41205908810303454
94146,0.4678330304157127
94147,0.4375696335744494
94148,0.47680658636131007
94149,0.3880641641895649
94150,0.4345047988379361
94151,0.4271219712601601
94152,0.4311067795436384
94153,0.4505147359082629
94154,0.41685917093298064
94155,0.4538842286630685
94156,0.44209551890896176
94157,0.39538474150939495
94158,0.37350454843461534
94159,0.39757678206901265
94160,0.4120240983822631
94161,0.43304671039204656
94162,0.4478935663174371
94163,0.41806226230668736
94164,0.4516165693769874
94165,0.38290315573955247
94166,0.4463695200020224
94167,0.4207461529292428
94168,0.41653201684689833
94169,0.4041764106384456
94170,0.3729945953093733
94171,0.3453422208378279
94172,0.35416156891411965
94173,0.4007807163108899
94174,0.44569487117398593
94175,0.3680302977991501
94176,0.3053416553623012
94177,0.4106107852266185
94178,0.4690499762216713
94179,0.46093144974342737
94180,0.4180647181063882
94181,0.384150556594044
94182,0.3597085352044178
94183,0.40031529348329675
94184,0.38112533721025
94185,0.399141602780852
94186,0.3265835572887312
94187,0.4018485017347816
94188,0.37577289329809505
94189,0.3839849889515676
94190,0.35265273934076224
94191,0.4421549056927098
94192,0.4000403984755143
94193,0.3910539552889263
94194,0.3944620261748814
94195,0.37693375807154844
94196,0.360828705120932
94197,0.4271047804605574
94198,0.39044810908451494
94199,0.3597105069630922
94200,0.36502787255780983
94201,0.41226480423517214
94202,0.37337516222123224
94203,0.4099284920055052
94204,0.3737645497360336
94205,0.3765778672334505
94206,0.3667329122949967
94207,0.37993962699656125
94208,0.37910636379667556
94209,0.4494051617562609
94210,0.3666134962636832
94211,0.3782434542593707
94212,0.35141816523943015
94213,0.40950391194588903
94214,0.36103173946503797
94215,0.4510999702341392
94216,0.3484129898582893
94217,0.34644563050941146
94218,0.391706269715433
94219,0.3635284904894444
94220,0.3418732956171129
94221,0.3410875775982104
94222,0.3354050844754672
94223,0.39048273450933263
94224,0.4010978044003276
94225,0.35899176551937895
94226,0.4027482395735861
94227,0.37314818219505025
94228,0.36265594709127663
94229,0.3575090160488043
94230,0.36176747917284113
94231,0.3689835638946743
94232,0.3760960218308899
94233,0.3877805803174363
94234,0.3552289611614995
94235,0.4530700558236314
94236,0.33018434242499806
94237,0.3233391640183474
94238,0.3391666252642375
94239,0.3896367901526504
94240,0.361989826375651
94241,0.38524140115337197
94242,0.3478605769753509
94243,0.3096099548182152
94244,0.3475447516770686
94245,0.3638536008232614
94246,0.3617037909636131
94247,0.3909316353449197
94248,0.35664647855809906
94249,0.39734110263841066
94250,0.3900972802840125
94251,0.3633786810927631
94252,0.33555579848784745
94253,0.36931753962241526
94254,0.39544707770891246
94255,0.4037611338633183
94256,0.36651247166175366
94257,0.3292026379520736
94258,0.37004880034042376
94259,0.3673575308108036
94260,0.31801321564773416
94261,0.32157834431215043
94262,0.32247145889288586
94263,0.35197977421081256
94264,0.369874550611805
94265,0.37648870848377813
94266,0.3685371999850366
94267,0.398060113334614
94268,0.3801153364204204
94269,0.37307865289687553
94270,0.33565858308109864
94271,0.2984176693863865
94272,0.37613609984408664
94273,0.3717863181067432
94274,0.3954095208171492
94275,0.31033175977078975
94276,0.37638521107131007
94277,0.3726997572476168
94278,0.3792959800867088
94279,0.4454697767566874
94280,0.32616423166641967
94281,0.29470628435313617
94282,0.3522300691550696
94283,0.35463774473753795
94284,0.3439256698832626
94285,0.31726602109763435
94286,0.3688775250033877
94287,0.375355154395111
94288,0.3624613287850998
94289,0.38058195960308905
94290,0.3602395425230295
94291,0.3404784943620089
94292,0.3544616579787411
94293,0.38100756840872285
94294,0.36886883321253267
94295,0.3868956311683039
94296,0.45433815537673394
94297,0.39480770495231493
94298,0.32248355388703037
94299,0.4015424122363678
94300,0.36942929764529303
94301,0.3659977948042883
94302,0.40237035592813764
94303,0.39616076190837957
94304,0.32704396585945894
94305,0.37726411644586805
94306,0.3434510817909868
94307,0.3456796489229893
94308,0.3717069627806097
94309,0.3553503535362165
94310,0.3687143806711144
94311,0.3225545189316745
94312,0.38666860365904665
94313,0.31755394664503817
94314,0.38863483576036884
94315,0.3896454784501599
94316,0.3945759929392777
94317,0.3594759773353644
94318,0.38285571499671395
94319,0.3855361887424102
94320,0.35459007119470065
94321,0.3941073198761203
94322,0.3409944301319425
94323,0.35784731923136587
94324,0.34147269064129876
94325,0.37374900189327565
94326,0.3432272237352343
94327,0.3943004208463837
94328,0.31145407847313816
94329,0.3526702702208772
94330,0.34364497440996494
94331,0.39345175060289095
94332,0.3733320731077474
94333,0.3966787909636041
94334,0.3676381982763831
94335,0.38847360217589577
94336,0.286806357353181
94337,0.38641793941299174
94338,0.3309910203377716
94339,0.34950507797252084
94340,0.2906970345559194
94341,0.38020864352441164
94342,0.355245847623871
94343,0.3349018681887537
94344,0.34382710949835416
94345,0.40248962487777545
94346,0.3592772378911255
94347,0.36238862985808123
94348,0.3721744488186344
94349,0.28764846245270365
94350,0.330232484143448
94351,0.3833757433299739
94352,0.3147981250933758
94353,0.36729635733824934
94354,0.33590518196482255
94355,0.29915665109835027
94356,0.34680711766244776
94357,0.3647679856473602
94358,0.3418629060313749
94359,0.34160317039908195
94360,0.34061259292336865
94361,0.3558683465602083
94362,0.37246947258780605
94363,0.35473743309988515
94364,0.36934168321647304
94365,0.37786124199786464
94366,0.37217473670871115
94367,0.37465668037781874
94368,0.3306337578570827
94369,0.39798262676678786
94370,0.3657693335235134
94371,0.31180086667054074
94372,0.31855588987923394
94373,0.3650769838227833
94374,0.37430995751523305
94375,0.37196810071673814
94376,0.33076202489763473
94377,0.3350949073424018
94378,0.37194167114894117
94379,0.30408739131947105
94380,0.4054610061290156
94381,0.3210359840522825
94382,0.2854359171716326
94383,0.32045030641452854
94384,0.3201099481366276
94385,0.2946389570024798
94386,0.33905470691237277
94387,0.28909545550524457
94388,0.3747752950005049
94389,0.36172585624560094
94390,0.317302563906619
94391,0.3616479085970983
94392,0.37120274724177355
94393,0.350651386668165
94394,0.40117734423965484
94395,0.39606198010845395
94396,0.36262348106747566
94397,0.329516025407898
94398,0.36351737819587915
94399,0.3770800469574536
94400,0.35451092862685163
94401,0.34401323174927256
94402,0.34014775190356294
94403,0.39619102464980904
94404,0.3591350081177326
94405,0.3534926238687334
94406,0.3604675902594648
94407,0.32234657269206757
94408,0.30129657541915883
94409,0.33754425225579454
94410,0.3818756642083098
94411,0.36605625266777186
94412,0.4291470468799531
94413,0.3213344782141854
94414,0.340351831169491
94415,0.32540779071166803
94416,0.3995279257521475
94417,0.37279927191879114
94418,0.40878540418621007
94419,0.3805583483412091
94420,0.3286908102584477
94421,0.30307247078995025
94422,0.3964649473970631
94423,0.3709590160847781
94424,0.40722736590662045
94425,0.34939941790980333
94426,0.3761363876930219
94427,0.3429937647224897
94428,0.3571046059128702
94429,0.4261453432178384
94430,0.3462202360387704
94431,0.3837533653751003
94432,0.38056305038786614
94433,0.3397411782143774
94434,0.36635274495680964
94435,0.3936455686656016
94436,0.36891373173319275
94437,0.3648753392854238
94438,0.37822535290776005
94439,0.34853753896972745
94440,0.36404639247104303
94441,0.361203472041661
94442,0.32916627009313915
94443,0.3827135238714071
94444,0.3648071221787819
94445,0.34065407414669985
94446,0.3540536980492275
94447,0.3405279281408033
94448,0.36272911893080184
94449,0.371832917010839
94450,0.3357482076531529
94451,0.3491538941084856
94452,0.3572876467475314
94453,0.3392032502929166
94454,0.37750288803434306
94455,0.3677942142161087
94456,0.36767828772984523
94457,0.35212621670349914
94458,0.3338592708326742
94459,0.335209448302853
94460,0.4182615809907692
94461,0.39630825639244804
94462,0.3946187590586814
94463,0.34629498038761825
94464,0.3907844228205198
94465,0.3308436411953937
94466,0.32546227174557296
94467,0.407942900243259
94468,0.3401217905813445
94469,0.40489752340415713
94470,0.34514679403667126
94471,0.3540044819796442
94472,0.36105177595663074
94473,0.36218538761036134
94474,0.34400170483516634
94475,0.3767604604462155
94476,0.3299681356259058
94477,0.32277831136580154
94478,0.3618036341973182
94479,0.33449649538335813
94480,0.37693393300530986
94481,0.38429725844168183
94482,0.3769477801450469
94483,0.3702701898013248
94484,0.35352033664395655
94485,0.29790976113586637
94486,0.37270749734181363
94487,0.33717581454789475
94488,0.33130572831507976
94489,0.39239020330774305
94490,0.36116053884699817
94491,0.3504866531832328
94492,0.35168199191486
94493,0.32644741981582437
94494,0.39095662425098665
94495,0.32804163040407724
94496,0.337584647376575
94497,0.30946047594309045
94498,0.35336149904819264
94499,0.30542315967067574
94500,0.36781594174882887
94501,0.32099606913089596
94502,0.3725417311256196
94503,0.2993584346632628
94504,0.3542747558060338
94505,0.36706143772773003
94506,0.3807421513028049
94507,0.3856919973293085
94508,0.4036325563103296
94509,0.313569392915906
94510,0.37834486352025043
94511,0.4019300091594187
94512,0.353146784096034
94513,0.3648700286606026
94514,0.3345230306214821
94515,0.39711481150199407
94516,0.3441634391471307
94517,0.32746086665263374
94518,0.3053217441269694
94519,0.33196835635194333
94520,0.31033405938100206
94521,0.34956681379210275
94522,0.36359015199388556
94523,0.2831121403697363
94524,0.3536018363954987
94525,0.35823511835073096
94526,0.4070717975100841
94527,0.3723104416837723
94528,0.3205507365661927
94529,0.31037202594056346
94530,0.34546994471817
94531,0.3220325250490294
94532,0.3641005852485123
94533,0.37937956707439846
94534,0.31541492989120246
94535,0.36212662475527957
94536,0.3442058623841442
94537,0.3407295106751434
94538,0.36358360131991213
94539,0.344851277808764
94540,0.38563292736665256
94541,0.28046233378109836
94542,0.4053675472141016
94543,0.3744712665883582
94544,0.38992673695326924
94545,0.3618957323563743
94546,0.28506346649788694
94547,0.3629104595867778
94548,0.3632899955080881
94549,0.3212993886294343
94550,0.32031242293790446
94551,0.3217968605291158
94552,0.40593633106286287
94553,0.3707036354539003
94554,0.36603827521321364
94555,0.34316790494088956
94556,0.3177957228676884
94557,0.389355927384695
94558,0.4081621563184185
94559,0.3698167828920807
94560,0.3733370636263992
94561,0.4059979207134722
94562,0.3980898325956685
94563,0.34734556659167154
94564,0.3418548324523227
94565,0.34746622598277405
94566,0.35870598117533525
94567,0.37188656060331066
94568,0.3486803968845379
94569,0.39950878176361454
94570,0.3351440062280221
94571,0.33985984291740756
94572,0.3015350923422473
94573,0.3564320929813099
94574,0.29807846100454943
94575,0.32400429721442126
94576,0.37285571461490463
94577,0.405484364960769
94578,0.30244910487774945
94579,0.35018606530471663
94580,0.3215371421687571
94581,0.35472326006179
94582,0.323615398789239
94583,0.4197225414579004
94584,0.3360767918619182
94585,0.3267778976037494
94586,0.3822949121401671
94587,0.3341544852951726
94588,0.30660275402197606
94589,0.3685713935778852
94590,0.30347601383112854
94591,0.3440935679974817
94592,0.2998322870716936
94593,0.38915401484198475
94594,0.3830807705392565
94595,0.33566398990994734
94596,0.3348579149382603
94597,0.32896241719528496
94598,0.3113554408418836
94599,0.4262795936198206
94600,0.3043510088375076
94601,0.35816203254311985
94602,0.4286884837039704
94603,0.34515483004882025
94604,0.45682064130746974
94605,0.3505888268212799
94606,0.3955408376820334
94607,0.37569340434402426
94608,0.3384365239137953
94609,0.3580521213937164
94610,0.328476279481306
94611,0.3338990330389758
94612,0.3714092240236267
94613,0.43467306997138944
94614,0.3427887388166337
94615,0.3561995048929528
94616,0.342038818670968
94617,0.3832513350780098
94618,0.3252673064139493
94619,0.3769185193293652
94620,0.31113858124182914
94621,0.3377364558964568
94622,0.3148445505246044
94623,0.34307031931205856
94624,0.34975569796273454
94625,0.3215647862657961
94626,0.34399714652710106
94627,0.2988472988816464
94628,0.3405767089638661
94629,0.37669582003009844
94630,0.3266494371469005
94631,0.37476827271838864
94632,0.456704729991134
94633,0.38780002394544466
94634,0.3540145544564689
94635,0.34580584509033957
94636,0.3664349722361756
94637,0.3344605888265952
94638,0.38810629668585617
94639,0.3373456751486068
94640,0.3842682267448866
94641,0.3411994258261343
94642,0.3751380572352332
94643,0.3539208874512297
94644,0.2935061958334307
94645,0.3598454404982223
94646,0.3381610549342966
94647,0.31192796839350284
94648,0.38645876922655753
94649,0.35560990130438624
94650,0.4001321194316495
94651,0.39033351365412144
94652,0.3614283220363631
94653,0.3676192155636645
94654,0.3646308443506354
94655,0.31246118085087443
94656,0.352922877188729
94657,0.36070000756589116
94658,0.38646053155054
94659,0.34111186929879483
94660,0.3540857803300904
94661,0.3432864419972543
94662,0.35181572513662923
94663,0.3672696008537519
94664,0.36905921502238365
94665,0.34469178719935056
94666,0.36288600147454536
94667,0.3564131498166609
94668,0.3523933641394729
94669,0.3392062194736922
94670,0.38997503514155796
94671,0.3305333312915756
94672,0.3653396928353263
94673,0.3279426845367707
94674,0.39313342521146066
94675,0.32419220645866387
94676,0.34548957648383904
94677,0.3403334541136839
94678,0.3437534961819551
94679,0.36172732569585037
94680,0.3167838214648586
94681,0.339447952212399
94682,0.340289666192163
94683,0.3818037348035794
94684,0.40182322606088416
94685,0.37456637121639286
94686,0.376977542487201
94687,0.3140300508955618
94688,0.3348644746641809
94689,0.3772958500900645
94690,0.3711989600517184
94691,0.35141851345660446
94692,0.34766767587072245
94693,0.29025919559706165
94694,0.3854628749050456
94695,0.3442797821549878
94696,0.33779824133347275
94697,0.310835832647412
94698,0.3986440922558077
94699,0.3341334827635475
94700,0.38372442554801034
94701,0.329096045407715
94702,0.3365691283120095
94703,0.3319441018171317
94704,0.3298413395175895
94705,0.3616256334486076
94706,0.3487612709285607
94707,0.3541949439491458
94708,0.37489979839640863
94709,0.38438165648656797
94710,0.3328306641335865
94711,0.365603901888188
94712,0.3976857867604829
94713,0.33251270956085194
94714,0.2944154213100989
94715,0.35978655333610793
94716,0.3330111452472003
94717,0.37047432334361846
94718,0.35419704764258464
94719,0.3173480611402094
94720,0.34657001959017253
94721,0.3023316671180847
94722,0.3179907525582375
94723,0.34749747368351164
94724,0.28645125865868676
94725,0.3144722060044577
94726,0.34605479938256306
94727,0.3819381402538582
94728,0.38157955029118173
94729,0.3671911328161254
94730,0.33147631751288936
94731,0.39753619561799075
94732,0.39271383288250344
94733,0.3412312714186344
94734,0.3859713609664598
94735,0.3713662880391403
94736,0.3451334721980107
94737,0.414252124342109
94738,0.35694975052945144
94739,0.37468655250049643
94740,0.373236770181068
94741,0.3651385664692481
94742,0.35851069859381895
94743,0.3949950389524829
94744,0.357432878647598
94745,0.3896433987854814
94746,0.3552968180115697
94747,0.35064119217888556
94748,0.3611302278850378
94749,0.3417393683772105
94750,0.3269825298655188
94751,0.3517037555195135
94752,0.30836916924691465
94753,0.34668779782385417
94754,0.36718486658292604
94755,0.3370693917961475
94756,0.35423850413686964
94757,0.39894018818240523
94758,0.3468590717744615
94759,0.3891631482830216
94760,0.3881462259805795
94761,0.3470596553382173
94762,0.34917886402440973
94763,0.3752112894589748
94764,0.3513852437023855
94765,0.34943506412779096
94766,0.40030692249863437
94767,0.38612451951552845
94768,0.3189321962917288
94769,0.3453989625256301
94770,0.3946786801652117
94771,0.3329257607448073
94772,0.3650583921988642
94773,0.33049660620525184
94774,0.38895066242457155
94775,0.37882862955010665
94776,0.34903662005196867
94777,0.3864235099873574
94778,0.38347571889469173
94779,0.36298944415439893
94780,0.36172002963131605
94781,0.3809960406401796
94782,0.39821599727920753
94783,0.3128695748259828
94784,0.3836941803400395
94785,0.3523548255842869
94786,0.37183856943248134
94787,0.3167986735687791
94788,0.3577846988142608
94789,0.3711791144910208
94790,0.4157223572034913
94791,0.3380174460574799
94792,0.33826345906457994
94793,0.3181663976318372
94794,0.3391475882222667
94795,0.3798286491725391
94796,0.443556883207754
94797,0.3949401374185725
94798,0.34203750074348155
94799,0.38878089900053037
94800,0.37631236333552404
94801,0.39587478722291247
94802,0.37865504800247635
94803,0.349614228935592
94804,0.32025374745226526
94805,0.34976300784804143
94806,0.36400726058286675
94807,0.3222744809941662
94808,0.3695037844594747
94809,0.3138712339213175
94810,0.3442915555915257
94811,0.35031486409822526
94812,0.32581898473504395
94813,0.34355075625621767
94814,0.34839214621390524
94815,0.3493146161532585
94816,0.3680431022070861
94817,0.29214278247336745
94818,0.35169757029891663
94819,0.347473141269795
94820,0.37855716546118623
94821,0.33363212015426236
94822,0.3207333027787357
94823,0.3388019130230513
94824,0.3502134562747175
94825,0.3393209288294096
94826,0.36549088218378406
94827,0.33776848740291693
94828,0.36418656962740115
94829,0.3581964284197256
94830,0.34418420765793833
94831,0.28883607038712955
94832,0.3298960642794712
94833,0.3227461382649975
94834,0.3706999744176014
94835,0.3660607470237171
94836,0.30132372738673885
94837,0.327116699900529
94838,0.34271364573505275
94839,0.29514797167309936
94840,0.32749351202361787
94841,0.3135046997501332
94842,0.3309805642264419
94843,0.4181318153170862
94844,0.33765390188656796
94845,0.40564301092890087
94846,0.3362422227140906
94847,0.26488020310600885
94848,0.30371301800746053
94849,0.3159540290330568
94850,0.34511004003523815
94851,0.35735999402500684
94852,0.3138599307241229
94853,0.3243880449473109
94854,0.34193626610200906
94855,0.386639160790099
94856,0.41016842845122714
94857,0.38092957390284177
94858,0.3719221627924722
94859,0.39865254572089237
94860,0.364703112030066
94861,0.3745207369782284
94862,0.3097655858733556
94863,0.40122207820349964
94864,0.39975044263814563
94865,0.3578171293512103
94866,0.34889273034652923
94867,0.3404477884790253
94868,0.33160626488329425
94869,0.3884383999868026
94870,0.35680256613563593
94871,0.3440797319965837
94872,0.35986488894446356
94873,0.3877930394168827
94874,0.3719253355813562
94875,0.3621599849213226
94876,0.28017210764516287
94877,0.2964139812748008
94878,0.42028964221769916
94879,0.38777463320341155
94880,0.3792825581536659
94881,0.39193127837593505
94882,0.32520119771356604
94883,0.3454658404569955
94884,0.36028701710485667
94885,0.33056115272149467
94886,0.3883954741414464
94887,0.3412320818570889
94888,0.3746363424594468
94889,0.3247259084102034
94890,0.37269311296792423
94891,0.30146498276190326
94892,0.3196458645266915
94893,0.358787232368878
94894,0.35718282831069126
94895,0.33749759099421595
94896,0.3802526290090372
94897,0.3098320407350411
94898,0.3145462332118188
94899,0.3156023251971557
94900,0.3329220467158878
94901,0.3147871401534686
94902,0.3419668529850455
94903,0.37511037237480394
94904,0.3558626986858298
94905,0.3584523161966504
94906,0.3129942496257878
94907,0.35884976183420036
94908,0.2964136301458623
94909,0.30859068732927664
94910,0.3438945468547349
94911,0.3514418095453736
94912,0.3789530001149559
94913,0.34380898628084955
94914,0.3929275839375969
94915,0.34664754208276427
94916,0.34589267665134726
94917,0.30877285200597054
94918,0.32254166747014423
94919,0.3193402441732675
94920,0.36392405246903364
94921,0.36767535337508667
94922,0.39137302914583516
94923,0.3202952731287519
94924,0.37133120217509474
94925,0.4024923730187786
94926,0.3524392120296257
94927,0.3361344188321968
94928,0.36310363778075805
94929,0.36777268333127217
94930,0.33870142599789266
94931,0.3619748681688617
94932,0.3377566164017056
94933,0.3767769979410087
94934,0.3669508662231439
94935,0.37167008207673835
94936,0.3261149131555692
94937,0.32049248503784705
94938,0.42469716198576224
94939,0.3990173306677669
94940,0.3377029738542239
94941,0.3383762799702483
94942,0.3796339423027042
94943,0.36879251124132695
94944,0.3674001413323869
94945,0.33880698952022736
94946,0.3479314448040575
94947,0.3234602614668074
94948,0.3389818412963514
94949,0.3753834606355111
94950,0.3463664700240656
94951,0.4114829146663722
94952,0.370194029857545
94953,0.3455948561168531
94954,0.3754691601214031
94955,0.3615976576071498
94956,0.31934920085746055
94957,0.34235912661378287
94958,0.30884079374745343
94959,0.34745501220675606
94960,0.3644362916390061
94961,0.38260196185763856
94962,0.3619083776566897
94963,0.37249596682376024
94964,0.385063871926708
94965,0.3565993657801969
94966,0.332049820848757
94967,0.34134409965513746
94968,0.30953202441776806
94969,0.31561861446559575
94970,0.3475213573113811
94971,0.4167358267125685
94972,0.3367527662727531
94973,0.36450628727770185
94974,0.293466719028905
94975,0.3407143777297779
94976,0.37728722812000953
94977,0.3810490473577752
94978,0.37031282339691945
94979,0.36867134757464826
94980,0.36233108823696814
94981,0.3866919869423753
94982,0.37633435544385146
94983,0.3520230073004571
94984,0.3483570642130149
94985,0.3483629412464861
94986,0.28946361912184515
94987,0.3339568081567976
94988,0.3737670732527687
94989,0.36066657226505405
94990,0.34859637094522583
94991,0.333119384838249
94992,0.33915014387456227
94993,0.3805186857424825
94994,0.3735967028546463
94995,0.40356157582481683
94996,0.3922241299054883
94997,0.3551798783520333
94998,0.4014658243102418
94999,0.32015019709729453
95000,0.4117032228509869
95001,0.34894003921525535
95002,0.35195267723551127
95003,0.3474234391474421
95004,0.3206522683114271
95005,0.36985835296381114
95006,0.41810661010834516
95007,0.32573162896252084
95008,0.3586999511424918
95009,0.38583457993002573
95010,0.33336095544337674
95011,0.36697143601301585
95012,0.35059056812748446
95013,0.35351658426400506
95014,0.3247111137800818
95015,0.41952738023139285
95016,0.35374372753569455
95017,0.29667253254200887
95018,0.3507682319262572
95019,0.36576914089240803
95020,0.32418553055247684
95021,0.4151740980179034
95022,0.3678413027307733
95023,0.351209654547594
95024,0.3390006151879312
95025,0.3464563273706246
95026,0.38733504220339915
95027,0.3382896581180741
95028,0.33854686338872897
95029,0.3115368705799093
95030,0.3702240239223505
95031,0.31667150651753495
95032,0.33842317850478587
95033,0.3228052080528569
95034,0.33541747074067335
95035,0.4254991970713653
95036,0.3563884973076239
95037,0.353025720727145
95038,0.3529839722358805
95039,0.38680479758949193
95040,0.3797620351325231
95041,0.35124345236754684
95042,0.29621365413319745
95043,0.35062956080520447
95044,0.3517617689134916
95045,0.3391997746885145
95046,0.3724297143961973
95047,0.3897956982203889
95048,0.32945980081162335
95049,0.3418156072932514
95050,0.3819867139429461
95051,0.3541212524775366
95052,0.36160354979255566
95053,0.3445481660528581
95054,0.32593342953991145
95055,0.32268749863023427
95056,0.3598564947013725
95057,0.4258473435752375
95058,0.3710884227999964
95059,0.32485510596906786
95060,0.303991344944826
95061,0.3655200592407961
95062,0.37656017076272336
95063,0.3078685512055329
95064,0.37383289917579543
95065,0.34985455831643986
95066,0.33468007102320213
95067,0.3420983645308869
95068,0.4131248032348497
95069,0.3367541307618123
95070,0.3205654488966184
95071,0.40295346982213615
95072,0.36563593645632275
95073,0.34577843573500333
95074,0.39524398911445763
95075,0.39939382416420494
95076,0.294003220056976
95077,0.4086861664632443
95078,0.2785339487594871
95079,0.32347725458426785
95080,0.31330847852786253
95081,0.3476138177446012
95082,0.3350733439730554
95083,0.3475699199930445
95084,0.34349588113411667
95085,0.35615030473697257
95086,0.3480534064334659
95087,0.3309799918586169
95088,0.413143547178731
95089,0.35247773235074875
95090,0.34011120327413497
95091,0.3700318094030782
95092,0.3576563419334565
95093,0.35309856938343914
95094,0.374412853695186
95095,0.3502837019844285
95096,0.34683069564929125
95097,0.3282449492872251
95098,0.35338963407593743
95099,0.3551558000551125
95100,0.3595017976891287
95101,0.36831511137782114
95102,0.32905478242130803
95103,0.31040928502929854
95104,0.3167889024444346
95105,0.3551352977983137
95106,0.35348802058073175
95107,0.3829581681823366
95108,0.38661160985769055
95109,0.32780337533173204
95110,0.4363236662547946
95111,0.4149745946592538
95112,0.3572154140524933
95113,0.32547437111329763
95114,0.3335673467209781
95115,0.31148805622010095
95116,0.34138187890066507
95117,0.35170714934780334
95118,0.34591250680899266
95119,0.33005232736312423
95120,0.3236000127980774
95121,0.33127404131300225
95122,0.291668882795231
95123,0.3942581702706901
95124,0.38445481553946503
95125,0.3597221346052653
95126,0.3227473465603984
95127,0.3512629546294793
95128,0.3033333487130784
95129,0.30091025339008337
95130,0.33942557581003097
95131,0.33472885167162314
95132,0.38019006999416793
95133,0.31092556717305564
95134,0.36224505728009704
95135,0.3835261807123927
95136,0.34370616640529916
95137,0.3462284042611648
95138,0.3486588470924901
95139,0.3886998006414912
95140,0.34688883758905764
95141,0.4135167205033088
95142,0.3508037746395526
95143,0.3245789062103667
95144,0.369599727596505
95145,0.31496579156525517
95146,0.3588952893194663
95147,0.37239855431208485
95148,0.3732449371951792
95149,0.36658695696003063
95150,0.36439518453445974
95151,0.32696008721003766
95152,0.36987015902416637
95153,0.3590121190874231
95154,0.33852239820490093
95155,0.3365499721494048
95156,0.4000454577940297
95157,0.3666091750072578
95158,0.3601001876333069
95159,0.42909349751140513
95160,0.3382448351024902
95161,0.3493551941293123
95162,0.3957115503261121
95163,0.2933176384873353
95164,0.36136980856552336
95165,0.3755384743525244
95166,0.329639337981737
95167,0.38352137296417343
95168,0.3344168897552003
95169,0.38555138713753945
95170,0.27368186442057446
95171,0.4038572156894959
95172,0.35004656101118814
95173,0.33340730063038754
95174,0.3753333752198654
95175,0.36364836866970207
95176,0.38015693384727567
95177,0.33909810152123443
95178,0.36219166287523596
95179,0.3364896563683477
95180,0.36688845033111617
95181,0.40941511385042284
95182,0.36735592701772524
95183,0.34809812447540883
95184,0.34632700773552594
95185,0.374177965418927
95186,0.3987286917022408
95187,0.338784075222615
95188,0.3641706358288224
95189,0.3419370902940157
95190,0.37664186902334196
95191,0.4085240426573922
95192,0.35112251018703344
95193,0.33811199030493316
95194,0.33075348352501077
95195,0.38096062642046025
95196,0.38691768926680425
95197,0.43798029053438964
95198,0.2854447177477669
95199,0.370093298735837
95200,0.35718427572241934
95201,0.38270150514847323
95202,0.3519879643268833
95203,0.32195901302611385
95204,0.35767741272914544
95205,0.36460537233029905
95206,0.3236661949606842
95207,0.3589110453344834
95208,0.2949902254494318
95209,0.3946168293483601
95210,0.38026238673654456
95211,0.33594726691496263
95212,0.3414360453734026
95213,0.3540112824790331
95214,0.34294092953895894
95215,0.3510668757357141
95216,0.2988410684744059
95217,0.3163767354311744
95218,0.35610924718886316
95219,0.30713265754064223
95220,0.32495979649195517
95221,0.3975020936561413
95222,0.3260645876824785
95223,0.330334136070866
95224,0.377084813297027
95225,0.3451961752999341
95226,0.3861270111084685
95227,0.35451399010044427
95228,0.3364979134510955
95229,0.3297652323288825
95230,0.398268035373442
95231,0.3751935005120381
95232,0.35958447423487716
95233,0.33871419385908014
95234,0.310038180114878
95235,0.3759422871175842
95236,0.3745264099326144
95237,0.3521491319737426
95238,0.31086766873342103
95239,0.37736834647477757
95240,0.35915831188698444
95241,0.3315439272375285
95242,0.3246912392004296
95243,0.3046370307982039
95244,0.35253486109842336
95245,0.3705925180645398
95246,0.38947569548305044
95247,0.33321019594878026
95248,0.32150087235022007
95249,0.29124863375243254
95250,0.3718709619303983
95251,0.40300571927659823
95252,0.36638395354881176
95253,0.38498053618605105
95254,0.31653645159172566
95255,0.2845362000872231
95256,0.32707997113295695
95257,0.29139085580922536
95258,0.30556524583580125
95259,0.3408808506834889
95260,0.37278157127531486
95261,0.4074826372801255
95262,0.3297019419039989
95263,0.3502631462643026
95264,0.33029132844268483
95265,0.37381886727744396
95266,0.36807566546169446
95267,0.3022284613463606
95268,0.37318824828978486
95269,0.3967353745049925
95270,0.35569363414738525
95271,0.3573195041424399
95272,0.31211089879303944
95273,0.320179980514507
95274,0.388652243690621
95275,0.382759274915668
95276,0.37176840614504536
95277,0.3582309803104621
95278,0.3291982917499263
95279,0.3578645441359682
95280,0.3472303305708105
95281,0.37754456296737926
95282,0.3608938344930094
95283,0.36133141676311364
95284,0.34724283271643386
95285,0.3288522457514387
95286,0.3377472421017279
95287,0.3631770272643913
95288,0.3473735209350981
95289,0.36045746389562333
95290,0.4027043509681907
95291,0.3641234217781084
95292,0.35280566332968255
95293,0.3426461745829927
95294,0.4086069617306154
95295,0.37541408907066304
95296,0.3625722201725644
95297,0.31152747905495015
95298,0.40392069904439426
95299,0.4051766237703047
95300,0.37471967691323427
95301,0.3091017516077767
95302,0.35379804802493875
95303,0.3716522243095673
95304,0.3008552621542694
95305,0.3054617052230292
95306,0.36741159707459614
95307,0.28981785139263455
95308,0.3547092185073697
95309,0.33425264518713677
95310,0.3265290334116214
95311,0.3299719196065362
95312,0.3806141700947059
95313,0.31211939965549756
95314,0.3349741404621368
95315,0.35633501480069346
95316,0.3914551884982301
95317,0.31962342330588406
95318,0.35780925321085333
95319,0.3063965312149637
95320,0.3335658839013315
95321,0.3454035143711106
95322,0.3304618012135301
95323,0.3475516623476016
95324,0.406850270139244
95325,0.3569492812614281
95326,0.30075127860438794
95327,0.39396392699584587
95328,0.3905671492498544
95329,0.3658887017644443
95330,0.39303832157394264
95331,0.3279405838148394
95332,0.38893185934084673
95333,0.366846864728428
95334,0.3098564050611517
95335,0.28597828437276773
95336,0.3537608931769747
95337,0.35135910716354396
95338,0.35432932729461586
95339,0.37166503340200124
95340,0.331786089090383
95341,0.34615650483482935
95342,0.3388766269130278
95343,0.3746142503934835
95344,0.40633205622302776
95345,0.3349434492935032
95346,0.3572608531943649
95347,0.30063871740099
95348,0.3188419722487964
95349,0.36558614721227634
95350,0.36418264873226003
95351,0.28842370543022944
95352,0.30854066084753745
95353,0.3399596085360219
95354,0.31250595200067977
95355,0.3461696856826652
95356,0.29034504963370317
95357,0.3727585637920102
95358,0.36363539083959706
95359,0.38646252500333506
95360,0.3107272013958454
95361,0.36987033527482943
95362,0.35410100234577524
95363,0.36637763945573604
95364,0.3275191869178614
95365,0.29081141667288735
95366,0.3344794907550296
95367,0.2590309211213026
95368,0.38610386716565986
95369,0.3722891973571002
95370,0.3517542624592244
95371,0.30910025590982043
95372,0.3772855881998458
95373,0.32826087832251893
95374,0.29504270041708347
95375,0.4350962019936515
95376,0.32232105800220623
95377,0.3715150001922239
95378,0.3341950076267063
95379,0.3338304437063471
95380,0.36551650708287103
95381,0.32998380149595463
95382,0.3078973378005375
95383,0.3216316997496612
95384,0.3312074242798133
95385,0.35844257321431855
95386,0.31657713828039685
95387,0.36670557712710933
95388,0.29097627212307914
95389,0.4079167787904855
95390,0.33386052987938825
95391,0.3135259007988624
95392,0.3550657831373767
95393,0.35590034856864483
95394,0.31463630849176283
95395,0.3294246012685792
95396,0.33952716733039123
95397,0.3435297886898821
95398,0.3712358064303306
95399,0.3462919021276236
95400,0.3302111855559772
95401,0.3614229963083173
95402,0.36270792347336017
95403,0.3286213046087623
95404,0.2895457441886498
95405,0.34578233435771444
95406,0.38385045411837715
95407,0.33109183127059677
95408,0.36799725785639215
95409,0.36855604139409387
95410,0.3427213139435379
95411,0.3460510258214021
95412,0.3716089366615314
95413,0.3236024250022232
95414,0.32913806487177943
95415,0.38896019963341455
95416,0.3642963742504755
95417,0.3379323257375096
95418,0.4145779230117854
95419,0.32652482080256207
95420,0.3637148891978531
95421,0.3277826919018714
95422,0.33955855753912445
95423,0.377024459740959
95424,0.370294844583656
95425,0.33746459179366683
95426,0.38825361284610854
95427,0.362338994158853
95428,0.3252192712719308
95429,0.3129992584972065
95430,0.3572103780188083
95431,0.3523710221186788
95432,0.3482803396981274
95433,0.34180265345017863
95434,0.32961712855381153
95435,0.34700440536172644
95436,0.3109129888232154
95437,0.3628889173712325
95438,0.35901754613630416
95439,0.34253044197016286
95440,0.3380382177400391
95441,0.3562995260530109
95442,0.34114942098535855
95443,0.3659035032357687
95444,0.3311315652298194
95445,0.3180308862109562
95446,0.2978940771679239
95447,0.37350407001973834
95448,0.36338015430272574
95449,0.3617188636258347
95450,0.364262195449094
95451,0.3436057425892859
95452,0.3726388480572667
95453,0.332053116258652
95454,0.32274550534610535
95455,0.36922793963942535
95456,0.31789857009791567
95457,0.4084477434160133
95458,0.4050490948588853
95459,0.32065354046028416
95460,0.3728139084318647
95461,0.3427572668830047
95462,0.39270487676541593
95463,0.3537152799523038
95464,0.3444591096553998
95465,0.3446811314415389
95466,0.36460282101653163
95467,0.30941146341282616
95468,0.3847486854272858
95469,0.37114146064787473
95470,0.3682719337301204
95471,0.3449790798835348
95472,0.37496765620386435
95473,0.3984460639869983
95474,0.296048009400767
95475,0.28949021393988295
95476,0.3364363206493732
95477,0.3054878578614794
95478,0.31942699319346207
95479,0.29018013403183285
95480,0.388091595763466
95481,0.3470611626951587
95482,0.3428773005533181
95483,0.361844356166701
95484,0.3365841961254113
95485,0.35728057059464585
95486,0.3428640376792856
95487,0.37074720839064373
95488,0.3462574637394711
95489,0.3855649786359433
95490,0.2901105386852935
95491,0.3425902276838461
95492,0.3646934260568187
95493,0.3499832182852579
95494,0.3499383635167534
95495,0.2919359528994735
95496,0.3711957098004557
95497,0.2849708423729171
95498,0.3160054456701026
95499,0.31864835545093784
95500,0.32226959149165807
95501,0.3686154834926303
95502,0.3470267604924579
95503,0.3506126087606926
95504,0.3577700762281272
95505,0.3743290315164105
95506,0.3004429357673454
95507,0.33109171918830915
95508,0.36264668655151955
95509,0.37398516726646525
95510,0.3613783180064426
95511,0.32811030531330443
95512,0.3606720267956191
95513,0.3732401604049718
95514,0.33500874092444066
95515,0.38192298831211613
95516,0.31711462885849306
95517,0.3758548162146953
95518,0.32653740750618715
95519,0.37443084936282434
95520,0.3032111978237684
95521,0.3309550820831512
95522,0.34124056020028903
95523,0.3364278011187183
95524,0.34515589825764675
95525,0.33893345002922415
95526,0.3498612596857665
95527,0.3258626187515339
95528,0.3541195580801851
95529,0.3138980998564192
95530,0.3471734796537382
95531,0.3437584441654152
95532,0.3444923074268036
95533,0.389080450722022
95534,0.29149237573322406
95535,0.36055532859249834
95536,0.35229348344085804
95537,0.35508786450353774
95538,0.3214833079485507
95539,0.34614928262407724
95540,0.3477549652330034
95541,0.39358546292806573
95542,0.3473473129097078
95543,0.31914472693372786
95544,0.36084422424115187
95545,0.32059996342313
95546,0.3546009106698432
95547,0.3187803597374906
95548,0.3592854645152575
95549,0.30085434427578295
95550,0.36069221332680906
95551,0.290428591681624
95552,0.33674462245105585
95553,0.3733270101262837
95554,0.35886335576206396
95555,0.3463517187698902
95556,0.38120106402452814
95557,0.3666588790301701
95558,0.3705186839094082
95559,0.3311147003772514
95560,0.35751104278348034
95561,0.36914282439770707
95562,0.3690706544863294
95563,0.312886842343993
95564,0.3608434564839021
95565,0.37622602458759646
95566,0.3624981509296981
95567,0.35592878594269917
95568,0.40925183249794483
95569,0.34312694467795307
95570,0.3355896949235484
95571,0.32842863548510753
95572,0.3332068221283756
95573,0.3318259996961383
95574,0.3680434909705207
95575,0.3113292896610068
95576,0.37131573129905465
95577,0.3220784729397747
95578,0.3050423500069904
95579,0.35880759814376156
95580,0.3375510593299871
95581,0.3261314726257064
95582,0.3428803507640031
95583,0.3757230366266501
95584,0.32586976227208186
95585,0.37227476380200863
95586,0.3568712721857124
95587,0.3629866122919908
95588,0.409826754076764
95589,0.3381207089464603
95590,0.37020953981040294
95591,0.30068927196500594
95592,0.39032721292607697
95593,0.34296595865149915
95594,0.3926800760491512
95595,0.40062778925199327
95596,0.34133905459180636
95597,0.3388265647455498
95598,0.3019160606810099
95599,0.37954793929849545
95600,0.36546154385026464
95601,0.3194549505393351
95602,0.3632703463254295
95603,0.36626379839160383
95604,0.39531204888573684
95605,0.28346803033767587
95606,0.3524594115848102
95607,0.3705792347157242
95608,0.3494693534269309
95609,0.36078755759752706
95610,0.3260482657458229
95611,0.3487251391001165
95612,0.33735249902887604
95613,0.3949787427627681
95614,0.36843429425703406
95615,0.30295264418500834
95616,0.3487943158723794
95617,0.3495241458820361
95618,0.33144484109485794
95619,0.3847591718674985
95620,0.3580500918214359
95621,0.3563814329978783
95622,0.32011969487728803
95623,0.34024202829112327
95624,0.31472354511898126
95625,0.3203651275896863
95626,0.35943426669561007
95627,0.3429601861770198
95628,0.4025790706142806
95629,0.38010140108351437
95630,0.33884193130883133
95631,0.38607192414927555
95632,0.31874976874269456
95633,0.2930035912251134
95634,0.32301324252373104
95635,0.3543956558378598
95636,0.3510145370799739
95637,0.36575665474120944
95638,0.33470517032746255
95639,0.3211216662899217
95640,0.381201037864088
95641,0.3916491669308533
95642,0.3462322468264315
95643,0.39353036195710767
95644,0.34741381957851214
95645,0.39418326480383087
95646,0.32810842113061506
95647,0.34250002898237103
95648,0.3445289790052374
95649,0.30909362470992635
95650,0.3196625984540189
95651,0.3448248963934286
95652,0.333140417282598
95653,0.36886737798876923
95654,0.43826945416382435
95655,0.38128393859434584
95656,0.40450310857562083
95657,0.3943249994831052
95658,0.3776333098745904
95659,0.4161087279136033
95660,0.3274289201890825
95661,0.3487254678541198
95662,0.3817399464272401
95663,0.34441782347843547
95664,0.30627435614999676
95665,0.3526391655922616
95666,0.3093754492011034
95667,0.3173650026688758
95668,0.3472668020689941
95669,0.3374662520034203
95670,0.3212458781897937
95671,0.32599501321993274
95672,0.4176726418635031
95673,0.33484441070149573
95674,0.36981218433045293
95675,0.300545215274609
95676,0.32274892823949775
95677,0.3565855979201088
95678,0.3633856081202024
95679,0.3745435218467021
95680,0.41540550808191706
95681,0.32961265831009173
95682,0.3805477561499629
95683,0.37072398241492044
95684,0.36198812438021327
95685,0.26162352656469195
95686,0.33677333558374867
95687,0.3260489288982832
95688,0.3379313771797162
95689,0.34917645468096864
95690,0.3467315517148709
95691,0.38994540530992167
95692,0.3659439253297888
95693,0.35222703404465
95694,0.3456962949761325
95695,0.3321503911380885
95696,0.3731808402250726
95697,0.3586836533251564
95698,0.3710758238467814
95699,0.36521744415032636
95700,0.33501366691830653
95701,0.3657701981662317
95702,0.3827218626189457
95703,0.3709444449982903
95704,0.3527291003496839
95705,0.35087438610551974
95706,0.33931572099052304
95707,0.312468829759935
95708,0.30724933335092286
95709,0.3771437576530216
95710,0.3653227054647609
95711,0.37855264698111923
95712,0.2904319558525791
95713,0.29811049391898753
95714,0.3338033997276122
95715,0.3647181893989225
95716,0.37290337946894
95717,0.37632501168579136
95718,0.39801718645685147
95719,0.37210932235426675
95720,0.38922383670154137
95721,0.3761819815307038
95722,0.31648530808843456
95723,0.36644569316286685
95724,0.3566819058112699
95725,0.35962252631062996
95726,0.352076325234356
95727,0.3572332028617313
95728,0.34038714874657855
95729,0.3130556509702511
95730,0.3427190051955409
95731,0.3758568523106316
95732,0.38112530346013573
95733,0.3918460380027048
95734,0.35314308767702024
95735,0.31392332381226806
95736,0.2929997760522947
95737,0.3414405060454451
95738,0.4307448222583752
95739,0.33115017763933763
95740,0.3553058888953831
95741,0.3021041661154385
95742,0.36897005252727794
95743,0.35406524718397187
95744,0.37093429652757387
95745,0.3462706712685025
95746,0.29255405092104253
95747,0.3641982737183597
95748,0.34347209625292263
95749,0.3558516573819279
95750,0.34326694623518683
95751,0.3742988854669434
95752,0.38263676078259734
95753,0.375601170328403
95754,0.3831427560785034
95755,0.34847795396985215
95756,0.3521778808491343
95757,0.34662164337819845
95758,0.3454218161410351
95759,0.39048575010928166
95760,0.34077049102282536
95761,0.3965960657999833
95762,0.34282486090305514
95763,0.3146309661136568
95764,0.4102962150240456
95765,0.37223269296955
95766,0.29833039319360033
95767,0.35675908012237056
95768,0.3283200498751835
95769,0.37449925306829757
95770,0.3774493533461557
95771,0.3641947164587011
95772,0.3515997906734903
95773,0.33248280959927456
95774,0.3793262123016147
95775,0.3177483490467514
95776,0.3486199392485388
95777,0.3696925221413874
95778,0.33831019501477616
95779,0.314958341947411
95780,0.3774872647215707
95781,0.38858733091106007
95782,0.3754708672552135
95783,0.3413552640272473
95784,0.30483510563326083
95785,0.44340169168231364
95786,0.3865178281869534
95787,0.3157039053933054
95788,0.32246669220890445
95789,0.40704635231567415
95790,0.40039432989948215
95791,0.34228360853062667
95792,0.35452387630417176
95793,0.3732339110241271
95794,0.3613351714776619
95795,0.32973345595590103
95796,0.37480760677300234
95797,0.37977153468545327
95798,0.3635132476063125
95799,0.35357675020039775
95800,0.3222868712853409
95801,0.3755980751701457
95802,0.3116371383315582
95803,0.30345323738413577
95804,0.3718761203187287
95805,0.37768597352456323
95806,0.3450235035957438
95807,0.3603537962404644
95808,0.4122076751613044
95809,0.32707119374341276
95810,0.4081783032166657
95811,0.331710683589064
95812,0.3782468142425207
95813,0.3363783873694394
95814,0.3549801623082016
95815,0.36843621614140093
95816,0.33688978458041363
95817,0.2791368529814262
95818,0.36055580863218656
95819,0.35245550046756613
95820,0.3380258470034247
95821,0.42087141476595735
95822,0.359881037947045
95823,0.35611258026101206
95824,0.31200438287137994
95825,0.3316541365681822
95826,0.3470481357622131
95827,0.37827251620172475
95828,0.31674897866237206
95829,0.3143461029222736
95830,0.3099187572052728
95831,0.3733497935911162
95832,0.34756478438893235
95833,0.33037820560619374
95834,0.3606270472562876
95835,0.3586563243487292
95836,0.3754637373185609
95837,0.35804481606233723
95838,0.3109736934386482
95839,0.36533063584439757
95840,0.30005278347454817
95841,0.3679235805574665
95842,0.3401736406172713
95843,0.35985372708355096
95844,0.4258725535075004
95845,0.3757615320518738
95846,0.34101703334610606
95847,0.30859143034045394
95848,0.2857765836907247
95849,0.34341114892256486
95850,0.3769701833597865
95851,0.42938989506701536
95852,0.3120298713700695
95853,0.34352504370634607
95854,0.3825848673938579
95855,0.3683531850904932
95856,0.3660867241157307
95857,0.31807886561680393
95858,0.36002495497127507
95859,0.3242901802468057
95860,0.3799370357545751
95861,0.3503440346510878
95862,0.3759295807910762
95863,0.3626557188579505
95864,0.34238675332285856
95865,0.31711089726774133
95866,0.32252489115382954
95867,0.418076840790656
95868,0.3437420314005936
95869,0.37901381941096585
95870,0.39263786365674896
95871,0.39479795235329024
95872,0.3259386307561121
95873,0.2991641626325532
95874,0.3834207751325591
95875,0.30067228378157157
95876,0.3789433540574741
95877,0.34346892277568253
95878,0.40212597014615803
95879,0.37895499048474635
95880,0.3767088810602536
95881,0.3210821144663752
95882,0.33992062058580685
95883,0.3491918383253733
95884,0.347259627021362
95885,0.368594205182914
95886,0.3736877227613166
95887,0.2751281161292159
95888,0.3355990025834956
95889,0.33040973967954784
95890,0.40950232137868586
95891,0.3520023877220356
95892,0.36978115827520674
95893,0.3872431536954222
95894,0.3461191423639783
95895,0.36056425440308065
95896,0.37834485006061963
95897,0.31945766017868144
95898,0.35981292834630996
95899,0.3159789972601695
95900,0.33960644404900053
95901,0.34294252094884303
95902,0.2963868472823183
95903,0.3345769546368662
95904,0.29077202540738173
95905,0.35907725993737244
95906,0.334018423406855
95907,0.33351256382895905
95908,0.35289470917862203
95909,0.31972346934945495
95910,0.34146751330819736
95911,0.4075633338741802
95912,0.3324218928537422
95913,0.33683269171506025
95914,0.33279248878937084
95915,0.3156208777040916
95916,0.343088391385935
95917,0.41214487779201975
95918,0.32801784718215726
95919,0.33251098541952123
95920,0.40959058114480096
95921,0.3557138127723549
95922,0.3449639418192405
95923,0.3320456759631046
95924,0.36449619419995766
95925,0.34496259667613827
95926,0.31125244630253607
95927,0.3303870447281006
95928,0.3744844484767965
95929,0.33561217176017893
95930,0.39678001589574485
95931,0.4070174299093464
95932,0.34820207968358546
95933,0.36084704860804107
95934,0.3393098909918395
95935,0.34062103580452463
95936,0.342376815912436
95937,0.36716461960462204
95938,0.36799362435997107
95939,0.3796581652286318
95940,0.3370384321682943
95941,0.3540667201507155
95942,0.3366148563489411
95943,0.3279954516747758
95944,0.35756106236878693
95945,0.3423402370957577
95946,0.4046619390047445
95947,0.35626610778531
95948,0.31550709118631914
95949,0.3814951184797468
95950,0.3428168047517282
95951,0.3813387468365634
95952,0.3642867497900663
95953,0.35530112472034
95954,0.3021296683447912
95955,0.33968865777441326
95956,0.36472473550124895
95957,0.39177685030271053
95958,0.35231192814061946
95959,0.3254155400055148
95960,0.3375144766179473
95961,0.3770105401605296
95962,0.3425921459945653
95963,0.38750460271275816
95964,0.3877559873637466
95965,0.3740312156017921
95966,0.30436737466735264
95967,0.36219560799793576
95968,0.3697003434866296
95969,0.32474779431880657
95970,0.34791887824402556
95971,0.36532873194159005
95972,0.3987082379998887
95973,0.33923080595855803
95974,0.356365923904408
95975,0.3539011854702015
95976,0.3905911273895625
95977,0.4092602896528772
95978,0.36261388921710336
95979,0.34685662014060586
95980,0.3792498991640132
95981,0.3330299845128207
95982,0.39547579826365126
95983,0.34807137804218313
95984,0.37869287177767524
95985,0.3413634881136982
95986,0.31782344364115833
95987,0.3596737787586626
95988,0.4027272784086114
95989,0.3246245793816127
95990,0.3360592128699482
95991,0.3918569977176449
95992,0.40135892523108707
95993,0.37928573243747155
95994,0.3690890631769502
95995,0.40031964771624845
95996,0.3391628309859739
95997,0.3154255640834191
95998,0.3527435580049041
95999,0.3852829220861794
96000,0.31796090943317307
96001,0.343952301172779
96002,0.3476506044565474
96003,0.36300165289676617
96004,0.4029030651332095
96005,0.356873578430393
96006,0.28361206450361914
96007,0.4213414693870603
96008,0.3444325530480962
96009,0.3645662150599703
96010,0.3980140792305437
96011,0.34561999434152074
96012,0.34714597334081143
96013,0.33840534920687054
96014,0.3469340488988816
96015,0.3321280125660596
96016,0.39735613908378137
96017,0.2915822610925364
96018,0.35419276363368846
96019,0.36125736643348355
96020,0.3714801919220048
96021,0.3549452373765699
96022,0.38234368661976414
96023,0.38112964043525155
96024,0.3274683199951267
96025,0.3473899148799771
96026,0.39251569354310156
96027,0.329781844833857
96028,0.3877724122978625
96029,0.32472365701858275
96030,0.3530500908014363
96031,0.3532427050369506
96032,0.368865975192678
96033,0.3981014211799707
96034,0.3505901931255165
96035,0.3466028707833757
96036,0.36237925369770296
96037,0.351432309363269
96038,0.3577592282711221
96039,0.3653364708657449
96040,0.32189672950908316
96041,0.32801672046896546
96042,0.3313357365356256
96043,0.37271903292584574
96044,0.3147036745735261
96045,0.3827430572970632
96046,0.3865380069728623
96047,0.3536493521602668
96048,0.37031770531845615
96049,0.3633221308729673
96050,0.35477061635745155
96051,0.3585385676570257
96052,0.33544118888656677
96053,0.36746218142145187
96054,0.32924636822352665
96055,0.31999831114448707
96056,0.35569987436818895
96057,0.35369767003725183
96058,0.37829950958641406
96059,0.337821439198029
96060,0.37142622639739226
96061,0.32670805206076026
96062,0.34818321805326297
96063,0.35356735743345113
96064,0.31718715457500607
96065,0.3230643285370514
96066,0.3426711179117774
96067,0.40075316716476317
96068,0.3332367310802253
96069,0.3555731878588883
96070,0.3301171830808495
96071,0.37440925904805233
96072,0.3612292456054568
96073,0.3393002925350149
96074,0.33137302670824725
96075,0.35768557608707496
96076,0.4133569448246617
96077,0.3955214149900509
96078,0.3036308764507175
96079,0.31012480337782067
96080,0.4047570878771952
96081,0.35175102922988305
96082,0.3643399918595103
96083,0.3311909888142846
96084,0.41064206162876854
96085,0.32478320609368616
96086,0.3364089660922887
96087,0.39599014487680356
96088,0.34261354980826714
96089,0.33918062727123477
96090,0.3650370054657642
96091,0.3308402941678023
96092,0.38284581431986336
96093,0.31720615932551516
96094,0.36342383720926735
96095,0.36183852960671314
96096,0.32998984485492533
96097,0.321342911331387
96098,0.3390921174675156
96099,0.3633660049163269
96100,0.42018526367461906
96101,0.3129330416558121
96102,0.3161828372340736
96103,0.34436418732727714
96104,0.40296212847205676
96105,0.32493921603631826
96106,0.34443608503120476
96107,0.3430361876209974
96108,0.3435313599547055
96109,0.37326258198987966
96110,0.3787497901397724
96111,0.3579721010982151
96112,0.3697932327079521
96113,0.32179961028477244
96114,0.35411647017650316
96115,0.37950597572034195
96116,0.3817859624546257
96117,0.3709258974477485
96118,0.3046247501871909
96119,0.3640417911404764
96120,0.35959119827821756
96121,0.3226752300746117
96122,0.3828898107892135
96123,0.38257414213124946
96124,0.3845070269493253
96125,0.3494332801534797
96126,0.3690042835429469
96127,0.3545772961975162
96128,0.3385202774421752
96129,0.3211851685507171
96130,0.31047831640643037
96131,0.3550689502286092
96132,0.28642036900064205
96133,0.30032688069846974
96134,0.387643871641591
96135,0.332394834560216
96136,0.3385864313223034
96137,0.37413547084509413
96138,0.35386202690659896
96139,0.3427149271714965
96140,0.3314938950096391
96141,0.3367984214266352
96142,0.36910410559400353
96143,0.3779317867244202
96144,0.3393050492789234
96145,0.3190893343901385
96146,0.32279994408402046
96147,0.34574181614024246
96148,0.36873145681269814
96149,0.33174181174888434
96150,0.3528060111007439
96151,0.2919099967742376
96152,0.3413649271821193
96153,0.36465007041162156
96154,0.33507908802277975
96155,0.3656603707570721
96156,0.32787908550380307
96157,0.37936450121664517
96158,0.36341417494180317
96159,0.2849229691734129
96160,0.294685450173271
96161,0.34291145087956704
96162,0.3399818490925393
96163,0.34596123805869305
96164,0.43006477096622975
96165,0.34872749261861197
96166,0.34480841341760066
96167,0.3625571665786885
96168,0.3719772348289946
96169,0.33508386802642737
96170,0.3522992511282625
96171,0.354113011589339
96172,0.3637977879037289
96173,0.34441474786243054
96174,0.3429980909341516
96175,0.37191593030653125
96176,0.39127473064715845
96177,0.3719894214183577
96178,0.3523464060087818
96179,0.329884538726081
96180,0.31216816412228815
96181,0.3120150243821954
96182,0.32202421671502673
96183,0.36933125632194364
96184,0.3439183763751796
96185,0.37905027069401154
96186,0.3077920945102147
96187,0.33609643226843533
96188,0.30987262843059826
96189,0.3770074345654283
96190,0.33977646893223246
96191,0.36882734617403884
96192,0.2970830580982201
96193,0.34209518653314025
96194,0.34874633368205327
96195,0.33919210217889373
96196,0.38129730313296073
96197,0.33374702759850294
96198,0.31569680559345353
96199,0.35160198335826087
96200,0.37159817667147654
96201,0.3529994270486415
96202,0.33905961912811594
96203,0.36954567119889914
96204,0.29265803620417236
96205,0.36533132247175004
96206,0.3024985396674724
96207,0.37440260688381394
96208,0.39264754118124
96209,0.3268152894917036
96210,0.3578442213921848
96211,0.34952142225562194
96212,0.3792971125055775
96213,0.38065533663690504
96214,0.3304294804502581
96215,0.32636412286684047
96216,0.3346934413351972
96217,0.3554359085412112
96218,0.3512754025826554
96219,0.3771478089332546
96220,0.36001553562553923
96221,0.3175868601960511
96222,0.3269325506543488
96223,0.38017658485352435
96224,0.3858536292728492
96225,0.3331023081581801
96226,0.3153175236971263
96227,0.3514440290126453
96228,0.3638294099566626
96229,0.3514932961437998
96230,0.3221238897552349
96231,0.3511714582092239
96232,0.35376237941476274
96233,0.38192012882312776
96234,0.3507814781777387
96235,0.26556724034496765
96236,0.36233209754778495
96237,0.3490104105089649
96238,0.335009128153242
96239,0.34645887568621364
96240,0.35899899421691545
96241,0.31575421046579855
96242,0.35427291775239045
96243,0.34869474927883853
96244,0.39485977351938445
96245,0.33012611027677513
96246,0.29233565920623816
96247,0.3803981521260885
96248,0.36368835971301505
96249,0.3196203827409362
96250,0.29040952864703734
96251,0.37504185414425967
96252,0.34979939809886773
96253,0.31686073324460623
96254,0.3412883158826885
96255,0.3746603964759764
96256,0.37641380741006253
96257,0.3832860102930024
96258,0.3414194877768546
96259,0.3808415454669703
96260,0.35557781019320533
96261,0.3178657219776571
96262,0.3490864919615121
96263,0.3662222564325107
96264,0.3335314450208503
96265,0.37467277573237806
96266,0.3541658537054247
96267,0.32835901175260773
96268,0.3834196719328127
96269,0.35515722956786416
96270,0.35325543753674693
96271,0.33060440873805996
96272,0.36616460683800195
96273,0.3561775942698192
96274,0.39092423599183923
96275,0.3190114786356983
96276,0.4010317904353661
96277,0.38532234325757997
96278,0.36171330580225636
96279,0.3145070262470668
96280,0.301809697988265
96281,0.3742830331217584
96282,0.3394321991845797
96283,0.3384986663637947
96284,0.2911765486983459
96285,0.36654551042589084
96286,0.3629128297408118
96287,0.36345928708010766
96288,0.32823944704580965
96289,0.30144518278459237
96290,0.33168928269874165
96291,0.3893362290557433
96292,0.3549184924768428
96293,0.37217561388010595
96294,0.35499016672204997
96295,0.3160353867153474
96296,0.3526129050960157
96297,0.34050893171184915
96298,0.3061368282618409
96299,0.3517422274018309
96300,0.3719993521469083
96301,0.3100481055177941
96302,0.3681453757834403
96303,0.4000412200545068
96304,0.33314026987192424
96305,0.316764503577559
96306,0.3529146351271973
96307,0.38398424317961055
96308,0.33778390339208614
96309,0.3797020322698297
96310,0.3327758841186669
96311,0.38622117395818645
96312,0.39249534698067423
96313,0.30569762307578735
96314,0.3099429119781968
96315,0.3560796028929623
96316,0.39627707344318164
96317,0.3908643615008416
96318,0.32015800463906147
96319,0.3236960375629638
96320,0.3084325899471175
96321,0.29606347535784666
96322,0.38659917053847703
96323,0.3908517383061551
96324,0.3208784324087485
96325,0.3968290659375152
96326,0.3543239716045752
96327,0.3607472249987191
96328,0.32939560240135674
96329,0.3667103251069767
96330,0.3705121535061481
96331,0.33122748627855364
96332,0.3206985715781368
96333,0.38590635582368865
96334,0.34487977573527473
96335,0.3198403785144373
96336,0.34129728093116307
96337,0.31893184347906356
96338,0.38631379546088385
96339,0.32770582955311106
96340,0.35515236685499163
96341,0.3223582572841039
96342,0.34990076808776954
96343,0.4184638350386868
96344,0.35541379561906306
96345,0.3157949624320023
96346,0.4022564738427086
96347,0.36126545289489254
96348,0.3714706868610714
96349,0.39343438784078727
96350,0.3851641302683541
96351,0.35340356894850905
96352,0.33818427533686696
96353,0.32403104052580395
96354,0.41088085711887445
96355,0.34089644578972556
96356,0.3360773073705463
96357,0.34050830361224843
96358,0.3387340912541858
96359,0.27109234123589776
96360,0.42076398371884904
96361,0.3975563303211634
96362,0.3528796874198564
96363,0.35760975724088734
96364,0.33253830722406263
96365,0.3235635595411355
96366,0.36435361477674033
96367,0.3330755415393105
96368,0.35057617583213396
96369,0.3977623954478559
96370,0.31185663718039197
96371,0.35593649979176634
96372,0.32010285834547336
96373,0.3160533666131399
96374,0.283304322727235
96375,0.3347335365775894
96376,0.3890327784766639
96377,0.36146365474825065
96378,0.34100308514387107
96379,0.3625021718484059
96380,0.3875242594166947
96381,0.32539884765351546
96382,0.3829919736315706
96383,0.3370521614426487
96384,0.2960852146233016
96385,0.36552669973788005
96386,0.35555123221974194
96387,0.38451497441994203
96388,0.3499224503671476
96389,0.336506192707148
96390,0.3520790411731906
96391,0.3762584483193689
96392,0.3318812817843912
96393,0.3747225170471123
96394,0.30620464817572973
96395,0.3562749422131282
96396,0.33817879998318784
96397,0.33796456897831934
96398,0.33665255029060676
96399,0.34788536960342464
96400,0.35330253325980165
96401,0.3381900573891589
96402,0.36516071457160426
96403,0.307188291502192
96404,0.3063481609652304
96405,0.3885989845788562
96406,0.35733963467916474
96407,0.3492937158800492
96408,0.301844790433345
96409,0.3985997920091342
96410,0.3805926156306615
96411,0.3777257389573382
96412,0.32025390291773637
96413,0.35520887606789087
96414,0.32961097464284234
96415,0.3432398182451064
96416,0.3216910034692422
96417,0.3250695942939536
96418,0.3554660962784384
96419,0.3669701671407981
96420,0.3640157235146901
96421,0.2943459457523035
96422,0.35178795852657774
96423,0.34204379555204756
96424,0.3594410417689541
96425,0.37620675769843004
96426,0.3558939695352631
96427,0.37283195426229887
96428,0.35565937032900846
96429,0.37208056269930523
96430,0.3583835488627772
96431,0.3344890667025261
96432,0.34976231063372976
96433,0.326114016946773
96434,0.308324054989976
96435,0.32513403350124376
96436,0.3547366564147976
96437,0.3699268150831818
96438,0.34569682485285946
96439,0.35392540772618875
96440,0.35518021809333544
96441,0.35438109935838763
96442,0.37554281511492366
96443,0.35014132499614586
96444,0.35757504766866893
96445,0.3507234838566637
96446,0.3423292954280834
96447,0.36331577776715046
96448,0.339453108275812
96449,0.3472817687051688
96450,0.37676428203173284
96451,0.31787765054068856
96452,0.3505014638288557
96453,0.35702080521888413
96454,0.3987973754469222
96455,0.35765955660478715
96456,0.3345265650472891
96457,0.31861098199887716
96458,0.3599258678381549
96459,0.34368118117235025
96460,0.36022803589119406
96461,0.4104363448063634
96462,0.3155120825920032
96463,0.414826339660325
96464,0.3542799155139447
96465,0.3431022349705876
96466,0.32271934236970207
96467,0.36274779123423895
96468,0.35565562438130216
96469,0.3240473954747627
96470,0.3788350864787042
96471,0.341340153440582
96472,0.3284162538001983
96473,0.38715018799774176
96474,0.37422167368060266
96475,0.4057709748026139
96476,0.3609640179322842
96477,0.3629898828236587
96478,0.33335091408127465
96479,0.32236963795760026
96480,0.3508758506875451
96481,0.3750791518202709
96482,0.3742780641708147
96483,0.38408781506160666
96484,0.33713277343792786
96485,0.30909823906386347
96486,0.35832622021989036
96487,0.3288025196677871
96488,0.41406819506752424
96489,0.344974858759482
96490,0.3548742977108932
96491,0.39387267403336135
96492,0.37619985740959816
96493,0.39610926733775015
96494,0.31870553569239846
96495,0.37626743810271873
96496,0.3027314137857907
96497,0.3452832449999021
96498,0.3292858211828574
96499,0.40837634080077084
96500,0.3494032602710094
96501,0.3002672105090104
96502,0.3180119359187127
96503,0.3885463970613865
96504,0.3575669416402926
96505,0.33410455322888727
96506,0.2765678128176923
96507,0.3472124524709888
96508,0.35123172337035924
96509,0.33983747544429005
96510,0.32399890544783244
96511,0.33902354197921625
96512,0.35510017326496846
96513,0.3708678828275571
96514,0.3293392176212967
96515,0.3817164525624666
96516,0.3460746117082175
96517,0.3489707042887016
96518,0.29264739560881964
96519,0.30857450204152004
96520,0.327069592571013
96521,0.35489554679089486
96522,0.3446314682433694
96523,0.3175188948607414
96524,0.3746783710881114
96525,0.3619233376610558
96526,0.35033413182795836
96527,0.33978928193384283
96528,0.33772082306943524
96529,0.3412310593691037
96530,0.3232490817507645
96531,0.2992934027964992
96532,0.3588624671989781
96533,0.3285478348578906
96534,0.3562677874542816
96535,0.4070062045398413
96536,0.3749580141402357
96537,0.3626166106768566
96538,0.3621333399618325
96539,0.3433615925199857
96540,0.33064062515093257
96541,0.3891539993387672
96542,0.3520413502676017
96543,0.3754369195507194
96544,0.3767266106346076
96545,0.3474962726864359
96546,0.3003830564163521
96547,0.3733068907119077
96548,0.36503877891865494
96549,0.34234598153667495
96550,0.43276536783986363
96551,0.3573721413748238
96552,0.34218423801321823
96553,0.37329094321259443
96554,0.3584138349795643
96555,0.3644666123565767
96556,0.30423662610212854
96557,0.3400888579402356
96558,0.36449647784105504
96559,0.38835132791816546
96560,0.3721772292208396
96561,0.3793567619963583
96562,0.32474396860448684
96563,0.3288710968823978
96564,0.3469451908216657
96565,0.31843046348210885
96566,0.34522927784526514
96567,0.32224442833890593
96568,0.36942631350652305
96569,0.3860004231982791
96570,0.38806738996355006
96571,0.35753990943989544
96572,0.31834937978948563
96573,0.351095819929301
96574,0.3848935718243392
96575,0.3315554803759416
96576,0.4040139977494656
96577,0.34300963200105716
96578,0.34575082551990044
96579,0.3231751399307624
96580,0.29436315353087283
96581,0.3839899657593859
96582,0.3346827509702624
96583,0.36209776354571327
96584,0.3115236376382616
96585,0.3298486862283317
96586,0.33643181451155035
96587,0.3377480865497318
96588,0.3351590114611198
96589,0.3931714353223143
96590,0.30888843604052574
96591,0.32142418867945544
96592,0.34282682791228664
96593,0.32130399080683997
96594,0.31154786784124194
96595,0.3523048158262278
96596,0.3111653906264155
96597,0.3069233019975593
96598,0.3151632592094563
96599,0.3927290172220384
96600,0.4029271054800815
96601,0.33274030824492073
96602,0.33877140796750604
96603,0.36444280232391696
96604,0.3594702017631844
96605,0.36763012103619047
96606,0.3648160224856321
96607,0.34682904470014253
96608,0.36250654010147865
96609,0.37661184543133863
96610,0.3323467118008241
96611,0.33695378630324363
96612,0.3636360568481854
96613,0.34859384451432174
96614,0.3524350431624158
96615,0.4041744144641203
96616,0.3403849800229963
96617,0.37979271828732714
96618,0.3863402150966763
96619,0.36069859646783514
96620,0.38102058211047357
96621,0.3074862799686536
96622,0.3155228375527703
96623,0.3678776762464193
96624,0.33559467084411854
96625,0.3629175521607843
96626,0.3275153454125034
96627,0.28389066616038433
96628,0.3579217665724508
96629,0.3659854879184419
96630,0.3566743023984413
96631,0.36900942521223634
96632,0.3559303496484625
96633,0.39274884633653123
96634,0.3012405818275984
96635,0.3675448332181173
96636,0.32625353314728217
96637,0.340934566460125
96638,0.34336700955973304
96639,0.3159555995916727
96640,0.35859920717723553
96641,0.3716702954679114
96642,0.3133941024923064
96643,0.3569992197934666
96644,0.35261833885477234
96645,0.3315771167575513
96646,0.37241576056073067
96647,0.3370633916500029
96648,0.3433585220691991
96649,0.3040605720822943
96650,0.3842191917456638
96651,0.31139136683969304
96652,0.3537204301335457
96653,0.4036363381484796
96654,0.3897827104433736
96655,0.3520435933000429
96656,0.3610108843288808
96657,0.3232365252767375
96658,0.396317765627393
96659,0.3381910899309361
96660,0.34165801350072067
96661,0.33995631820292216
96662,0.4013443940726407
96663,0.32783990680162567
96664,0.30551111572151557
96665,0.3161264625274908
96666,0.30821974492885673
96667,0.41670451691800175
96668,0.33806073090803496
96669,0.4039402623690224
96670,0.31432780870847027
96671,0.34093202552124774
96672,0.34154494706257876
96673,0.3256845133452394
96674,0.3215656824453353
96675,0.3096626988987996
96676,0.315885943349736
96677,0.35635438487982324
96678,0.3177873895332095
96679,0.31481157147911437
96680,0.3580406704029982
96681,0.31308640576695423
96682,0.3252213521849708
96683,0.3559446601831421
96684,0.3477437658518557
96685,0.32093666044530345
96686,0.3666851351911874
96687,0.3740772653860498
96688,0.33707766357487084
96689,0.37361204719234264
96690,0.34747511582312823
96691,0.32824339220236864
96692,0.34450593777868216
96693,0.40157247988607186
96694,0.3793253936327885
96695,0.34206434389417084
96696,0.3722004275544485
96697,0.3455024761938405
96698,0.30539357213803875
96699,0.34233503690565537
96700,0.30803687527237494
96701,0.36083102191971783
96702,0.34268679729674345
96703,0.3688325603852025
96704,0.38288721704447987
96705,0.36121426640685367
96706,0.3475462838471334
96707,0.3864276446130671
96708,0.3614796516071922
96709,0.3985067411830852
96710,0.38749225633222345
96711,0.3408626566890227
96712,0.37683366683906916
96713,0.4072959027031243
96714,0.3158791301918351
96715,0.3802100102573116
96716,0.33655919632736925
96717,0.3693737333036077
96718,0.3427633871257999
96719,0.38440913830939377
96720,0.3220555437163825
96721,0.386277519719114
96722,0.36123460635570337
96723,0.27415289235868107
96724,0.38926767396750384
96725,0.34184304301287216
96726,0.3830218486807397
96727,0.3755806877510291
96728,0.3268688295800983
96729,0.3754757045823959
96730,0.320350662495381
96731,0.37324342770408675
96732,0.3352128733474109
96733,0.3102331781171235
96734,0.33419078777547917
96735,0.3146312523271707
96736,0.4156091564036549
96737,0.3637907602235541
96738,0.34344008711535245
96739,0.3715532569009128
96740,0.3811733161509158
96741,0.3911371594128521
96742,0.37480062324699326
96743,0.34175365504467414
96744,0.3820222785610955
96745,0.3299175614991644
96746,0.3498865013152053
96747,0.36106116148103845
96748,0.3396925746648961
96749,0.3570228331643469
96750,0.36102046414615857
96751,0.3167576594078956
96752,0.3512536719223817
96753,0.34473238107048565
96754,0.4079348582627923
96755,0.3827315129416226
96756,0.3351450537121092
96757,0.34124668713810263
96758,0.34934032683004546
96759,0.3808796900607245
96760,0.32606189840961364
96761,0.3575849776387674
96762,0.33371094621968844
96763,0.38117619205083153
96764,0.3056721588453179
96765,0.29512740249831443
96766,0.3232888732332354
96767,0.3145349026115656
96768,0.2984226893119341
96769,0.3384425317803
96770,0.39166090706722556
96771,0.3164337315277659
96772,0.38518374816301093
96773,0.3548905117975648
96774,0.32807255249448364
96775,0.3370398533722811
96776,0.38731708883204924
96777,0.41485960811382194
96778,0.34733258588577115
96779,0.3951709364727023
96780,0.3835397148904605
96781,0.32134871412680194
96782,0.36599835250180174
96783,0.3372552639912904
96784,0.3606823464158531
96785,0.4123151349850334
96786,0.37992674910482455
96787,0.41807124878174284
96788,0.3873085551651011
96789,0.332034097600023
96790,0.33002485771742884
96791,0.3342608598945973
96792,0.3446099296384079
96793,0.3307594768492314
96794,0.3916810560173879
96795,0.28562485059442366
96796,0.32093766765382237
96797,0.35798534139290633
96798,0.3412546603015119
96799,0.3110029361020292
96800,0.352960727714579
96801,0.4069220525283111
96802,0.3413461531941037
96803,0.32915372767819523
96804,0.38277375391777724
96805,0.3056563086095068
96806,0.3517693391432996
96807,0.4014667980696564
96808,0.40525058463939556
96809,0.3268069426034682
96810,0.30134766196445945
96811,0.3352043840322032
96812,0.3790371391351637
96813,0.2871562497197541
96814,0.24335336186360212
96815,0.3225287163020129
96816,0.3518988532185119
96817,0.3294128204352215
96818,0.38459557446298925
96819,0.36377358370420604
96820,0.37040779714248984
96821,0.30590225940613247
96822,0.31789167469391927
96823,0.39387383552291155
96824,0.3551252583129586
96825,0.35981360725036476
96826,0.30218426833993967
96827,0.3565619908558144
96828,0.33797937231190656
96829,0.39490519813916714
96830,0.36793743656280997
96831,0.330207463121913
96832,0.3438270109957212
96833,0.34718410113766907
96834,0.3466081812949094
96835,0.3766766656824907
96836,0.3497375074781036
96837,0.33419302450992333
96838,0.400858260787159
96839,0.4176929095468799
96840,0.32284763363187197
96841,0.37783066527480114
96842,0.3510342812551408
96843,0.38565385831345456
96844,0.3381244487152045
96845,0.3919032397839566
96846,0.3805690035130255
96847,0.38938718181160137
96848,0.34870730553752194
96849,0.3148841285288892
96850,0.34663107512368285
96851,0.3918201839416433
96852,0.3148276217863151
96853,0.3776822821725742
96854,0.36871099924307466
96855,0.33228147394247487
96856,0.36469710826942936
96857,0.27887971469996975
96858,0.3153620536387175
96859,0.35272262925578207
96860,0.33988559292662945
96861,0.33288797987325125
96862,0.30807516631553883
96863,0.39003566027862013
96864,0.4130027795914007
96865,0.31654310326030954
96866,0.3752374384661807
96867,0.3621857342839327
96868,0.3018306125783067
96869,0.4022460468600477
96870,0.37117075543326056
96871,0.3945755871796712
96872,0.3177246933036824
96873,0.3728240775119644
96874,0.35353420814812636
96875,0.37523812737954637
96876,0.347277852446587
96877,0.36562361341413474
96878,0.330973792074923
96879,0.3579400713504755
96880,0.32909891372756633
96881,0.34961842790462744
96882,0.31572115975060755
96883,0.37771186387412065
96884,0.3741055229004952
96885,0.3193213165186949
96886,0.38523164727461057
96887,0.3275327483572624
96888,0.3455791503069944
96889,0.34679054968745343
96890,0.3613621422964859
96891,0.3111613510665151
96892,0.3683056761274534
96893,0.37206608805342406
96894,0.40503330836867446
96895,0.3842096388654557
96896,0.3493543848335839
96897,0.3842913614356281
96898,0.3218173484676315
96899,0.34544019763409006
96900,0.3234643817695967
96901,0.30235488299331126
96902,0.390359034804821
96903,0.3487014387514381
96904,0.31506024567427277
96905,0.33320975444451634
96906,0.35993547381111846
96907,0.4030250902550757
96908,0.3893052524610449
96909,0.3498600352280312
96910,0.33674879085599085
96911,0.34353355403039726
96912,0.38615902017701226
96913,0.3379822836111912
96914,0.3775688306260724
96915,0.3300380384477682
96916,0.35322740253918783
96917,0.311259460463919
96918,0.3223549452850614
96919,0.3821161357274637
96920,0.35211557647278197
96921,0.37484438225002914
96922,0.37554372943264613
96923,0.4241215156485181
96924,0.33005709768924885
96925,0.37893267765530037
96926,0.339151898541984
96927,0.36750998511322713
96928,0.3976424423156732
96929,0.37208166671466364
96930,0.37968811391433593
96931,0.3029001148353627
96932,0.3104724066227228
96933,0.3843180627497501
96934,0.3354503432454252
96935,0.3125844351631162
96936,0.3550398984729668
96937,0.3369852799511111
96938,0.3966669121145031
96939,0.29231603575319837
96940,0.34474223711645335
96941,0.35935272134064433
96942,0.3723989418461822
96943,0.3452859515356834
96944,0.34139187823122685
96945,0.3679520231489715
96946,0.40736802632811625
96947,0.3539119336520619
96948,0.32082035099563777
96949,0.3388000345792459
96950,0.31692455545899184
96951,0.3970910583810269
96952,0.3125609142331351
96953,0.3620610364655257
96954,0.3053998181417508
96955,0.3704556610885856
96956,0.3453540556415143
96957,0.3321290958088741
96958,0.38477754025099775
96959,0.3120700716032545
96960,0.3532060876488492
96961,0.3583851618065638
96962,0.3972285319893003
96963,0.3621454635567965
96964,0.318783637105299
96965,0.35060873342567495
96966,0.32958411575973123
96967,0.3364792353320406
96968,0.39140707182907997
96969,0.30302192347235896
96970,0.37365132054588057
96971,0.33549462849080314
96972,0.35565539729897677
96973,0.34527163503899755
96974,0.3503366602693037
96975,0.3888129205331711
96976,0.3025608809382997
96977,0.4660242731461907
96978,0.3389979771152857
96979,0.3812767138484737
96980,0.3533930140148067
96981,0.3761799606601193
96982,0.31798614040967005
96983,0.37471629181170535
96984,0.3531731774905283
96985,0.3540122506207382
96986,0.349141159076349
96987,0.30985418728873676
96988,0.3589019440681182
96989,0.30599940116044855
96990,0.37842091935805267
96991,0.3279728206094936
96992,0.3374004903443236
96993,0.3870617500101286
96994,0.3535470816108132
96995,0.3255562467073183
96996,0.37404158277921984
96997,0.3368404558973058
96998,0.3493215538737309
96999,0.3807717347809622
97000,0.3841961035827543
97001,0.3309011041921726
97002,0.31439795617946775
97003,0.3901494476690862
97004,0.33402821140943073
97005,0.38750007855480595
97006,0.3488444175812854
97007,0.300089797433245
97008,0.3280210079703347
97009,0.34615780418671793
97010,0.3525764363990843
97011,0.3596280903567297
97012,0.37321264413549804
97013,0.39717135598971975
97014,0.3875086952523815
97015,0.375177016755783
97016,0.322931708137071
97017,0.3162405114385386
97018,0.35703668636503133
97019,0.3232678726403656
97020,0.31952929964336113
97021,0.36325342150487794
97022,0.3676096303834527
97023,0.29792777738465537
97024,0.32351839321584136
97025,0.3863010934590987
97026,0.3802299192754453
97027,0.3198527694949997
97028,0.3540544299099145
97029,0.33112369433740957
97030,0.3665988705225022
97031,0.34201411690312944
97032,0.35864534257418457
97033,0.3187908396873803
97034,0.3663655181425745
97035,0.32717206224975914
97036,0.3198197070502476
97037,0.34657639394522083
97038,0.3243789783112644
97039,0.3858960108120818
97040,0.43138383504687916
97041,0.36149120422644293
97042,0.3001307718585766
97043,0.3707055290542555
97044,0.3382785827652773
97045,0.34309115776568017
97046,0.31289036073199733
97047,0.32495761300301435
97048,0.3916892989853044
97049,0.3079279980255622
97050,0.37271999330030026
97051,0.30454100731895406
97052,0.33727940676863044
97053,0.4422916162419812
97054,0.3774855466615909
97055,0.3707024692863505
97056,0.3332525571078476
97057,0.3065326267151932
97058,0.3832507814786569
97059,0.2820515393613857
97060,0.31815468135759845
97061,0.3582489536207236
97062,0.3727865299494563
97063,0.30858955718629927
97064,0.3882048889547843
97065,0.37011614334077936
97066,0.3353961388296251
97067,0.3955445657029505
97068,0.35855894329192317
97069,0.36709714030692225
97070,0.3761463147767422
97071,0.35332053871269414
97072,0.37925682578567066
97073,0.3748855171044602
97074,0.3582896741263238
97075,0.367463915601148
97076,0.3680978100218803
97077,0.375960903333869
97078,0.3237321231459946
97079,0.3526283674776267
97080,0.33286535812446405
97081,0.3546889316756577
97082,0.36968296401117823
97083,0.3617357636580353
97084,0.35202072050052036
97085,0.35457957886422636
97086,0.3722024731472491
97087,0.3635064518135032
97088,0.3510542747077892
97089,0.35725287712919285
97090,0.34110216778462404
97091,0.3787669545630127
97092,0.3415114384766183
97093,0.42668852930751533
97094,0.3254422079394611
97095,0.3514410020247464
97096,0.332520651826077
97097,0.37731003802197466
97098,0.38995913578252406
97099,0.3733463022450057
97100,0.34355577906284
97101,0.3426157175674448
97102,0.3437042405987554
97103,0.3489857965932097
97104,0.38773729888348824
97105,0.3604002945266183
97106,0.3396335981179165
97107,0.346170659359813
97108,0.37087899158700893
97109,0.3778530381976803
97110,0.32975802898877615
97111,0.2904932201419166
97112,0.35632637372504733
97113,0.37418591588263495
97114,0.35235710208093185
97115,0.3884247018197968
97116,0.35120642906354527
97117,0.3780655336988499
97118,0.33145537117758733
97119,0.35762490441812084
97120,0.35518103196061995
97121,0.3799619877432839
97122,0.4149680988970313
97123,0.2856561735735877
97124,0.39548967909666594
97125,0.30864159616122283
97126,0.3994267970738845
97127,0.3789591271285854
97128,0.35273133987190675
97129,0.31369972211301167
97130,0.3625390358404029
97131,0.3810288860567568
97132,0.3349162014726208
97133,0.39015798631836707
97134,0.37015456420469245
97135,0.3145257738579373
97136,0.34755801419094556
97137,0.34402137476073963
97138,0.32058711972569653
97139,0.3274955146619162
97140,0.36902568769094324
97141,0.35593940420942116
97142,0.3459963319468565
97143,0.3495339132768995
97144,0.2962557224550837
97145,0.3623611066394493
97146,0.37359129379151135
97147,0.30014338715631883
97148,0.3367302027982745
97149,0.3570006524335141
97150,0.3329210827451079
97151,0.2942856872534147
97152,0.27484628633941566
97153,0.35353725854072876
97154,0.30090892031701144
97155,0.3733544271112642
97156,0.3531697086135266
97157,0.3639680847419928
97158,0.3118871328790857
97159,0.3517215082744036
97160,0.3531915606035872
97161,0.34452316413181455
97162,0.36073766588013584
97163,0.41541738208604817
97164,0.32184862334590686
97165,0.35170688800223043
97166,0.32116054671440025
97167,0.35883316655894854
97168,0.37611442032046466
97169,0.35465152142623974
97170,0.3975008088685997
97171,0.2760339327080365
97172,0.3456952141649416
97173,0.3843800783328344
97174,0.3878448336597627
97175,0.309345193752751
97176,0.3720040329228665
97177,0.35614609604434055
97178,0.37328424630396395
97179,0.3747004270611639
97180,0.34896486934667786
97181,0.3001836040962195
97182,0.3500947321347447
97183,0.34943654944673574
97184,0.3295896105193875
97185,0.3677397602612923
97186,0.4068404500032151
97187,0.3447802256289866
97188,0.33971126042821137
97189,0.2869226108341437
97190,0.38528077172532776
97191,0.34710221845970113
97192,0.4094391885232299
97193,0.3518040198121935
97194,0.371837000682886
97195,0.3245281589100433
97196,0.39878591496804366
97197,0.4171460643352008
97198,0.33070276270874394
97199,0.32907648763827674
97200,0.3040836863651886
97201,0.36215408850134173
97202,0.38226329791342023
97203,0.3676679719687129
97204,0.34807980768350316
97205,0.33405597911274454
97206,0.333824439528744
97207,0.38054709786624
97208,0.3270788329038029
97209,0.3538045127771296
97210,0.3373097892221963
97211,0.3799422734866086
97212,0.3459140756325629
97213,0.3329289265135102
97214,0.29926949887662657
97215,0.4007950819344392
97216,0.35627347987641234
97217,0.35915166673615084
97218,0.3993008783199647
97219,0.3522784108496746
97220,0.3469410985346897
97221,0.35936196327967085
97222,0.3902622462814573
97223,0.36714320738477296
97224,0.41376713200012705
97225,0.3340111533620741
97226,0.3754716110170725
97227,0.3516160534362158
97228,0.36182690532822365
97229,0.3884371859838215
97230,0.36355482659954624
97231,0.3321673878469174
97232,0.38396044763840054
97233,0.3340669227151117
97234,0.39545444435974175
97235,0.36875545201518606
97236,0.3342210610528503
97237,0.3222180811363526
97238,0.3280229267498448
97239,0.36558073432004845
97240,0.36830316434161015
97241,0.35517925566164893
97242,0.3896672367989155
97243,0.34204985473092864
97244,0.3523563260651524
97245,0.3622612775395422
97246,0.34997679541667515
97247,0.2893496858477511
97248,0.38424934723445914
97249,0.33621325285992854
97250,0.33679250581788084
97251,0.3655053837194685
97252,0.3636227066799837
97253,0.3521960110802043
97254,0.3835431226399467
97255,0.33178418739851906
97256,0.38091582354997555
97257,0.34934783331651637
97258,0.35548767190470015
97259,0.3665903418865224
97260,0.3602000563784473
97261,0.393859793904647
97262,0.29820174750678785
97263,0.3474391429542867
97264,0.3906801239812463
97265,0.3597351365139007
97266,0.3802827136008104
97267,0.33335114675274363
97268,0.3419984094793148
97269,0.36650222437867735
97270,0.36148690131407585
97271,0.3473026460798388
97272,0.3265066524961896
97273,0.37744317399420374
97274,0.3078820416441237
97275,0.3625441050594887
97276,0.3482389743796798
97277,0.35913121119265046
97278,0.3489825431291902
97279,0.3390634881727917
97280,0.32661071453306667
97281,0.34600926069172855
97282,0.32528035062101673
97283,0.36747555953651745
97284,0.3494664534419048
97285,0.35711316050057856
97286,0.38528359034321474
97287,0.312926863003016
97288,0.34229836947037334
97289,0.3265772492743071
97290,0.30292576368389007
97291,0.38752339938186925
97292,0.39493497665327676
97293,0.3239516286080771
97294,0.37778553503217877
97295,0.40680662970221043
97296,0.35744014789019835
97297,0.3651336723081063
97298,0.34143247186113235
97299,0.3891020058799894
97300,0.3271404294482402
97301,0.3347631166175177
97302,0.3518259207721755
97303,0.3533726051536326
97304,0.37100450686423686
97305,0.3493569296265154
97306,0.3454473714770505
97307,0.3407464400732231
97308,0.3330140456473618
97309,0.3838359679502703
97310,0.32110667767372936
97311,0.35490172936873
97312,0.40759725253348933
97313,0.37492616361791514
97314,0.3679233280295596
97315,0.36243329377375033
97316,0.3396545158431449
97317,0.357086358247852
97318,0.3557591776370855
97319,0.37376988653127863
97320,0.35787866628413934
97321,0.3780337836657037
97322,0.3199301891533505
97323,0.40274682359888836
97324,0.35047989305228416
97325,0.3174101519994492
97326,0.36554482463070054
97327,0.3271289943374142
97328,0.34514632294436265
97329,0.3478209068461165
97330,0.36563242134318147
97331,0.3888612464271351
97332,0.3718625632321341
97333,0.34854452335578745
97334,0.34792366750479187
97335,0.37715407751857183
97336,0.3718153927620316
97337,0.34533443206070413
97338,0.362079431014168
97339,0.37636021719932905
97340,0.36531775026177216
97341,0.3630718271904397
97342,0.2938130679934188
97343,0.3253168923778464
97344,0.3657396598309063
97345,0.36988237149974096
97346,0.3816390926535932
97347,0.35837158758517934
97348,0.33718682380152903
97349,0.3535461954662971
97350,0.34800175872493283
97351,0.3528701372281281
97352,0.34280702968166316
97353,0.39858440316671495
97354,0.34022438828754376
97355,0.3400615343324163
97356,0.30076340935950036
97357,0.38410156621435637
97358,0.370536340507806
97359,0.3839531434414016
97360,0.39014100352958125
97361,0.340635849076826
97362,0.29104525255619296
97363,0.3516099196306639
97364,0.3781015659053102
97365,0.3239520578486727
97366,0.4071443913729637
97367,0.35104836567459385
97368,0.35513630811696995
97369,0.36669005806952054
97370,0.375037834798077
97371,0.3293916690445548
97372,0.3514268592805735
97373,0.33028408213481625
97374,0.3638796878231658
97375,0.31207228231425727
97376,0.33159938085062624
97377,0.33813416199574947
97378,0.3489666616949138
97379,0.29126393024856817
97380,0.31083382828144385
97381,0.33349854215043756
97382,0.3915176858962037
97383,0.3377218526568545
97384,0.34376688834737795
97385,0.32363778000031906
97386,0.3954886213644443
97387,0.30944042355562795
97388,0.34718504826399377
97389,0.3579195668071045
97390,0.38765310107303524
97391,0.31580982632772725
97392,0.3280758243020336
97393,0.4160734376064086
97394,0.346085650897359
97395,0.3614211189729829
97396,0.310819019157064
97397,0.2690819263005506
97398,0.3582162322725459
97399,0.30998872419409607
97400,0.3936506873770793
97401,0.39223018657388375
97402,0.3036397180715647
97403,0.3549117990942808
97404,0.3759360307743043
97405,0.3661390009591319
97406,0.32428465494254055
97407,0.3312900920457453
97408,0.3726954336087874
97409,0.33232147980698906
97410,0.35593894712492985
97411,0.35796311246683454
97412,0.36772920282206417
97413,0.33757045560134735
97414,0.35091503146528913
97415,0.3839762523795075
97416,0.32707485736855574
97417,0.3795064288167882
97418,0.36636344005468685
97419,0.3403020925983988
97420,0.3681743163319288
97421,0.43194907986379694
97422,0.3559107115024908
97423,0.36475216808319905
97424,0.3626536187605971
97425,0.37389983965797263
97426,0.3622083346756333
97427,0.38038294000479816
97428,0.3730995741481411
97429,0.33531685197812905
97430,0.41503527542080143
97431,0.36297731277121015
97432,0.404422126982508
97433,0.35121716956079096
97434,0.322128690233099
97435,0.3148434487856901
97436,0.3736333951398546
97437,0.30959570495330835
97438,0.33835482464233574
97439,0.3670669194825255
97440,0.3603986725046643
97441,0.291650589565726
97442,0.3642007056536921
97443,0.35915945056823195
97444,0.36461534577061566
97445,0.3366154877007382
97446,0.3537752036487907
97447,0.3820209363892464
97448,0.30780622107146405
97449,0.3664846492056842
97450,0.3613630646254362
97451,0.333164992724145
97452,0.33456562012968827
97453,0.37139405896259164
97454,0.33241902607006923
97455,0.36154602783805856
97456,0.3557576624069168
97457,0.3911821312546937
97458,0.33510458979942614
97459,0.3502051977999877
97460,0.31885333973316526
97461,0.34063157584675713
97462,0.3727848186447423
97463,0.3512280616754531
97464,0.3256299564866032
97465,0.3955080269536351
97466,0.33878200242425405
97467,0.31046148893783765
97468,0.35973765653695794
97469,0.3268302416609062
97470,0.377478417643583
97471,0.32210586440754624
97472,0.3536287514556735
97473,0.33188650601570224
97474,0.33649962445385456
97475,0.3396501600423517
97476,0.33278846770159065
97477,0.39408040244799447
97478,0.4079138150034727
97479,0.34845874786993714
97480,0.37693261988772797
97481,0.3726933240481555
97482,0.37191588013747223
97483,0.3788836190320361
97484,0.31270441554783013
97485,0.3395250004557919
97486,0.34491388374422643
97487,0.4108741581935338
97488,0.35115335842582834
97489,0.37499220773984226
97490,0.31586316707899953
97491,0.3708532782721459
97492,0.2936656988628871
97493,0.3007486775852837
97494,0.3250620207234565
97495,0.3062848529860315
97496,0.3473654286293227
97497,0.35155447518646676
97498,0.32228370484302343
97499,0.31281850720218185
97500,0.3263222834094672
97501,0.3659511515456212
97502,0.31794056785324043
97503,0.3696334211018633
97504,0.3042052713283167
97505,0.37051445409615263
97506,0.3203912124385401
97507,0.28481084154257585
97508,0.3734767123589979
97509,0.34990397308930193
97510,0.3451150260800236
97511,0.33108837765638066
97512,0.3511337471457488
97513,0.36052635650430537
97514,0.38044612168221775
97515,0.4152316162886769
97516,0.3009029347026377
97517,0.40534973065715235
97518,0.36180762149254986
97519,0.36595166250538946
97520,0.33122840149236726
97521,0.3463134050725484
97522,0.3539274076825028
97523,0.32961325371531663
97524,0.3378134322962263
97525,0.30214879813830603
97526,0.31730216614265594
97527,0.43151539118405824
97528,0.3682853564772283
97529,0.3503600340586851
97530,0.3785175212831107
97531,0.37172445986681646
97532,0.3715017890850324
97533,0.3316359598187379
97534,0.3466284141847012
97535,0.3441771954744021
97536,0.3572669746170222
97537,0.4184340746908306
97538,0.3538105498394274
97539,0.3445615651248323
97540,0.40967662502247926
97541,0.37084186839433203
97542,0.33397325145458684
97543,0.28213938753266327
97544,0.3368243129488532
97545,0.3335893512824602
97546,0.3536994222939728
97547,0.30189463549124257
97548,0.31101835886721674
97549,0.34730341162982065
97550,0.35550888816703746
97551,0.3757641057388226
97552,0.3359493227815388
97553,0.3667194322519313
97554,0.3810934814072347
97555,0.32975483316046256
97556,0.3968442646695107
97557,0.3573875643952316
97558,0.33546966250219934
97559,0.29877446526939483
97560,0.38653261607325395
97561,0.36028467117766494
97562,0.3520217376762232
97563,0.3791791274887335
97564,0.4096949470530131
97565,0.4073834565603926
97566,0.32831263137668737
97567,0.35317555243881665
97568,0.34797491776936246
97569,0.38626560890998474
97570,0.3329421379611763
97571,0.28375106393121124
97572,0.2965474476965161
97573,0.34356816962832254
97574,0.3638619137494313
97575,0.3488761411628348
97576,0.35673535761740743
97577,0.3184470529291524
97578,0.35164686254322064
97579,0.3493061563059136
97580,0.3220130887043562
97581,0.289859089502049
97582,0.36351872976809646
97583,0.41202322041198436
97584,0.3459655247824476
97585,0.33734347911658097
97586,0.34716988315003217
97587,0.38676148347276773
97588,0.35071221446428924
97589,0.37653182817625963
97590,0.29628036564762794
97591,0.3508540097819412
97592,0.32615790919241133
97593,0.36613207909958795
97594,0.320208014027862
97595,0.3342210096258433
97596,0.38744744456215224
97597,0.4099263651662825
97598,0.3087985505782188
97599,0.3582760624576439
97600,0.38195092013837534
97601,0.30395133948786873
97602,0.37119710522831895
97603,0.35740472272086304
97604,0.3126980249420522
97605,0.344695865427951
97606,0.40267646866925305
97607,0.3241742650197728
97608,0.36908094492268084
97609,0.34423493851294024
97610,0.3727433710143624
97611,0.3453752002416913
97612,0.36211681865373185
97613,0.3106651440411331
97614,0.3414287436878643
97615,0.37191440345659316
97616,0.38368218265913434
97617,0.35356122129664136
97618,0.3794163676938527
97619,0.2932634506812495
97620,0.3400433061588206
97621,0.39444361761213415
97622,0.4000742941258854
97623,0.32880298822042386
97624,0.3692708904020976
97625,0.33281628358207904
97626,0.3606785602725112
97627,0.32172675363947173
97628,0.41180784582235436
97629,0.3278123414983567
97630,0.331966994455885
97631,0.322089706118395
97632,0.3168471345059387
97633,0.38760993429952556
97634,0.4109600049250013
97635,0.3646216985003566
97636,0.33387568816599583
97637,0.3615418189347804
97638,0.39027052838722176
97639,0.290791024184221
97640,0.33628880934576166
97641,0.32683483150648734
97642,0.36680448629324713
97643,0.36568695169077864
97644,0.3125983356973422
97645,0.3229700301440012
97646,0.35772996716858796
97647,0.337878112498166
97648,0.3322241596872386
97649,0.32409739237867125
97650,0.3645350584303639
97651,0.3255215645244725
97652,0.4067756743144756
97653,0.34224133301707066
97654,0.3661014908052782
97655,0.39739310778829945
97656,0.3561662740527559
97657,0.3753188763974209
97658,0.33687799800483725
97659,0.3657029757801118
97660,0.3857093337825702
97661,0.31210688339716053
97662,0.3349008172232434
97663,0.35586547224575055
97664,0.3298093947675456
97665,0.33708486871056
97666,0.335364086968777
97667,0.39517078119515425
97668,0.3532875163618927
97669,0.2962083849170706
97670,0.3523970651800245
97671,0.36605145761229313
97672,0.39340048796175614
97673,0.3822809506593218
97674,0.36098824804836027
97675,0.3576640638134264
97676,0.3599573249660904
97677,0.3541978254232307
97678,0.3145030870436174
97679,0.2971315071866748
97680,0.3505411478117239
97681,0.37920065613704257
97682,0.2858081161892001
97683,0.37089897853995313
97684,0.3811100444064716
97685,0.33324275863258734
97686,0.37071455235689343
97687,0.40450439783498404
97688,0.3637792338298392
97689,0.28249285927563317
97690,0.3302810220665769
97691,0.3676510543484347
97692,0.3436973357985028
97693,0.38340794811147594
97694,0.3537713222641178
97695,0.35569075036098147
97696,0.3664926719986792
97697,0.34388760834710536
97698,0.3436372846328275
97699,0.3409637664294427
97700,0.3504435979765304
97701,0.3597703207149485
97702,0.36597278197881006
97703,0.34261987795323323
97704,0.3454754345653131
97705,0.3239602630800142
97706,0.3988820498358382
97707,0.3193517665277477
97708,0.37923732134244836
97709,0.3225505638449512
97710,0.4147656290858249
97711,0.4090993377956022
97712,0.3569987571102643
97713,0.3639499641513565
97714,0.3345988907925299
97715,0.3792672089203846
97716,0.3511939317240148
97717,0.36446233539308326
97718,0.35893279924460686
97719,0.40727865007638364
97720,0.33939164265346583
97721,0.3763706412730971
97722,0.3605535624168776
97723,0.3762365660848318
97724,0.3527886441323316
97725,0.352061650337477
97726,0.3704818175355655
97727,0.3060235892059379
97728,0.3922920572377881
97729,0.3711958149526159
97730,0.43045208637846516
97731,0.34962644102304097
97732,0.36550422900076424
97733,0.3114964695209216
97734,0.3837917202213781
97735,0.3720091784489911
97736,0.3767128863973365
97737,0.38923514886405997
97738,0.40818207671179535
97739,0.3616766053417567
97740,0.4228123638538271
97741,0.36600999394647427
97742,0.32018726438456147
97743,0.33921332112324243
97744,0.2932210800133163
97745,0.3423659303739337
97746,0.3480502678273442
97747,0.3775258252102663
97748,0.39959919596472404
97749,0.35750327380458186
97750,0.4018196080027126
97751,0.4171778742097624
97752,0.34063346633168434
97753,0.38638959888934266
97754,0.3613428231014462
97755,0.39828161774300375
97756,0.3077795582106963
97757,0.3103667244994233
97758,0.3720297902176622
97759,0.34451065040031725
97760,0.31973575313352764
97761,0.32619494761358536
97762,0.3112669456954057
97763,0.32103787452248417
97764,0.3163429876505766
97765,0.3181731592287107
97766,0.3247428541907264
97767,0.3493763784921512
97768,0.3109275516808446
97769,0.36956008816003766
97770,0.32726900020875455
97771,0.3432778968748436
97772,0.3841717606054331
97773,0.3174737206383644
97774,0.3944412425182271
97775,0.42279933138465453
97776,0.33961344973289526
97777,0.33788273424650084
97778,0.3676243251866908
97779,0.3713478394800581
97780,0.3062977347081338
97781,0.32872731523713056
97782,0.36214534362773715
97783,0.38589477649406084
97784,0.38424853149419635
97785,0.3307658028985495
97786,0.3695390588263801
97787,0.33682090764296324
97788,0.3461058183780849
97789,0.394709040555931
97790,0.3158001165594206
97791,0.31846867401741885
97792,0.33824919577762375
97793,0.3237956268045199
97794,0.3322346961100405
97795,0.35585718513046516
97796,0.30529532231297707
97797,0.36235781885166674
97798,0.3483553819647033
97799,0.3562241976712585
97800,0.3657591496729755
97801,0.3131745205613728
97802,0.33117861712371327
97803,0.35502951101377583
97804,0.4174437081042115
97805,0.35614467721663956
97806,0.35526255569789866
97807,0.4275681906579716
97808,0.3495202459507831
97809,0.3061405928437072
97810,0.38598695339745276
97811,0.34003687697841156
97812,0.34848743915638764
97813,0.30778981542240824
97814,0.36300155396694156
97815,0.3035329032180733
97816,0.368492652859133
97817,0.36844454202631377
97818,0.3865711696112911
97819,0.33213904355084767
97820,0.39497327862120085
97821,0.3750700904771997
97822,0.3829784721886613
97823,0.3417448666382229
97824,0.3535744159856976
97825,0.3688679286911374
97826,0.30946163023359435
97827,0.34908344512615636
97828,0.3602220454079206
97829,0.34159944016062826
97830,0.3412765910178523
97831,0.34666088544612106
97832,0.30705659662385903
97833,0.4132868469114236
97834,0.3842507143234512
97835,0.350287256331652
97836,0.3350957042098638
97837,0.3482545755624924
97838,0.3033980870811763
97839,0.3615892315805831
97840,0.3854469013290898
97841,0.36218619198668384
97842,0.3280144320441609
97843,0.37880336293722716
97844,0.2803164750358996
97845,0.34928503786207754
97846,0.34285618447111
97847,0.33199159942576406
97848,0.42078085467855064
97849,0.368028823466779
97850,0.30494606710270256
97851,0.31211734366960653
97852,0.35553588726214125
97853,0.3995705892123206
97854,0.37987857341236875
97855,0.3391931436029977
97856,0.3514033158259583
97857,0.3593343465779386
97858,0.3134579443142885
97859,0.38528852806718433
97860,0.3602423193724352
97861,0.35632589279287163
97862,0.37336643433766675
97863,0.31919302309630715
97864,0.386902384658056
97865,0.2907185082680366
97866,0.3462335216138688
97867,0.4490477953344835
97868,0.31466623654216197
97869,0.35640514216684616
97870,0.3190788877802241
97871,0.34977170094921994
97872,0.3703186460751119
97873,0.359564948671345
97874,0.3182046984197227
97875,0.3297786754825206
97876,0.36278342432955724
97877,0.3707650534407355
97878,0.30269980115721246
97879,0.36014404384434484
97880,0.34342167950582575
97881,0.3578037088795486
97882,0.32906609768852796
97883,0.3431722878579551
97884,0.35764239154950866
97885,0.3760714771093516
97886,0.42650484629449903
97887,0.41308901692978306
97888,0.35144141609300117
97889,0.3564165039339906
97890,0.4171839269875711
97891,0.29622214656402956
97892,0.35675698753724405
97893,0.3879942872804253
97894,0.31949572447257063
97895,0.4150519491990006
97896,0.2958250544144679
97897,0.3588641047349759
97898,0.35386485058530315
97899,0.3119831608329705
97900,0.3608678893809156
97901,0.3657454208785874
97902,0.32155698937877536
97903,0.38285200084123244
97904,0.3222630264888306
97905,0.37740923590056497
97906,0.37696919298023696
97907,0.32237647952524573
97908,0.34326208380254486
97909,0.3849116902747175
97910,0.3429116059402267
97911,0.29578545507576415
97912,0.3481009891620691
97913,0.3071697383625057
97914,0.38625981665901415
97915,0.3933578220781561
97916,0.3701705562002209
97917,0.33022320552477874
97918,0.4304901612197829
97919,0.372223672011611
97920,0.395241412352813
97921,0.330110041901443
97922,0.3963866443481364
97923,0.36041984435969293
97924,0.3161269064918794
97925,0.3631753948102969
97926,0.3155173385830951
97927,0.37270195174628523
97928,0.40708102143644637
97929,0.3454795968709288
97930,0.34433336202875314
97931,0.3190493677620879
97932,0.3531851900101545
97933,0.38474185020823604
97934,0.38532631450608135
97935,0.32409992870986837
97936,0.33252979760647516
97937,0.3308998214378466
97938,0.33600184678919265
97939,0.28414754673513265
97940,0.3456075281279129
97941,0.30925140311245725
97942,0.3188091179742688
97943,0.3767551258137292
97944,0.3142308740965799
97945,0.35457086840012486
97946,0.3039068101130862
97947,0.34352944126987617
97948,0.4124896087971287
97949,0.3157649352595054
97950,0.35858056897962787
97951,0.355888915236954
97952,0.27476641626787934
97953,0.2977528173327256
97954,0.37493730073167425
97955,0.36654376735693983
97956,0.3161553127930504
97957,0.31202562767439046
97958,0.3432237138180483
97959,0.3535834499460392
97960,0.3947409867071121
97961,0.37557474471607477
97962,0.33463997268565077
97963,0.35263267562200434
97964,0.3160689468477878
97965,0.34779335312282755
97966,0.3338424031407538
97967,0.3678339053525705
97968,0.3570313191901789
97969,0.29746323315532924
97970,0.33468824915832956
97971,0.3430656194989654
97972,0.3689719718993101
97973,0.38684644421071435
97974,0.2961339125575093
97975,0.36792781767962385
97976,0.31589641516508205
97977,0.3333950675477505
97978,0.37963333379766206
97979,0.3028624932800373
97980,0.36689620083793206
97981,0.3277430051757711
97982,0.4340607524985459
97983,0.4202936748881294
97984,0.36091938799687495
97985,0.27971218000614007
97986,0.34761175303980363
97987,0.284238933637381
97988,0.40518186191155786
97989,0.3289340873132151
97990,0.3593637002051777
97991,0.39759868450815367
97992,0.3845658849169921
97993,0.30425533626513435
97994,0.31437567466179533
97995,0.3320363480767321
97996,0.351728600761656
97997,0.30563646404831585
97998,0.2882722297538339
97999,0.33320124111558813
98000,0.3846383778369367
98001,0.4095874277115037
98002,0.37276307086930194
98003,0.4002450290760856
98004,0.352400372762551
98005,0.3252865798352754
98006,0.3276448760621615
98007,0.3505230803269173
98008,0.30972861658152234
98009,0.3050398058971456
98010,0.3398131186914705
98011,0.3071512179797563
98012,0.33737328239122755
98013,0.36223438925503687
98014,0.33837255518266157
98015,0.3429166684204843
98016,0.3316506237833422
98017,0.31653408165457186
98018,0.35105376712340325
98019,0.37712458936000776
98020,0.3535021257568124
98021,0.360464540185805
98022,0.37890103523409213
98023,0.3586903265327082
98024,0.35756725226301417
98025,0.37801154107089185
98026,0.3600094725551895
98027,0.3665997146008567
98028,0.413176417511857
98029,0.4078987133221626
98030,0.3224731664639696
98031,0.3812671447445403
98032,0.38731498783833085
98033,0.4021681875441396
98034,0.34293743754839956
98035,0.32900108337551376
98036,0.4108983488972321
98037,0.33610147263300405
98038,0.33650223738989316
98039,0.3574279135487074
98040,0.34057172564463056
98041,0.3934004648753767
98042,0.371505338166538
98043,0.34576931508581654
98044,0.318721475767523
98045,0.37726777898630104
98046,0.3400003690916763
98047,0.33759382751590056
98048,0.3132781204013607
98049,0.3205570319033135
98050,0.35902067428086026
98051,0.328400236923703
98052,0.2932455563312513
98053,0.3331555713301245
98054,0.33341579599590326
98055,0.3733689890104514
98056,0.3917000356864185
98057,0.3587722344554355
98058,0.2957087566362886
98059,0.3319883905601286
98060,0.32129123962977674
98061,0.412326086210029
98062,0.3129226020853507
98063,0.35892013741393425
98064,0.37422259212540926
98065,0.3383471911924354
98066,0.3335327111550481
98067,0.35743430936334586
98068,0.3815403964505952
98069,0.3742030585836701
98070,0.36924187337470443
98071,0.3695659663392693
98072,0.3130950638619018
98073,0.3434702439810896
98074,0.3256946658884768
98075,0.30475517189183104
98076,0.3704994153822567
98077,0.4070064093187506
98078,0.33107948342172666
98079,0.3570699266016129
98080,0.34822667059142043
98081,0.34548381484306095
98082,0.3425050438881261
98083,0.3103401410447221
98084,0.3938726363684625
98085,0.3945309883146436
98086,0.3601789473578291
98087,0.27943341056742826
98088,0.41558957150321196
98089,0.3553397810971457
98090,0.37082790829812234
98091,0.37015387976091824
98092,0.32953815599650266
98093,0.3612968328191903
98094,0.36400027711872535
98095,0.3601932015527668
98096,0.38155373358142886
98097,0.31446923985116215
98098,0.3427076247266774
98099,0.3918614933778376
98100,0.37530343394900234
98101,0.38935520667884316
98102,0.335121059570619
98103,0.33933691313484315
98104,0.34939164119545313
98105,0.31384937364956145
98106,0.4162567827054534
98107,0.38222058430136335
98108,0.38169619917142156
98109,0.37851169414694796
98110,0.3671357295911891
98111,0.38291613872282915
98112,0.36840391350988355
98113,0.3670015356485434
98114,0.39344395665415033
98115,0.34723858453331063
98116,0.28110741930253713
98117,0.3706565113896515
98118,0.35251878732894476
98119,0.4197198438877595
98120,0.38057085274427943
98121,0.36528647158636374
98122,0.3486475100888177
98123,0.354418228863361
98124,0.3834487044164427
98125,0.33836602705472874
98126,0.3283212118805819
98127,0.3150793796072686
98128,0.34248326759767816
98129,0.36350643837375257
98130,0.36088152281160035
98131,0.34105912970955554
98132,0.35445257738139324
98133,0.3556392904199812
98134,0.3986875077265549
98135,0.32697102255817617
98136,0.33361634723752204
98137,0.35571615885908353
98138,0.3552254592735593
98139,0.32752794131724755
98140,0.35158632998893236
98141,0.35242871650775276
98142,0.37409905109005986
98143,0.4260379386984634
98144,0.36181479584123205
98145,0.3749705170049209
98146,0.39935116989319863
98147,0.3295247888321321
98148,0.36653290865410265
98149,0.38481200420788164
98150,0.3129176132570282
98151,0.3436709720007832
98152,0.3677668467270524
98153,0.3718800564617553
98154,0.3320772352573943
98155,0.3357271071569386
98156,0.3452029718335583
98157,0.3860998477467423
98158,0.3783333045189444
98159,0.37307339984391774
98160,0.32642386585008787
98161,0.30327217937797574
98162,0.3939625610934807
98163,0.36616328488320987
98164,0.3443438351695304
98165,0.3442655652101392
98166,0.348013427185663
98167,0.34168400223951084
98168,0.3532955675141231
98169,0.32683647811423955
98170,0.3556891352961887
98171,0.34514955784391493
98172,0.3175040980795485
98173,0.3706193562360514
98174,0.37424318426372793
98175,0.35248800783725176
98176,0.33275477711925056
98177,0.3162258782618275
98178,0.35749896888422095
98179,0.38162879739721534
98180,0.36714274618655507
98181,0.3630480572111774
98182,0.4021513154346055
98183,0.30108111207441074
98184,0.34034426138594803
98185,0.37232951235945655
98186,0.37498332251603433
98187,0.3470199585809672
98188,0.360371993436273
98189,0.32757568385646746
98190,0.3396787203953848
98191,0.38726187866561584
98192,0.38848056985772156
98193,0.3648894772318039
98194,0.34849507799170254
98195,0.3618142843647463
98196,0.3514430846551173
98197,0.32012102489079186
98198,0.329226049790069
98199,0.33374302374856557
98200,0.3365303808131265
98201,0.3284268955576999
98202,0.3010683979133322
98203,0.32247399617884354
98204,0.3298186415948381
98205,0.36273862966590076
98206,0.33804952553481227
98207,0.35654560084676257
98208,0.3558529996097927
98209,0.3182503789932596
98210,0.3412667731836217
98211,0.3579748331551622
98212,0.39501756993892995
98213,0.34261500656951116
98214,0.3424499929566938
98215,0.3993032703499472
98216,0.3292059753863086
98217,0.29945072093617026
98218,0.3698062568465689
98219,0.4052915379647873
98220,0.39345388944263915
98221,0.35487154352740574
98222,0.4143289455966737
98223,0.33997227415462056
98224,0.3815690558855505
98225,0.31763804099089
98226,0.30473854589241445
98227,0.33677678136861966
98228,0.30965232731544334
98229,0.3957643202230712
98230,0.4052405837948518
98231,0.327512432566464
98232,0.35121078415421947
98233,0.38055069374662814
98234,0.3497745223039076
98235,0.33550644280574565
98236,0.3474303392478327
98237,0.3409643933050004
98238,0.3879775008488316
98239,0.385240017856694
98240,0.39143977691148224
98241,0.28463056715943463
98242,0.3880657146865115
98243,0.3830520478735639
98244,0.34498083953895664
98245,0.3532856792642027
98246,0.3702467159162015
98247,0.3461070714821048
98248,0.37759694659669546
98249,0.3939652027925471
98250,0.37743849298121884
98251,0.3527051276162212
98252,0.313824066526703
98253,0.3939636443646131
98254,0.3568923307373907
98255,0.2886079441053627
98256,0.3994934802296264
98257,0.3266591781852896
98258,0.3661810398689291
98259,0.3950458729216453
98260,0.38648971577218333
98261,0.30129457281557237
98262,0.36525136843625644
98263,0.3349337414674414
98264,0.3220120115525456
98265,0.3225532907195647
98266,0.33056897110141775
98267,0.3470320361236869
98268,0.3411330738015527
98269,0.31841536458046205
98270,0.34351402534355086
98271,0.3567055054071627
98272,0.4075364564802329
98273,0.4038682783687763
98274,0.3912871885012996
98275,0.30571321056179723
98276,0.3963348805715122
98277,0.3553991955961807
98278,0.36103240456603036
98279,0.39051694374539647
98280,0.36919140444613513
98281,0.33800120449657783
98282,0.3447489658617788
98283,0.297040775202669
98284,0.31724370035678806
98285,0.3983915969528906
98286,0.3939838336023296
98287,0.3565852624253791
98288,0.38376604195383013
98289,0.3905035030655198
98290,0.36591419222343413
98291,0.37045921458408
98292,0.3128515849686858
98293,0.37510296089097994
98294,0.3649090242503104
98295,0.3306834298566515
98296,0.3570293626312089
98297,0.35368500896418664
98298,0.34498749462279216
98299,0.3983598493793461
98300,0.33023535415409
98301,0.38510321643938406
98302,0.3334815919704585
98303,0.3882135682538713
98304,0.4242991187770675
98305,0.33724752874516994
98306,0.35488431181770586
98307,0.30981930462427837
98308,0.37502668445256804
98309,0.3127450715738148
98310,0.3536192648466008
98311,0.36508396612138805
98312,0.3454758993092926
98313,0.39160368608570056
98314,0.37824147768945054
98315,0.3680670637500965
98316,0.3386380432172408
98317,0.3317510298806558
98318,0.38712556650687113
98319,0.37597373285207214
98320,0.33843825602055727
98321,0.40405174356158413
98322,0.3606985558025075
98323,0.39271090305767814
98324,0.3534730487965544
98325,0.41649359553284104
98326,0.3397891881157681
98327,0.2968742884625014
98328,0.3405142402879807
98329,0.3540245717558798
98330,0.3890223717285412
98331,0.3874336378149011
98332,0.2922525532828416
98333,0.3223901506052044
98334,0.3801645574177715
98335,0.352300338266471
98336,0.31718901040300995
98337,0.3613349202700513
98338,0.37382485401562315
98339,0.29543405897446634
98340,0.43522424123082515
98341,0.40173834551026744
98342,0.34458647622785565
98343,0.3522264910534654
98344,0.3942841720494325
98345,0.32594232082123936
98346,0.38693889369520934
98347,0.3503808625721267
98348,0.3368029717645016
98349,0.3737849431751456
98350,0.3710971459796916
98351,0.3759916065361036
98352,0.3316025288962073
98353,0.3568056325668968
98354,0.31784390550469677
98355,0.3419292347196769
98356,0.3417241178073697
98357,0.3501204192924263
98358,0.3224806184240857
98359,0.3416035634049117
98360,0.3390712067987898
98361,0.3519273195413415
98362,0.33504362581468117
98363,0.34172304501701245
98364,0.3424470340555971
98365,0.3729728536285153
98366,0.3274981262966679
98367,0.327776032218795
98368,0.35276137263058494
98369,0.37497516981650586
98370,0.3348759987167253
98371,0.3601227413506503
98372,0.38328332386714603
98373,0.29324921011828187
98374,0.3302716841850354
98375,0.30823254263789635
98376,0.3635663514023801
98377,0.3595446149053054
98378,0.3345969434901193
98379,0.3291373541066455
98380,0.3665373855389239
98381,0.35161452765541445
98382,0.35583923296339937
98383,0.3115442753996853
98384,0.37363481682297395
98385,0.36730409447147694
98386,0.4007151911869851
98387,0.33653575240096717
98388,0.2749970738155864
98389,0.36395515165314585
98390,0.3378752072454486
98391,0.36175208897357586
98392,0.3439384377908529
98393,0.39241983881108855
98394,0.358599928007284
98395,0.3530110029987259
98396,0.3984735891394956
98397,0.3677531748529507
98398,0.3519259586970507
98399,0.35464932443458963
98400,0.3698537333456012
98401,0.36942932217983826
98402,0.4037774110762484
98403,0.35705249375082593
98404,0.3769644859005568
98405,0.36033109934994256
98406,0.34414494556069514
98407,0.3649273379429886
98408,0.4347260050750965
98409,0.35500029708080266
98410,0.32058066755624376
98411,0.34656167995045395
98412,0.3441820671351884
98413,0.3013830902826322
98414,0.3270573060471458
98415,0.3495007129009547
98416,0.352861258472813
98417,0.3786171895929335
98418,0.3319466109826648
98419,0.4077299382753008
98420,0.3973633630477458
98421,0.36163540895099444
98422,0.3124251424290207
98423,0.36661808886609515
98424,0.3419772912542416
98425,0.340548203554449
98426,0.36242653961338295
98427,0.3762482892605
98428,0.40413864972101704
98429,0.39481152673063463
98430,0.3607242885500002
98431,0.3599202080758356
98432,0.2912891571439488
98433,0.3280010799475817
98434,0.32222994316928827
98435,0.32815440869554374
98436,0.3439956805688253
98437,0.33751238674590495
98438,0.3805304307287588
98439,0.33275359958737805
98440,0.34327529931103606
98441,0.3271335444730359
98442,0.3163662418746781
98443,0.35537098444785314
98444,0.36810774709404537
98445,0.3529992189726361
98446,0.3661280515241343
98447,0.40724606560991866
98448,0.37046577516786666
98449,0.37793668626454535
98450,0.380495140780004
98451,0.3796390094827291
98452,0.34683140789285766
98453,0.3474084248434887
98454,0.35835722748564797
98455,0.36280032566220266
98456,0.35357247924453655
98457,0.3482252452773785
98458,0.2670252982418635
98459,0.3661346560391329
98460,0.38014509888695397
98461,0.3496599600724395
98462,0.37243804830720106
98463,0.30895798327503027
98464,0.32409777510035326
98465,0.347730714079533
98466,0.36330914107165607
98467,0.33893021577270227
98468,0.38105800165512005
98469,0.3415741414912929
98470,0.36564620044871826
98471,0.3397438749303704
98472,0.3307117357176465
98473,0.30267333102712474
98474,0.3239932358995943
98475,0.3515463723730392
98476,0.3592679115128084
98477,0.32577436329524617
98478,0.33453557579285337
98479,0.2807490808012316
98480,0.35567761331627973
98481,0.33613159896857403
98482,0.3523281063572538
98483,0.35307576545603214
98484,0.3953793468809662
98485,0.38557693325139564
98486,0.30094895655994175
98487,0.3316818011202879
98488,0.3120738708608748
98489,0.3571947310287255
98490,0.27941431883918477
98491,0.39126225992873404
98492,0.28255976430385193
98493,0.36675039753059047
98494,0.33744493296254857
98495,0.28849600038958473
98496,0.3332967634737342
98497,0.3441483625679382
98498,0.3371004090605703
98499,0.3094514469116754
98500,0.3822071412461261
98501,0.3707366199660748
98502,0.3509581563511184
98503,0.32411851296177374
98504,0.35505309336540486
98505,0.33506544369449487
98506,0.3518669179873545
98507,0.3986872292755246
98508,0.37790736798812674
98509,0.34609745760737964
98510,0.3089316954356015
98511,0.41192284470165674
98512,0.39651701537108586
98513,0.37818441260119745
98514,0.3121045266305002
98515,0.3567078707185744
98516,0.3661763600883402
98517,0.37798079606915136
98518,0.33883538065614416
98519,0.3943228327377996
98520,0.33892611044973475
98521,0.38977628140429776
98522,0.40887713630461875
98523,0.3539707232281573
98524,0.40786479646897883
98525,0.36802614711646986
98526,0.32957599500040324
98527,0.32951197104604946
98528,0.3478650449025587
98529,0.31240954501477947
98530,0.35641787589675644
98531,0.3433127885714258
98532,0.37447140305371696
98533,0.33598536333952383
98534,0.33162824138753855
98535,0.3844855263055911
98536,0.384272309344268
98537,0.34145718639426204
98538,0.38932801813335705
98539,0.3514068660309647
98540,0.32760732136442355
98541,0.31245284876508783
98542,0.3379948620593431
98543,0.33280163580107086
98544,0.3425683331654618
98545,0.36349160484598025
98546,0.36063548378517735
98547,0.3888185146082694
98548,0.3479752573494992
98549,0.37673345198782404
98550,0.34086335762032294
98551,0.32336254606924636
98552,0.3514640685336113
98553,0.38426435513174684
98554,0.3879901426178018
98555,0.32623591028026294
98556,0.3996868011181548
98557,0.3532250292837196
98558,0.3449614283228988
98559,0.3541105643011703
98560,0.32543169265269395
98561,0.3696670388033907
98562,0.34911806533436374
98563,0.32685977835114244
98564,0.3832574967035364
98565,0.3763646020002598
98566,0.3833629952101235
98567,0.3098316316509173
98568,0.3686593575818181
98569,0.3019833776508414
98570,0.3175232170546307
98571,0.3298714894332875
98572,0.3670557097027296
98573,0.35352567570123106
98574,0.36174882850262646
98575,0.3062009674485802
98576,0.34338781370111093
98577,0.31880091549227163
98578,0.34524364840064264
98579,0.3583376436670379
98580,0.38547076191671925
98581,0.3903668832958823
98582,0.39361347375104405
98583,0.34672750562455007
98584,0.3418162340145072
98585,0.3340993842903117
98586,0.3562118606158554
98587,0.34312278813827574
98588,0.373090187725272
98589,0.3788042751513523
98590,0.3753770281197041
98591,0.3031554884850787
98592,0.3658201595750999
98593,0.3714503426686573
98594,0.37938688323173547
98595,0.2609702138363627
98596,0.36695051083550767
98597,0.3428473664652553
98598,0.3520776950448894
98599,0.3794087594034312
98600,0.36267616233589495
98601,0.29921909392894647
98602,0.3433143631884267
98603,0.32382272163260356
98604,0.3098524353347128
98605,0.34773602108163365
98606,0.34592278234554086
98607,0.35305113712427316
98608,0.3294652688033206
98609,0.35243598315548336
98610,0.3260808897484662
98611,0.32667961666704165
98612,0.3392931858843531
98613,0.3516874226902703
98614,0.3680703164064972
98615,0.3334404796537739
98616,0.32144378845660904
98617,0.3130932679028218
98618,0.274681273668654
98619,0.41294361217738396
98620,0.3866623156548161
98621,0.32694207946945
98622,0.38020690115025846
98623,0.32021752153952493
98624,0.3686765378951952
98625,0.37418758720334333
98626,0.4046936064051691
98627,0.2780703947747553
98628,0.3466488683821684
98629,0.3665378126771772
98630,0.33611856339076657
98631,0.3645085333805872
98632,0.4139996533995989
98633,0.39224540613604225
98634,0.346563856377024
98635,0.3786232216031821
98636,0.3306745399786561
98637,0.3520349384471168
98638,0.3197991277629157
98639,0.3493493326180126
98640,0.33045906760692284
98641,0.3453082366016623
98642,0.35693706866658426
98643,0.316389715474552
98644,0.30061544221998526
98645,0.36386901147859485
98646,0.41730968055934103
98647,0.3434908992682489
98648,0.3858159117864576
98649,0.37103378708002777
98650,0.2961302582844549
98651,0.41605901387052246
98652,0.33381226136106684
98653,0.322826990753826
98654,0.3494367803252974
98655,0.3680193747989217
98656,0.3843119643234739
98657,0.35860662064194915
98658,0.34558270914898537
98659,0.33618580216193533
98660,0.3275033733936486
98661,0.3651197250641588
98662,0.3169774518444776
98663,0.374800783638402
98664,0.31322469259465
98665,0.39999627382921155
98666,0.33735812366562956
98667,0.30805163646761113
98668,0.3667382238812422
98669,0.3056389174576166
98670,0.35204616529057087
98671,0.37875905295195306
98672,0.3311765393180178
98673,0.3938056360194493
98674,0.3441715000866414
98675,0.34535011501567325
98676,0.3318323686295804
98677,0.36453227728648285
98678,0.3629071716539006
98679,0.35569191291569424
98680,0.3845740872937974
98681,0.3174802744050381
98682,0.3469851983265656
98683,0.37546166450680984
98684,0.3544403089036314
98685,0.3641027580475546
98686,0.3221367765664855
98687,0.3884436024099444
98688,0.2940452429125974
98689,0.3875583406169101
98690,0.361896176308902
98691,0.3443742558233131
98692,0.3435764984403444
98693,0.32713576685645895
98694,0.33484872266750265
98695,0.38071414194465175
98696,0.32699146330576634
98697,0.3550218357553535
98698,0.3483051510616508
98699,0.305190632803502
98700,0.3417674645346912
98701,0.3968119851134431
98702,0.3678823360776628
98703,0.4214311755685114
98704,0.31561200506423787
98705,0.3501949790462462
98706,0.365674786701253
98707,0.3483958592368694
98708,0.3552796918444825
98709,0.3892050171432317
98710,0.3066351076120254
98711,0.3376931740649085
98712,0.36454969921523855
98713,0.33796177351402107
98714,0.3600642041023225
98715,0.4142828727209036
98716,0.3539071898999165
98717,0.3364743613384275
98718,0.3996702810292459
98719,0.36502470495903777
98720,0.3702875055178534
98721,0.3787308263660467
98722,0.30618568574854366
98723,0.34373426101090376
98724,0.3157524669687039
98725,0.3403663152711202
98726,0.39486300060867907
98727,0.41797436283169054
98728,0.32900585683631706
98729,0.3551573388915379
98730,0.36015253231527855
98731,0.33997217961507115
98732,0.3610782606696303
98733,0.35573880452583223
98734,0.35296039826422104
98735,0.31373978939385483
98736,0.3913869399784943
98737,0.330435204432387
98738,0.2953204280905626
98739,0.3684886588750686
98740,0.31756738694084935
98741,0.3724071615579055
98742,0.3439134130294527
98743,0.3710162152966532
98744,0.3312049337311614
98745,0.35431092047213486
98746,0.31386033248192735
98747,0.36525627751952555
98748,0.3503420003215672
98749,0.31798231353494977
98750,0.3858543976405954
98751,0.3372590609428224
98752,0.3850804433400757
98753,0.39337400085595253
98754,0.38126452748054035
98755,0.3533381447753658
98756,0.3871808054707868
98757,0.33844421142655284
98758,0.2993858840100207
98759,0.3377858908295348
98760,0.3595004299068258
98761,0.3032518243656007
98762,0.33688888334368433
98763,0.3779691927586098
98764,0.374371463710802
98765,0.39940148775685774
98766,0.37045722738344244
98767,0.35541982437473635
98768,0.3673760556222906
98769,0.34510795669760264
98770,0.341108677528309
98771,0.37665122446020977
98772,0.3735331150877577
98773,0.34290838174360166
98774,0.36502059774597273
98775,0.32994497285750984
98776,0.3116079069015283
98777,0.3704794761814147
98778,0.3816663585944837
98779,0.3671377070933334
98780,0.36842127267459684
98781,0.3600843369822523
98782,0.3709503494327118
98783,0.37003869523818694
98784,0.33055725242543427
98785,0.3167158877309915
98786,0.34992563526181364
98787,0.3489648498682924
98788,0.3318144350338164
98789,0.38538625871642457
98790,0.3892873768253138
98791,0.3354332049143782
98792,0.3153380986970452
98793,0.33117905274935444
98794,0.3594665770835711
98795,0.3732415615443534
98796,0.33864535928037176
98797,0.30362594853684993
98798,0.34830458618333704
98799,0.2999185726372495
98800,0.3367624214040262
98801,0.3898822786912647
98802,0.342250833043779
98803,0.36053731962843744
98804,0.37329433463401396
98805,0.36726600765753803
98806,0.4009070743750523
98807,0.393303956459309
98808,0.3099547570531788
98809,0.3885868036821992
98810,0.3142404207855163
98811,0.33247517798437637
98812,0.3135192142921487
98813,0.32963129770536265
98814,0.33860337667274776
98815,0.36727359501668627
98816,0.3110929925573778
98817,0.39602274945814775
98818,0.3981530840550501
98819,0.32820441602251516
98820,0.35305535082735245
98821,0.3940198101743968
98822,0.3191480782387079
98823,0.4193906617729256
98824,0.3568330287247576
98825,0.3472437609999697
98826,0.37403366701436425
98827,0.35000195657100847
98828,0.3397601525210084
98829,0.39922894044190615
98830,0.39612332054183347
98831,0.35613982570379
98832,0.317355166504664
98833,0.38109231197012006
98834,0.3360981877655798
98835,0.3568172363160011
98836,0.40676000736656476
98837,0.2715709276555657
98838,0.36590057595476155
98839,0.3426513299536039
98840,0.3906452580786408
98841,0.33444291045262753
98842,0.37955240607583496
98843,0.3638496959720696
98844,0.3549565632092996
98845,0.38703612504569024
98846,0.33930879842308065
98847,0.34947801392090455
98848,0.38313983233869014
98849,0.3801727209222375
98850,0.38990086259216195
98851,0.3861369610658064
98852,0.3173537838740402
98853,0.37832540298798933
98854,0.41399627266751177
98855,0.3463839926961601
98856,0.36528559784351866
98857,0.3715056190826745
98858,0.4211026242179666
98859,0.3489759576526616
98860,0.39623791756761007
98861,0.3482271313689905
98862,0.3438954052709662
98863,0.39296383561191534
98864,0.3606617022091523
98865,0.37451322220817956
98866,0.30913847720784576
98867,0.32317469514917113
98868,0.3819691732307098
98869,0.32399008635412363
98870,0.32889867192624717
98871,0.2958784527975326
98872,0.36104690384323307
98873,0.3393712205824932
98874,0.3094031014745613
98875,0.3542216270671252
98876,0.40898620027768484
98877,0.34685097134545106
98878,0.3589934340971333
98879,0.3066843993671465
98880,0.3621034599429954
98881,0.3710483466431423
98882,0.3437538147567718
98883,0.35871165784054354
98884,0.342222269455634
98885,0.3781228866067319
98886,0.2971131339019507
98887,0.3841151481593814
98888,0.3767516530193185
98889,0.3065614337801567
98890,0.36370851177237007
98891,0.3209945930678093
98892,0.3005794832216121
98893,0.3297601616666346
98894,0.36581385280212125
98895,0.35921489789528027
98896,0.34747176376195726
98897,0.3567225287583033
98898,0.3255029875450261
98899,0.38198388818485085
98900,0.40658587569103977
98901,0.32135448815640616
98902,0.342570050195034
98903,0.30988154919307354
98904,0.33638038155611083
98905,0.3580418454579798
98906,0.36721573761183124
98907,0.37108791053380946
98908,0.3643132627495227
98909,0.29188993734755847
98910,0.3551617167449486
98911,0.34768413532955605
98912,0.3732628371377812
98913,0.362196462502774
98914,0.4178925903076215
98915,0.280138922252159
98916,0.3125006556094761
98917,0.33726320959576983
98918,0.33365456345135786
98919,0.3521798795897446
98920,0.34479854182789205
98921,0.3481992797593846
98922,0.33615536492673737
98923,0.363932488635498
98924,0.3548704028453964
98925,0.3521053761208232
98926,0.3231972188119847
98927,0.35000023285173915
98928,0.34192594093617146
98929,0.34555596885545964
98930,0.37575317759235316
98931,0.38792026611553976
98932,0.3765882038591363
98933,0.35551565092741455
98934,0.3353297340722495
98935,0.31508501578486325
98936,0.3277563595458636
98937,0.39238929136499207
98938,0.3713162509748778
98939,0.30553174567423697
98940,0.36654765327586464
98941,0.37878942217238715
98942,0.3461550107046359
98943,0.34438510236227116
98944,0.3574027184533397
98945,0.342002075859223
98946,0.31049141117296575
98947,0.3457698256295765
98948,0.33659834112092823
98949,0.33409399647296767
98950,0.30853937964212724
98951,0.3434700853013327
98952,0.38365583678271753
98953,0.40424163830153087
98954,0.3897600544423826
98955,0.3879180782816952
98956,0.31979974137307104
98957,0.3999015893136927
98958,0.3724193765114122
98959,0.38796225149933555
98960,0.34256198629678253
98961,0.33723217255320204
98962,0.32328001929718464
98963,0.3691867220950522
98964,0.33431669010585263
98965,0.3260243609669466
98966,0.3635766540680479
98967,0.4085823243951699
98968,0.2980187567361958
98969,0.34813415906356937
98970,0.36576874141697646
98971,0.3897255677623611
98972,0.3586322564410514
98973,0.3828133791136895
98974,0.38153388994351306
98975,0.37167400390345506
98976,0.32520096646671476
98977,0.3524031519566028
98978,0.34971350308192584
98979,0.41540509263736614
98980,0.29584248065127994
98981,0.31956694729511104
98982,0.3745873547074276
98983,0.3622016541163481
98984,0.35720114087370314
98985,0.2795603717380658
98986,0.33358095591457276
98987,0.368330273804208
98988,0.3288498965492985
98989,0.33809896912711707
98990,0.31334460448193363
98991,0.3222036708708095
98992,0.36017893216756414
98993,0.32937012839048563
98994,0.3171357930807942
98995,0.3745772984706327
98996,0.3491845453583426
98997,0.3129603279651522
98998,0.40542658293970935
98999,0.34443445502572656
99000,0.21622248304816488
99001,0.23664228357785988
99002,0.22320215666366833
99003,0.22705225493634476
99004,0.25814795252798867
99005,0.21920715787443648
99006,0.24567492576672761
99007,0.2988413434521907
99008,0.3102335853990466
99009,0.3114260551122187
99010,0.3070595710176904
99011,0.33305112009202703
99012,0.35257305020760693
99013,0.31886204458785056
99014,0.3620784614136105
99015,0.3720712480294346
99016,0.3677505444694089
99017,0.38291681288041207
99018,0.36656107977080926
99019,0.447216350892526
99020,0.4310554772529253
99021,0.4356655048145225
99022,0.4348023441023568
99023,0.45320244968917706
99024,0.4691766457569241
99025,0.46621514655677265
99026,0.49862488750629214
99027,0.4625367299353812
99028,0.5108681348071735
99029,0.47657589052006744
99030,0.5182064755139966
99031,0.48535843994552275
99032,0.5345703928980601
99033,0.5646700491120068
99034,0.5371764608072241
99035,0.5776436468390151
99036,0.542295608541081
99037,0.5484716875388469
99038,0.5663856520001634
99039,0.5742440259178495
99040,0.567514271119291
99041,0.5597106335257336
99042,0.5820215503967964
99043,0.6730689531698453
99044,0.5953640533781218
99045,0.5975407161893379
99046,0.6278143521345984
99047,0.6592429882003022
99048,0.5931338686715679
99049,0.651553798842057
99050,0.6084676685247162
99051,0.7514189483921508
99052,0.6813672245801948
99053,0.7635342223040409
99054,0.6540603217129235
99055,0.6335982201982976
99056,0.6659407889909578
99057,0.6948027972864396
99058,0.7336505502917231
99059,0.7028318639028722
99060,0.7033438513761099
99061,0.6770855407772683
99062,0.7580396117343889
99063,0.7080570932156937
99064,0.6983391769381624
99065,0.7200761261927796
99066,0.8300515202259998
99067,0.7497908425812498
99068,0.7122762018894269
99069,0.8174914881691014
99070,0.8272738340115576
99071,0.765980848577485
99072,0.753482921080629
99073,0.8289629573973794
99074,0.8106741204328772
99075,0.7975706313417573
99076,0.825167542408073
99077,0.8509604966263753
99078,0.8660824377791891
99079,0.8607784635871718
99080,0.8472460090192842
99081,0.8965289503970617
99082,0.8802863248963319
99083,0.8385319815170947
99084,0.8504948986068869
99085,0.8864865470001253
99086,0.8655336012517935
99087,0.8717480958356991
99088,0.8658328540660868
99089,0.8870909104974726
99090,0.954470533710187
99091,0.9154489789068925
99092,0.9087150139899761
99093,0.9217657410278141
99094,0.9134080303972154
99095,0.9870609252092042
99096,0.9741782271082198
99097,0.8670013690095779
99098,0.9125985077077986
99099,0.96782676565325
99100,0.9383308642932374
99101,0.9775598081790222
99102,0.984251719153809
99103,0.9517355116653501
99104,0.9710254783552696
99105,0.9798586443281184
99106,0.9766136222576703
99107,1.0156401814541804
99108,0.9718953840351938
99109,0.9765989672108982
99110,1.024305858367831
99111,1.0584341503494632
99112,1.0249835908402383
99113,1.0686505028229858
99114,0.9545530177900164
99115,1.0023719402115692
99116,1.0487689891402059
99117,0.9981763133755259
99118,1.07337535180462
99119,1.041691735522063
99120,0.9981926293052055
99121,1.0210111396115928
99122,1.0668716566042065
99123,1.0236897750962968
99124,1.1004948775573642
99125,1.0430378139429137
99126,1.0268724689724378
99127,1.0859175371372123
99128,1.0879710347715144
99129,1.0909409370128411
99130,1.115518524892893
99131,1.1185214044609044
99132,1.073873436787093
99133,1.1327391416627823
99134,1.0657857528672987
99135,1.1480364184930265
99136,1.1163881971236747
99137,1.1469427319316634
99138,1.1415930626218587
99139,1.1280987693998128
99140,1.132547179822338
99141,1.0858807462337758
99142,1.1124426530339713
99143,1.1108702853054677
99144,1.2003081403807823
99145,1.1932740100223145
99146,1.1473884684208235
99147,1.1811071541566596
99148,1.1516481172646225
99149,1.162588725181903
99150,1.2144591044979494
99151,1.2255898900932447
99152,1.214136576910827
99153,1.2016041898817578
99154,1.2186982557942792
99155,1.1482943427065304
99156,1.161491807084315
99157,1.2140698795767557
99158,1.2201767885065473
99159,1.2232495999404187
99160,1.2240993762801087
99161,1.204865209393161
99162,1.2126378092420265
99163,1.182336153340294
99164,1.2052403737807602
99165,1.2094466439864486
99166,1.2335212066328312
99167,1.2038373341090602
99168,1.2247168327186913
99169,1.2452375600094643
99170,1.2389128488657268
99171,1.266094086212389
99172,1.2383713697252936
99173,1.2589755156022515
99174,1.2526627920679883
99175,1.2328341941455658
99176,1.269538697393498
99177,1.259176848334353
99178,1.2643698484531365
99179,1.2856978241247252
99180,1.283872412664861
99181,1.2797279385602514
99182,1.267388607035886
99183,1.276543628077154
99184,1.2844288695324426
99185,1.3027905538481448
99186,1.3052265345970386
99187,1.2330140042584579
99188,1.3179988920821986
99189,1.314726763186367
99190,1.3009708706464258
99191,1.3315101881315248
99192,1.2841171259730777
99193,1.2964433867389815
99194,1.351842545227361
99195,1.3093680675232515
99196,1.3209466669334298
99197,1.3008923659634
99198,1.3060015565413194
99199,1.3221928788097206
99200,1.3518126621859814
99201,1.3801099127751286
99202,1.3391996897266838
99203,1.3372042505907027
99204,1.3523788737176472
99205,1.3691092778243465
99206,1.3680257024911449
99207,1.3234687672039773
99208,1.3272711865649458
99209,1.3746423345138987
99210,1.3463780025701801
99211,1.3347402384528768
99212,1.3478011094578093
99213,1.3015440923432968
99214,1.3507543084827782
99215,1.3270467480269055
99216,1.3502086245443747
99217,1.3233323663430783
99218,1.3986727364591056
99219,1.3744525073581593
99220,1.3653370737972783
99221,1.3567428675184223
99222,1.3606363080144501
99223,1.411802145312415
99224,1.3684284832121991
99225,1.3247363338720741
99226,1.384067082076166
99227,1.4109723272605041
99228,1.354299544508618
99229,1.3749116172334868
99230,1.378257948319159
99231,1.400334614109511
99232,1.3891732895367275
99233,1.466444434386366
99234,1.410845204158213
99235,1.4338374906341749
99236,1.4654660506445083
99237,1.391330410009651
99238,1.4182428035331551
99239,1.436263074865697
99240,1.4612145637501355
99241,1.4162990098708814
99242,1.417930182189689
99243,1.4136199898987176
99244,1.4148841273329398
99245,1.3582593560328846
99246,1.3894661913956985
99247,1.4116704058525669
99248,1.4571162205058712
99249,1.3905631174020072
99250,1.4415736392956287
99251,1.4549318387990355
99252,1.4128625954343763
99253,1.4153696109992122
99254,1.3824954165877799
99255,1.395581608756456
99256,1.4361211379520296
99257,1.4311933644249417
99258,1.408491860248714
99259,1.4616567965405178
99260,1.442236063608057
99261,1.5072918636522392
99262,1.4160706961225045
99263,1.4856666056262444
99264,1.5045639048609378
99265,1.4827737845083486
99266,1.473424767014348
99267,1.4265759461825396
99268,1.469639103676531
99269,1.4478013991317142
99270,1.4291893427501612
99271,1.444753459374004
99272,1.4774381632680962
99273,1.522064335403973
99274,1.4986985513809084
99275,1.4635338498167842
99276,1.4618390205199858
99277,1.4875068549366341
99278,1.4723283992825773
99279,1.4463481694497304
99280,1.4524660020834543
99281,1.4523164090254412
99282,1.4394333485851605
99283,1.4996192026124218
99284,1.4942073208682212
99285,1.5128499597030531
99286,1.4633222840625386
99287,1.4864908506208077
99288,1.4788692236778125
99289,1.5314845423744259
99290,1.5602964597984224
99291,1.574655488324202
99292,1.5029043540027933
99293,1.499806802915023
99294,1.4968223131688225
99295,1.5115953596228615
99296,1.5023096972238414
99297,1.5186085003257295
99298,1.4828859592040582
99299,1.5239831577053784
99300,1.5153695831539986
99301,1.5374772625421698
99302,1.4759854288639913
99303,1.536003782616141
99304,1.5154887234286343
99305,1.4840600937908408
99306,1.4890619621999537
99307,1.5378131622334361
99308,1.4672216867165204
99309,1.5666607103742827
99310,1.5123136602145841
99311,1.5153246163407377
99312,1.5407795982128614
99313,1.5057518254440008
99314,1.4947589447782301
99315,1.502023515204748
99316,1.5232931833256562
99317,1.5520199651195135
99318,1.514475722675605
99319,1.5335247180994556
99320,1.5261682993691015
99321,1.5449724021846736
99322,1.5051498249465824
99323,1.4989766192770457
99324,1.5428042006800644
99325,1.5603425358737735
99326,1.5676753662995488
99327,1.4799761303563572
99328,1.5739234316437978
99329,1.5212942181069922
99330,1.5622877809325002
99331,1.5237068312206792
99332,1.5284152193367522
99333,1.587542608253816
99334,1.501675267841186
99335,1.5383744306220506
99336,1.5455922953470123
99337,1.601799669701037
99338,1.5679154636090007
99339,1.5135607384146001
99340,1.5796633062739598
99341,1.5613582528934757
99342,1.5847270437801013
99343,1.5681879297001715
99344,1.58781019138497
99345,1.538617200878712
99346,1.6148512985773529
99347,1.5278669059951333
99348,1.5469420760072023
99349,1.56477427788905
99350,1.5928914815752147
99351,1.56888975134298
99352,1.5333824350077838
99353,1.5888425019383472
99354,1.5350754710202912
99355,1.5368850143257795
99356,1.6129894885753309
99357,1.5602352401522075
99358,1.622802787346021
99359,1.623822542541197
99360,1.572337709805906
99361,1.6001100987364396
99362,1.5628474514563502
99363,1.6082409987660293
99364,1.5252141633531842
99365,1.5693918292477669
99366,1.579331748644325
99367,1.5435125731182382
99368,1.5512759463955759
99369,1.5596989647950263
99370,1.555351771720622
99371,1.581327304071186
99372,1.6366165313383103
99373,1.6039953009223276
99374,1.629538459406495
99375,1.5874330397074712
99376,1.5517209661288909
99377,1.6530370657582756
99378,1.615605012291867
99379,1.5455954732261514
99380,1.6347537097668865
99381,1.5456883737766898
99382,1.5881713634466454
99383,1.6323142572265155
99384,1.6229744166994766
99385,1.5646316595024634
99386,1.5694830674009221
99387,1.5915665135712072
99388,1.589497650176704
99389,1.614088789733659
99390,1.5927805107547885
99391,1.5872342107685022
99392,1.563050152773102
99393,1.6123016282627203
99394,1.630505131653885
99395,1.6215081249383554
99396,1.5869646354660603
99397,1.610916375359956
99398,1.6036527959500495
99399,1.522738155151802
99400,1.5505398022998427
99401,1.585589880353371
99402,1.6159585302805428
99403,1.554626259386345
99404,1.5590023842843765
99405,1.6136550913839045
99406,1.6287112473068082
99407,1.5671556175989656
99408,1.6298004689261107
99409,1.593272224781795
99410,1.6338003137382409
99411,1.5772047673370226
99412,1.6203559782478114
99413,1.5587448120709344
99414,1.6002510934451406
99415,1.5937193870757966
99416,1.6173785585845362
99417,1.6258391495311584
99418,1.5832239083918056
99419,1.6247767970112614
99420,1.605099712467634
99421,1.596420845060817
99422,1.5555312773415457
99423,1.592687536659097
99424,1.6487787589509555
99425,1.5775313159948081
99426,1.6380518003112234
99427,1.6682439942989795
99428,1.5877275194085316
99429,1.639857314118748
99430,1.6401340623753147
99431,1.5395935927357256
99432,1.553309526993633
99433,1.6103850576996568
99434,1.621611124662588
99435,1.5874290371714912
99436,1.631439538772167
99437,1.5742796276947832
99438,1.5757338871902844
99439,1.5975723970439257
99440,1.588881113553168
99441,1.6082841249640554
99442,1.6306333968498217
99443,1.6205240084865113
99444,1.661777816222053
99445,1.6027316450714004
99446,1.6645255767044
99447,1.5924045283600927
99448,1.6416982597493395
99449,1.6537447833645555
99450,1.5763759039534566
99451,1.5829151324975876
99452,1.6304596812491294
99453,1.6200652133766342
99454,1.6275621042791777
99455,1.631564868764225
99456,1.623551748499464
99457,1.6490792535120329
99458,1.61914945030304
99459,1.658854494400945
99460,1.6828556308396956
99461,1.6445984897562373
99462,1.6048175363657426
99463,1.6631979139631943
99464,1.5950193210189734
99465,1.6252603171903777
99466,1.6408842523546838
99467,1.6530019239320979
99468,1.6069577426199084
99469,1.5684163808962015
99470,1.5986435058381
99471,1.6292790850403331
99472,1.6842641010888828
99473,1.666639092430525
99474,1.622676120131603
99475,1.6470609590838543
99476,1.680670516442739
99477,1.6452781689093732
99478,1.6479709638343254
99479,1.6166465618577985
99480,1.638031275163958
99481,1.629842297260181
99482,1.6452899087647264
99483,1.664696626136879
99484,1.6683806701673272
99485,1.6157405910142313
99486,1.656848111513025
99487,1.5939618550093897
99488,1.6421998118648362
99489,1.6207889388999706
99490,1.5888190650766543
99491,1.6074935090791787
99492,1.6605991215041578
99493,1.6618020996438128
99494,1.5883394855169997
99495,1.651725365858404
99496,1.654403094523952
99497,1.6415371174586328
99498,1.6748628330492004
99499,1.6464168728627546
99500,1.6331917087406334
99501,1.642212888329826
99502,1.6247660499011436
99503,1.5918301040140863
99504,1.703798170201695
99505,1.6403114367405391
99506,1.6403908899665542
99507,1.6248568014546358
99508,1.6147450888077735
99509,1.6273582710417396
99510,1.6213337797576708
99511,1.654000555915917
99512,1.6462462255441557
99513,1.6441477872237382
99514,1.6565953780481975
99515,1.6367659007291586
99516,1.6302178598226706
99517,1.6626355415859564
99518,1.617130969899913
99519,1.6971809084663776
99520,1.6405579786392126
99521,1.6553834882780527
99522,1.6573153439225952
99523,1.6480689804727604
99524,1.6666137255195632
99525,1.6295154596017043
99526,1.6753665477053896
99527,1.6606427996169342
99528,1.6364066196569058
99529,1.6401811272680764
99530,1.6482413482562057
99531,1.6201311576204773
99532,1.6585004980728786
99533,1.6408208677482947
99534,1.6545437452580098
99535,1.6179668142537915
99536,1.610769750348548
99537,1.6923771080960504
99538,1.6329625442849267
99539,1.6304608728715384
99540,1.639626263754576
99541,1.6397984810286823
99542,1.6784462953407209
99543,1.651230246253097
99544,1.669994858407619
99545,1.6566994636305679
99546,1.6369857784631527
99547,1.6913167958110702
99548,1.6850590284336007
99549,1.6100021250913452
99550,1.6403209977646456
99551,1.7429864938417476
99552,1.708404679748558
99553,1.6596340967919183
99554,1.64607644525509
99555,1.6807703909950151
99556,1.6665899805834021
99557,1.6574268996872275
99558,1.6751213856727627
99559,1.6544436575777837
99560,1.64359551140391
99561,1.6717486990170383
99562,1.640214543468784
99563,1.657287949712557
99564,1.686696280010345
99565,1.6876094911260597
99566,1.642960641946719
99567,1.621232339824468
99568,1.6597327402279787
99569,1.6374904781868196
99570,1.6803889699161445
99571,1.6803551677499429
99572,1.670587328495042
99573,1.6881360054236374
99574,1.6807928440679376
99575,1.722164128081906
99576,1.651507198240492
99577,1.675656796874199
99578,1.618498414959263
99579,1.71067493672491
99580,1.6545969970242953
99581,1.6657257692640732
99582,1.6768766137190967
99583,1.6889733468807484
99584,1.6368993975819643
99585,1.6826236558569796
99586,1.6532283889993764
99587,1.6922184773182454
99588,1.6708455989450721
99589,1.625182485778723
99590,1.662238239125933
99591,1.6373287522294206
99592,1.677459234642039
99593,1.6805450196655718
99594,1.606027201835761
99595,1.6825208744398525
99596,1.6807145249162205
99597,1.6555523232410152
99598,1.6879085246276773
99599,1.6694074594015924
99600,1.6686541220354467
99601,1.663659842067493
99602,1.6691181883365334
99603,1.6692238160373174
99604,1.6515711962640942
99605,1.7067293543957782
99606,1.6376726887603528
99607,1.674328110258706
99608,1.6919000804475681
99609,1.659558593723628
99610,1.654617265384583
99611,1.6863185295869556
99612,1.6716070821280822
99613,1.6430362840320538
99614,1.7153561525487901
99615,1.722845709754372
99616,1.6683728959850752
99617,1.654704860065825
99618,1.6795436081181399
99619,1.6573605110686545
99620,1.6696793604331088
99621,1.7371324767724374
99622,1.6509700486256085
99623,1.6570740735915184
99624,1.6843104229268564
99625,1.7044375927102324
99626,1.6852631676672967
99627,1.6941303606997153
99628,1.6964250096741782
99629,1.7028465563086637
99630,1.6244354275046817
99631,1.646667904701843
99632,1.6613777520856012
99633,1.6897471200632153
99634,1.6271539230036614
99635,1.6475938085173327
99636,1.7109226612210722
99637,1.6718576671452532
99638,1.6730977769151987
99639,1.6596192725863788
99640,1.5931238228448368
99641,1.636093209675913
99642,1.6789235927966921
99643,1.714119667152486
99644,1.6910625174725862
99645,1.672660805630338
99646,1.6600271227073204
99647,1.644061409235131
99648,1.6777392454942779
99649,1.7062994734674095
99650,1.6925774200095598
99651,1.6481327925809464
99652,1.7241251439766958
99653,1.717230025337289
99654,1.6807906679153177
99655,1.6695956846131055
99656,1.654119015822668
99657,1.6523100411459104
99658,1.6589245542457756
99659,1.637076940856727
99660,1.6639127405230674
99661,1.6741888328082333
99662,1.5948497863306548
99663,1.6499497130291176
99664,1.7126361773585432
99665,1.6059714918553645
99666,1.73319262660211
99667,1.6837840451790504
99668,1.6645654417773503
99669,1.6299121978503928
99670,1.6804954803843064
99671,1.7066145431940236
99672,1.715916259482281
99673,1.7020489765703943
99674,1.6592181695815376
99675,1.6558441821158234
99676,1.6710090644914257
99677,1.6878172114270535
99678,1.7082381184310196
99679,1.6554069886812701
99680,1.7261860371375777
99681,1.6769447535993667
99682,1.6876944508759453
99683,1.633019949865568
99684,1.6934025944860511
99685,1.659000831708955
99686,1.5978411748879877
99687,1.6753796031293804
99688,1.6982889322748884
99689,1.6403290586957826
99690,1.6985553547869041
99691,1.7038471348114517
99692,1.6638230431524925
99693,1.642180997807544
99694,1.685012294750096
99695,1.6427029526923806
99696,1.6692265743796526
99697,1.6181257519067234
99698,1.6775015667767523
99699,1.6923765779394038
99700,1.6831027191925605
99701,1.722988251495244
99702,1.6548290196642126
99703,1.6539990951417778
99704,1.6950118542422434
99705,1.7083263547816199
99706,1.6634152350325282
99707,1.7323850251889588
99708,1.725793442609955
99709,1.669657457725175
99710,1.6670491827512457
99711,1.6463477026060302
99712,1.6790664291490143
99713,1.6548706898815067
99714,1.6171022509003992
99715,1.652815413105157
99716,1.6896765017624373
99717,1.6517604827966283
99718,1.6576750863493346
99719,1.699545264540686
99720,1.671886578063929
99721,1.6881351196479004
99722,1.706493767232982
99723,1.7049342296431684
99724,1.7019453619288583
99725,1.6106059359971991
99726,1.653727151052676
99727,1.6612708802165017
99728,1.6695882589269744
99729,1.6956600639978896
99730,1.6987895580511798
99731,1.6946882845037703
99732,1.5860516834270304
99733,1.6652634357965013
99734,1.6874522524027107
99735,1.6517330749190071
99736,1.6360850752895568
99737,1.6855212921996698
99738,1.6475104196128856
99739,1.6834459215313888
99740,1.7000110585485366
99741,1.6632032727102677
99742,1.6420879408695885
99743,1.666432352804398
99744,1.6914400393765494
99745,1.6816836836024343
99746,1.6834951425789688
99747,1.6989259136136652
99748,1.645725745531731
99749,1.7174675991784312
99750,1.7055049011918761
99751,1.7055353196655938
99752,1.6748995461516307
99753,1.6868454571395415
99754,1.710676955280536
99755,1.6454115807336478
99756,1.680439350716403
99757,1.6674798794415366
99758,1.6481985742631737
99759,1.6657837422163768
99760,1.753487934754577
99761,1.6677198614202868
99762,1.6731317084910673
99763,1.6611143060440976
99764,1.7081147321568642
99765,1.69048965456012
99766,1.6812654930586837
99767,1.6621153240746964
99768,1.6614326538017976
99769,1.6300647769555354
99770,1.6770781478533747
99771,1.7446220583161731
99772,1.727058830529392
99773,1.6830680029270544
99774,1.6562299673390914
99775,1.6564090068399115
99776,1.6821286658427204
99777,1.6886513763139548
99778,1.6956128799972043
99779,1.7051882715438023
99780,1.6972489377167803
99781,1.6887504899216632
99782,1.6033510153735449
99783,1.6869868581664482
99784,1.626985971976989
99785,1.6600261954068625
99786,1.68184974854263
99787,1.662817480743158
99788,1.6333068972039815
99789,1.6462977716581588
99790,1.6313112327033543
99791,1.6355711540929327
99792,1.6708561270164857
99793,1.6919793313552844
99794,1.7317470079530608
99795,1.6905828002127001
99796,1.6483748996483554
99797,1.6806266929744076
99798,1.7199530554151354
99799,1.6274997354151033
99800,1.7018972768290677
99801,1.6817160659570933
99802,1.699896398361919
99803,1.6625701833608462
99804,1.657245613932812
99805,1.6985268980590726
99806,1.7007829613958376
99807,1.6835535680065925
99808,1.6519463084750632
99809,1.6442260602776897
99810,1.6643545957354744
99811,1.6750215382864417
99812,1.6769569086418885
99813,1.70027132145708
99814,1.6643831204794861
99815,1.6144866332308927
99816,1.6898707654803633
99817,1.7013714716854165
99818,1.7328797610124262
99819,1.6518159527239062
99820,1.7036394050561865
99821,1.7372028531413035
99822,1.6612535849265946
99823,1.6488158664300738
99824,1.6656442963921656
99825,1.6828709766359087
99826,1.7062936045415056
99827,1.6593647424959763
99828,1.6832837182561748
99829,1.7189956100026478
99830,1.7322411177203971
99831,1.6737514567770102
99832,1.6798442270003278
99833,1.679577619518496
99834,1.632516521456711
99835,1.6445057243346655
99836,1.6793947017934003
99837,1.7072320577545448
99838,1.6546724220593023
99839,1.652503666251913
99840,1.658503968860427
99841,1.7115826672424441
99842,1.6872471650070404
99843,1.7335170382002947
99844,1.698662327895692
99845,1.6633039112122903
99846,1.69895274689129
99847,1.6998685236594355
99848,1.6375655659275365
99849,1.6712896828131691
99850,1.6790276452751127
99851,1.6626820415060408
99852,1.6353680884899147
99853,1.6989390406567018
99854,1.7003130540694935
99855,1.6474567426869995
99856,1.6955344098286116
99857,1.680321936966037
99858,1.6826725076971973
99859,1.7189163432692949
99860,1.7536565877956884
99861,1.6651820533272095
99862,1.6868304585831604
99863,1.689546832048102
99864,1.6827469355318208
99865,1.698084417459866
99866,1.6636987751224102
99867,1.6610685908728133
99868,1.686810847301322
99869,1.6523607329480472
99870,1.6875805785111877
99871,1.6565475267948921
99872,1.7188177902965773
99873,1.7299949312848335
99874,1.7570919366667224
99875,1.6779721331780817
99876,1.645508222447769
99877,1.6354929246336591
99878,1.720607378697487
99879,1.724452758197366
99880,1.7271808623410683
99881,1.6510645968624473
99882,1.674501565403507
99883,1.673617101355444
99884,1.6817558179461718
99885,1.7153860410554866
99886,1.6501890872829137
99887,1.674195096127141
99888,1.6677773370432611
99889,1.6780405379260412
99890,1.6714105608016017
99891,1.6959594910558475
99892,1.6707357103287903
99893,1.6940922203757096
99894,1.6862134436236373
99895,1.6782718645416534
99896,1.6141937951525274
99897,1.6657219983868874
99898,1.7001928586318735
99899,1.6595569128773378
99900,1.6791893573822387
99901,1.6901878552916603
99902,1.6343335543631468
99903,1.6633126625016172
99904,1.6572404539921253
99905,1.6000300452730534
99906,1.6743999962691543
99907,1.7042951807404678
99908,1.6537346655742264
99909,1.673771666498593
99910,1.7288313630963887
99911,1.6332905100204784
99912,1.7560625269564158
99913,1.6662250540324093
99914,1.6600110901446798
99915,1.653586234071389
99916,1.6853077711496605
99917,1.7110397055640627
99918,1.6645555704647166
99919,1.7128755890251153
99920,1.66090174725141
99921,1.734232299327932
99922,1.6527606444767218
99923,1.7198184901115587
99924,1.6076118141402522
99925,1.729260566712309
99926,1.6570966928469657
99927,1.672188082193447
99928,1.6794910217572483
99929,1.7009018261957851
99930,1.738268970977746
99931,1.6745148901818991
99932,1.708655802936276
99933,1.6589950833872262
99934,1.6865561058863905
99935,1.6567091489135781
99936,1.7138161732528772
99937,1.7099860347361626
99938,1.6958098643768635
99939,1.6288974784812127
99940,1.7139761070481276
99941,1.6363434817370655
99942,1.705501425091384
99943,1.690634729629111
99944,1.6699937756964074
99945,1.6598801056711918
99946,1.6894154646326127
99947,1.663752448205119
99948,1.6828916629925745
99949,1.6232277991064026
99950,1.6868593405265655
99951,1.6786129751196548
99952,1.7202949987605263
99953,1.7363747883237755
99954,1.6558148636671541
99955,1.6717815570232826
99956,1.6649639782675454
99957,1.7115919080671806
99958,1.6690948444798097
99959,1.7207842994789615
99960,1.6836836652646516
99961,1.641133307208606
99962,1.683302429709052
99963,1.6725292337471094
99964,1.6827196139767082
99965,1.6492864020977902
99966,1.7271800737552165
99967,1.6888442637852297
99968,1.650428422664022
99969,1.6579034036425346
99970,1.6729611953423185
99971,1.6703258455398147
99972,1.7423539158903272
99973,1.665794951254244
99974,1.707913744503887
99975,1.6868783596284573
99976,1.645231286112672
99977,1.7110485303195453
99978,1.7189273619643004
99979,1.7463831197316806
99980,1.7198515689865903
99981,1.7291337645331892
99982,1.7362391002049995
99983,1.6465907534158892
99984,1.595972548220822
99985,1.719842470541953
99986,1.674314934047781
99987,1.6495513490798162
99988,1.634698638435995
99989,1.7155603346021033
99990,1.6654375298311883
99991,1.6514273336289234
99992,1.6773155023441713
99993,1.6565943692591225
99994,1.692356978730009
99995,1.6711779393138202
99996,1.6857466691965064
99997,1.7173258851860156
99998,1.6734997770631812
99999,1.6340427089857936
100000,1.6836170717168912
100001,1.687025379798316
100002,1.6734896676177915
100003,1.723163691776517
100004,1.6939147771157785
100005,1.675664024487569
100006,1.6751444668637085
100007,1.6714699861957831
100008,1.676984201803714
100009,1.6985654626581268
100010,1.642290168487619
100011,1.7142393920636687
100012,1.6619414743585375
100013,1.6787598701005937
100014,1.644212376697175
100015,1.656649135459333
100016,1.6403574756727786
100017,1.6907544971449326
100018,1.6940347328409118
100019,1.7342496006314954
100020,1.687047528855087
100021,1.6684680189964896
100022,1.6824533121902479
100023,1.6370651820577062
100024,1.6417684245445585
100025,1.697418641635681
100026,1.6319385480705952
100027,1.6681506552708234
100028,1.7183568779094447
100029,1.7222181259756104
100030,1.6756201657793344
100031,1.6714570614550588
100032,1.6787316773163106
100033,1.6569367170723988
100034,1.7165214373086755
100035,1.6790613683561209
100036,1.6609454102649872
100037,1.715566776073245
100038,1.6929523288480974
100039,1.68775076092835
100040,1.6510705513258548
100041,1.697637162158805
100042,1.6868225887545942
100043,1.7074453728412928
100044,1.7032994300491882
100045,1.6845989131711485
100046,1.6256071927392792
100047,1.6627678658033644
100048,1.661559309970968
100049,1.6813295083925883
100050,1.7023349928997582
100051,1.6574888086111965
100052,1.690234344640708
100053,1.6768029016456856
100054,1.6915605750693297
100055,1.7255683086771214
100056,1.724381496847947
100057,1.7302258433065043
100058,1.7273254713968658
100059,1.6646961811040715
100060,1.7235708637307823
100061,1.6630926874764174
100062,1.7379977770299222
100063,1.667335081248212
100064,1.6483569615153826
100065,1.722486311441201
100066,1.6922212993000718
100067,1.6391268606029457
100068,1.6861277813402082
100069,1.6831876832400823
100070,1.6697137341433117
100071,1.643021126537888
100072,1.655981898156638
100073,1.7059316754832285
100074,1.7271833234902563
100075,1.6317121216799602
100076,1.6646549821957903
100077,1.6555213905338828
100078,1.6893609426031873
100079,1.675949931763221
100080,1.6928389753844593
100081,1.6763652924189978
100082,1.6648919473277728
100083,1.7290813626254862
100084,1.5981267505621046
100085,1.6734437640621747
100086,1.6613274494829646
100087,1.6394023964958657
100088,1.6823135850486752
100089,1.6622208405400516
100090,1.6936222829869463
100091,1.6871043872712372
100092,1.7024052397978644
100093,1.6704824812194816
100094,1.7265074716354647
100095,1.6919480642713671
100096,1.6641911748509164
100097,1.7320364173089238
100098,1.6806767533456686
100099,1.6765407213687908
100100,1.696144901101872
100101,1.7075514880837688
100102,1.646952921346887
100103,1.730484889721674
100104,1.6872589465757235
100105,1.6543227854097518
100106,1.720963994001253
100107,1.6553151360788139
100108,1.6885863554974831
100109,1.7057381937371803
100110,1.6745837663579273
100111,1.589313410666833
100112,1.7211876722675068
100113,1.68088735911084
100114,1.6536697989139504
100115,1.699589954622495
100116,1.6574153779804364
100117,1.6855339542978842
100118,1.6781555303728533
100119,1.6893141729992551
100120,1.693627211970469
100121,1.6969591702389892
100122,1.7314924298050878
100123,1.6839955831714506
100124,1.6062277659033417
100125,1.6689190619141911
100126,1.6893467583058648
100127,1.6470771561818276
100128,1.7018402792377865
100129,1.7022969854084544
100130,1.7085289085456248
100131,1.6931342062536003
100132,1.6720747175707982
100133,1.7039944908501958
100134,1.729386038252421
100135,1.7217055224532871
100136,1.687878031854112
100137,1.6516938846064724
100138,1.6516752317106744
100139,1.7009151075184148
100140,1.692037992844045
100141,1.6665933062279505
100142,1.7195965720812483
100143,1.6384217775004761
100144,1.6556572900059239
100145,1.684218668659811
100146,1.6946119965061337
100147,1.7056857950973006
100148,1.6654635502544755
100149,1.6855800788155963
100150,1.713037880161207
100151,1.727109148790969
100152,1.6533162855547785
100153,1.6829929031436732
100154,1.7238164830794047
100155,1.6115272865698855
100156,1.6422603320639129
100157,1.7214554209862287
100158,1.6858742963447035
100159,1.7069644510206137
100160,1.6882219269953118
100161,1.6977275575010042
100162,1.6352868663196998
100163,1.666748296544824
100164,1.6773332888527248
100165,1.6737927278107976
100166,1.704831883946784
100167,1.668138598541542
100168,1.6975351913512804
100169,1.6601477385843035
100170,1.6843078636089106
100171,1.6665773427451829
100172,1.7135387400456579
100173,1.6456452529043948
100174,1.6286330767616135
100175,1.6441399170662272
100176,1.6681510488910103
100177,1.6320440263386042
100178,1.638067913601197
100179,1.639935898161835
100180,1.6803806745813514
100181,1.6660064457665733
100182,1.661073656899885
100183,1.6752470600770943
100184,1.6860775197420854
100185,1.7121737142673217
100186,1.719527194270566
100187,1.6411675048973102
100188,1.657568878790478
100189,1.6711692192370882
100190,1.65611891776271
100191,1.6661372620689379
100192,1.6991244426406136
100193,1.7556836649639092
100194,1.69915009424645
100195,1.6988950364773434
100196,1.727953199353733
100197,1.6861557253062676
100198,1.6184761925638018
100199,1.656952790216968
100200,1.6608503917568778
100201,1.6557797982027789
100202,1.7367880051662823
100203,1.6671344992040666
100204,1.724013515037446
100205,1.684085232995298
100206,1.6551268770664047
100207,1.7212087188651806
100208,1.6479760383132607
100209,1.6944792940670066
100210,1.6819025462457942
100211,1.7021121640437997
100212,1.6383461909674595
100213,1.6831839881934636
100214,1.6994213134949367
100215,1.6840665713161835
100216,1.638548217208391
100217,1.7037465418985442
100218,1.7594665890409198
100219,1.7308049392312737
100220,1.687052036733619
100221,1.66817917159219
100222,1.731413086542761
100223,1.6554496253540556
100224,1.686541457468443
100225,1.6620790136622934
100226,1.6893123749559884
100227,1.7092740726442053
100228,1.6734555137890572
100229,1.7003921535224717
100230,1.6059447325908638
100231,1.7098336621114756
100232,1.6466607028214568
100233,1.6673489330469018
100234,1.6829954619389125
100235,1.665875398813582
100236,1.6612268568795656
100237,1.6743732970954694
100238,1.5899194614862107
100239,1.6489401257355585
100240,1.703902519308013
100241,1.6724047527881725
100242,1.7273365368507236
100243,1.6456658624079041
100244,1.7188851104786156
100245,1.6630047084563728
100246,1.6456307684662546
100247,1.6830113248703626
100248,1.6864150779826708
100249,1.7272616106665668
100250,1.663651200439363
100251,1.6547749188789471
100252,1.6934093479367485
100253,1.7129098490369705
100254,1.6884910432574107
100255,1.6874215612301704
100256,1.680783914633451
100257,1.7168451435701846
100258,1.6858624330399623
100259,1.6427065109584145
100260,1.6257750259314008
100261,1.698972487350517
100262,1.6468756390845367
100263,1.7126308755550945
100264,1.6839775068470153
100265,1.6894186985699335
100266,1.6468130453956045
100267,1.6828535755834013
100268,1.6735384241707663
100269,1.6586621238092487
100270,1.63452689846473
100271,1.7083719714451753
100272,1.6777221574647772
100273,1.672576088550408
100274,1.6774467727209537
100275,1.6837909590479476
100276,1.682164124309841
100277,1.6456432111745702
100278,1.6703528319601306
100279,1.7338275658323115
100280,1.6615296206535444
100281,1.653093675856806
100282,1.6867483143492743
100283,1.6676843982933378
100284,1.6911614388951
100285,1.6973760384143952
100286,1.698782165412961
100287,1.7060924475484702
100288,1.6735227490584754
100289,1.6712276833029036
100290,1.6551062588312742
100291,1.6773662785906636
100292,1.6723337075074574
100293,1.6534754243343495
100294,1.7055774809464697
100295,1.6776564894760024
100296,1.6487976180256982
100297,1.6916141431720024
100298,1.739998431661078
100299,1.657925658758849
100300,1.7015562603705767
100301,1.6269106316374595
100302,1.7099035011533141
100303,1.6191751477091785
100304,1.6927796445262389
100305,1.67912319195057
100306,1.6541381942247395
100307,1.7077197596769196
100308,1.7015815198889122
100309,1.672918368683009
100310,1.7206232982299017
100311,1.685901760186892
100312,1.692716355196188
100313,1.6620699867553659
100314,1.6763289635958816
100315,1.673885686210415
100316,1.7106586391366132
100317,1.6593645088945552
100318,1.647642342880219
100319,1.6928683826908686
100320,1.716316507602627
100321,1.6875308522731698
100322,1.6679376926303262
100323,1.6946110400234131
100324,1.6241704334493765
100325,1.6996651494251633
100326,1.677926302491361
100327,1.6819631411811418
100328,1.683980365531997
100329,1.621751107469889
100330,1.6627553317555415
100331,1.73320252357879
100332,1.7122634554374596
100333,1.6485254184963096
100334,1.6364326749083735
100335,1.699219730772422
100336,1.678261825527167
100337,1.6257839179398794
100338,1.648124478202877
100339,1.697624708906018
100340,1.7245959719223882
100341,1.6505730060768977
100342,1.6685719657592324
100343,1.6987087605586693
100344,1.684903770158751
100345,1.7160591768415459
100346,1.7032122013055677
100347,1.6979083761876796
100348,1.6624990355958549
100349,1.6632856901698538
100350,1.6281825377017134
100351,1.6893107776365748
100352,1.7262488034207737
100353,1.7660519312392804
100354,1.651588208225893
100355,1.6452145624032146
100356,1.7263074750233998
100357,1.733968423485802
100358,1.7305485232184006
100359,1.7031637382527731
100360,1.7231973425858333
100361,1.7000904883934584
100362,1.6976996803030604
100363,1.6803010631587216
100364,1.7060580748556944
100365,1.6426329411221074
100366,1.617514731621022
100367,1.698000717031529
100368,1.6661918925688692
100369,1.6531870202248675
100370,1.6778185291629801
100371,1.6835607948260403
100372,1.6762453723755837
100373,1.6401169859038094
100374,1.659633172621223
100375,1.739496086273765
100376,1.6892089830664718
100377,1.6803351907745676
100378,1.6108752810615083
100379,1.7154502925502775
100380,1.7300868485731171
100381,1.6448885169720937
100382,1.6687706771282798
100383,1.68260916504051
100384,1.7102207712073016
100385,1.7346724410625944
100386,1.6473381533354876
100387,1.741063623061676
100388,1.6599523490390198
100389,1.7090600943465677
100390,1.675360068596525
100391,1.6157523848882158
100392,1.713749293494285
100393,1.6786929555245769
100394,1.7063089955833606
100395,1.696041223752228
100396,1.6620233321027975
100397,1.6612827812861315
100398,1.6602982885140716
100399,1.7170944623233355
100400,1.6738782840049529
100401,1.6967974005754776
100402,1.63628557924103
100403,1.7145395618502919
100404,1.6359523930957791
100405,1.6577735882493105
100406,1.7079195717777373
100407,1.6765556807640765
100408,1.6659992666039045
100409,1.6535327130290345
100410,1.6251889683828538
100411,1.6988960557446395
100412,1.7012375990277826
100413,1.625053311493696
100414,1.744179500250922
100415,1.7359654570623515
100416,1.678223841525715
100417,1.6754690521320381
100418,1.6451350281332153
100419,1.6824485288051967
100420,1.692887422216876
100421,1.6999559868650949
100422,1.657247362177958
100423,1.7313062859082118
100424,1.7126850936169342
100425,1.6717764732776197
100426,1.6935398062112152
100427,1.7202833677426268
100428,1.7074239971115055
100429,1.66923819148125
100430,1.7057555732627776
100431,1.667896848846885
100432,1.6645328208356343
100433,1.654059135293459
100434,1.6733547241747402
100435,1.6594152086376326
100436,1.716500642885073
100437,1.7263391296462236
100438,1.7344787602252227
100439,1.7024325182487328
100440,1.705181539561987
100441,1.7162987552740687
100442,1.7120221183794322
100443,1.6059686609534465
100444,1.6480441385627205
100445,1.721031616400278
100446,1.6988623814750403
100447,1.6713995349511028
100448,1.6190781937243024
100449,1.6697359966113923
100450,1.6990944556074175
100451,1.693756751303031
100452,1.679187994512671
100453,1.6676034727903317
100454,1.668648824892164
100455,1.6736211184438403
100456,1.661461203599094
100457,1.6950497070301296
100458,1.6890953502756267
100459,1.6876461247578278
100460,1.646914463051463
100461,1.6926889237504528
100462,1.6510870233354908
100463,1.7489670603348353
100464,1.6846638724581477
100465,1.6193163135509616
100466,1.6718221245982967
100467,1.6570303271258908
100468,1.64370487471161
100469,1.6641579225297103
100470,1.6807764441322097
100471,1.7033426043575002
100472,1.69169099700485
100473,1.6274249007886437
100474,1.6718774588752428
100475,1.6759482917079287
100476,1.621157147200964
100477,1.6487092151796432
100478,1.697508347307496
100479,1.6831102195926502
100480,1.6855838038025543
100481,1.6732418121344785
100482,1.6873950673099416
100483,1.7397252519939241
100484,1.6844133272979906
100485,1.7480865474690102
100486,1.6468529656526154
100487,1.698619206453974
100488,1.662500925911118
100489,1.716585345171182
100490,1.655711639824547
100491,1.6716586462101488
100492,1.6998249636119176
100493,1.6780015716250927
100494,1.6747791950994932
100495,1.6506757206060365
100496,1.682582234884652
100497,1.7057989265623847
100498,1.6297065124991956
100499,1.671971323981532
100500,1.6152783304360556
100501,1.6776887214341794
100502,1.6639544207352142
100503,1.647681793990665
100504,1.684022978647864
100505,1.6647598214057835
100506,1.6858727464043892
100507,1.6682128381420924
100508,1.6917301493805166
100509,1.6319957625772132
100510,1.7020689619083265
100511,1.678521452381107
100512,1.6924912313505407
100513,1.6818242737661473
100514,1.6845936178013807
100515,1.7045060731102215
100516,1.7069056667716676
100517,1.65734234591794
100518,1.6485287871224306
100519,1.689267650929114
100520,1.6817677958642185
100521,1.6641492466363066
100522,1.6955136123870609
100523,1.6750883239939227
100524,1.6938714367286771
100525,1.6721837128201569
100526,1.7080241971666426
100527,1.7245822786721026
100528,1.6903052409546269
100529,1.6775709922341964
100530,1.66159130726614
100531,1.6714638351633786
100532,1.7283692525382637
100533,1.7305384821351792
100534,1.6745206336965097
100535,1.7089465211834314
100536,1.668232114192366
100537,1.6932630620651525
100538,1.6561645200237802
100539,1.6991662969817765
100540,1.6973374127635672
100541,1.6755462704419937
100542,1.672607153239673
100543,1.6778291919070554
100544,1.678152309011096
100545,1.6558118153912214
100546,1.6614943922081165
100547,1.6983097937696077
100548,1.6343110547065143
100549,1.6773008093150186
100550,1.6300086700215521
100551,1.704014035635146
100552,1.6888908303548804
100553,1.6790814021214169
100554,1.6997630787687577
100555,1.7137794510425612
100556,1.7141369915378095
100557,1.7045466258007689
100558,1.7234427206337566
100559,1.6850546803610245
100560,1.7036856854260414
100561,1.6897933791175348
100562,1.6794079121468428
100563,1.6820407576562124
100564,1.6305154732524385
100565,1.649660678567909
100566,1.6743613631578935
100567,1.7257207037320672
100568,1.6856732465659958
100569,1.6556097545143171
100570,1.6302920743775153
100571,1.726058276288808
100572,1.7044091509386723
100573,1.725559655045486
100574,1.6413660939548045
100575,1.665479672283505
100576,1.702830928160003
100577,1.688925383842258
100578,1.6913081347478989
100579,1.727506258276691
100580,1.7177143695986734
100581,1.681004412083576
100582,1.7230833384509774
100583,1.6952858519624698
100584,1.6815988555214558
100585,1.6686428676083633
100586,1.6834259309212682
100587,1.6287494739370767
100588,1.7136702231990826
100589,1.6644949646054017
100590,1.7247259561258608
100591,1.7227320524451772
100592,1.6795450405031633
100593,1.722345107352554
100594,1.710105833226318
100595,1.6507482668827638
100596,1.7015963028231649
100597,1.7112643510935444
100598,1.6883468293454664
100599,1.6997650953506291
100600,1.6638530993946332
100601,1.7065884604589723
100602,1.7120379257105245
100603,1.7236440719553654
100604,1.6361985908172259
100605,1.661852085607131
100606,1.7434415115413715
100607,1.6837730505564867
100608,1.6933598152149738
100609,1.6295235377643547
100610,1.6046308545630366
100611,1.6577440979574973
100612,1.6945372988269372
100613,1.7048572179332466
100614,1.6773002261392294
100615,1.6792533748873433
100616,1.7315039394255152
100617,1.6609380942409488
100618,1.660562470166099
100619,1.7026878558337297
100620,1.6941495416844237
100621,1.6822266822390137
100622,1.6734986885275118
100623,1.7067463220071442
100624,1.6266249575441787
100625,1.6845251836134207
100626,1.7119763388475517
100627,1.7055788203076292
100628,1.6733268814280942
100629,1.7067947866863569
100630,1.6932137421326223
100631,1.707867552591476
100632,1.6879506121357333
100633,1.7228171013410203
100634,1.654810572383596
100635,1.6397183142367169
100636,1.690519679101579
100637,1.7102624212350332
100638,1.711805728429202
100639,1.6351323226532253
100640,1.694309143444181
100641,1.6485291690657728
100642,1.6686576411159164
100643,1.6652675854780439
100644,1.6306654523634427
100645,1.7160469912980327
100646,1.7319898958975848
100647,1.7011563341659452
100648,1.695007891614654
100649,1.6521805724659475
100650,1.7261603656114508
100651,1.689008088936892
100652,1.6802223933947062
100653,1.6727303004707823
100654,1.6988151903023414
100655,1.625249914540007
100656,1.6820569807495096
100657,1.6980315578110015
100658,1.673393070314205
100659,1.7046684306901423
100660,1.6435912659140561
100661,1.7107981627582256
100662,1.672172045793772
100663,1.6977520060973497
100664,1.6766231961031828
100665,1.6611857318297465
100666,1.7062389575970838
100667,1.6132889610703947
100668,1.7245008899257728
100669,1.7216692036035066
100670,1.6633056515437095
100671,1.712133960906889
100672,1.6726363114755542
100673,1.7074708087469166
100674,1.7035796065043691
100675,1.747204111480403
100676,1.6240849015705523
100677,1.6520314977179842
100678,1.7339307333638765
100679,1.6899728029249996
100680,1.646592448505427
100681,1.6550099022467115
100682,1.71014893010122
100683,1.6498164240079034
100684,1.6556540227681924
100685,1.6920300824766583
100686,1.6551739527958496
100687,1.6258457243017383
100688,1.7326207862547869
100689,1.6695132780499493
100690,1.691904807139841
100691,1.6775863684341197
100692,1.7106584241194356
100693,1.6544622491023253
100694,1.6608985359294683
100695,1.6852376370985274
100696,1.6463812580776982
100697,1.6575431543139292
100698,1.7246737434996633
100699,1.6865646870002247
100700,1.6936090280054898
100701,1.642185210239497
100702,1.6617417931796457
100703,1.7117712502119409
100704,1.6480032348504288
100705,1.7177803956506885
100706,1.6938707223982161
100707,1.7188351217350453
100708,1.6556557353024859
100709,1.6607356985196875
100710,1.620157267861139
100711,1.700788598730299
100712,1.7077323247917942
100713,1.6384566715048319
100714,1.6472614652753432
100715,1.6227595181724823
100716,1.7064939672158992
100717,1.6820672211618999
100718,1.6783265974378754
100719,1.734605673552796
100720,1.6988936876706553
100721,1.6473678517573642
100722,1.7155413230007228
100723,1.7306745020939995
100724,1.6830077332593356
100725,1.709367191787001
100726,1.6872885323786628
100727,1.7139071893804714
100728,1.6797271976926127
100729,1.7607754070030968
100730,1.6623383483336205
100731,1.658477199556259
100732,1.6307146883749144
100733,1.690177901861225
100734,1.6796805905808274
100735,1.674145800201375
100736,1.6293493582390013
100737,1.7463197370999868
100738,1.6897600064728684
100739,1.6923411768799348
100740,1.6585970508475345
100741,1.6997330907638013
100742,1.6791354655170594
100743,1.717659953080779
100744,1.6348648999373088
100745,1.6847109514186132
100746,1.634547521031389
100747,1.6373633470799134
100748,1.6542542895073373
100749,1.66998650103109
100750,1.6891764959639395
100751,1.6753098691199166
100752,1.6786527960446538
100753,1.6838443418210125
100754,1.6448693410528572
100755,1.6560714904756813
100756,1.7490965772374294
100757,1.7103286548742223
100758,1.6926584077965707
100759,1.6616783378027264
100760,1.6957650592445939
100761,1.671278477891591
100762,1.6941658157216448
100763,1.6703531052974339
100764,1.6563302423165278
100765,1.6626150151186334
100766,1.6928050544103685
100767,1.691949550953226
100768,1.6741116697893623
100769,1.6538023850489654
100770,1.6668555457133303
100771,1.6561574518358826
100772,1.6960938838113555
100773,1.643174114515358
100774,1.6434870832210302
100775,1.7143326186288868
100776,1.6805347528627677
100777,1.719926531253841
100778,1.7285951194681466
100779,1.6869853299517918
100780,1.6641989986853598
100781,1.614643284828332
100782,1.7524186124869023
100783,1.6612133045474746
100784,1.7058206856562121
100785,1.6817796946460415
100786,1.7255479092716344
100787,1.6346234935594903
100788,1.6800067074718936
100789,1.669359225956619
100790,1.6832500673422448
100791,1.7025426988170886
100792,1.7197110231402835
100793,1.7412941917883356
100794,1.6741365089055604
100795,1.7220762388618938
100796,1.6880436273581785
100797,1.6980889169409963
100798,1.666438953808951
100799,1.7237528891787197
100800,1.6354488241298388
100801,1.6614536057745553
100802,1.756213371995113
100803,1.6646263307933364
100804,1.6347478710622085
100805,1.6835933208010305
100806,1.670371123394671
100807,1.6907671088058775
100808,1.6850625502807837
100809,1.6381796998421962
100810,1.6760112408643533
100811,1.6390627324844782
100812,1.6564851950964645
100813,1.7342262103369919
100814,1.6683205304286564
100815,1.642360320821472
100816,1.702671800758946
100817,1.6734166553993655
100818,1.740034054626139
100819,1.681927605067188
100820,1.6567309144983113
100821,1.6297807077955015
100822,1.6496136132163295
100823,1.679994132912621
100824,1.6893599744600476
100825,1.6565001188474942
100826,1.7168926246921279
100827,1.772994590173775
100828,1.6409015373676326
100829,1.6506814652567616
100830,1.6702271110363704
100831,1.6683001055156368
100832,1.6832565566405875
100833,1.7147303198591928
100834,1.7042796898275028
100835,1.6995918002751889
100836,1.6222897562899667
100837,1.6587291014241248
100838,1.6658922701091854
100839,1.6724354097061094
100840,1.646216863899853
100841,1.7127855464675217
100842,1.6752258156894932
100843,1.6878406512417858
100844,1.6415474558027334
100845,1.6484991669615319
100846,1.6880554779702686
100847,1.668897875267923
100848,1.6676713962377578
100849,1.6751403796896334
100850,1.682438433402304
100851,1.6711413954636363
100852,1.6581426091145415
100853,1.6271264016708258
100854,1.6810807142450896
100855,1.6425798166058732
100856,1.6559568987797768
100857,1.610072816879272
100858,1.6661308353701922
100859,1.7115878215478368
100860,1.6415916293902577
100861,1.6850138942786352
100862,1.626250745931076
100863,1.7064889062883448
100864,1.7045272674774465
100865,1.6516637449461973
100866,1.6825719864399995
100867,1.644552999398513
100868,1.6921541524710306
100869,1.691706062053043
100870,1.6718506020344528
100871,1.5915932874211058
100872,1.7002313512398648
100873,1.6744071967277514
100874,1.7126299250942851
100875,1.697019884892807
100876,1.697222857245104
100877,1.7063186330777116
100878,1.706448927558825
100879,1.6702032855543179
100880,1.7138563975712535
100881,1.648710899975528
100882,1.7463172066509822
100883,1.6502786269560548
100884,1.6420721907284133
100885,1.6632375691753578
100886,1.6268184342582988
100887,1.6913844720432987
100888,1.6694754162929097
100889,1.697372960305816
100890,1.7181178556641274
100891,1.6482600645749328
100892,1.634999462110911
100893,1.6526063681328291
100894,1.6673447883118988
100895,1.7535528457593637
100896,1.61644419418013
100897,1.6958502895908294
100898,1.7089193894723818
100899,1.7292183482171704
100900,1.6535064410023939
100901,1.6742398128145881
100902,1.6498758187297633
100903,1.6698518358430103
100904,1.668673573032399
100905,1.7013772963840714
100906,1.772801960918321
100907,1.6884655459293354
100908,1.6201457213638928
100909,1.680383983548582
100910,1.7039735743026305
100911,1.712869173343686
100912,1.7086920403922492
100913,1.6653960221610817
100914,1.6785208597355774
100915,1.7133534924570146
100916,1.6905688181220193
100917,1.6920962874392464
100918,1.7300185993778117
100919,1.7025828828441638
100920,1.6718523207870861
100921,1.6775449902719917
100922,1.6648324934575451
100923,1.670622782815232
100924,1.6798678061653907
100925,1.7248731572945963
100926,1.732147691650361
100927,1.7172718095387893
100928,1.6598882381109257
100929,1.6894674694299565
100930,1.7056829265728077
100931,1.6693989140425094
100932,1.6559446330373506
100933,1.6761446070566177
100934,1.7337482010730787
100935,1.68098993879216
100936,1.6542174993610759
100937,1.715276204632372
100938,1.6409490923725292
100939,1.7119727484477627
100940,1.6793904656828547
100941,1.6563769010068408
100942,1.6860500051502993
100943,1.639436095807411
100944,1.6343385433266098
100945,1.6857570918850133
100946,1.6798326699470825
100947,1.6573978281628594
100948,1.693497380771043
100949,1.697868045093383
100950,1.6915235628056746
100951,1.617780097462745
100952,1.7197415401601415
100953,1.6910710780964142
100954,1.6722923940237953
100955,1.6558999210110632
100956,1.6613250531576098
100957,1.6334367540212793
100958,1.6851349838086833
100959,1.6903820318185567
100960,1.6383111374340524
100961,1.6977586086637726
100962,1.6894613215079126
100963,1.7214759861206532
100964,1.6753347378388592
100965,1.6496162783041528
100966,1.6234349357965434
100967,1.7364913924690517
100968,1.7116056228926344
100969,1.661190816631921
100970,1.6896222537261272
100971,1.758001178716237
100972,1.7099657625952294
100973,1.6369137156406928
100974,1.7329816386983967
100975,1.6865370200395458
100976,1.6720602564738039
100977,1.7023839643299061
100978,1.7384411273226064
100979,1.6799261466485969
100980,1.6853722017955757
100981,1.669697873076258
100982,1.6970034898296338
100983,1.7189372147954114
100984,1.6437757423098434
100985,1.7305569895299835
100986,1.7275962155061306
100987,1.6827418901447115
100988,1.6187379049320094
100989,1.6571892217256898
100990,1.6788677262295468
100991,1.6376852924186718
100992,1.6935605460460423
100993,1.6532152267140667
100994,1.6633782450829808
100995,1.7122856452319442
100996,1.7212555272370171
100997,1.680493637245966
100998,1.663097014987687
100999,1.6634246215006268
101000,1.6761520389909506
101001,1.6953823524186196
101002,1.6165413319670214
101003,1.685143537172088
101004,1.741963711208197
101005,1.692436733483107
101006,1.7029981301719832
101007,1.6902008701220468
101008,1.7054662974207588
101009,1.6931740379664106
101010,1.6895249927217304
101011,1.7045314398552651
101012,1.6613712802581864
101013,1.7179246965840271
101014,1.752958724755837
101015,1.6413677747261137
101016,1.7476583239166963
101017,1.6916951927906336
101018,1.6750933352889146
101019,1.6301877410489831
101020,1.7202842141647268
101021,1.6663769736483227
101022,1.7441247505416906
101023,1.6339133132407517
101024,1.7292613035437157
101025,1.6392880850126565
101026,1.6955986786817812
101027,1.6716916095232421
101028,1.6879803914641276
101029,1.6636492456138
101030,1.6849471498597444
101031,1.6343772818488194
101032,1.6931481423667083
101033,1.6993938578584913
101034,1.6413433606707137
101035,1.6582781094083563
101036,1.6998689657730095
101037,1.680494792643125
101038,1.6948014442769106
101039,1.6737805467924107
101040,1.704235900756283
101041,1.6559367093032953
101042,1.6650704395901894
101043,1.6970926620892188
101044,1.64784694293387
101045,1.7221766402458114
101046,1.6588828647609724
101047,1.702940407141888
101048,1.6992201733149581
101049,1.6559354629562422
101050,1.7271753792978812
101051,1.6553255998665355
101052,1.6960748298998376
101053,1.6243163461180783
101054,1.662403036009414
101055,1.6508663882016865
101056,1.7223903856240514
101057,1.6353067330192494
101058,1.6713948495364979
101059,1.6870049595522811
101060,1.655765044219768
101061,1.6912151770797055
101062,1.687675523274783
101063,1.725130230012929
101064,1.666797532145889
101065,1.7099869675966963
101066,1.6603353201460849
101067,1.6642068540887607
101068,1.6744516364041104
101069,1.7523783719190058
101070,1.689866474836728
101071,1.6211367197086652
101072,1.7017968743387328
101073,1.6340307699819352
101074,1.6181717480063322
101075,1.7247872728236207
101076,1.6822646217550519
101077,1.6586005983835599
101078,1.668752752188178
101079,1.7046970011277653
101080,1.6631560161955838
101081,1.6702916103165968
101082,1.6908651728990538
101083,1.713849958055875
101084,1.6871637371136947
101085,1.7110469261052106
101086,1.708621171019115
101087,1.6884438290192632
101088,1.7158702566905473
101089,1.6208897452673798
101090,1.715449204386104
101091,1.6993751606797822
101092,1.6673652740178904
101093,1.6804061663218992
101094,1.6684367403472973
101095,1.6708384276387498
101096,1.6856827577918678
101097,1.640904813990949
101098,1.6660472033084364
101099,1.7232572765001228
101100,1.685458009036302
101101,1.68886598025251
101102,1.694644154203593
101103,1.6858170597563484
101104,1.6989074626482714
101105,1.642562398389839
101106,1.65006530858363
101107,1.6858444919091757
101108,1.701298269136488
101109,1.6693781980221618
101110,1.679628454242711
101111,1.648024299106131
101112,1.7101052105733212
101113,1.6700785672313463
101114,1.6845012824320171
101115,1.7165008834511954
101116,1.6512579802760288
101117,1.6710654393696165
101118,1.677447528054976
101119,1.6753978037120423
101120,1.6606246654835992
101121,1.6742770592581704
101122,1.648653815729047
101123,1.6690600842171517
101124,1.6569832847628119
101125,1.6625989718282939
101126,1.7097043530097584
101127,1.665716394873395
101128,1.695095761987862
101129,1.6313903979493725
101130,1.6447720172294962
101131,1.703128991259035
101132,1.6817439219775923
101133,1.706295774209999
101134,1.688969195056184
101135,1.627530717883806
101136,1.7106715253953932
101137,1.6593484108579786
101138,1.70959611849189
101139,1.677750701896529
101140,1.7000045284077503
101141,1.7062219177124487
101142,1.654657207544117
101143,1.6743724884667237
101144,1.6839974781820475
101145,1.653230290916276
101146,1.6564602964162751
101147,1.6757865812575217
101148,1.693520749187808
101149,1.6980663314490179
101150,1.71298452128407
101151,1.6579460821519345
101152,1.7047486011951467
101153,1.695993374398136
101154,1.73233302038533
101155,1.677452162628667
101156,1.7008518088733728
101157,1.6637756341414076
101158,1.665350814343326
101159,1.6717054636053508
101160,1.6775589163792142
101161,1.7037398260937777
101162,1.725419657532196
101163,1.6842377012629743
101164,1.6821377465621485
101165,1.6062864531570193
101166,1.7133044957311259
101167,1.643759917347086
101168,1.6956353489454643
101169,1.7087953564131004
101170,1.7065631646159332
101171,1.6715459638314811
101172,1.6864198087879716
101173,1.6902933767289017
101174,1.6643483107093306
101175,1.6658041580746457
101176,1.6751703553874673
101177,1.6902009851647144
101178,1.6663554368122266
101179,1.6854845333846957
101180,1.6587903851232908
101181,1.6746791629027913
101182,1.6815189601376535
101183,1.6980993005964011
101184,1.7274758203434766
101185,1.6959966402415776
101186,1.6948126957381295
101187,1.6500842846967958
101188,1.6804156130681385
101189,1.6368896214786226
101190,1.6531965953799135
101191,1.6666849649614135
101192,1.687429708029215
101193,1.665131021884465
101194,1.6608194099925098
101195,1.7041097611487561
101196,1.67331226531333
101197,1.7302883227578294
101198,1.6976446845054085
101199,1.6829572676811053
101200,1.7140071440600921
101201,1.6853010811247657
101202,1.670262381517449
101203,1.6795637596864248
101204,1.6287160260339446
101205,1.7256043320712893
101206,1.6960519884856369
101207,1.7059956571034638
101208,1.7080639208725965
101209,1.705901798585024
101210,1.635983452090365
101211,1.6811927059243836
101212,1.622094754367427
101213,1.6297907286890847
101214,1.6890003068899122
101215,1.7163168303736025
101216,1.651686194656234
101217,1.6625972374906797
101218,1.6794278201533004
101219,1.662648952883407
101220,1.6969859267666192
101221,1.672502422967932
101222,1.666365228998834
101223,1.6679814096671663
101224,1.6982919139783044
101225,1.6998232268553655
101226,1.683675293782
101227,1.6702316034683293
101228,1.6717987421636513
101229,1.6410369374880416
101230,1.687502560888016
101231,1.6779692165219817
101232,1.7044935161112673
101233,1.6726668744315787
101234,1.6453824394091412
101235,1.6730868999116402
101236,1.6766527201611525
101237,1.716275284689762
101238,1.707891098999717
101239,1.6649078186421469
101240,1.6638862105426377
101241,1.637985018432273
101242,1.665848716675826
101243,1.6581129261862788
101244,1.6447651279828512
101245,1.6020644677661096
101246,1.6612707125355155
101247,1.6548010966816862
101248,1.6714702363785305
101249,1.6767367242345228
101250,1.6849708183054535
101251,1.6891640823101473
101252,1.716458588721178
101253,1.7190428863273854
101254,1.6605736083028488
101255,1.663944075591944
101256,1.6792631112421945
101257,1.6875077505619989
101258,1.7027906595541054
101259,1.690681290944021
101260,1.6673728304088014
101261,1.6884360592611989
101262,1.680102167522812
101263,1.7221474307466011
101264,1.72245235736271
101265,1.6905893762158948
101266,1.6562632539054898
101267,1.688228826825466
101268,1.648610267100718
101269,1.7137147277499782
101270,1.6754202098444086
101271,1.6659636638325885
101272,1.718625392079113
101273,1.6910624203046951
101274,1.6764846627376477
101275,1.6892004935891105
101276,1.6676688763400749
101277,1.66305991137713
101278,1.6438521272114792
101279,1.6994075211002608
101280,1.6424913398595942
101281,1.6656597067136079
101282,1.649431889779243
101283,1.7049029843826433
101284,1.7081941792604034
101285,1.6752010679710336
101286,1.644206988346312
101287,1.704718167944809
101288,1.674454933999974
101289,1.674495542245743
101290,1.6581824931778526
101291,1.7449581217134642
101292,1.6788113254496049
101293,1.6808590213925119
101294,1.686465664305283
101295,1.6949990878925658
101296,1.6314230810530808
101297,1.6782050652633749
101298,1.7249850474327537
101299,1.7264809992923547
101300,1.7386435547836718
101301,1.705451738291613
101302,1.6817849687282234
101303,1.721452713734465
101304,1.6519572855281062
101305,1.6461580676340648
101306,1.6630758835246715
101307,1.753803711988527
101308,1.7175731123362987
101309,1.628407451910499
101310,1.6717413414216675
101311,1.6939399576090903
101312,1.658141713891076
101313,1.6992652006427709
101314,1.660903401977967
101315,1.6846922085138984
101316,1.7080393177081732
101317,1.6863564801926254
101318,1.6390077485430967
101319,1.6417866277090658
101320,1.6498937454958735
101321,1.7051177285558177
101322,1.6684292412350117
101323,1.6482083553831017
101324,1.6963487242241644
101325,1.6609928328043855
101326,1.6453851464561524
101327,1.6255191750209776
101328,1.6964130220499618
101329,1.665576775741429
101330,1.6580771882494343
101331,1.6928522995062691
101332,1.6932583933212308
101333,1.6287412047054737
101334,1.6925199184872999
101335,1.7375920507363511
101336,1.6251804385519282
101337,1.6715672976100495
101338,1.6885382413091574
101339,1.7232649773498907
101340,1.6225623243316434
101341,1.7002811664321502
101342,1.7164262849185343
101343,1.6920224363969003
101344,1.7175132689583412
101345,1.7073315839821026
101346,1.675350848295947
101347,1.6146766768808676
101348,1.6129811074805218
101349,1.6700930870849025
101350,1.6891130175394484
101351,1.6879035957508932
101352,1.6683880368250654
101353,1.6491843470741616
101354,1.6904570526929097
101355,1.6763194994500292
101356,1.6613615662819374
101357,1.704373552220628
101358,1.6931729045798327
101359,1.6404400299356288
101360,1.6796334988958859
101361,1.6622981999561741
101362,1.671648331619876
101363,1.631863901577059
101364,1.6842625573389336
101365,1.6726807001027306
101366,1.6864267578422982
101367,1.7263677392465502
101368,1.6922269154928102
101369,1.6787849336723066
101370,1.6750936660143285
101371,1.6356253667021698
101372,1.6655172589489657
101373,1.6721195070841743
101374,1.6632102225930407
101375,1.656772289171206
101376,1.6588420468853755
101377,1.677258441724259
101378,1.6631359824927818
101379,1.6994065465428125
101380,1.6023226162035784
101381,1.7274886261163203
101382,1.6659709682726855
101383,1.6910021018812442
101384,1.6395519776757663
101385,1.7009426865223674
101386,1.6936046293638192
101387,1.6442646984503324
101388,1.6484168989611527
101389,1.6836324630281045
101390,1.646482210303546
101391,1.6694868298058012
101392,1.697400668245444
101393,1.6225440202518597
101394,1.6905321567605114
101395,1.598467750135121
101396,1.6288679602861111
101397,1.7216167206213167
101398,1.6936575238065346
101399,1.680035796374084
101400,1.6792730608427782
101401,1.6466230185828086
101402,1.7191426731810133
101403,1.7115221184686773
101404,1.703634047039335
101405,1.6891235670954645
101406,1.6626730125097682
101407,1.7055296086815848
101408,1.668893219222941
101409,1.6413171781069231
101410,1.6677848051109272
101411,1.6747182851819988
101412,1.657654709361188
101413,1.7025117760692503
101414,1.6991713085812417
101415,1.6538396826423578
101416,1.6707146457351463
101417,1.6968801680740648
101418,1.6767959584456305
101419,1.6987723197188696
101420,1.6956346272194351
101421,1.6623787514315127
101422,1.7295608716515096
101423,1.7384841931108101
101424,1.641864933323119
101425,1.6498113498450597
101426,1.6184036256973748
101427,1.6970838137094193
101428,1.6673523483270414
101429,1.740996208853459
101430,1.668054934361938
101431,1.7350135253036263
101432,1.6681653066336546
101433,1.689827931920708
101434,1.6777793626270794
101435,1.7064129967752844
101436,1.6719656912613525
101437,1.629552590138001
101438,1.704797546585989
101439,1.6798993478135702
101440,1.6748860299202493
101441,1.633142572230398
101442,1.6965113661168947
101443,1.7176887549062017
101444,1.6763578086442728
101445,1.6691848508426743
101446,1.670716699199058
101447,1.6429070761609823
101448,1.680625603130239
101449,1.662818956330113
101450,1.749900279205742
101451,1.6449228901604722
101452,1.6634103258776705
101453,1.715635236077042
101454,1.648659877501662
101455,1.6593004082386567
101456,1.6983026012218425
101457,1.6834917721375036
101458,1.7345026606108793
101459,1.681478809563954
101460,1.654806513097799
101461,1.6383712196288571
101462,1.7424427500998472
101463,1.7032022063940584
101464,1.6716760697905546
101465,1.6716497516199826
101466,1.6975312637901225
101467,1.6386756176122532
101468,1.616812728857987
101469,1.7025972725751934
101470,1.6430520726651083
101471,1.7033843010677336
101472,1.681727789968591
101473,1.662156528122135
101474,1.683509660144092
101475,1.639621806634882
101476,1.614121387024078
101477,1.679263660876305
101478,1.7130541664222647
101479,1.6561515693429352
101480,1.6883677158787138
101481,1.6913807652295783
101482,1.7046349183760852
101483,1.6829150303076588
101484,1.6971222326438504
101485,1.7371193826278573
101486,1.6391826610614009
101487,1.6111790205476775
101488,1.6431244955750044
101489,1.7125053895567146
101490,1.7340751945937096
101491,1.672570734162524
101492,1.715077016708273
101493,1.6457634636729657
101494,1.6340797977056303
101495,1.6931265525415067
101496,1.7264200190416523
101497,1.6720267991628077
101498,1.6485985648563388
101499,1.6430533367683782
101500,1.6746277805043968
101501,1.673177255240784
101502,1.6535507300761425
101503,1.6754584208317171
101504,1.6679626012642954
101505,1.7031739027767556
101506,1.6843026261994387
101507,1.6943033485729408
101508,1.7014414596439558
101509,1.6545289373457686
101510,1.651902520553684
101511,1.654931514523157
101512,1.6821269396010752
101513,1.663812217211233
101514,1.6749187065606288
101515,1.6763476176641088
101516,1.705135901079799
101517,1.69283025009959
101518,1.6882206534201993
101519,1.6407144421176427
101520,1.6648287955888303
101521,1.6746969665363947
101522,1.6553266091087209
101523,1.7020933904539317
101524,1.6645839206172073
101525,1.6740490231050402
101526,1.698096014708259
101527,1.6062093705626115
101528,1.6762569087354713
101529,1.6692667843115105
101530,1.6761750114126819
101531,1.640501415433914
101532,1.6776405656678006
101533,1.6328388296080312
101534,1.6398201768030582
101535,1.6334179807004483
101536,1.6565487682225506
101537,1.646056400169897
101538,1.6724315498824254
101539,1.6861389280883712
101540,1.683643965967011
101541,1.6486603597682659
101542,1.6885854485038654
101543,1.6932105031228364
101544,1.6502592304986674
101545,1.6679247499541847
101546,1.6787575482371877
101547,1.6396469297783003
101548,1.6978254757841913
101549,1.7007106460211252
101550,1.6932551184404194
101551,1.6986808223275554
101552,1.7166817557367602
101553,1.661845540217349
101554,1.6634953199370217
101555,1.6845773875490109
101556,1.7083573523458657
101557,1.6463635067363696
101558,1.6660491579001089
101559,1.7383034503254964
101560,1.6547391832684284
101561,1.7013744842277188
101562,1.7133735994033557
101563,1.6431544835416063
101564,1.6784444101557312
101565,1.7320682918681665
101566,1.7002877347677021
101567,1.660073049520791
101568,1.6790467115746759
101569,1.731449344678285
101570,1.709340333622753
101571,1.6767918615007937
101572,1.7063072588132673
101573,1.7168636588563542
101574,1.6663071535504692
101575,1.6597987798822336
101576,1.6129700607042352
101577,1.7079219562696295
101578,1.6912749571732393
101579,1.7015900064964151
101580,1.6684421239339993
101581,1.665294562114658
101582,1.6607277796337314
101583,1.6935359518426722
101584,1.676460211898854
101585,1.6455211091407766
101586,1.7283484237153113
101587,1.6485176899337743
101588,1.6770568410268945
101589,1.634429136754653
101590,1.6516051149274649
101591,1.6231059781456572
101592,1.6986095141192619
101593,1.687611762001974
101594,1.685445135990022
101595,1.6662695934941267
101596,1.6597148357665477
101597,1.7258359640793315
101598,1.6573960974799378
101599,1.6550444349398978
101600,1.666200915834738
101601,1.6771627159797278
101602,1.6305988085430598
101603,1.6461367651862935
101604,1.657179738592113
101605,1.6885935592992458
101606,1.669808685068725
101607,1.658765610867673
101608,1.7023671584236562
101609,1.703350939925273
101610,1.705274561723637
101611,1.7062221247544642
101612,1.6379101319446883
101613,1.682101988774989
101614,1.695715678813239
101615,1.6913205687131923
101616,1.652889323123772
101617,1.64840983333645
101618,1.7543782548927056
101619,1.6728629126347767
101620,1.661273863958682
101621,1.6939673915543343
101622,1.6960514711306287
101623,1.6525739159058546
101624,1.6371296368918207
101625,1.6810848144461943
101626,1.6596317710162756
101627,1.6684887353719233
101628,1.6930186765701378
101629,1.648461699561545
101630,1.6509696523257427
101631,1.6709257495590077
101632,1.6802303856830008
101633,1.6852525489415895
101634,1.6939845626821817
101635,1.7018930662326273
101636,1.658267985525941
101637,1.6926619511513563
101638,1.6532402239815034
101639,1.6367508758082165
101640,1.6601088506093622
101641,1.6566995566428786
101642,1.6582287875297546
101643,1.7187603856737912
101644,1.6993405447903531
101645,1.650984194836641
101646,1.670584857220599
101647,1.6862470838360886
101648,1.6995986198387052
101649,1.6750200057346234
101650,1.6725496977882266
101651,1.6516622611714857
101652,1.6772114347634324
101653,1.6863605530022592
101654,1.6354709923098867
101655,1.6648035332620472
101656,1.653312436797824
101657,1.6786638894353725
101658,1.7079291319792944
101659,1.6838653564499169
101660,1.7668585944848094
101661,1.6493047592460732
101662,1.7126783766085232
101663,1.6298913573283729
101664,1.6613375382979678
101665,1.7516049792284663
101666,1.676729669495595
101667,1.6854605985695343
101668,1.6769783407726127
101669,1.6663032297329565
101670,1.715094061626913
101671,1.6184754330382394
101672,1.66076732969168
101673,1.7026391407958095
101674,1.7351278756946575
101675,1.6498079288891196
101676,1.7129011977953987
101677,1.6691112954201153
101678,1.6832427051639114
101679,1.6750500626053855
101680,1.7060638401333694
101681,1.690942627112413
101682,1.6747948470388874
101683,1.7042596546324396
101684,1.6652505852154083
101685,1.5961156785562132
101686,1.684173709258168
101687,1.7062868277998928
101688,1.6863774472294173
101689,1.6838406510511192
101690,1.7354839927047307
101691,1.713679682494012
101692,1.6347716277837703
101693,1.7148595346526843
101694,1.7093194129240348
101695,1.7379313593142978
101696,1.691031764500991
101697,1.7007237430553572
101698,1.6499989562184842
101699,1.6566119674017632
101700,1.7067050813236615
101701,1.7091053324658925
101702,1.6652180025873464
101703,1.7192467766387847
101704,1.6574837846846924
101705,1.6547207927295553
101706,1.693541231472649
101707,1.6567591948255844
101708,1.6350638192986116
101709,1.7013053504886422
101710,1.695533053252836
101711,1.7125302058847598
101712,1.7763849499569166
101713,1.6850812853742927
101714,1.6691457210498044
101715,1.6981058806720435
101716,1.667073762437519
101717,1.7180522774649396
101718,1.6326386651436093
101719,1.6529333969705704
101720,1.6592057626942784
101721,1.7052206793491547
101722,1.6929288359322814
101723,1.69940178114586
101724,1.5994853804292792
101725,1.6559432771743245
101726,1.7080081820609752
101727,1.6604265786623078
101728,1.6913795847279927
101729,1.7215967466894007
101730,1.664952593538018
101731,1.6456856587387998
101732,1.6588548722973515
101733,1.6672308545123424
101734,1.7010604617507041
101735,1.6829611887459828
101736,1.6213024117524888
101737,1.682995464287115
101738,1.6693159904223291
101739,1.677974039057321
101740,1.654326004434921
101741,1.655666797415006
101742,1.7478695262135273
101743,1.7122980582453693
101744,1.6923535321672811
101745,1.6264447793592947
101746,1.6422496485545828
101747,1.6478788343997863
101748,1.6962222939408085
101749,1.6772225144356674
101750,1.6692454047027852
101751,1.6939459455286827
101752,1.6611036379339987
101753,1.691440952248129
101754,1.6599726081294823
101755,1.6531235301920015
101756,1.6330367196593292
101757,1.6844030732905606
101758,1.6588291403726978
101759,1.6997673054780837
101760,1.6860884612900382
101761,1.7167365077474408
101762,1.7629043002282727
101763,1.6755083975340233
101764,1.6715160551888044
101765,1.7281411678835232
101766,1.665914896960999
101767,1.688106134766858
101768,1.6743153545341196
101769,1.674132620964042
101770,1.6726159137448233
101771,1.6959323574286196
101772,1.6742908141972994
101773,1.587335632995564
101774,1.733182005423145
101775,1.7085709841514698
101776,1.659785789357614
101777,1.6804462013081247
101778,1.6685493710542347
101779,1.618840079839551
101780,1.7018526876977897
101781,1.679495909588367
101782,1.7055216405027795
101783,1.6628342023391331
101784,1.6530365426247777
101785,1.646119042585133
101786,1.7069596043637123
101787,1.6404031486031017
101788,1.682479234443774
101789,1.695773025541553
101790,1.6344627747009564
101791,1.6555552080952805
101792,1.6739554218168895
101793,1.7034099528101492
101794,1.641619692880745
101795,1.6639796622017464
101796,1.6788269525893857
101797,1.7441579998707346
101798,1.6597529824160735
101799,1.6561703526833647
101800,1.730215101851851
101801,1.6049445106215323
101802,1.65474941087311
101803,1.624298208839472
101804,1.6158166975411616
101805,1.7073559913979528
101806,1.643454090268754
101807,1.6870716379223945
101808,1.6642168765066314
101809,1.7082595785041201
101810,1.6310690375004042
101811,1.7198243758077212
101812,1.652967005759638
101813,1.6757965976969376
101814,1.6671956941184993
101815,1.7011883145626931
101816,1.660347172855407
101817,1.7019655575786894
101818,1.657602039464966
101819,1.745795109582075
101820,1.6877915639610752
101821,1.6882051179474284
101822,1.695359742485451
101823,1.634744607908661
101824,1.6625473663211832
101825,1.6443075732341577
101826,1.7127222399614561
101827,1.6735723748317615
101828,1.6353454328433408
101829,1.6955611398288102
101830,1.6538172750942033
101831,1.7036595398268768
101832,1.6822882358576434
101833,1.66134438254333
101834,1.6473199159048453
101835,1.6939863629736254
101836,1.648483143723556
101837,1.6997567943473502
101838,1.6531829200498294
101839,1.6737250292272992
101840,1.7014035343030567
101841,1.6919865562867111
101842,1.6597487262451638
101843,1.6839146639058598
101844,1.6473185383943165
101845,1.6728501269495912
101846,1.70987284978237
101847,1.7088450386793266
101848,1.656366656297773
101849,1.651964047220329
101850,1.648421096437126
101851,1.654590563863818
101852,1.7092851875213007
101853,1.6905200767062822
101854,1.6283031688863516
101855,1.6913888462121476
101856,1.6906672312227358
101857,1.6650464381340961
101858,1.6776536754208873
101859,1.6488280320018278
101860,1.6942094033740003
101861,1.6709387264849056
101862,1.6883306205160946
101863,1.6356351389445398
101864,1.7494267223112108
101865,1.6548427135254287
101866,1.6610853156564525
101867,1.6297126431055264
101868,1.6976479122956696
101869,1.6665873791981662
101870,1.6942052595570658
101871,1.6902881352725843
101872,1.6398354444474033
101873,1.6488366211868124
101874,1.6402647312224796
101875,1.6624722593941692
101876,1.680802085424949
101877,1.6515771583893055
101878,1.6167731324145027
101879,1.7113744740646675
101880,1.666304256147581
101881,1.6741811567342766
101882,1.6811248992055028
101883,1.6356479804405275
101884,1.6571708136612133
101885,1.7002647591216282
101886,1.676970615376896
101887,1.6203654569306547
101888,1.6751646903734474
101889,1.670086317466564
101890,1.680820397667362
101891,1.6443261591744138
101892,1.6663877016435198
101893,1.6756569547654
101894,1.6434957211908732
101895,1.6521360023067646
101896,1.67601723476602
101897,1.6962529693388746
101898,1.6841040339683324
101899,1.651352961875426
101900,1.7139494519639158
101901,1.7005588525427902
101902,1.6949736046781816
101903,1.7121978877597077
101904,1.7217794351074296
101905,1.6726591517544585
101906,1.6912834372963026
101907,1.67356092715047
101908,1.681636718507674
101909,1.6481016009633085
101910,1.6756091884041908
101911,1.6705983499929273
101912,1.6296345190807184
101913,1.7136421158278503
101914,1.7254347009843871
101915,1.6528177143124159
101916,1.7394606146899383
101917,1.646298153176095
101918,1.6633623865037575
101919,1.6615884389978683
101920,1.6537208344337315
101921,1.6786249449182378
101922,1.688942302977983
101923,1.624106836679296
101924,1.6744473446764006
101925,1.7389009711285794
101926,1.672448315862156
101927,1.657883427432151
101928,1.6997624796796273
101929,1.6966798621657364
101930,1.6636946378107005
101931,1.7226252122688348
101932,1.6645147620287113
101933,1.675856151747828
101934,1.6787399134239782
101935,1.64260093066771
101936,1.6552139587993167
101937,1.6150380196352336
101938,1.6439639682389613
101939,1.7185051626205479
101940,1.7046835103293096
101941,1.669910297468171
101942,1.6724978701806765
101943,1.6865326771492688
101944,1.728975104773483
101945,1.6741583270920297
101946,1.646075697262228
101947,1.658902644246862
101948,1.6880142585869007
101949,1.702794591431424
101950,1.6684811523509055
101951,1.6607264708013665
101952,1.688062002460204
101953,1.6910534373817894
101954,1.6651021033553828
101955,1.6772847644078843
101956,1.6604434751469266
101957,1.7041314254487885
101958,1.6770940135272405
101959,1.6873551730752054
101960,1.6647314954661163
101961,1.6924623742124787
101962,1.7424888771345788
101963,1.6975564111073025
101964,1.6723917743296288
101965,1.7319914608942717
101966,1.655623117024416
101967,1.6714668091774947
101968,1.6694153995822332
101969,1.7138645872003422
101970,1.6659902499089878
101971,1.644988513244016
101972,1.6915266231144925
101973,1.6980235780284205
101974,1.658359360748601
101975,1.6982820908951557
101976,1.672840695533327
101977,1.6751571190902625
101978,1.676115208516194
101979,1.6565253550503751
101980,1.6665877570248733
101981,1.6427906539726382
101982,1.705915160147099
101983,1.665403635244551
101984,1.710383630199223
101985,1.6222708618794504
101986,1.7022389568919452
101987,1.6205326314141337
101988,1.701243155732736
101989,1.6776813390016163
101990,1.7225259497591399
101991,1.649647820883753
101992,1.70444161363552
101993,1.6741112274768017
101994,1.6169150322260726
101995,1.72921028109927
101996,1.5923580215368716
101997,1.6484888594484117
101998,1.703567244699033
101999,1.6878352997356147
102000,1.656681430522507
102001,1.6794854157930428
102002,1.7038670273700032
102003,1.7062380669705375
102004,1.677030964861399
102005,1.6628511167383104
102006,1.6341061674689055
102007,1.695110006039056
102008,1.7242868568512257
102009,1.6874056050867912
102010,1.717821209221825
102011,1.7005165627260193
102012,1.6893024819077798
102013,1.6735905251734464
102014,1.656296333004796
102015,1.686590607228606
102016,1.683667364609293
102017,1.6951947516507948
102018,1.6841738563094217
102019,1.6792824694565325
102020,1.7337650944217795
102021,1.6638019233923131
102022,1.6643377246909898
102023,1.6513865186825296
102024,1.694510884853736
102025,1.722795765963766
102026,1.6733478721278958
102027,1.7547654723180561
102028,1.6665958165352004
102029,1.6352915237498116
102030,1.6910482696836429
102031,1.6984278212439368
102032,1.6343771703875696
102033,1.6956977199995378
102034,1.691618869132324
102035,1.6166138402385217
102036,1.6740817504068102
102037,1.6875569676812285
102038,1.6409453843516397
102039,1.6012301235336412
102040,1.6482096758978377
102041,1.7393959585360257
102042,1.6664727045201488
102043,1.6845178413046422
102044,1.7307074499197819
102045,1.654092127288486
102046,1.6543534401460593
102047,1.6962962805902635
102048,1.6671250703142884
102049,1.6541933990452324
102050,1.6983152520144893
102051,1.6520116412671748
102052,1.6804231463328696
102053,1.649220015753941
102054,1.6927035164184148
102055,1.6985404277612703
102056,1.6949112695679402
102057,1.7067420472335002
102058,1.6754328516911121
102059,1.7181496765035553
102060,1.7103645142566384
102061,1.6284712515225919
102062,1.6762448542055242
102063,1.6587249525801961
102064,1.683845538430807
102065,1.6474350525661767
102066,1.6900509769523449
102067,1.6878944732578287
102068,1.7312011778588228
102069,1.7284150716049766
102070,1.6691681001682568
102071,1.6655809082510085
102072,1.607771070716891
102073,1.6733738841756536
102074,1.6458470906598552
102075,1.728905231445074
102076,1.6720713447440176
102077,1.727123102121444
102078,1.6622449821859044
102079,1.6420352989604496
102080,1.7255115599202249
102081,1.6536316558503792
102082,1.6773585810679736
102083,1.6785667924827472
102084,1.6554032056831565
102085,1.685356041586715
102086,1.6508263882528702
102087,1.723872964445542
102088,1.6693811784248713
102089,1.644465137087589
102090,1.6701041003508403
102091,1.6832993647161574
102092,1.664083390745032
102093,1.6547313320323693
102094,1.6593838597037427
102095,1.635000480612022
102096,1.6802897012483013
102097,1.6490438287291804
102098,1.682733172409863
102099,1.6389022176117933
102100,1.5956822350318323
102101,1.7069156136289623
102102,1.6794548080925646
102103,1.6307866256673869
102104,1.643096887177921
102105,1.685813742652
102106,1.6674132001151503
102107,1.7003204536564593
102108,1.658827644722803
102109,1.6934745449122968
102110,1.6502521510157582
102111,1.687428868593363
102112,1.6459082023392884
102113,1.7049710498773627
102114,1.7406890387660734
102115,1.6568983208102723
102116,1.682755697475943
102117,1.6991132864332532
102118,1.6627320255673268
102119,1.694426656586125
102120,1.6902182300152764
102121,1.6960375056072774
102122,1.630653268437569
102123,1.6991149344228964
102124,1.6644275300283324
102125,1.63340165828725
102126,1.6868218966283492
102127,1.6573083763416439
102128,1.69097638109678
102129,1.6893535489125302
102130,1.7205925084089253
102131,1.6820828796008314
102132,1.6886082211651938
102133,1.68956273346287
102134,1.6737660605626354
102135,1.6290143916513433
102136,1.647191226959655
102137,1.6978535401473422
102138,1.7283074974897366
102139,1.6464534624117984
102140,1.7101717686870246
102141,1.7107058627046077
102142,1.6590566427018698
102143,1.7189178655536985
102144,1.6794018112527125
102145,1.6896456366022852
102146,1.6551591828313685
102147,1.6322485964816222
102148,1.665255972495418
102149,1.6819087437737807
102150,1.696927486607201
102151,1.6620058668033015
102152,1.666203755270518
102153,1.6878286381887084
102154,1.636634502634459
102155,1.684404495903287
102156,1.6559048802944736
102157,1.6494544302336012
102158,1.6600630586121652
102159,1.7337404349046845
102160,1.7150770093678442
102161,1.6767477744688066
102162,1.6980119946785495
102163,1.661507411153569
102164,1.7133673912058627
102165,1.7202181779717887
102166,1.667774932201918
102167,1.6511833105728209
102168,1.7265666262655996
102169,1.675218408011732
102170,1.6619697995148592
102171,1.7175323306703523
102172,1.7140627287025645
102173,1.7455441581517994
102174,1.7230044922457224
102175,1.6960355371596303
102176,1.71654173608251
102177,1.6894284069865995
102178,1.7028560554544014
102179,1.69414013300111
102180,1.7085081917738743
102181,1.648421768912515
102182,1.70981401150572
102183,1.6735480817570247
102184,1.7068789850115769
102185,1.6772578858906955
102186,1.6353981630488947
102187,1.6835602269944236
102188,1.6905129525804838
102189,1.6486329987153068
102190,1.7344581709610543
102191,1.7380959702265926
102192,1.6904958434811392
102193,1.6811713242013069
102194,1.6376241693549376
102195,1.6253479696146038
102196,1.636819086362808
102197,1.660736992133536
102198,1.6584403730164168
102199,1.6891884877589938
102200,1.684387841825724
102201,1.7133172768929985
102202,1.6698301548078824
102203,1.6607400294708998
102204,1.6250836408194291
102205,1.6773304656191514
102206,1.7168923030372045
102207,1.6279529612497923
102208,1.6850231410484668
102209,1.7001747569535157
102210,1.6928513461146066
102211,1.682744251012422
102212,1.6789186622127166
102213,1.690200499167013
102214,1.6820044167987274
102215,1.652085111355755
102216,1.6983116601506534
102217,1.6579694509343508
102218,1.6271645442607143
102219,1.680851733657393
102220,1.69778040721072
102221,1.6825949833595795
102222,1.666939445345271
102223,1.642007405544742
102224,1.7187918211024154
102225,1.6845944022339672
102226,1.6420977145754176
102227,1.710506835835421
102228,1.6849415309765283
102229,1.7233080324857917
102230,1.6408476272993426
102231,1.6331433936687516
102232,1.6729658931030862
102233,1.710071297377817
102234,1.6406998415254568
102235,1.708338816598917
102236,1.6491514737746478
102237,1.6691801600998084
102238,1.6950494003757697
102239,1.6855698740098213
102240,1.666845630198475
102241,1.7363287849360793
102242,1.6450579694354743
102243,1.6773749216321714
102244,1.6723640937437334
102245,1.7103952664684212
102246,1.644645624464274
102247,1.6971519583999901
102248,1.6728813829239404
102249,1.684576816998427
102250,1.7074920128742763
102251,1.709607398542326
102252,1.7043878130196723
102253,1.7127546598782761
102254,1.665351272212017
102255,1.691108001364777
102256,1.675102155389923
102257,1.6973480260551301
102258,1.647777960602172
102259,1.719402816165368
102260,1.6628273742530923
102261,1.7117438741067939
102262,1.6586496445420038
102263,1.6800392020001589
102264,1.6416956262727063
102265,1.6485282705779158
102266,1.70763977557082
102267,1.6186342813174368
102268,1.6309743168109518
102269,1.6777849807067016
102270,1.6226642094518977
102271,1.6987067046006377
102272,1.6372189525003003
102273,1.7307819465509182
102274,1.6838178827245156
102275,1.6659452355918274
102276,1.6506119336956813
102277,1.6941572903332827
102278,1.6708036319160695
102279,1.7700525747208022
102280,1.640309232825669
102281,1.670623714882049
102282,1.677848928788389
102283,1.6952625833034023
102284,1.6881709231128215
102285,1.6860128819981117
102286,1.7373045280894626
102287,1.700099398043619
102288,1.671900559070175
102289,1.6248851902675694
102290,1.6629412817333251
102291,1.6978259220541263
102292,1.661435174234053
102293,1.7040216118919747
102294,1.7320743121069928
102295,1.6465449567298942
102296,1.6185212593859584
102297,1.6307907632373855
102298,1.6589799228253124
102299,1.6824652873553387
102300,1.6851077448409566
102301,1.6637690028010035
102302,1.731872362691907
102303,1.7271567297079453
102304,1.7133947447788043
102305,1.7330998051009994
102306,1.723304360199209
102307,1.6875600890213198
102308,1.666043419314655
102309,1.6418774206771374
102310,1.668405528034327
102311,1.680393494960013
102312,1.6686589638279203
102313,1.7222338824627512
102314,1.682542383070074
102315,1.7043780341343162
102316,1.6543145859924755
102317,1.660521009811484
102318,1.617241804050074
102319,1.6388474422396921
102320,1.6967454915947109
102321,1.6423779454817375
102322,1.6675403805532376
102323,1.6522998783588274
102324,1.6629194011855557
102325,1.670383645329802
102326,1.6429722497546848
102327,1.663882759207155
102328,1.6699596379323274
102329,1.6444784291780064
102330,1.6922380172220128
102331,1.6888574247471222
102332,1.669851284256703
102333,1.6206282552316007
102334,1.7063086083391878
102335,1.7089299685666928
102336,1.6654658298342646
102337,1.6729974532612073
102338,1.6722357434654815
102339,1.6769273397246205
102340,1.7117415639225337
102341,1.6698094245825559
102342,1.6663324608635313
102343,1.6620376560464332
102344,1.664294792551042
102345,1.729546337595436
102346,1.6617496640955116
102347,1.641212476290836
102348,1.676026957680672
102349,1.7066523852192945
102350,1.704667567800288
102351,1.6962041465397468
102352,1.6596252609987325
102353,1.7108341309013646
102354,1.6855689517784378
102355,1.7123637549343076
102356,1.6255767547648998
102357,1.6599056002277304
102358,1.7122113978968452
102359,1.6908339964583048
102360,1.6821592448957352
102361,1.6117175876713246
102362,1.6478064432750725
102363,1.744817839972779
102364,1.678563721205334
102365,1.7146873675421432
102366,1.636262624279963
102367,1.6708648533354853
102368,1.6749478918698582
102369,1.6774459641881214
102370,1.6397851050218812
102371,1.6715271401596066
102372,1.6789761970088404
102373,1.657732166409709
102374,1.7015173072979783
102375,1.6601062368473656
102376,1.645050560656184
102377,1.6440032827899727
102378,1.6941262951917775
102379,1.7045012146733458
102380,1.7166576564651734
102381,1.6628805157671038
102382,1.6697344197085393
102383,1.6649876062048021
102384,1.664403394875894
102385,1.686569163414426
102386,1.7084801204784696
102387,1.6909057263482594
102388,1.6893095656422377
102389,1.705616586372117
102390,1.7101193695086243
102391,1.663071624962413
102392,1.7057072970601799
102393,1.69776609098204
102394,1.7124340212693714
102395,1.6854465748831482
102396,1.712987504518291
102397,1.6582016156979127
102398,1.7290283690941841
102399,1.6800842429462308
102400,1.6619753439224207
102401,1.6100550798830506
102402,1.679065465223738
102403,1.7013019820102544
102404,1.6221155824239382
102405,1.6888421178106892
102406,1.681014581216829
102407,1.653259962173295
102408,1.7386855894200783
102409,1.7178424407491686
102410,1.6530363261471808
102411,1.7057494357925067
102412,1.6414076989953865
102413,1.6537257548232378
102414,1.6930188562460626
102415,1.6752532328860719
102416,1.6977035214094205
102417,1.6516287458962113
102418,1.7065626232298095
102419,1.6604888796973714
102420,1.7088308917464572
102421,1.7286753647799171
102422,1.6780028665064393
102423,1.589697542664211
102424,1.6498055631123085
102425,1.7127009448794348
102426,1.6816173181287744
102427,1.6556055632740694
102428,1.6844379396195028
102429,1.6579406949089113
102430,1.6704559515639807
102431,1.7120380421561545
102432,1.6701886952482419
102433,1.642048993899296
102434,1.6785829750446033
102435,1.6709742034195703
102436,1.65610987930045
102437,1.6848245857295452
102438,1.668629412122942
102439,1.6221172531377874
102440,1.6833725392189887
102441,1.7039691619637316
102442,1.653952770152391
102443,1.6158448456100556
102444,1.6624555826544611
102445,1.6898300648897928
102446,1.6510545230378526
102447,1.6809374341501584
102448,1.6869596640898
102449,1.7199745092203158
102450,1.6510044648637434
102451,1.6714962162982643
102452,1.6396123382353793
102453,1.7064185161453915
102454,1.7090153341696703
102455,1.7085595141024448
102456,1.6706040716095438
102457,1.7146182905238534
102458,1.649301725501054
102459,1.6656694464831365
102460,1.7148272140385943
102461,1.7284669566695385
102462,1.6222705891706424
102463,1.6495935443230427
102464,1.6745140170693849
102465,1.7096797160978567
102466,1.7034228241797005
102467,1.656860715391936
102468,1.677389105929994
102469,1.7043605894404463
102470,1.6279388138859465
102471,1.6518752812372595
102472,1.6885467827843583
102473,1.6821835838931047
102474,1.7198573439212355
102475,1.6377308415383875
102476,1.7050748180776745
102477,1.6722130808885618
102478,1.6797752959955998
102479,1.6926404387323561
102480,1.6817354637711428
102481,1.6846268742120332
102482,1.6831435695428163
102483,1.7393702162522369
102484,1.692337892918003
102485,1.6896327281896382
102486,1.7009568215279143
102487,1.6753579656542197
102488,1.6440036123292265
102489,1.7085176277985588
102490,1.6828246506726345
102491,1.6416174770218834
102492,1.6984606863016765
102493,1.6902435297309653
102494,1.6934097264227355
102495,1.6855747895491642
102496,1.7073355189217128
102497,1.6947473516413551
102498,1.6651667946691344
102499,1.675880390168725
102500,1.6361462149353767
102501,1.674463501350433
102502,1.6753877578748835
102503,1.6625662987836125
102504,1.675401455420928
102505,1.6892738011708206
102506,1.6513322176244647
102507,1.6801917075076231
102508,1.6733230391685114
102509,1.693126095483958
102510,1.713590150278904
102511,1.65145771529542
102512,1.6448394450672792
102513,1.6808709930605068
102514,1.6836487227363346
102515,1.6913429039148689
102516,1.7059841030890703
102517,1.61658103414912
102518,1.6742945017818192
102519,1.6826701578326482
102520,1.6690883492956439
102521,1.7535045748697964
102522,1.6726052761148555
102523,1.693011743673082
102524,1.7268674281059264
102525,1.6768799749027978
102526,1.6981712071389403
102527,1.6498786486607329
102528,1.7469245316493043
102529,1.6354793815220803
102530,1.6862697798056643
102531,1.6715311829053947
102532,1.6706194108298864
102533,1.6999083309786922
102534,1.6904741505623773
102535,1.636733693131545
102536,1.6951133085695316
102537,1.6690585204181243
102538,1.6301567965123895
102539,1.6688305483317671
102540,1.6741809519203434
102541,1.6575329393481562
102542,1.6758170156269048
102543,1.6457593446287442
102544,1.6847277287604572
102545,1.7282207695090666
102546,1.6328043048044498
102547,1.733573512625935
102548,1.7073103099947202
102549,1.6907763257272128
102550,1.645769418619793
102551,1.6840425553492029
102552,1.6762089525357027
102553,1.6871736090383989
102554,1.6992865931557537
102555,1.723616078924729
102556,1.687608827521038
102557,1.7420391154573032
102558,1.6921006078622995
102559,1.6693010858082187
102560,1.6700838140444416
102561,1.7517559215344156
102562,1.638290466553583
102563,1.6490193875870705
102564,1.702180377214182
102565,1.62896641666424
102566,1.6563735905925923
102567,1.6867520148881188
102568,1.6529006323459996
102569,1.673678988454305
102570,1.6551798491486023
102571,1.6640739242096596
102572,1.6360316121190632
102573,1.6558966788560516
102574,1.6710635764713262
102575,1.6105232877184712
102576,1.582365343821635
102577,1.61606529981461
102578,1.6992973079184235
102579,1.7101955448452495
102580,1.6818108081442513
102581,1.652452642109839
102582,1.648655895812031
102583,1.673606082532183
102584,1.61392321482116
102585,1.754117283726703
102586,1.6866887574739347
102587,1.6654240218681966
102588,1.6971799911865197
102589,1.7386797261451559
102590,1.6521690757800365
102591,1.6781921018509243
102592,1.6526595919819975
102593,1.6867222342931854
102594,1.688552553617917
102595,1.6442909250660382
102596,1.671793849778372
102597,1.7185377775969126
102598,1.7112137650654737
102599,1.681899845824277
102600,1.6843902685066
102601,1.6814048317600976
102602,1.6588213650579575
102603,1.6970347493475413
102604,1.6607964043729064
102605,1.686026577726245
102606,1.7054977653177608
102607,1.6714547822818413
102608,1.6843092416508345
102609,1.7089158215219777
102610,1.7619307026378261
102611,1.6964217538117135
102612,1.6532423526360516
102613,1.6947936846348766
102614,1.6735157473731908
102615,1.6533339160614944
102616,1.6860453252808079
102617,1.6767793197339045
102618,1.6894261408853344
102619,1.6740896829329677
102620,1.6234841081441358
102621,1.62659122096928
102622,1.71595118526137
102623,1.659417521827618
102624,1.7574360619870397
102625,1.679583380473384
102626,1.6695839606496163
102627,1.659914950650469
102628,1.6153696065924055
102629,1.7030605260137446
102630,1.6703486665658411
102631,1.6562701283522923
102632,1.6355520190698458
102633,1.6423646292158929
102634,1.659329744783033
102635,1.6809851686770714
102636,1.7626631553434742
102637,1.683336303038432
102638,1.6573743703951402
102639,1.6999741079478614
102640,1.7105233215242102
102641,1.6946086999579095
102642,1.6900400966000206
102643,1.6917483415700318
102644,1.6270513258649308
102645,1.6692119442214852
102646,1.6636586141394418
102647,1.650841083628077
102648,1.6873599762587754
102649,1.654718205056318
102650,1.686419281658081
102651,1.6512241805881005
102652,1.6364102589293352
102653,1.6576103741859343
102654,1.6503433640269756
102655,1.7150221048826657
102656,1.6890145068538798
102657,1.7134074455899542
102658,1.6858797015185036
102659,1.6633587311153706
102660,1.678734260509701
102661,1.6435801750246604
102662,1.6741162956748559
102663,1.682251985597488
102664,1.6662581664048233
102665,1.680325409621028
102666,1.6620446972232599
102667,1.6735748959033727
102668,1.6851870441869452
102669,1.6925539235856961
102670,1.697104276366017
102671,1.6735531345382462
102672,1.6827990749892128
102673,1.6567963779546881
102674,1.6660148810279107
102675,1.621928629621491
102676,1.6693062871961801
102677,1.6700803258380967
102678,1.707861381530167
102679,1.7314186602054307
102680,1.6572864855925762
102681,1.6469940668551935
102682,1.6721842869145815
102683,1.6102505389230528
102684,1.701748551106783
102685,1.7073698479416415
102686,1.70673285278962
102687,1.6708475738471689
102688,1.6077473575217307
102689,1.6785810925915545
102690,1.6946071717436721
102691,1.6908352739961756
102692,1.6845837077414707
102693,1.6251568994985575
102694,1.6934186093769108
102695,1.7075030959263306
102696,1.6612675497279774
102697,1.645445152220543
102698,1.6737948028716105
102699,1.6616480165314544
102700,1.7032879129490452
102701,1.6842658388033194
102702,1.7011801954560963
102703,1.6633919964150006
102704,1.6874793255354923
102705,1.7025296869510684
102706,1.7008946531527207
102707,1.6494015852120394
102708,1.6709094323408793
102709,1.7315064535938403
102710,1.7058291611818155
102711,1.6617862805316708
102712,1.6413408367916074
102713,1.6764772012014961
102714,1.6610925915440733
102715,1.6668566713631763
102716,1.7136827555517276
102717,1.6885136948570836
102718,1.633504531896986
102719,1.6390433986394288
102720,1.6978733703572828
102721,1.7341352732521016
102722,1.640579974548371
102723,1.6456033456338564
102724,1.6132324824374733
102725,1.6300424239344344
102726,1.726490410178153
102727,1.6474673709477405
102728,1.7312007885280736
102729,1.6791453783535342
102730,1.6451009898217985
102731,1.6977264441316156
102732,1.6893504183327936
102733,1.6731845271156727
102734,1.680369617144293
102735,1.6548948967206443
102736,1.6981176004737595
102737,1.6943438844519156
102738,1.6356480710724002
102739,1.6411264144219062
102740,1.6354155101131282
102741,1.6645275158840487
102742,1.6390922863511772
102743,1.6425395504510842
102744,1.647403215845985
102745,1.6731743684133014
102746,1.6992015112856025
102747,1.646588967321576
102748,1.693933977541243
102749,1.6308628362773956
102750,1.656708573645398
102751,1.697579464079911
102752,1.6340046641017034
102753,1.6673558372963415
102754,1.687160215970168
102755,1.7008250564498761
102756,1.6473436086028732
102757,1.6984305762209986
102758,1.699561917536403
102759,1.667893598691725
102760,1.6899671416308373
102761,1.6814225701115164
102762,1.7384834019503663
102763,1.6484752836093324
102764,1.6587821908259588
102765,1.6245069198621287
102766,1.661020007338197
102767,1.6621867669522599
102768,1.6300224924904163
102769,1.7064451506925826
102770,1.6503028086650564
102771,1.666673762413361
102772,1.6972536314913058
102773,1.7213781493192886
102774,1.6854589934167363
102775,1.612064470123252
102776,1.6426565542343052
102777,1.6837409015593603
102778,1.634205167768586
102779,1.6552304835998262
102780,1.7023620882224013
102781,1.651283696361135
102782,1.6741210692791837
102783,1.6777246574743483
102784,1.6936988185733008
102785,1.600984240163714
102786,1.6890260488371502
102787,1.6825664924015233
102788,1.641320889570861
102789,1.6085661428179425
102790,1.648258210267364
102791,1.73046604850384
102792,1.6997573347849135
102793,1.6407195361314961
102794,1.656717551229732
102795,1.639779500917499
102796,1.662108602805899
102797,1.6930179817575994
102798,1.6951483489110906
102799,1.649467592186462
102800,1.678901449010957
102801,1.6760296290742829
102802,1.7075602851724607
102803,1.6297612507728585
102804,1.6848998543249465
102805,1.6832025299574351
102806,1.6616618430896326
102807,1.6787387614947908
102808,1.7123508915533052
102809,1.7004333316082707
102810,1.6138380669745989
102811,1.671865823133439
102812,1.6068311180228352
102813,1.6731204418977714
102814,1.641209874112115
102815,1.734592490595424
102816,1.6999356083350967
102817,1.6224577635654582
102818,1.698803776944397
102819,1.645070955440079
102820,1.6951833820039708
102821,1.6923353527672818
102822,1.7250594762457723
102823,1.6631141382255907
102824,1.6988186322749297
102825,1.7071826345065306
102826,1.7122897935439767
102827,1.6802091237056866
102828,1.7208159366371958
102829,1.6892668363323133
102830,1.621637197460785
102831,1.6853854057890056
102832,1.6399822164641218
102833,1.7183336644213134
102834,1.6698062001487104
102835,1.678731945894436
102836,1.6517677875109815
102837,1.7035747565079384
102838,1.6602307705414705
102839,1.645109573416876
102840,1.7212446747568715
102841,1.6336570641750148
102842,1.6480185032496941
102843,1.6704394359640715
102844,1.680774863744619
102845,1.6704073678149072
102846,1.6474479753956457
102847,1.6944125688584863
102848,1.6793071725282223
102849,1.6885911553644775
102850,1.6205038936239038
102851,1.6219810904899017
102852,1.686205289414824
102853,1.6935247503030753
102854,1.6995047628988613
102855,1.7088626250846757
102856,1.6461826686499372
102857,1.6839968068124576
102858,1.6373449811930079
102859,1.6607955439474114
102860,1.6502967797754384
102861,1.6984495811077511
102862,1.6499892531179343
102863,1.6830545269702353
102864,1.6601746384079574
102865,1.6580718815230904
102866,1.678769988726946
102867,1.7537251272083223
102868,1.6765473109788953
102869,1.6850471163853837
102870,1.6890777100320904
102871,1.6616304215032374
102872,1.686162269800837
102873,1.6645069458061972
102874,1.691289964157667
102875,1.6562531994310814
102876,1.6587857567921012
102877,1.6095858843480237
102878,1.6557866125206517
102879,1.7263644699161413
102880,1.6487998819342244
102881,1.7165073045542674
102882,1.7164632401219997
102883,1.6815931209221622
102884,1.6408818163516068
102885,1.670605507033939
102886,1.7505440823608356
102887,1.663471035708009
102888,1.6849721783994567
102889,1.6638457596827008
102890,1.7071679429756237
102891,1.6357531197375308
102892,1.6792587478697851
102893,1.6782061343205144
102894,1.6677938243297319
102895,1.6336772548775753
102896,1.719384349043147
102897,1.5885979328053936
102898,1.689514262790538
102899,1.6684444494106476
102900,1.6984241312972879
102901,1.6943567435150773
102902,1.7028873927070507
102903,1.6727255712116145
102904,1.6840914061175285
102905,1.6826725132366345
102906,1.7112104851388257
102907,1.6548815125785405
102908,1.7035712676791102
102909,1.6685978397321306
102910,1.6808933787613956
102911,1.6648911662308052
102912,1.6743422764288938
102913,1.7110340804868156
102914,1.665733938946257
102915,1.6891298384192743
102916,1.6564578701892365
102917,1.691870953296941
102918,1.6722206641050081
102919,1.676018426576594
102920,1.6408609400933716
102921,1.6585393558738828
102922,1.6899555846017733
102923,1.6711027161975842
102924,1.6733698937618224
102925,1.645330306960736
102926,1.6092261598874924
102927,1.6989694824486288
102928,1.6776727082643472
102929,1.6932756921731371
102930,1.7017782561376
102931,1.6964634162455094
102932,1.6919712964138742
102933,1.6922924304935785
102934,1.6573024359918744
102935,1.629124473286842
102936,1.6823404082665707
102937,1.6071049273362585
102938,1.6889692744693119
102939,1.6544780679364155
102940,1.7207054547081941
102941,1.6848006786643746
102942,1.6859529677384089
102943,1.7113346849654392
102944,1.6565553656725351
102945,1.6626101031812257
102946,1.7218612482405642
102947,1.6934707259372928
102948,1.6574246374400166
102949,1.7245576455741238
102950,1.6699489563116694
102951,1.6605970954741998
102952,1.6382175852443546
102953,1.653644254942391
102954,1.6939413614831225
102955,1.6523778937928553
102956,1.626472303953657
102957,1.7006805586914722
102958,1.6398944188494693
102959,1.689765040553716
102960,1.6686935870997475
102961,1.7290611485825131
102962,1.608664780891234
102963,1.677416228611574
102964,1.6246352094788088
102965,1.6675223561919388
102966,1.682489824049062
102967,1.6897971556978508
102968,1.678679797115855
102969,1.697438979418697
102970,1.6845339210838928
102971,1.6829145446280207
102972,1.6764360959726765
102973,1.6210260514928394
102974,1.682718694051044
102975,1.7170768733848398
102976,1.63520560389856
102977,1.6737698149757974
102978,1.7138393031330457
102979,1.7227768589884422
102980,1.682204148529409
102981,1.7027310321509668
102982,1.645706572209312
102983,1.6622392473852228
102984,1.6491167260633848
102985,1.6530214446994524
102986,1.7183961850139429
102987,1.6828605292430243
102988,1.6863781267001248
102989,1.7315867874671342
102990,1.6489442166294006
102991,1.6584757962572132
102992,1.6285717043197943
102993,1.635491625694628
102994,1.70633478704595
102995,1.6850126093587652
102996,1.6833805837087437
102997,1.6615415704868546
102998,1.6973797633089585
102999,1.717840101201981
103000,1.6922777406043337
103001,1.6902555960149597
103002,1.6476265765500462
103003,1.6480606707138599
103004,1.7226896500447104
103005,1.651562451562982
103006,1.6311812113740625
103007,1.6618528584540446
103008,1.7003120205150493
103009,1.685758578498516
103010,1.7081319871399891
103011,1.7057664992224222
103012,1.6625096581956442
103013,1.6649952230598466
103014,1.6294445632249286
103015,1.7270394175198696
103016,1.7144755476972096
103017,1.6632640895012318
103018,1.671624686900134
103019,1.6886966626623225
103020,1.6908860984192455
103021,1.6115414322165034
103022,1.701349464932038
103023,1.6582746125286747
103024,1.7077313563595806
103025,1.6890316872930775
103026,1.6427796055773505
103027,1.6457494615316333
103028,1.676536337252659
103029,1.683013858015927
103030,1.684645996506718
103031,1.7114012992257632
103032,1.7225771368178033
103033,1.6367740414516057
103034,1.6836756044575403
103035,1.6731466628642402
103036,1.704582475628887
103037,1.6810934519412544
103038,1.7381559253393453
103039,1.6205460630844626
103040,1.660737712448632
103041,1.6920669583303685
103042,1.6771821261812687
103043,1.6968684430197
103044,1.6647747962087662
103045,1.6990649771386224
103046,1.7155785439253812
103047,1.650338013399641
103048,1.6695760337746188
103049,1.663108566738686
103050,1.688451159569028
103051,1.6535727321039324
103052,1.6681623727602888
103053,1.718754727584101
103054,1.6471679650849549
103055,1.690100138938153
103056,1.6621269526173588
103057,1.7655108378804192
103058,1.6561368825658702
103059,1.6673444189137336
103060,1.6756478729711308
103061,1.6224712328855069
103062,1.720538944053617
103063,1.7123570747004235
103064,1.7146754892582918
103065,1.636180890695445
103066,1.6816259060193037
103067,1.6699995914734078
103068,1.6285694301592624
103069,1.7038032866792971
103070,1.6672290129576235
103071,1.7040033060515267
103072,1.6270647618477798
103073,1.7117508212942656
103074,1.66290395425603
103075,1.7058844980899093
103076,1.6696214192665872
103077,1.6372050851615751
103078,1.6788942778631215
103079,1.6851877645526587
103080,1.715809060427566
103081,1.6997561260151357
103082,1.6478859762286742
103083,1.6455747293908294
103084,1.674429793159421
103085,1.6392070250922013
103086,1.66788289757293
103087,1.6982507783455183
103088,1.718968771147587
103089,1.6628889071742345
103090,1.670500118079124
103091,1.6542446855334865
103092,1.7021528015562557
103093,1.6080317563250386
103094,1.736810125162456
103095,1.6425761666461764
103096,1.6895510629658526
103097,1.6741115963114748
103098,1.6506453998969897
103099,1.7184614898088768
103100,1.6592711401770208
103101,1.675181211733551
103102,1.6228201547182985
103103,1.658333244838898
103104,1.7153827049802393
103105,1.6853609599220845
103106,1.7027264775142568
103107,1.6469719090362842
103108,1.6241999244624306
103109,1.7518190097839599
103110,1.675055162976696
103111,1.6637351271513185
103112,1.6860041172402347
103113,1.7095258278640595
103114,1.6897456757707123
103115,1.6447127332971356
103116,1.713729022890367
103117,1.6215954800013452
103118,1.6846135800965973
103119,1.7056731665586047
103120,1.6399522488359097
103121,1.634272682976694
103122,1.6762926147339612
103123,1.6429331836170344
103124,1.6227169623053477
103125,1.6503438971569255
103126,1.7180371111715729
103127,1.6862392902377918
103128,1.73196208570464
103129,1.6916377554544713
103130,1.6248475321010318
103131,1.6843939610523877
103132,1.5976581178695217
103133,1.7177930260045138
103134,1.6616839444612093
103135,1.621644676651521
103136,1.6365324574486264
103137,1.6436380114800717
103138,1.6708490806379657
103139,1.6575752174864464
103140,1.6043334527235584
103141,1.6431981598236847
103142,1.7390832039302366
103143,1.7135800678791961
103144,1.66907269883786
103145,1.6707969269718284
103146,1.696145784803498
103147,1.6888813950627106
103148,1.6923147504960618
103149,1.6849573248709249
103150,1.6946896800384519
103151,1.715564767194232
103152,1.7101381314688933
103153,1.6759083194409092
103154,1.7235162666471195
103155,1.6594443124326752
103156,1.6459484890763763
103157,1.630688210455682
103158,1.6293818391483577
103159,1.6846465932725516
103160,1.6583382013223018
103161,1.667481497726172
103162,1.7094036016418068
103163,1.6400751469669268
103164,1.6691554352289515
103165,1.6560431383174767
103166,1.7243462681511947
103167,1.7106349951873638
103168,1.6671237617624821
103169,1.6846012683980154
103170,1.6630253881217505
103171,1.6342295107952716
103172,1.6654847196926472
103173,1.7024465107116382
103174,1.6293069660363864
103175,1.6548428743790051
103176,1.6346786583097561
103177,1.698193789068621
103178,1.6601163768690677
103179,1.669121063896394
103180,1.7311990885517798
103181,1.711393103837164
103182,1.707462852508551
103183,1.7154503897092435
103184,1.6621496237573818
103185,1.6849143577308092
103186,1.624979071050135
103187,1.6422747906162836
103188,1.6364684617134448
103189,1.701793183896716
103190,1.6887774835381069
103191,1.6688554036147232
103192,1.6275213139772875
103193,1.675121927806616
103194,1.6113560259186637
103195,1.6997571988314466
103196,1.6960102875406702
103197,1.7015605295926506
103198,1.7360515914687713
103199,1.696985849275816
103200,1.696310822512666
103201,1.6667800500957233
103202,1.6123249242761313
103203,1.6196487857864024
103204,1.6632386820550078
103205,1.6844701991855988
103206,1.6481856830301755
103207,1.6241817980596147
103208,1.6224962093697057
103209,1.6573191966816256
103210,1.6814902380630554
103211,1.6795283234280296
103212,1.6271819000141243
103213,1.6952111486690498
103214,1.6746064415722584
103215,1.6363739979759795
103216,1.6673465848542552
103217,1.6799525809975622
103218,1.6819130927392896
103219,1.7313168557844651
103220,1.7070379409143188
103221,1.6265441022553782
103222,1.7157073180346145
103223,1.677927185402915
103224,1.6309144912962021
103225,1.678644181151483
103226,1.6683436705104386
103227,1.6783269662966407
103228,1.7282006318863337
103229,1.6967668361276718
103230,1.664996030471359
103231,1.6763953871621218
103232,1.6184356134998397
103233,1.6810971288091552
103234,1.6698562184798869
103235,1.633722526637268
103236,1.679113745241844
103237,1.7174889141955672
103238,1.654800206353188
103239,1.6784873578633706
103240,1.6744407713868394
103241,1.6468156101364648
103242,1.7006004297227932
103243,1.621006640157394
103244,1.6703630160347163
103245,1.6475507919430685
103246,1.6541785712371655
103247,1.7103563081606425
103248,1.5923587919490656
103249,1.7258105407450282
103250,1.685457821800042
103251,1.637392912945154
103252,1.6941777222637422
103253,1.636664495694228
103254,1.73154115961745
103255,1.6654674618682697
103256,1.65329795474725
103257,1.6953704418371627
103258,1.6761155345793919
103259,1.7093392626611223
103260,1.6134329323144485
103261,1.6888323952818736
103262,1.6456397703664276
103263,1.6812970239795053
103264,1.7001217770245993
103265,1.6768865181649426
103266,1.6709361689498459
103267,1.631908099145872
103268,1.6591814518658872
103269,1.6609695025089029
103270,1.6667477463734952
103271,1.6315250851182537
103272,1.67513716785737
103273,1.6417910708115198
103274,1.7195650550087576
103275,1.6257459157400174
103276,1.6877265372237924
103277,1.6596897158581616
103278,1.6792528434691394
103279,1.695413249815044
103280,1.6762346658451095
103281,1.7312194528033404
103282,1.7008058837095876
103283,1.691447783582299
103284,1.661028327899195
103285,1.65279679168041
103286,1.618442135018284
103287,1.6415757473056123
103288,1.6478681783819231
103289,1.6307963982262381
103290,1.6869570953034603
103291,1.6328779377767817
103292,1.688999814539615
103293,1.703182211686836
103294,1.6227706824718138
103295,1.7100780649014706
103296,1.684037112205213
103297,1.6574082148298095
103298,1.6893798134858935
103299,1.682445170307751
103300,1.7078386356941335
103301,1.6898875526735682
103302,1.6319769061761735
103303,1.6349846238340875
103304,1.7103365148878706
103305,1.6825121844163327
103306,1.6256518658922483
103307,1.6554605959589304
103308,1.6508999038670324
103309,1.6274345547737739
103310,1.7203424165225911
103311,1.7018278979897756
103312,1.717205749938069
103313,1.7269810093771052
103314,1.6701128735177382
103315,1.7258564907298763
103316,1.7129583043865046
103317,1.6241529797790237
103318,1.6181048323114693
103319,1.623199360172404
103320,1.662417598425932
103321,1.698667561959364
103322,1.701220206935484
103323,1.6687455073224466
103324,1.6352161313167501
103325,1.7121791048829966
103326,1.6838135279129922
103327,1.6581944942399593
103328,1.7051329225121614
103329,1.6498063661475648
103330,1.7035944458097219
103331,1.6726382892081462
103332,1.6525344848594716
103333,1.660758302068278
103334,1.6291543340481467
103335,1.6518709174324029
103336,1.6679602695086402
103337,1.6589354056625922
103338,1.6795726798816506
103339,1.669294408433169
103340,1.6841742996450537
103341,1.6969478688735895
103342,1.6663729060476373
103343,1.6524844402065864
103344,1.642969603136644
103345,1.7127107366283727
103346,1.6690584003357376
103347,1.679407953315493
103348,1.714686058453943
103349,1.6634659000806242
103350,1.7021737186840702
103351,1.7462128853167282
103352,1.6519230653753323
103353,1.6228788574118147
103354,1.6528772168167516
103355,1.6354059521852093
103356,1.6947984771737588
103357,1.6549727311016713
103358,1.6899986309607482
103359,1.6716216634355554
103360,1.71908395205151
103361,1.7092726667610514
103362,1.6071507763746795
103363,1.6734504614918577
103364,1.653801078615853
103365,1.644248237746976
103366,1.6990747172441938
103367,1.6940962724313278
103368,1.6881317875366422
103369,1.687479229360696
103370,1.6861641435929715
103371,1.677090702900601
103372,1.6106322616279607
103373,1.6590253760173865
103374,1.6842771013925248
103375,1.6391251060649394
103376,1.7023983651593932
103377,1.6799102815859464
103378,1.6716802689368986
103379,1.6408552981627487
103380,1.6910285781235581
103381,1.633240450015046
103382,1.6557942758027282
103383,1.6351119921429427
103384,1.6737973091937008
103385,1.7074003285581705
103386,1.718817278187446
103387,1.6657338003457034
103388,1.6804276283287232
103389,1.6917438052411427
103390,1.7132209459558836
103391,1.6702292243436223
103392,1.7128602411710276
103393,1.669920391754118
103394,1.6141177879984194
103395,1.6886295158208198
103396,1.6462763375894562
103397,1.6898744544494244
103398,1.670331859895802
103399,1.5747711797352104
103400,1.6660962948721405
103401,1.680794381446794
103402,1.695781246585226
103403,1.773803592158958
103404,1.6399592660740192
103405,1.6409584348751347
103406,1.680211326556572
103407,1.6831914634811467
103408,1.7156049565747293
103409,1.6901011730476805
103410,1.6232511221319577
103411,1.6569347394376506
103412,1.6744910471504657
103413,1.71415314549228
103414,1.6737351033039163
103415,1.6565803918660031
103416,1.6173269125642191
103417,1.714635471253682
103418,1.6846860012536387
103419,1.6900926832694725
103420,1.649039554607929
103421,1.7223598497873114
103422,1.6680002013579172
103423,1.63548180348058
103424,1.6944722871604054
103425,1.700926637510428
103426,1.6395570824980978
103427,1.6714736198624185
103428,1.6876576486637076
103429,1.6714096863363086
103430,1.6943728022259248
103431,1.6790863262665743
103432,1.734196585451354
103433,1.7139149714711204
103434,1.635022263874389
103435,1.6524204349301332
103436,1.64677380286752
103437,1.6925678746742545
103438,1.6409532027070508
103439,1.7092698899746366
103440,1.6833951212479787
103441,1.67164706269833
103442,1.699638229515178
103443,1.7148294545258431
103444,1.5759113961689588
103445,1.6169759899928466
103446,1.68321764022801
103447,1.6886864705953892
103448,1.7116210981429079
103449,1.6645003796577842
103450,1.7213583699199586
103451,1.6606538567586098
103452,1.6450175091822599
103453,1.6394581123436565
103454,1.5844305021735174
103455,1.6807484919979816
103456,1.6817072728450555
103457,1.7017487268401048
103458,1.6234328977038734
103459,1.6521733546063153
103460,1.6874121397347073
103461,1.6431615094439627
103462,1.6734839955470342
103463,1.6371310931379048
103464,1.6435760029678488
103465,1.6673034969015066
103466,1.6997195070505884
103467,1.633726000796409
103468,1.6867663952599192
103469,1.614974103191057
103470,1.702654573240086
103471,1.6902658050367485
103472,1.682519716925128
103473,1.7197304731242395
103474,1.643265212744069
103475,1.6676737363343623
103476,1.6244139072994532
103477,1.6805569362839157
103478,1.6832355988922703
103479,1.6829599074334547
103480,1.6655844089001022
103481,1.6971808346440003
103482,1.6752709816749212
103483,1.6700133596479465
103484,1.7017709341133478
103485,1.7274863862901986
103486,1.690116556007446
103487,1.6446152799752722
103488,1.62542505115435
103489,1.6386077121916525
103490,1.6869808396742199
103491,1.6397347877685495
103492,1.6168912235750046
103493,1.6896673893377385
103494,1.6274504691558571
103495,1.6883229726238371
103496,1.6961586970359352
103497,1.6935423069873012
103498,1.7418067749950572
103499,1.62570265049461
103500,1.6612241189447094
103501,1.634564462754532
103502,1.6610546059137066
103503,1.6709284591532974
103504,1.6385409361783165
103505,1.673626228475877
103506,1.6916009351611778
103507,1.6860460448349763
103508,1.6563934785969183
103509,1.658298437252788
103510,1.6895522012087625
103511,1.6880501052998151
103512,1.6659459377982793
103513,1.696762093868354
103514,1.683126242542055
103515,1.6844164828247568
103516,1.6300269171095834
103517,1.7124750309886174
103518,1.6082450463217517
103519,1.6872132096041026
103520,1.7108434032863056
103521,1.6673039502070828
103522,1.634267264107621
103523,1.6284219926572552
103524,1.682020866000558
103525,1.705490503124066
103526,1.686794386033587
103527,1.6559961584522664
103528,1.6156932608742531
103529,1.677076278448093
103530,1.7419147914094313
103531,1.6935421525372298
103532,1.6918663489293282
103533,1.6434436066417186
103534,1.6696026755584867
103535,1.6594401902753937
103536,1.6241445227080837
103537,1.7038515451218037
103538,1.650525558914041
103539,1.6924096203056898
103540,1.6802941486747616
103541,1.655883090896557
103542,1.6123487003051902
103543,1.6961262931157466
103544,1.626647612221589
103545,1.6953675590818882
103546,1.5971712454358693
103547,1.6217271225262198
103548,1.6479277933272516
103549,1.6593022741970707
103550,1.7068312755656925
103551,1.681531170561806
103552,1.6686252892798232
103553,1.685640122295537
103554,1.6746321579355896
103555,1.6403796784123064
103556,1.7263070441076716
103557,1.6509072170149965
103558,1.6784237759090375
103559,1.6273214373522433
103560,1.6689328851881096
103561,1.6793636931457734
103562,1.638142534182818
103563,1.6734223235664865
103564,1.743177486938195
103565,1.6490422588934919
103566,1.6813915929074148
103567,1.6955765709503365
103568,1.6944135556220286
103569,1.602096693691346
103570,1.6548993748293463
103571,1.6565766580016035
103572,1.6185366989467629
103573,1.6620438806495506
103574,1.6652153905853682
103575,1.6871237933829797
103576,1.67582735957523
103577,1.6590332492435527
103578,1.6726958482936904
103579,1.6708984566624763
103580,1.6440378229400907
103581,1.6562784469644274
103582,1.6367132803361237
103583,1.6901243233446952
103584,1.7156401336687315
103585,1.6603688073712315
103586,1.6217771036311452
103587,1.6913437675342373
103588,1.6572311609502444
103589,1.6373559346131092
103590,1.6887913821794676
103591,1.6523092811326414
103592,1.67245056192392
103593,1.6413116982017903
103594,1.6685226939309563
103595,1.6834504149242788
103596,1.6516243598215912
103597,1.6910279330754403
103598,1.678342304294292
103599,1.7186919273653667
103600,1.653005033944554
103601,1.6380406451799154
103602,1.6440644573560363
103603,1.7329876571185872
103604,1.647790782902672
103605,1.6727475604698774
103606,1.690785990475749
103607,1.6408939474360777
103608,1.692795679527086
103609,1.6940758112549696
103610,1.7190103807030006
103611,1.6801572725617668
103612,1.63093924759252
103613,1.6713014207385946
103614,1.6641923787467197
103615,1.680285439995131
103616,1.6664432540740821
103617,1.6389267554026645
103618,1.6570650052135145
103619,1.6865420824848953
103620,1.6691001464852335
103621,1.629407967467907
103622,1.6436960821574653
103623,1.6655395396382016
103624,1.6807653484955591
103625,1.652247218662604
103626,1.7023171537962405
103627,1.625988527304102
103628,1.7037631236363302
103629,1.7176534760894464
103630,1.6700474442856807
103631,1.7287980120976627
103632,1.652337285387218
103633,1.6654314935443029
103634,1.681395349635073
103635,1.6925017117076129
103636,1.7039971893807937
103637,1.6582354267809825
103638,1.6668219864866498
103639,1.6419395590522885
103640,1.6908934735994932
103641,1.6812295362455572
103642,1.6518520807683819
103643,1.6901182035729447
103644,1.6840200782319752
103645,1.719385524695803
103646,1.6765668550591364
103647,1.6668685396486949
103648,1.663964150267494
103649,1.7061183767880501
103650,1.6541463890188155
103651,1.6377927211680472
103652,1.6724532235380416
103653,1.686879238927665
103654,1.6287632370577425
103655,1.694117698240666
103656,1.6006672196951923
103657,1.6352433970022122
103658,1.6372844495719203
103659,1.675435919454695
103660,1.6041434326851973
103661,1.6697594612229356
103662,1.659282052563587
103663,1.6915097856067316
103664,1.6871537600858262
103665,1.6576654552370789
103666,1.6266598308531979
103667,1.6974780691615148
103668,1.6240454738016177
103669,1.675608221495029
103670,1.6497485646492218
103671,1.681373485590226
103672,1.6661835001452692
103673,1.672426815626557
103674,1.6442371676622969
103675,1.666255617444534
103676,1.638592425220081
103677,1.7038988348912967
103678,1.6770996922410433
103679,1.6897071567784787
103680,1.634975801987255
103681,1.6574086980881986
103682,1.6479201812059217
103683,1.695235796288904
103684,1.7001137073824883
103685,1.6647244892778217
103686,1.6851340611221395
103687,1.6792476792763689
103688,1.6592337562813013
103689,1.690172709687796
103690,1.6709169884243062
103691,1.6984887210386777
103692,1.6719417716021272
103693,1.6787829902797862
103694,1.6440553498243158
103695,1.6651667690654537
103696,1.6461565654472963
103697,1.6626886100017222
103698,1.6938525630348196
103699,1.6377894071809094
103700,1.7411594940009165
103701,1.6469127946932802
103702,1.6827356692963025
103703,1.6224831466511536
103704,1.6644192778707458
103705,1.6882302571472783
103706,1.6413521914658085
103707,1.6533870688324686
103708,1.688105341606279
103709,1.650545620736103
103710,1.6501384591433839
103711,1.6867665294247085
103712,1.6473273926935992
103713,1.6996585665595187
103714,1.68078417205248
103715,1.6277596889839792
103716,1.6250287162930888
103717,1.6695458300748445
103718,1.5719813028500556
103719,1.5810004280898418
103720,1.683366946647943
103721,1.6695206461104437
103722,1.661134859471034
103723,1.6415183589284612
103724,1.6046869307193907
103725,1.6664371395817938
103726,1.6536242777265477
103727,1.6591819506028924
103728,1.6199775712388713
103729,1.7865552592699625
103730,1.7038364896217044
103731,1.7072647546638213
103732,1.648358556060786
103733,1.6770687466055296
103734,1.6588665763306183
103735,1.6701608091548898
103736,1.6629280449720016
103737,1.6746701831737376
103738,1.6640068080235064
103739,1.6948345673225576
103740,1.6801094286497442
103741,1.6664339448836105
103742,1.616189653385328
103743,1.6824564746611874
103744,1.6399193444937317
103745,1.6519016361842276
103746,1.7040753808934896
103747,1.7224793536237262
103748,1.7386695060037318
103749,1.624137588891629
103750,1.6654579925332085
103751,1.6812444359250254
103752,1.7116581774152153
103753,1.6208318304314546
103754,1.6712098071476464
103755,1.6335062935055797
103756,1.6877570713509429
103757,1.6726493249218664
103758,1.6284349370478644
103759,1.6718475890978184
103760,1.620935874675783
103761,1.689201858988762
103762,1.6342316699839659
103763,1.7123371153887585
103764,1.649619118796606
103765,1.6640868700103921
103766,1.6205553949242582
103767,1.6945640258766945
103768,1.6675608697333837
103769,1.6910457335134044
103770,1.6685690842618355
103771,1.6654035221488916
103772,1.660434928040251
103773,1.6794844347098377
103774,1.6556193183903427
103775,1.7065278664344086
103776,1.6994353800787199
103777,1.6294978570104257
103778,1.7023925783810054
103779,1.632112243879806
103780,1.6113692056842372
103781,1.688832632233729
103782,1.6977503097102993
103783,1.6847448891244958
103784,1.6202027954646032
103785,1.7291205965046046
103786,1.6909944537310277
103787,1.6675242757004705
103788,1.6758757241868634
103789,1.6523122369961043
103790,1.7183395455390524
103791,1.6772811817142657
103792,1.6866214982324297
103793,1.6723836212765575
103794,1.6771484304790905
103795,1.7015361823415933
103796,1.6300220299229737
103797,1.6807069306389317
103798,1.6538446712424864
103799,1.7283763533125605
103800,1.6815525156648745
103801,1.6357825712007639
103802,1.6463569336017827
103803,1.692232241300477
103804,1.6689332107538086
103805,1.6629113042662593
103806,1.6945804587225417
103807,1.720640840191849
103808,1.607156222323933
103809,1.6494816409332314
103810,1.6939089840253125
103811,1.656845236681513
103812,1.599769203334186
103813,1.6326170017596617
103814,1.673860245218531
103815,1.666820763990342
103816,1.6509766553222962
103817,1.6159244661614878
103818,1.6566181219884981
103819,1.6984310434635628
103820,1.6583195587999193
103821,1.684866915753451
103822,1.6317753825604455
103823,1.7187116616363962
103824,1.6912384373518348
103825,1.5984905231525488
103826,1.659537800956194
103827,1.638424912692773
103828,1.6279420699912819
103829,1.6403740462787209
103830,1.6889577473314619
103831,1.68218910745193
103832,1.6699741443133946
103833,1.6627234958580142
103834,1.6931453395668408
103835,1.700609746629239
103836,1.6500063302775534
103837,1.7159272962406478
103838,1.661408665756711
103839,1.669875274669892
103840,1.61831720363762
103841,1.601465500154237
103842,1.6135818129573194
103843,1.6640130618103557
103844,1.6585329258964374
103845,1.6266907582840278
103846,1.635054392166009
103847,1.6831830764304598
103848,1.715780673960924
103849,1.6805609116892573
103850,1.6755049438133358
103851,1.6895467650487954
103852,1.6406752104836235
103853,1.6027120011099056
103854,1.680806230447401
103855,1.620627314447612
103856,1.6928317072748962
103857,1.6455040549389406
103858,1.6436953136220371
103859,1.7071864948924227
103860,1.6629409459506677
103861,1.7150898540239459
103862,1.6789428665985051
103863,1.6506161262671952
103864,1.643362877175148
103865,1.6654129466990562
103866,1.6437552674409428
103867,1.6813457056460135
103868,1.654436432072469
103869,1.6937089109301313
103870,1.6863155698950694
103871,1.6240012785530165
103872,1.6574397591879138
103873,1.6368444102335262
103874,1.6673810445218549
103875,1.6994754042089022
103876,1.6482483025201586
103877,1.6970350288546008
103878,1.7056500146469886
103879,1.6694866989040706
103880,1.6081195630526472
103881,1.6747730963664877
103882,1.6609565059902254
103883,1.7020315416808045
103884,1.6924424751869795
103885,1.6642492280795471
103886,1.6749198927430669
103887,1.6598159861939106
103888,1.6957693439161243
103889,1.6458430816329015
103890,1.684205950386754
103891,1.639457368577966
103892,1.656229770493563
103893,1.6593412962038647
103894,1.672607441241988
103895,1.6484105205838984
103896,1.6281393078701611
103897,1.6679996480202817
103898,1.6503434146634761
103899,1.6552629560711083
103900,1.6449194386426864
103901,1.6911583607480702
103902,1.660619230639589
103903,1.7110561770277375
103904,1.6705062688057881
103905,1.669293594947653
103906,1.6851771339611885
103907,1.6672895551604796
103908,1.6407813382272596
103909,1.6471575863435435
103910,1.685520990027504
103911,1.6268954958737576
103912,1.712250438843894
103913,1.6385449063946922
103914,1.6660425033675141
103915,1.6934787702610024
103916,1.6534423732122878
103917,1.6921081437178709
103918,1.646996158546566
103919,1.6122564713007141
103920,1.70642588205385
103921,1.674848317017991
103922,1.7267521310690972
103923,1.7303612435779046
103924,1.696887795685209
103925,1.6974729210354838
103926,1.7137732294382362
103927,1.6324908088724588
103928,1.7077876095086721
103929,1.7028405239984883
103930,1.6685990749768371
103931,1.6906573259425555
103932,1.713516941322815
103933,1.6724663878955457
103934,1.670178101384332
103935,1.6552744975000895
103936,1.6642766029263396
103937,1.655499577823949
103938,1.6776254769163736
103939,1.683539060235045
103940,1.6771478758441831
103941,1.6906930348094047
103942,1.6845903236125868
103943,1.6409898702515429
103944,1.6569433063781625
103945,1.6396659210913942
103946,1.6880768761770957
103947,1.6267510344335052
103948,1.6599180153720292
103949,1.70533885560027
103950,1.6591857188067773
103951,1.595019717480668
103952,1.6581296383110982
103953,1.6638514144269723
103954,1.6740306066722193
103955,1.6407468111596408
103956,1.6786394704645413
103957,1.6346449932221263
103958,1.6884414463439563
103959,1.6694218758107833
103960,1.6115131648257386
103961,1.6649236863228292
103962,1.672791358193538
103963,1.6641783073965586
103964,1.6033193891260982
103965,1.6854404652912711
103966,1.6519442183633473
103967,1.6392455473387995
103968,1.6741576844614574
103969,1.6470517608433877
103970,1.6213258093926317
103971,1.6448791959395201
103972,1.6550228370416316
103973,1.667933948618506
103974,1.6591471201966213
103975,1.627641380843374
103976,1.68688689858827
103977,1.677703615142912
103978,1.684466092267621
103979,1.636037647420872
103980,1.6246083027098532
103981,1.6557633194839234
103982,1.6717966181013892
103983,1.6953055035957003
103984,1.6079649176587423
103985,1.701662234336014
103986,1.6979391439835305
103987,1.6683987455604217
103988,1.6963045152711598
103989,1.6341310846688897
103990,1.6440361067859157
103991,1.7207043192004068
103992,1.7203365520071359
103993,1.6750067212159518
103994,1.699138635987758
103995,1.6573246354305058
103996,1.722348968942948
103997,1.6453956729152972
103998,1.7011252784028557
103999,1.72791961812539
104000,2.1526827327501104
104001,2.127345715782841
104002,2.2034336081410357
104003,2.1812319921943115
104004,2.160671947549053
104005,2.1189293135600664
104006,2.123634769086187
104007,2.0876483044086394
104008,2.082459050649728
104009,2.1350748640318615
104010,2.0087424369368603
104011,2.04709335705737
104012,2.0492533049470727
104013,2.0323624200168346
104014,2.0613501296140657
104015,2.0168109063609316
104016,1.9906888589659328
104017,1.999642203751218
104018,1.9418578574203031
104019,1.9519768376923494
104020,1.9376822558266424
104021,1.975909122185797
104022,1.9346890120004965
104023,1.8853438946681111
104024,1.9104075218800778
104025,1.8912838308955158
104026,1.9012961646236497
104027,1.890355531643942
104028,1.882536986587565
104029,1.8441648258975623
104030,1.900278745009018
104031,1.8315562198135205
104032,1.809726540273544
104033,1.8523391380079295
104034,1.8587620375378453
104035,1.8155707334898465
104036,1.7867691066795666
104037,1.7941511407044084
104038,1.7286456630198863
104039,1.8175123092402374
104040,1.7532575364095364
104041,1.7407825050712236
104042,1.731413103209603
104043,1.7178744660138034
104044,1.7386676491130855
104045,1.7272685109194206
104046,1.7034841441916353
104047,1.7157398018641292
104048,1.7000870634698286
104049,1.6978107576831571
104050,1.6645476039801863
104051,1.676967597801899
104052,1.6618298972727306
104053,1.626552136069538
104054,1.6292712397791385
104055,1.6309575854599474
104056,1.6450667638424052
104057,1.6333396132329783
104058,1.6052464697465902
104059,1.5860687488117904
104060,1.6138525792015086
104061,1.5704170597360703
104062,1.6185910474459477
104063,1.5071713736675543
104064,1.5283666346100069
104065,1.5969393587443952
104066,1.529634718081352
104067,1.5504621209211693
104068,1.570862265386205
104069,1.532138728205708
104070,1.5530315982462972
104071,1.513436490739307
104072,1.51365221771229
104073,1.514790196927829
104074,1.4414460334818064
104075,1.4948747831056715
104076,1.4719751202924296
104077,1.4248813330972432
104078,1.4572044026846755
104079,1.422403305280637
104080,1.4459836413380185
104081,1.4034276002223698
104082,1.4499117333038296
104083,1.4805015936319805
104084,1.4375301900026352
104085,1.4832727087803823
104086,1.4148069829281855
104087,1.4319452283495369
104088,1.385670607184329
104089,1.381451129089751
104090,1.3980655544804004
104091,1.3898550826847311
104092,1.3568857353094093
104093,1.395845726712466
104094,1.375360229604474
104095,1.3702771392980373
104096,1.3437205698528816
104097,1.3386998704251691
104098,1.322101018628005
104099,1.32019318671228
104100,1.304641752949155
104101,1.299488202292005
104102,1.3440841577498845
104103,1.3710201632286398
104104,1.281770254040009
104105,1.3444196099401207
104106,1.2683440140124713
104107,1.3288747706831507
104108,1.2505955572788041
104109,1.3114071963722294
104110,1.3329409776157053
104111,1.334905186622598
104112,1.2226357727733308
104113,1.2967848867303617
104114,1.2371709474181611
104115,1.2844346178808579
104116,1.2299298474367037
104117,1.290367222156352
104118,1.2940184987155814
104119,1.2267760442914069
104120,1.2597530896670894
104121,1.268639353713927
104122,1.254252835755652
104123,1.200678709192587
104124,1.2671810046435286
104125,1.2325752616433836
104126,1.2140192361834354
104127,1.2423661328938644
104128,1.229809284466247
104129,1.2575078660766779
104130,1.2358464614187294
104131,1.2075626795030454
104132,1.201036083860509
104133,1.149625616270986
104134,1.2121450711019992
104135,1.1552794599140934
104136,1.1629798088523151
104137,1.1563443206287989
104138,1.1670950825093487
104139,1.104736006007908
104140,1.2114954483239042
104141,1.1829679041134784
104142,1.2083255889031366
104143,1.2130979951108407
104144,1.104955696049441
104145,1.1502044079671854
104146,1.1481306893287697
104147,1.1678701178850954
104148,1.1206841525957414
104149,1.154974755025718
104150,1.1739055934306797
104151,1.1570560272770254
104152,1.1156208841967215
104153,1.1280675374765012
104154,1.1087927515243357
104155,1.1017483497775493
104156,1.1028865162522987
104157,1.1230967117684254
104158,1.1227902971630002
104159,1.1443830553308307
104160,1.1208257176291672
104161,1.1318799088001574
104162,1.0654567457832451
104163,1.1140818551662155
104164,1.1056523967066476
104165,1.0826064291651467
104166,1.0911913689523989
104167,1.081294089171658
104168,1.109932683329594
104169,1.0532228215268402
104170,1.1227255286405105
104171,1.046425354954137
104172,1.0794555318971912
104173,1.08529076222932
104174,1.07042166272115
104175,1.05432541243094
104176,0.9981662713870387
104177,0.9985388421120214
104178,1.0772110960495145
104179,1.0746346464388064
104180,1.0792882442625782
104181,1.05754800131967
104182,1.0428955638723272
104183,1.0439462011958571
104184,1.0605967645542085
104185,1.0770627789067775
104186,1.03616232463704
104187,1.0756965754310917
104188,1.0362991611715286
104189,1.0521498256805542
104190,1.003689987621956
104191,1.0585138714511448
104192,1.043622553265107
104193,0.9798012495878118
104194,1.0007236454842987
104195,0.9823217606690036
104196,1.035999189687803
104197,1.0299771098097024
104198,1.0638099921165096
104199,0.9887559582454402
104200,0.9826532991565986
104201,1.011700928686801
104202,1.062580066623028
104203,0.9980131097752568
104204,0.9955566950064477
104205,1.0359055043308665
104206,0.9893850907134198
104207,1.0049745530481895
104208,1.00687695670097
104209,0.9895352444493495
104210,0.9781116996044076
104211,1.035059018836965
104212,1.0122821633650223
104213,0.9706097790470782
104214,0.9960502550501688
104215,0.9644694411420158
104216,0.9737492944032826
104217,0.9922096707186594
104218,0.9960558776911224
104219,0.9750918802455842
104220,0.9533534397018031
104221,0.9237572102996399
104222,0.9859956586139946
104223,0.9522043328012065
104224,0.9809397685104687
104225,1.0349976173738957
104226,0.9594612186388914
104227,0.94044560621319
104228,0.9192831519197618
104229,0.926309729767448
104230,0.9852958490066215
104231,0.9827451738716042
104232,0.9784220365388867
104233,1.0346810743335475
104234,0.9810501826157587
104235,0.9662187636800896
104236,0.9219367952012868
104237,0.9810993903476993
104238,0.9657184054145663
104239,0.9134362865727018
104240,0.9904832340126943
104241,1.0006485161174492
104242,0.9870516077143967
104243,0.9371086216721283
104244,0.9754919136194744
104245,0.9004064758786184
104246,0.9636704274918859
104247,0.9302796761205764
104248,0.9166149717503965
104249,0.9740163258710929
104250,0.9397186591398867
104251,0.9278142979809454
104252,0.9302218734107488
104253,0.9516805298067164
104254,0.93651012480509
104255,0.922398104403749
104256,0.9061205136373732
104257,0.9344426046884061
104258,0.972973603490031
104259,0.9913300392900902
104260,0.9511577912687508
104261,0.9857972771760175
104262,0.9265083298823035
104263,0.922829200599023
104264,0.9007107865940374
104265,0.9491666459570759
104266,0.9096700389931667
104267,0.9408529881236167
104268,0.8979245248133572
104269,0.9173968412600673
104270,0.9073054539441742
104271,0.9154475039744918
104272,0.9035378476172118
104273,0.9332895866009105
104274,0.9540454433287539
104275,0.9002503342791268
104276,0.9400127783610165
104277,0.8856389861025176
104278,0.8614986111123304
104279,0.8879111665365398
104280,0.9377965735164657
104281,0.9592692656826688
104282,0.9230899134025646
104283,0.8850297155017022
104284,0.9203791933588066
104285,0.902545901331185
104286,0.9008658791842499
104287,0.9266078304152351
104288,0.8853502899630118
104289,0.873383869018673
104290,0.9027187153445946
104291,0.9041176973963811
104292,0.9045513357910462
104293,0.8860512889222681
104294,0.9218903390034853
104295,0.9390267363845872
104296,0.882375253642065
104297,0.8563779801715304
104298,0.9139322639793609
104299,0.8503982748226363
104300,0.9005091331487443
104301,0.9177240207315369
104302,0.8697709396674886
104303,0.9046788609241685
104304,0.8902510473015133
104305,0.9687139554135026
104306,0.8857601199217833
104307,0.8885528839413476
104308,0.8866371455338858
104309,0.874993984807237
104310,0.9128088481452639
104311,0.9311521255078182
104312,0.9227869046946245
104313,0.8747880156548323
104314,0.9175435807552039
104315,0.9032679664893527
104316,0.8930658590585986
104317,0.8259986973808796
104318,0.8637234210846159
104319,0.8603167185571774
104320,0.8744145726457131
104321,0.9258812063836092
104322,0.8709550656360766
104323,0.868595689630571
104324,0.8938258925143381
104325,0.912322960647548
104326,0.8717429577943974
104327,0.8583902623182115
104328,0.8618180787556076
104329,0.8878376671878715
104330,0.8906052297797454
104331,0.9523625184914954
104332,0.8226931116379709
104333,0.8747529445057417
104334,0.9611442313214821
104335,0.8574556821523873
104336,0.8760466339801644
104337,0.8737540528827645
104338,0.884036925717984
104339,0.9163217625151027
104340,0.8446071931453717
104341,0.8605718892561837
104342,0.9042718537964821
104343,0.8646405274788098
104344,0.850760816089772
104345,0.888809297063787
104346,0.8726787114952451
104347,0.8266843427498554
104348,0.9144149712169094
104349,0.8189373111775801
104350,0.8519060388948694
104351,0.8830258095922661
104352,0.8370684705492675
104353,0.8778582076668338
104354,0.7935638302259863
104355,0.888058862141764
104356,0.8778576304255753
104357,0.8932571189745047
104358,0.8660357494267279
104359,0.8778121937311965
104360,0.8232401660541048
104361,0.83493305682243
104362,0.8785563259290267
104363,0.8412831019710783
104364,0.856583479919656
104365,0.8571010224288244
104366,0.863910291480533
104367,0.8401091574057353
104368,0.9004950346567888
104369,0.8476193188369328
104370,0.8797436480315385
104371,0.8760130795454203
104372,0.8665401484319756
104373,0.8440391054522032
104374,0.8302404950784718
104375,0.835899777202348
104376,0.8669725860260473
104377,0.8373814565212326
104378,0.8930880090937691
104379,0.7800455749612323
104380,0.8786520561685773
104381,0.8678808695534642
104382,0.853008361844928
104383,0.849245115163329
104384,0.8625836083260329
104385,0.88645107980685
104386,0.8211623647068924
104387,0.8778450339601277
104388,0.8394842599905226
104389,0.8297455306563115
104390,0.8434303392090867
104391,0.9087311921305489
104392,0.8377119426260006
104393,0.8670228958298107
104394,0.8132212472948621
104395,0.8613969319406798
104396,0.8970541569969924
104397,0.8436532115370579
104398,0.9043741086754309
104399,0.9235466757919334
104400,0.881274503565091
104401,0.8550445208285371
104402,0.8424366853455761
104403,0.7853245472553994
104404,0.8826934189132755
104405,0.8890902538758552
104406,0.9029357914819046
104407,0.812442808114969
104408,0.8564015206673861
104409,0.8232097491239856
104410,0.8571708909605437
104411,0.865467852610571
104412,0.8360053431349654
104413,0.8941900438289125
104414,0.8331971235413964
104415,0.8111671441627714
104416,0.8259427977842445
104417,0.8404045563228817
104418,0.8177589051234028
104419,0.8296954680377133
104420,0.8297224792097491
104421,0.8628723647045479
104422,0.8907301325399414
104423,0.8784358403944373
104424,0.8382967808302829
104425,0.8130159867968564
104426,0.835917285965357
104427,0.8559597347588981
104428,0.8524867105693126
104429,0.8633508180959013
104430,0.8173924954247319
104431,0.8498039709123788
104432,0.84158053283614
104433,0.8288073641863306
104434,0.8647285499935696
104435,0.8278196825222286
104436,0.8585352229379536
104437,0.9063892119893142
104438,0.80516875376156
104439,0.857434348859374
104440,0.8886853256869057
104441,0.8605215288223911
104442,0.8986749025566583
104443,0.8772814689107128
104444,0.8430144216234436
104445,0.8935381169411791
104446,0.8659077811644713
104447,0.8449447781240278
104448,0.8013459093522367
104449,0.7609545622421001
104450,0.8547955353472737
104451,0.8587167689629956
104452,0.8264007643556256
104453,0.8277390393004159
104454,0.8048559792174254
104455,0.8152928496874312
104456,0.847039947819863
104457,0.8499568492232902
104458,0.7897412354706859
104459,0.8866685650138424
104460,0.8033697241160278
104461,0.8845683328972377
104462,0.881809336118051
104463,0.8903297169709083
104464,0.8756416858894587
104465,0.8181726478414926
104466,0.9058566797610685
104467,0.8459399468408386
104468,0.8279409066178456
104469,0.9070062622999833
104470,0.7896439955813327
104471,0.8364257357401373
104472,0.824061972213854
104473,0.7957867236491026
104474,0.8344853046249326
104475,0.7964496104124514
104476,0.8055195932743497
104477,0.8438067264303982
104478,0.8317605057723108
104479,0.824579810763912
104480,0.7991086079290867
104481,0.8355916600783762
104482,0.8239691162471544
104483,0.8693719090205876
104484,0.8406300187606237
104485,0.8336473623780372
104486,0.8190316836879512
104487,0.848425117001279
104488,0.8556370843485911
104489,0.8415716350124854
104490,0.8735393239834521
104491,0.8294849025185346
104492,0.8732048984117956
104493,0.7834333184268854
104494,0.8591291954476533
104495,0.8438941115553035
104496,0.8132020467202452
104497,0.8087917296487271
104498,0.8083436330409044
104499,0.8501731486756379
104500,0.8202807301630399
104501,0.8351265212323424
104502,0.7927191867180431
104503,0.7943005838465134
104504,0.8500540935719835
104505,0.8355524630980892
104506,0.853020751946539
104507,0.8289009947409799
104508,0.8043895321315849
104509,0.809257045479587
104510,0.7877934897320991
104511,0.8092707124445804
104512,0.8403873767232533
104513,0.868663340814033
104514,0.814213471624837
104515,0.8743417529741077
104516,0.8198849340426378
104517,0.7991033159436446
104518,0.858628370831956
104519,0.7938407352195712
104520,0.8210228561113182
104521,0.8442799914009924
104522,0.7879364158189142
104523,0.8332651338122893
104524,0.836105332216633
104525,0.8554765481469163
104526,0.8502466759845327
104527,0.8103509029252008
104528,0.7789524229265455
104529,0.8288161088283792
104530,0.8083580584753497
104531,0.8499971996045801
104532,0.7895912877945221
104533,0.8625880225471081
104534,0.8013256461284982
104535,0.7840599647846717
104536,0.8463732665821582
104537,0.8337729079082308
104538,0.857758726621359
104539,0.7876309304325518
104540,0.8428117849327587
104541,0.8604860283393723
104542,0.8257421770676469
104543,0.8663942993196834
104544,0.7987631303377263
104545,0.8122419158087765
104546,0.8695627580158906
104547,0.8005627194298992
104548,0.8469114314869968
104549,0.8532703436985917
104550,0.8887811060272406
104551,0.8385434145845325
104552,0.7685270072861993
104553,0.8399612527354162
104554,0.7882488487246978
104555,0.8073177094694637
104556,0.7992264128189592
104557,0.8209918913214955
104558,0.7922924910250316
104559,0.8235805097971375
104560,0.7849382441373947
104561,0.844318517912241
104562,0.8552161067689531
104563,0.7604952077132555
104564,0.8569603287870814
104565,0.9113312111040458
104566,0.8002311862679977
104567,0.7761293037123322
104568,0.8140993265727011
104569,0.8054708493614876
104570,0.82794295297736
104571,0.8550035360790789
104572,0.8268683644200475
104573,0.7501057949927403
104574,0.8112780342869896
104575,0.8200223274509201
104576,0.8104844771257311
104577,0.8162417668879296
104578,0.8235655663188649
104579,0.8353815377688006
104580,0.833079405638442
104581,0.8363394874719632
104582,0.8462461707322174
104583,0.90145826407116
104584,0.7457825554498707
104585,0.8200215364131254
104586,0.8201528476004045
104587,0.8592550900474704
104588,0.8205276016951571
104589,0.8674887872584458
104590,0.8594810069765664
104591,0.8501566440518487
104592,0.8159779822478125
104593,0.830428950031177
104594,0.8595190324615877
104595,0.8258631878307622
104596,0.8712543111986709
104597,0.7749583617318582
104598,0.8657989624795914
104599,0.8464865136153155
104600,0.8428799584234016
104601,0.8356260337614392
104602,0.87623329599149
104603,0.8010033009264388
104604,0.8406415863728804
104605,0.7880249370563186
104606,0.791840463978333
104607,0.8126051840717426
104608,0.8941541403006006
104609,0.8524771698520522
104610,0.8543334322276328
104611,0.7780550739560522
104612,0.8655722858446588
104613,0.8401473110934278
104614,0.8292623475284544
104615,0.8791387902452411
104616,0.7937460354618312
104617,0.8356049734177078
104618,0.8277197557754188
104619,0.8245008233824032
104620,0.8563037318798327
104621,0.8613014363977036
104622,0.7913985446714966
104623,0.7902343928561777
104624,0.7993596030869549
104625,0.8554984090449229
104626,0.8571060696674621
104627,0.8354154263313105
104628,0.7890574549397669
104629,0.7682347459112949
104630,0.7973175456356995
104631,0.7723672704988318
104632,0.791045573957032
104633,0.8265948847029921
104634,0.8403148762395787
104635,0.8488680527694414
104636,0.8118291447455399
104637,0.8013894074475996
104638,0.8366037387215504
104639,0.825460119586925
104640,0.8412880514591095
104641,0.8033043042640976
104642,0.8092829389567717
104643,0.8423000257115743
104644,0.8500356967794922
104645,0.8351179514791992
104646,0.824051338271418
104647,0.8660460971527086
104648,0.8035664335172223
104649,0.804130250295893
104650,0.8319120030696161
104651,0.8253525862099164
104652,0.8472115935109873
104653,0.8522693057337128
104654,0.8988773675248536
104655,0.8113515728987724
104656,0.8405869742628272
104657,0.8042747034829743
104658,0.8592716036928973
104659,0.7950588067058727
104660,0.8247183813561177
104661,0.8354913385535031
104662,0.8062723796032448
104663,0.8863219870812779
104664,0.8039201580901334
104665,0.7722740280920972
104666,0.8604358177218467
104667,0.8267995203452054
104668,0.8216648300596134
104669,0.8252326073946666
104670,0.798407879974357
104671,0.866739727339877
104672,0.8687887815061947
104673,0.8370328166549271
104674,0.8481703514548427
104675,0.809604489489054
104676,0.7962236483167957
104677,0.8248372081180044
104678,0.8319799072066429
104679,0.8295769306208101
104680,0.8277055909287204
104681,0.7903015637697807
104682,0.8052160225938099
104683,0.8095095605504675
104684,0.8648584067460103
104685,0.8546381387329484
104686,0.8204866274188581
104687,0.8272171780430299
104688,0.823141599551733
104689,0.7806518787022474
104690,0.8425706314007898
104691,0.8510324389831119
104692,0.8137150304292201
104693,0.8384305334268932
104694,0.8283094312463638
104695,0.8502525322151879
104696,0.8177432474199338
104697,0.8002737509054405
104698,0.8813307291684175
104699,0.8095240629981197
104700,0.8233657606720219
104701,0.8837144675175632
104702,0.8129494900553944
104703,0.8207824464652523
104704,0.7928838683008319
104705,0.8204718032347936
104706,0.8508141856155147
104707,0.8141337880919405
104708,0.7930232448879516
104709,0.836590883382886
104710,0.7930226871066154
104711,0.8101319062740001
104712,0.8070173253197149
104713,0.8723216291827081
104714,0.8254418370026603
104715,0.828343334507413
104716,0.8851778293702384
104717,0.8353420145440679
104718,0.8449586803925628
104719,0.7848051672706055
104720,0.8122964197392522
104721,0.810551687191226
104722,0.8152354487102277
104723,0.821229758659091
104724,0.8080006695669507
104725,0.7920156667904835
104726,0.8637022629840674
104727,0.8181325084103208
104728,0.8871509237192164
104729,0.812982182916509
104730,0.754570711604258
104731,0.8464944255076968
104732,0.8115445661038057
104733,0.8468467036421147
104734,0.8102859918836993
104735,0.7977459704143904
104736,0.7751836193797658
104737,0.8536745271523237
104738,0.8412992334439662
104739,0.8301112675169546
104740,0.8411695063492437
104741,0.8302430511524665
104742,0.8014984122130346
104743,0.8339978575813153
104744,0.8504644243607485
104745,0.8220924714560495
104746,0.8301870631055
104747,0.8370999933404089
104748,0.8781889195007656
104749,0.8309985442457405
104750,0.8768717177885432
104751,0.8247315615848763
104752,0.8557479021729291
104753,0.77130134181211
104754,0.7970582259678796
104755,0.8879718745349217
104756,0.7980658626260492
104757,0.8044251034665382
104758,0.8558267562416199
104759,0.8289336441689481
104760,0.80564351984792
104761,0.8808147096784411
104762,0.8218154369447711
104763,0.837981563402194
104764,0.8377661195013405
104765,0.8026540187351945
104766,0.7948484160224067
104767,0.8001231172681403
104768,0.8226502926200313
104769,0.7805242440532025
104770,0.822232981596984
104771,0.8230013736537887
104772,0.8192920984641087
104773,0.8744044958807641
104774,0.8372127554917197
104775,0.8237941431098872
104776,0.7996946697436744
104777,0.8130308479903087
104778,0.8480280007565532
104779,0.8599512564415361
104780,0.8034451309105416
104781,0.8348641606139049
104782,0.8000235518108001
104783,0.8601955690064449
104784,0.829514130990464
104785,0.8565692512877062
104786,0.818038904614352
104787,0.8591637836125979
104788,0.8761825904252416
104789,0.8504223026584478
104790,0.7636343100731228
104791,0.8200770745331016
104792,0.8352366757398589
104793,0.8198923179847857
104794,0.8230977683291238
104795,0.8117457840306463
104796,0.8185055440720885
104797,0.8361349071510149
104798,0.8184105530758639
104799,0.8712254247327972
104800,0.7977081761719937
104801,0.7957842358900533
104802,0.8099492081575629
104803,0.858654657292404
104804,0.82094606257651
104805,0.8150970352977153
104806,0.7904261268288741
104807,0.7968131707461201
104808,0.8355100204279345
104809,0.7887710492317085
104810,0.8774859821915064
104811,0.8598460256950486
104812,0.8250879426317592
104813,0.792059398095073
104814,0.8114660969873175
104815,0.795178496574567
104816,0.8277196757683121
104817,0.7920402687843303
104818,0.8069860084844296
104819,0.7953856240815463
104820,0.8226226355505397
104821,0.8416921661799274
104822,0.8357481631161933
104823,0.8883712896159545
104824,0.8103731272197343
104825,0.8311468501599956
104826,0.812651298079549
104827,0.8357457616188093
104828,0.8447028390497352
104829,0.8163135845679229
104830,0.8234940384877875
104831,0.8407480990259668
104832,0.8682967239306998
104833,0.8376989250077155
104834,0.7885898223494435
104835,0.8077495928481105
104836,0.843874850257784
104837,0.8262556484314535
104838,0.8092579369726854
104839,0.7852468532189641
104840,0.8308714840188374
104841,0.8313112177400029
104842,0.8007676453369943
104843,0.8698095947741757
104844,0.8555081613698453
104845,0.7808673640096437
104846,0.8211594448825719
104847,0.8076231354094998
104848,0.7892026927822031
104849,0.7903818523317101
104850,0.8299853815559344
104851,0.8150792157126443
104852,0.863438318993539
104853,0.8149648552027494
104854,0.8356853028473507
104855,0.8168742524094282
104856,0.8024048375395153
104857,0.7792803196365882
104858,0.8092497597921761
104859,0.8130556893590637
104860,0.8196438429941791
104861,0.802893745062442
104862,0.832828172069887
104863,0.82756475801741
104864,0.7917167555264607
104865,0.8116441336678294
104866,0.8127405543480085
104867,0.8673729660782917
104868,0.820300091078637
104869,0.8051064873028886
104870,0.8276926535747223
104871,0.8905377944899758
104872,0.8168129348508616
104873,0.809219685653393
104874,0.8405137909452215
104875,0.7672931631431641
104876,0.8565632286444679
104877,0.8474344675930121
104878,0.7709980146259586
104879,0.8154469958546587
104880,0.8317767879106933
104881,0.8042045577639373
104882,0.8415358896404306
104883,0.85735743419758
104884,0.8454438639973973
104885,0.8009645759835454
104886,0.8492260328831899
104887,0.7773485171210501
104888,0.8534238535228603
104889,0.8068147031896317
104890,0.8604155494431219
104891,0.8389946327341335
104892,0.8360839163596314
104893,0.8368342901442889
104894,0.8072965178469533
104895,0.8660466128882263
104896,0.8129520553110454
104897,0.7667893533899656
104898,0.8089504072307531
104899,0.8225648277062981
104900,0.8293649001135539
104901,0.7952721498294926
104902,0.7964753167696725
104903,0.8081089221946232
104904,0.7823589836474782
104905,0.8670423297105943
104906,0.8406121130998144
104907,0.7757146877823047
104908,0.8296809671527522
104909,0.8350211806859502
104910,0.8086257229437501
104911,0.8043136770726091
104912,0.7711410658590889
104913,0.862153628636713
104914,0.8487450856821218
104915,0.8149847120861139
104916,0.832024303155085
104917,0.7557323736818923
104918,0.8341036828324476
104919,0.8295064283379393
104920,0.8220357555150447
104921,0.8030930956045296
104922,0.8670148394709748
104923,0.8454407597225736
104924,0.8414307552250796
104925,0.8293264250168175
104926,0.7944205689452511
104927,0.8048166944887969
104928,0.865801868626891
104929,0.8291923828067559
104930,0.8262004633008909
104931,0.8057032694016515
104932,0.8391024353171602
104933,0.8295450677426737
104934,0.8126585067482791
104935,0.7778011024818742
104936,0.8220812648130784
104937,0.805137305981431
104938,0.7980389747215016
104939,0.856873077332152
104940,0.8734063950226735
104941,0.8074438449560509
104942,0.8791510847677735
104943,0.8461573812067149
104944,0.8009921893801774
104945,0.7830105167585006
104946,0.8473947084492544
104947,0.8009449810912251
104948,0.8134963682342896
104949,0.8735566866408935
104950,0.8447338156777152
104951,0.868078512071007
104952,0.830652098774778
104953,0.808418976010869
104954,0.7637995046395181
104955,0.8115035116707112
104956,0.8341011560646857
104957,0.7988942759395357
104958,0.8158991235251517
104959,0.842191444729068
104960,0.8212163234586947
104961,0.8294123126449268
104962,0.8456735442798011
104963,0.8089878204043416
104964,0.759151669707753
104965,0.7974918801015201
104966,0.8511628723130333
104967,0.8262316593938045
104968,0.8414521246394434
104969,0.8224382154603506
104970,0.822943195866197
104971,0.865891491519958
104972,0.7972302807223891
104973,0.8302701574641267
104974,0.7987947124502431
104975,0.8038218939519292
104976,0.8487362455950556
104977,0.842500269741578
104978,0.7918262597725062
104979,0.8192942087265713
104980,0.8301652487475524
104981,0.8417084951526808
104982,0.7934478341917071
104983,0.8348440683444915
104984,0.797047303153942
104985,0.8060221305791536
104986,0.79012867353162
104987,0.8100898392495908
104988,0.8164955810046722
104989,0.8382889967017563
104990,0.8036577170834045
104991,0.8479338249569605
104992,0.8242010030368373
104993,0.7904729125053879
104994,0.8282558387378309
104995,0.7923358226605841
104996,0.8274279399374437
104997,0.8386892832809464
104998,0.8492301150679546
104999,0.799184914450957
105000,0.8100197619242318
105001,0.8392871522535513
105002,0.7967016407492926
105003,0.8160117833329785
105004,0.7875180712762595
105005,0.8681813887050174
105006,0.7886422603216469
105007,0.7819001950889496
105008,0.8171357836443103
105009,0.7830762290942043
105010,0.8339276901818837
105011,0.8307473234006687
105012,0.828963358938496
105013,0.8112151924088153
105014,0.8568507939242982
105015,0.8556502190962416
105016,0.8591690761127085
105017,0.8247042189105196
105018,0.8105464569891516
105019,0.8504711407965674
105020,0.839863692526078
105021,0.7969763459798019
105022,0.815452325361121
105023,0.874100086301266
105024,0.8090397876331279
105025,0.7869549429082618
105026,0.7651690519544677
105027,0.7967519499578176
105028,0.8099437491143521
105029,0.8314100505526851
105030,0.856543020229288
105031,0.8359435435893012
105032,0.8118935102246181
105033,0.8052257446678787
105034,0.8599164318507753
105035,0.8430736039055491
105036,0.7961793915154589
105037,0.7977373347674764
105038,0.800595036801913
105039,0.8098011541088658
105040,0.8484402444954731
105041,0.8353689075190328
105042,0.8146328250423401
105043,0.8410150995182026
105044,0.7658081696159534
105045,0.8522053505159579
105046,0.7983787362241006
105047,0.8369557462648481
105048,0.7931378284509546
105049,0.8154182773283781
105050,0.8188336676971715
105051,0.8656163260856775
105052,0.8183540641833723
105053,0.8366656293533834
105054,0.9150190487180202
105055,0.8595378798783265
105056,0.7906453518064808
105057,0.8298959096098129
105058,0.8316637058780539
105059,0.8704808662252476
105060,0.8136950680027467
105061,0.8565016568844492
105062,0.7697851707862723
105063,0.7924437148593008
105064,0.8116765048732703
105065,0.810233007032011
105066,0.7634405950631048
105067,0.8339077109679391
105068,0.7928896755063318
105069,0.7883058050248265
105070,0.8248807496583335
105071,0.8670866660468234
105072,0.8205760168034214
105073,0.8418875567364171
105074,0.8117779470019322
105075,0.7887197275211676
105076,0.8569672369849894
105077,0.7803438340450285
105078,0.8696499132228973
105079,0.7992955908742961
105080,0.8670771125414624
105081,0.8344290805180281
105082,0.8514078238792397
105083,0.867017247725217
105084,0.8181570269930406
105085,0.7821158943139693
105086,0.8197012541571584
105087,0.8354182769768648
105088,0.870696205787919
105089,0.8330424541948952
105090,0.8313066058967225
105091,0.8022689611556585
105092,0.7686563754938366
105093,0.8080383634600763
105094,0.8242041991664122
105095,0.8045609833268668
105096,0.8272715653491937
105097,0.8579631843837201
105098,0.8247467141579851
105099,0.8059025753510348
105100,0.8604758884892538
105101,0.80879971008049
105102,0.8437604896544307
105103,0.7824544207941759
105104,0.8243623559859983
105105,0.8399993045722189
105106,0.8176697340088223
105107,0.8349037235085539
105108,0.8584232390737434
105109,0.7934451516856877
105110,0.8430723004623683
105111,0.8170053712475017
105112,0.7761748059808502
105113,0.8433479476475502
105114,0.7991532204104995
105115,0.8096547380515925
105116,0.8363403040789893
105117,0.8466138416848108
105118,0.8513048846832272
105119,0.8134008186247522
105120,0.7705572572733635
105121,0.819298643134993
105122,0.8660577763193377
105123,0.7932771541552784
105124,0.8247470485061205
105125,0.7846308460928677
105126,0.8330401208836598
105127,0.7954337538652047
105128,0.7817761171286847
105129,0.8288651697682048
105130,0.8141360953583882
105131,0.8092528830046996
105132,0.8360932563355756
105133,0.7955394877410137
105134,0.8828800528826453
105135,0.8305116933287153
105136,0.8423235535076045
105137,0.8429573106598287
105138,0.848056711001983
105139,0.7728983423029574
105140,0.8812617730849479
105141,0.7995469203029377
105142,0.8513207622629624
105143,0.8561582344002671
105144,0.8356841342828089
105145,0.8436364112747744
105146,0.8379809681297385
105147,0.7702643518817993
105148,0.7915444772644579
105149,0.8333002173600706
105150,0.8672119446456396
105151,0.8408751541710728
105152,0.8096393262889605
105153,0.8079924692960638
105154,0.807815162410673
105155,0.7905300676521752
105156,0.8130404806445095
105157,0.8063895188994997
105158,0.820844193479341
105159,0.8544434413881115
105160,0.8999050822451755
105161,0.8330881476100331
105162,0.7764001737045049
105163,0.8438905999995051
105164,0.8344168875605829
105165,0.8564890081348039
105166,0.7898842067379546
105167,0.8184162886132589
105168,0.8832525326817249
105169,0.8347437288432387
105170,0.80136171480927
105171,0.7792664281278079
105172,0.8397112286704601
105173,0.829032740269074
105174,0.8384833007219008
105175,0.8399310896183513
105176,0.892366215962056
105177,0.815171007770283
105178,0.7853474888481916
105179,0.8141182975590715
105180,0.8706679155550534
105181,0.8503389947132717
105182,0.7712296458556238
105183,0.8360872049900145
105184,0.8148344707386678
105185,0.8241847897838718
105186,0.8501721023936405
105187,0.8857896683930713
105188,0.8733640171556414
105189,0.8568716705500183
105190,0.8044916696668583
105191,0.8287511100799831
105192,0.7983178586384944
105193,0.7689909279936988
105194,0.804772009225168
105195,0.8783342227549101
105196,0.8461901985796074
105197,0.864563745999017
105198,0.8211756532608254
105199,0.7980109409076519
105200,0.8065398691947244
105201,0.8072203713629944
105202,0.7871844052258741
105203,0.8279083217354242
105204,0.8237310092431543
105205,0.8112975261409355
105206,0.8096641141644969
105207,0.7785419985476956
105208,0.7838938921528006
105209,0.813959755504122
105210,0.8671831523972402
105211,0.8162862067840376
105212,0.8351314691487043
105213,0.8105214133697717
105214,0.8199916098069029
105215,0.8483458571325878
105216,0.8678414641157634
105217,0.8284517210645544
105218,0.8267870755713569
105219,0.7645843479776699
105220,0.8107809706510815
105221,0.849466920832298
105222,0.8468508350240679
105223,0.778242547306005
105224,0.8150316274856418
105225,0.8249161225545741
105226,0.8165612121626761
105227,0.8867506754956649
105228,0.7845744012354138
105229,0.8241418886617166
105230,0.8025028812728201
105231,0.8762022659711594
105232,0.8126119963803977
105233,0.8499876506255446
105234,0.8103088018692718
105235,0.8089555597472731
105236,0.7863558816717973
105237,0.7814997185269297
105238,0.8998842889826412
105239,0.8365076565570652
105240,0.8083677499922383
105241,0.8319043141423128
105242,0.8550678847863662
105243,0.8246189088874091
105244,0.8366297433748409
105245,0.8176782074242693
105246,0.8501939061426844
105247,0.8144693570236995
105248,0.8059979817840374
105249,0.807904441367673
105250,0.8054445385437466
105251,0.8028590228459305
105252,0.817136188452674
105253,0.80349721126479
105254,0.8142390252130677
105255,0.8744495402724364
105256,0.8466550393735925
105257,0.8423994009641205
105258,0.814364898285284
105259,0.8301529686649458
105260,0.8081528980778268
105261,0.7949846350511429
105262,0.8142210513632716
105263,0.7674388155399225
105264,0.8403423359823562
105265,0.8646750616085881
105266,0.8024218081061734
105267,0.8008786771258055
105268,0.8499155045266837
105269,0.8064832806870521
105270,0.7946258686053177
105271,0.8485980610527706
105272,0.7848653135867195
105273,0.7774997927297652
105274,0.825006575779453
105275,0.8171563339050061
105276,0.8760019668193526
105277,0.8241393700225209
105278,0.9230279575376324
105279,0.7964836318481057
105280,0.7891548631461547
105281,0.8315759066479674
105282,0.8488916807852903
105283,0.7938918177820226
105284,0.8541883341185215
105285,0.8317453730428706
105286,0.8274187222491037
105287,0.7828998784493493
105288,0.8419617397667589
105289,0.8256004355126367
105290,0.8398894252708401
105291,0.8310611035808719
105292,0.8316449928533048
105293,0.858410441348994
105294,0.7895004218997099
105295,0.8294329498673758
105296,0.8135705269543235
105297,0.8394484989123505
105298,0.8183192885867445
105299,0.8168043304594491
105300,0.8073402513784749
105301,0.8270240802599235
105302,0.8044518983021276
105303,0.8550619393397328
105304,0.8332530086234335
105305,0.8739774473912423
105306,0.796593491904188
105307,0.8205428353064068
105308,0.7604360377561703
105309,0.8353408844386947
105310,0.854613879709171
105311,0.8287994601371961
105312,0.8269614945879966
105313,0.8001012676278706
105314,0.8666199132440379
105315,0.8170008518181732
105316,0.8090673063566192
105317,0.840953355159128
105318,0.7871570716431052
105319,0.8455565454122786
105320,0.779285530375092
105321,0.7698247888946279
105322,0.857172902672297
105323,0.803832569755873
105324,0.8166766760128453
105325,0.8548053286258368
105326,0.820845501907545
105327,0.7983074635029604
105328,0.8024918588291514
105329,0.8257951273690224
105330,0.8157353539532521
105331,0.8150218244630889
105332,0.8282035072669349
105333,0.7944167083407998
105334,0.8547309107000289
105335,0.8534420772409351
105336,0.809657893627338
105337,0.861773869267578
105338,0.8159830912824512
105339,0.8564022554820289
105340,0.8698691006699881
105341,0.8084570982464245
105342,0.8684688792198018
105343,0.8506910253382794
105344,0.810102173389679
105345,0.8449165214911658
105346,0.8339828627826731
105347,0.7919298840988975
105348,0.8100819591330739
105349,0.8317007389693237
105350,0.8638814869916317
105351,0.8377933219347274
105352,0.7983403081724082
105353,0.8166366933651507
105354,0.8486072059114551
105355,0.7891566049033311
105356,0.7897514284612646
105357,0.7632394641170135
105358,0.8236402371071135
105359,0.8155030487722924
105360,0.7879835478917433
105361,0.8118283188690125
105362,0.7864341057534614
105363,0.7810889848627578
105364,0.8420528838361453
105365,0.882218491921677
105366,0.8211043015623295
105367,0.8140607820420627
105368,0.8337251293533134
105369,0.8235479058681037
105370,0.8315741781195154
105371,0.8207974441215881
105372,0.8233745464074014
105373,0.8105866384819264
105374,0.8255580429223204
105375,0.8128012657051983
105376,0.8038330830925229
105377,0.8127457408102303
105378,0.8289162900793761
105379,0.818610994659524
105380,0.8294262167662677
105381,0.8248925306752158
105382,0.842689467404601
105383,0.8667161621132559
105384,0.8149091036650533
105385,0.8243408519592408
105386,0.8437575683300571
105387,0.8039486166616326
105388,0.7623713406047616
105389,0.8126840119648495
105390,0.8451586792982013
105391,0.8220640030450842
105392,0.8276597790047518
105393,0.8164490103521262
105394,0.8281548672531711
105395,0.8409424069183591
105396,0.8592678699148761
105397,0.8418414095848517
105398,0.8383968135603466
105399,0.803892910555756
105400,0.8230042644812666
105401,0.8246801403431548
105402,0.85165080394023
105403,0.8135913824349533
105404,0.8409516555244404
105405,0.8291904439307485
105406,0.8004247516447234
105407,0.8377535021557462
105408,0.807990628999343
105409,0.8084458310652052
105410,0.8443823563334903
105411,0.8446047670144778
105412,0.8155990420401542
105413,0.82541079211904
105414,0.8623432660650332
105415,0.8400665669738244
105416,0.7854264678628606
105417,0.8393082328690457
105418,0.7886764786538033
105419,0.8176027919960897
105420,0.8498974380675796
105421,0.8234202365005756
105422,0.78105790743947
105423,0.7794885620617651
105424,0.8456550301785188
105425,0.7881979155784029
105426,0.8448985496537544
105427,0.8227901727352069
105428,0.8427922283415443
105429,0.7888495513164709
105430,0.7989193045884245
105431,0.8839537076629589
105432,0.8566835563183001
105433,0.8272899324386377
105434,0.8334764814098097
105435,0.8130412787248434
105436,0.8059492640746192
105437,0.8162201763105381
105438,0.8648739724919425
105439,0.7893581159975831
105440,0.8307335869276247
105441,0.8182938029809966
105442,0.8999322218856837
105443,0.8456210758554711
105444,0.7916378844616201
105445,0.7904957080311918
105446,0.7582524770391358
105447,0.7733136086687394
105448,0.8494080372613901
105449,0.8262004648638674
105450,0.8541384911539639
105451,0.845161675726936
105452,0.8214396913041249
105453,0.810481061535857
105454,0.8251595742101686
105455,0.8289693179931782
105456,0.8021857384942214
105457,0.8549864606626474
105458,0.8361123225807153
105459,0.8031529519740195
105460,0.8322119745038546
105461,0.8227880158644094
105462,0.8100471033255942
105463,0.8397102899031308
105464,0.8196878098727707
105465,0.8736816589517965
105466,0.8309888628474144
105467,0.8486953522772832
105468,0.8516038961723907
105469,0.829699960801961
105470,0.8333869497809936
105471,0.7710723743877215
105472,0.8268768651708894
105473,0.8314133422040944
105474,0.8248255091510954
105475,0.852699516247418
105476,0.7905822575120479
105477,0.8566633764303093
105478,0.8859918039912001
105479,0.8338944817913411
105480,0.7953559134376035
105481,0.8063808524421124
105482,0.8163525637328971
105483,0.8813444382161111
105484,0.8330650951108459
105485,0.7915913562898853
105486,0.844451183712291
105487,0.790092682195142
105488,0.7799907151570817
105489,0.8009950746508387
105490,0.7775174062121492
105491,0.8160297894561429
105492,0.8412928772834256
105493,0.8158853808505866
105494,0.8270170733131341
105495,0.8062565252216204
105496,0.8883093388735639
105497,0.8742528840790594
105498,0.8496256654977155
105499,0.7983365535406273
105500,0.8732208193853469
105501,0.8913799915941326
105502,0.8229802875137538
105503,0.8498104747701233
105504,0.841177061425002
105505,0.8516341455682532
105506,0.8007191524623918
105507,0.865041169193148
105508,0.8402378728914909
105509,0.8803023161542681
105510,0.8185527705814142
105511,0.8264905084473941
105512,0.8492874270138195
105513,0.8483025296287945
105514,0.821851295616483
105515,0.8293382327249544
105516,0.8097221694822139
105517,0.7984927189026709
105518,0.8124782720203475
105519,0.8372901328768957
105520,0.837781743687235
105521,0.8115662704561506
105522,0.7859189377334518
105523,0.8516352326243526
105524,0.8547132766977011
105525,0.8088839381008948
105526,0.8360788229970114
105527,0.7837476088374198
105528,0.8122248209315807
105529,0.7973748141210875
105530,0.8417543587237768
105531,0.74596236895682
105532,0.8459655069265696
105533,0.8184711643392099
105534,0.853499739940026
105535,0.8170507440574354
105536,0.7955169782221831
105537,0.8599782579614551
105538,0.8309533988814608
105539,0.8436263751370784
105540,0.8278342414026512
105541,0.815607907584949
105542,0.7886658301583684
105543,0.8099729245646697
105544,0.8173474488869837
105545,0.849021438802104
105546,0.7907869070134944
105547,0.8451942800852061
105548,0.8484496039217924
105549,0.8563001845095057
105550,0.8721863180633401
105551,0.8461730629802509
105552,0.7703999100631376
105553,0.8264286037538527
105554,0.8333364941666195
105555,0.8103600609363548
105556,0.8189563318815317
105557,0.813867055991181
105558,0.8187577771578636
105559,0.7981478772924863
105560,0.8208184046109217
105561,0.8453644867951209
105562,0.8346200217583943
105563,0.83047476657788
105564,0.8032097773434701
105565,0.8177061661238059
105566,0.803842672181722
105567,0.8428621230904498
105568,0.8652191063781502
105569,0.8852104898701016
105570,0.8665729603140473
105571,0.8276241182959845
105572,0.8325560467239349
105573,0.8055918759025843
105574,0.872317213865913
105575,0.844633184050237
105576,0.82641037994177
105577,0.8069980659750386
105578,0.8183171584072656
105579,0.8109956463490559
105580,0.8750517169861207
105581,0.850198640366535
105582,0.8531715980198123
105583,0.834149068165186
105584,0.8213386020424662
105585,0.8594948669998316
105586,0.8760349400726262
105587,0.8582966934994104
105588,0.8115584697535052
105589,0.818705995153422
105590,0.8705941179961827
105591,0.8479989987660713
105592,0.8185719272984134
105593,0.8299613013473549
105594,0.8118407021454023
105595,0.8065171912347642
105596,0.8541998611126427
105597,0.8265990575651277
105598,0.8363907212912325
105599,0.8095886957736791
105600,0.850434466911911
105601,0.799360375044759
105602,0.774743748936911
105603,0.8617214281789178
105604,0.8232978810471283
105605,0.8497851143028112
105606,0.8414990794619466
105607,0.8246817256173249
105608,0.8342532885170865
105609,0.8540909184208479
105610,0.8771480903780463
105611,0.8082786481881248
105612,0.8360887241870035
105613,0.8647148767913041
105614,0.8038885640747051
105615,0.7951653753208979
105616,0.8348580099176963
105617,0.8066798007085885
105618,0.8331796510146017
105619,0.8262804736421666
105620,0.849875291263156
105621,0.8085764563576662
105622,0.8145270214315401
105623,0.8120754901053553
105624,0.8325497282106594
105625,0.8576877836012579
105626,0.8756717585276168
105627,0.8476884136260623
105628,0.8359584081527358
105629,0.8254175330526526
105630,0.7507514960592058
105631,0.8475615503359398
105632,0.8716234772520703
105633,0.8359145989742952
105634,0.8414826098154519
105635,0.7718992721095979
105636,0.8136265322004117
105637,0.8461708626229695
105638,0.8613281406508609
105639,0.8161864665950004
105640,0.8487001800282534
105641,0.8018370045315248
105642,0.816247770006939
105643,0.8204020225907191
105644,0.819975589475187
105645,0.837064905513997
105646,0.7991352046219967
105647,0.8180222119279985
105648,0.8680723069235652
105649,0.8751951101768888
105650,0.8401541339100753
105651,0.8068085829161687
105652,0.7951559625059791
105653,0.8015746650563874
105654,0.8546214755874929
105655,0.8506841904192161
105656,0.8425085905767534
105657,0.8158319940385237
105658,0.8006284096199364
105659,0.8428574967043362
105660,0.8178491161852021
105661,0.7853202970336303
105662,0.8362473546296694
105663,0.8578801905578436
105664,0.7978767366205709
105665,0.8364156540250808
105666,0.8222386819703753
105667,0.8104620557422003
105668,0.8159688563231602
105669,0.8738204326309038
105670,0.8487640034571178
105671,0.804914837079654
105672,0.8375369913003969
105673,0.8604556107225089
105674,0.774758515968553
105675,0.7860455342786109
105676,0.8090177261165424
105677,0.8335619136414625
105678,0.7861038532071475
105679,0.839311737317275
105680,0.7964053436318957
105681,0.8247595888105318
105682,0.8695606482839077
105683,0.8047052887922711
105684,0.8176060720916057
105685,0.8292199344144712
105686,0.8313806724884689
105687,0.8529790963583711
105688,0.8523791815914774
105689,0.8477656523210577
105690,0.8126944414000001
105691,0.8130540316673611
105692,0.8046142869946394
105693,0.809425387475328
105694,0.7977990683076479
105695,0.7964909194937695
105696,0.8395003561087252
105697,0.7703271564863231
105698,0.7684761841278229
105699,0.8051329941141919
105700,0.8150149223486487
105701,0.8141366479581671
105702,0.7911136447571989
105703,0.8095743762780444
105704,0.8792942984795296
105705,0.8651670259696541
105706,0.8082399961487282
105707,0.772411152874979
105708,0.8424536021778622
105709,0.867064074622713
105710,0.7547032184923518
105711,0.8128632263461406
105712,0.8365783044595446
105713,0.831554674667497
105714,0.8333055478193504
105715,0.8036735166838771
105716,0.8237807936538714
105717,0.866913443197845
105718,0.8210911303283677
105719,0.7803269866769905
105720,0.7795017542728605
105721,0.7905584193662728
105722,0.7862332447133826
105723,0.8448440807153442
105724,0.839717141307861
105725,0.8278123733949811
105726,0.8163199531327652
105727,0.7628937172124685
105728,0.781041999001665
105729,0.8024171003594546
105730,0.8044487015549034
105731,0.8462824020503352
105732,0.8362130760536965
105733,0.8747388930059591
105734,0.8316377381296071
105735,0.8724230642477515
105736,0.8171035516637497
105737,0.8457039249704443
105738,0.8423118199841786
105739,0.902534187606268
105740,0.8130442950275382
105741,0.8423171597949594
105742,0.8194927353883051
105743,0.8236379923519166
105744,0.7993130317892893
105745,0.8238706159574504
105746,0.8860114265153849
105747,0.8359611320545404
105748,0.803693645194319
105749,0.7457548972035576
105750,0.8770145455580041
105751,0.8165989989470493
105752,0.8012407894200488
105753,0.8122624960742623
105754,0.8665606510711765
105755,0.77860419553723
105756,0.7890404464152821
105757,0.8562367529624342
105758,0.847708769887127
105759,0.8068243901119512
105760,0.8500750307610833
105761,0.814802833788046
105762,0.8038659605350953
105763,0.8157305379487122
105764,0.8250162165714338
105765,0.762169736554139
105766,0.8121155479094231
105767,0.8127188148802605
105768,0.831907712954832
105769,0.8155358915450392
105770,0.8401827509006721
105771,0.8198754057915352
105772,0.8190544014476134
105773,0.8165022541919662
105774,0.8291731291668767
105775,0.8215255916215666
105776,0.8156044359095892
105777,0.8444910682938321
105778,0.8439701306336302
105779,0.8434222451840006
105780,0.8246281295211956
105781,0.7857685228033657
105782,0.8398731539624287
105783,0.7840652660167186
105784,0.893769775610673
105785,0.8428145802915807
105786,0.8114341348174062
105787,0.7939686591064032
105788,0.8583972773405856
105789,0.8202333126388717
105790,0.9153285007320061
105791,0.8232481340268059
105792,0.7979956849570036
105793,0.8328346026849726
105794,0.8034126017148424
105795,0.8066182771733313
105796,0.8091136963393829
105797,0.8178734450418662
105798,0.8035702453281319
105799,0.8673480193828418
105800,0.8450393349547933
105801,0.8356064685340211
105802,0.790734996779648
105803,0.8509403945690843
105804,0.7945375332969196
105805,0.8438201797918998
105806,0.8943550491988164
105807,0.7857898818568068
105808,0.7987582911160477
105809,0.800813491816667
105810,0.8347775234525825
105811,0.7817214626289865
105812,0.7961785186311934
105813,0.8579491245638299
105814,0.8217284908715765
105815,0.8286277338381108
105816,0.8023324135953664
105817,0.8229756646016846
105818,0.8019163301167119
105819,0.8003003828791505
105820,0.789320959052237
105821,0.8702320507475664
105822,0.8261182413619196
105823,0.8343500835012014
105824,0.811854784114826
105825,0.7938394658205894
105826,0.8660142748676907
105827,0.873544169981461
105828,0.8210829533138105
105829,0.824060804398143
105830,0.8193007004472045
105831,0.8571144640048365
105832,0.8967870892708488
105833,0.8015239330306612
105834,0.8292721494333143
105835,0.8299741136610883
105836,0.8325188275452333
105837,0.8181299762979437
105838,0.879394987350697
105839,0.8138355192714666
105840,0.8042534110429479
105841,0.8045855390406426
105842,0.8051633324269016
105843,0.8158847853525018
105844,0.8519130974541024
105845,0.8354753967454894
105846,0.8214012191045649
105847,0.8517441873745322
105848,0.8457048155037665
105849,0.7729821088486047
105850,0.7866134434237051
105851,0.8467276804008766
105852,0.8294102477875461
105853,0.8362811271895738
105854,0.85636743918853
105855,0.7877995064834687
105856,0.8230048049276644
105857,0.7827072481942029
105858,0.8383970975617783
105859,0.8367324289747426
105860,0.8302074592363247
105861,0.8045695715729952
105862,0.8380478668109131
105863,0.8267003569921387
105864,0.8304226838258857
105865,0.8028030099631778
105866,0.8319696925782694
105867,0.839186760437205
105868,0.8173042275072581
105869,0.8404844268469625
105870,0.8160071443097578
105871,0.8168464834522016
105872,0.8305803993811598
105873,0.8088257015600798
105874,0.8818822541026797
105875,0.8114572368708703
105876,0.8868462989334756
105877,0.7969364260137833
105878,0.8296048447100968
105879,0.8196491156151786
105880,0.7591120711613594
105881,0.8651282138968138
105882,0.7786873443117593
105883,0.8635441625093471
105884,0.8351271830723795
105885,0.742818671287245
105886,0.819308382327001
105887,0.8246527232005928
105888,0.8156464792247629
105889,0.7925592494111706
105890,0.8163116385596603
105891,0.8958909769085965
105892,0.8432446449404783
105893,0.8713791424704597
105894,0.7985178272990758
105895,0.8610018947964756
105896,0.7688396159779113
105897,0.80009803190773
105898,0.8248734509323032
105899,0.8112997978299763
105900,0.830043188813275
105901,0.8197458624401092
105902,0.8312542360409177
105903,0.8587900518247611
105904,0.8480098861528251
105905,0.8505053706684026
105906,0.8920471589290146
105907,0.8753149486575574
105908,0.7883839034791077
105909,0.8621285285734376
105910,0.8297621057145212
105911,0.8440381546680982
105912,0.828085639709023
105913,0.8103870575485422
105914,0.8381692370874002
105915,0.8369319855357962
105916,0.8319163659345814
105917,0.8118444889332898
105918,0.8407505071346721
105919,0.7853280819778333
105920,0.8587508569395714
105921,0.8449599424682273
105922,0.8595448159098295
105923,0.8467898942760665
105924,0.8387690689244925
105925,0.8418210809095854
105926,0.8277732730544719
105927,0.812301182051706
105928,0.8112353099595755
105929,0.8261431798410185
105930,0.8388904078501739
105931,0.8281466781453083
105932,0.8850038425081053
105933,0.8381839001622545
105934,0.7917592420620734
105935,0.824893579641761
105936,0.8314729820500478
105937,0.9113820661287666
105938,0.7948442542871714
105939,0.8347720725721796
105940,0.7469445292400281
105941,0.8248686832832646
105942,0.8587499896867384
105943,0.7893493210841473
105944,0.8351015495265194
105945,0.8304160289355917
105946,0.862553745423136
105947,0.8190142802642302
105948,0.8707735824087288
105949,0.8088252519004132
105950,0.7885190577295128
105951,0.82818368164936
105952,0.830875180347304
105953,0.7923442098175141
105954,0.8673137634529589
105955,0.8184543570816342
105956,0.878877260803961
105957,0.8019659267808592
105958,0.8404297677660553
105959,0.8111177770377496
105960,0.8317095085959035
105961,0.7794788979868789
105962,0.8003134670711131
105963,0.913412024266713
105964,0.8008612183037727
105965,0.80293269589451
105966,0.7958010453197571
105967,0.8054547497597684
105968,0.8584891341893283
105969,0.7693063770823366
105970,0.8347153597552057
105971,0.8380550427827708
105972,0.8247652893981602
105973,0.8222595048873308
105974,0.8611796825257997
105975,0.8158124146061694
105976,0.8559828208971102
105977,0.781248257857599
105978,0.856996971880899
105979,0.7859009884331687
105980,0.8055242101573991
105981,0.8139636216553706
105982,0.7977277490019407
105983,0.8313015851823375
105984,0.8507060369316698
105985,0.8778326605908433
105986,0.8508568499110405
105987,0.8220954894635293
105988,0.8102025944854621
105989,0.8039035896218515
105990,0.8472033476417178
105991,0.8232320802253145
105992,0.7946146356258768
105993,0.8099156052793647
105994,0.8642049326345032
105995,0.792616392120295
105996,0.8139231635548893
105997,0.824249356930842
105998,0.8763982910742737
105999,0.8045860515392245
106000,0.9014513037146203
106001,0.8022674413956346
106002,0.799312743189997
106003,0.7948667068715466
106004,0.835767973428404
106005,0.8109300219797567
106006,0.8049592621162799
106007,0.8229355599715459
106008,0.8444823894855669
106009,0.8238515237703334
106010,0.794955678921125
106011,0.7975557169029995
106012,0.8458400003570486
106013,0.8255590961818636
106014,0.838930501771343
106015,0.8680631277859145
106016,0.7708356434233447
106017,0.8384303037500654
106018,0.8921548651179324
106019,0.8214854369306599
106020,0.7958206993883452
106021,0.882992178797774
106022,0.8334200007604605
106023,0.8130331664975025
106024,0.7834851943969486
106025,0.8317002717119426
106026,0.8012335163034382
106027,0.7686706658506011
106028,0.8361801487743501
106029,0.8394788739150035
106030,0.8567838524727174
106031,0.8452779726414399
106032,0.8060794710194938
106033,0.8045670583147156
106034,0.8125291717235
106035,0.808505423517929
106036,0.8401863695202682
106037,0.8737366474563756
106038,0.8002456879906908
106039,0.8071471424305537
106040,0.8780678456321617
106041,0.8815805264110917
106042,0.8295876066141495
106043,0.8485401440527374
106044,0.8043724569845466
106045,0.8621856860375935
106046,0.8470692294343676
106047,0.8121030181272474
106048,0.7997612380263246
106049,0.8359290021827956
106050,0.7403575317821642
106051,0.7806069605599096
106052,0.8114610646571125
106053,0.8457461320125685
106054,0.8124365221330547
106055,0.8190764394817264
106056,0.8488188711536091
106057,0.8355850396776212
106058,0.7870092517647503
106059,0.8831122525829138
106060,0.8444742664420071
106061,0.8428359984129707
106062,0.8581190790695552
106063,0.8549595383146813
106064,0.850817992668469
106065,0.8193906048967441
106066,0.8372221113893612
106067,0.7930803720063737
106068,0.8315431854346322
106069,0.8462568957166503
106070,0.8230339391360841
106071,0.8148289688624357
106072,0.8613652911474746
106073,0.8139847610182435
106074,0.8495751463556686
106075,0.8111060000575505
106076,0.8303308711860583
106077,0.784628254816796
106078,0.8226971571356786
106079,0.77527325757737
106080,0.829151944000869
106081,0.867308918479973
106082,0.8250608691059839
106083,0.7947964806984169
106084,0.7912493106448939
106085,0.8637022947537013
106086,0.8439067839970587
106087,0.9040879347194063
106088,0.791059687375956
106089,0.7913043074957395
106090,0.8661825704631122
106091,0.8667899942225803
106092,0.8216749243375097
106093,0.8442128010230268
106094,0.8307240263488184
106095,0.8442268409119558
106096,0.7857756879030694
106097,0.8250209263652784
106098,0.8073730773288877
106099,0.8464323863088592
106100,0.828427698917769
106101,0.8180148746680799
106102,0.8576238076347592
106103,0.8127642819832106
106104,0.8611833158160238
106105,0.8337909517452297
106106,0.8208297249821257
106107,0.8854862479090143
106108,0.7946262202996595
106109,0.8402723638936939
106110,0.8089460572676384
106111,0.8659256418360158
106112,0.7699167093240432
106113,0.7924319560362705
106114,0.829346743800648
106115,0.7806789609485084
106116,0.8140362619572952
106117,0.8114073768719584
106118,0.8211590014599134
106119,0.8638646796170866
106120,0.867386142919208
106121,0.8342627655790648
106122,0.8399657553911473
106123,0.7997841210375338
106124,0.8474172275846815
106125,0.8186138314428013
106126,0.879143733588529
106127,0.7947397099119392
106128,0.8050098780736473
106129,0.8003952386699986
106130,0.7948018938502827
106131,0.8389748756157505
106132,0.8418887550498663
106133,0.7989988790096869
106134,0.8281799869084511
106135,0.8524268846077374
106136,0.8369331099455901
106137,0.7853299271765565
106138,0.7864169342002378
106139,0.7934005112446535
106140,0.8545336047940774
106141,0.7891230733979924
106142,0.796666382708346
106143,0.8743980279781097
106144,0.8224576865050488
106145,0.8274826684380645
106146,0.8138785667076507
106147,0.8417976928691022
106148,0.8391769320537802
106149,0.8128517139892366
106150,0.8290700002478885
106151,0.8121654008129882
106152,0.8437149007615405
106153,0.8709023641776172
106154,0.8320530813764282
106155,0.8187817091063755
106156,0.8574701564914188
106157,0.8629571186448832
106158,0.7876133459177821
106159,0.8321036755548592
106160,0.8521835282442518
106161,0.8336259623355108
106162,0.7783312827304893
106163,0.7728272664513974
106164,0.819982139766259
106165,0.8193544637236155
106166,0.8588464612291602
106167,0.8172074853778414
106168,0.8123476703387129
106169,0.8431973238129992
106170,0.8342773916810535
106171,0.851024229891237
106172,0.8043629071418884
106173,0.8282363818878636
106174,0.8257950235793283
106175,0.8062493220819053
106176,0.7998115156748962
106177,0.8163277009332378
106178,0.8370073090247173
106179,0.7678581536041783
106180,0.8403316423270014
106181,0.8522460813852731
106182,0.841789543607958
106183,0.8538283608368491
106184,0.7964208633244985
106185,0.7627321721229373
106186,0.821955486563565
106187,0.8366197305889344
106188,0.8213396911816458
106189,0.853389693094922
106190,0.838868233783158
106191,0.8459312466160852
106192,0.8115414676034287
106193,0.8002752490916746
106194,0.8529797674677433
106195,0.8197871969217635
106196,0.7934921690760097
106197,0.9179734901091839
106198,0.8352270188056993
106199,0.8022055852100883
106200,0.8444752442669066
106201,0.8807777964718039
106202,0.8614158887272099
106203,0.8793707388589477
106204,0.8362998546268035
106205,0.7774206267966437
106206,0.8260717639456018
106207,0.8180946631061295
106208,0.8159825727355878
106209,0.8196001095390726
106210,0.8172807447924422
106211,0.7889946365899557
106212,0.8897653502753118
106213,0.8724915218444844
106214,0.8136709183814876
106215,0.8115421850093772
106216,0.8036928611749273
106217,0.8384186520730146
106218,0.8247389813497882
106219,0.8005697531711637
106220,0.8241894956998914
106221,0.7853419038122448
106222,0.7989093947464705
106223,0.8167195743283854
106224,0.8307392797015912
106225,0.8458015133611356
106226,0.771363703697832
106227,0.8283503697804362
106228,0.8239082641563455
106229,0.8443226649157258
106230,0.8544177162046743
106231,0.8671702525999614
106232,0.8378101101683251
106233,0.7965602078332337
106234,0.8176257922016649
106235,0.7880579883246353
106236,0.847838721346893
106237,0.8061413940770465
106238,0.8493260385070938
106239,0.8424411460099505
106240,0.7883875297873761
106241,0.8613909806708517
106242,0.8485314877122115
106243,0.8255876791368169
106244,0.8206544596911926
106245,0.8565307126362197
106246,0.905401964528294
106247,0.8138050845171771
106248,0.7761909099478124
106249,0.7982336811423522
106250,0.8422989533695947
106251,0.8147192243639751
106252,0.8375490946263704
106253,0.8605829846008682
106254,0.8051521998100155
106255,0.8083562946975695
106256,0.822024669411775
106257,0.8270905130457789
106258,0.8457938128215027
106259,0.8356209234931162
106260,0.8160095953282833
106261,0.8465253470796651
106262,0.7888811128236564
106263,0.8456644586894746
106264,0.8093851880498167
106265,0.8217016889336369
106266,0.853131728959421
106267,0.7754047351052782
106268,0.8344392077168242
106269,0.8084806619670402
106270,0.8409127424553581
106271,0.8245658123280983
106272,0.8107313278269974
106273,0.8802182824593712
106274,0.8377342828838615
106275,0.8682876691351485
106276,0.8171665331531993
106277,0.8352570708057269
106278,0.8501277850178617
106279,0.8589612774356485
106280,0.8315204767214283
106281,0.8038615181349336
106282,0.8029837002664458
106283,0.8732620224911073
106284,0.7849458627799175
106285,0.8239756283342641
106286,0.8485819690886645
106287,0.8197620104089273
106288,0.8320461550600914
106289,0.7961236944467568
106290,0.8745055719336089
106291,0.8285434548319134
106292,0.8171645816210525
106293,0.8283833081675523
106294,0.8375177293398886
106295,0.8892732427769163
106296,0.87834946283717
106297,0.7510741045598853
106298,0.7815601675855127
106299,0.836482569323646
106300,0.8717331018281671
106301,0.8180179311925654
106302,0.8176208491787061
106303,0.8521724796840736
106304,0.8529977649872471
106305,0.8665779907583235
106306,0.8160733391812309
106307,0.8947970047821707
106308,0.7903353452008801
106309,0.8204245428371194
106310,0.8023633357375719
106311,0.8072474367785217
106312,0.8255117250785401
106313,0.8084093799750507
106314,0.8461621612229806
106315,0.8140008450889548
106316,0.7792484942049086
106317,0.8280403083330066
106318,0.8194133500329004
106319,0.8614363959696856
106320,0.7935578760613319
106321,0.8341007379546448
106322,0.8524161372825485
106323,0.8244416391664856
106324,0.8550909872720357
106325,0.8546312070273769
106326,0.833381699471792
106327,0.8097502452825706
106328,0.8889545671441907
106329,0.9024369172175247
106330,0.7958318482946986
106331,0.8508712609559924
106332,0.8243322234107506
106333,0.8026289763925593
106334,0.8418584892449681
106335,0.8263251387610553
106336,0.8156409641627411
106337,0.8394370299453106
106338,0.8180696817658695
106339,0.831043772317203
106340,0.775537984254183
106341,0.792796257622701
106342,0.8145161301277452
106343,0.823691800658265
106344,0.7947306375784776
106345,0.8453063343403285
106346,0.8195849915485747
106347,0.7771099738372518
106348,0.8222846990015146
106349,0.8218408482747491
106350,0.8156992580904077
106351,0.8419568015518246
106352,0.8187534841057581
106353,0.8456688939365112
106354,0.8324401860663693
106355,0.7908023964876789
106356,0.80764613792535
106357,0.8224559752701259
106358,0.8448251256829795
106359,0.851992360824844
106360,0.8216005780069797
106361,0.78412341873352
106362,0.8718147920356596
106363,0.7876431578595355
106364,0.8357632856451936
106365,0.8461898155543255
106366,0.7830399701611668
106367,0.8380781621991658
106368,0.8546785041364279
106369,0.8420068800367695
106370,0.785767181377041
106371,0.8529994277273887
106372,0.8198015447372169
106373,0.8345929866404193
106374,0.8182600030599224
106375,0.7820265678475512
106376,0.824638376235812
106377,0.8353107153411329
106378,0.8593199741630264
106379,0.7844359566052183
106380,0.8380538555491993
106381,0.8615352800793962
106382,0.8310612905503302
106383,0.8380946446805747
106384,0.8037194712850694
106385,0.7801058183176566
106386,0.84641067165273
106387,0.911289379115484
106388,0.8024804930995355
106389,0.786166360928293
106390,0.8615179787141198
106391,0.8567666449777193
106392,0.7745058760524832
106393,0.8307558372240991
106394,0.8399491514634222
106395,0.8321461660337086
106396,0.7788584842652259
106397,0.7685984540061792
106398,0.8315230296467777
106399,0.8188068088453324
106400,0.8097900177643643
106401,0.8441957836277237
106402,0.8611525106164133
106403,0.7811494838427393
106404,0.8462453360067771
106405,0.7816432240654105
106406,0.8566463297711583
106407,0.8388197928818762
106408,0.84512858161367
106409,0.819842262777971
106410,0.8213941234903476
106411,0.8488289627103941
106412,0.7789397221398765
106413,0.8695217107580027
106414,0.8556350947822094
106415,0.8299218636504846
106416,0.8300593834843588
106417,0.8211887016885584
106418,0.832743507044787
106419,0.8270169802619213
106420,0.837845728599167
106421,0.8352604195433457
106422,0.8411966703817867
106423,0.8242919641748905
106424,0.8055031799535708
106425,0.8003655719703867
106426,0.8431091638601327
106427,0.8375769220216052
106428,0.8350153549558752
106429,0.8455997792148339
106430,0.8829602363773926
106431,0.8653736247255853
106432,0.780702930464606
106433,0.8537496228654473
106434,0.8328140730731747
106435,0.8635315557508623
106436,0.8563166471319927
106437,0.8379495262753267
106438,0.7755384838454656
106439,0.8025778160155381
106440,0.8669708772945193
106441,0.8030613316952167
106442,0.8396759369568663
106443,0.8496677453237655
106444,0.828743180790577
106445,0.8146966577000273
106446,0.8063030805048541
106447,0.7626773097037459
106448,0.8260576002501706
106449,0.8456684736836008
106450,0.8414297952934156
106451,0.824186170794454
106452,0.814331922221636
106453,0.7944638290214993
106454,0.8511243507016497
106455,0.7812674342735797
106456,0.861140000931779
106457,0.8464972649441801
106458,0.8720623585704995
106459,0.8122417306197692
106460,0.8557612977487643
106461,0.7819364509395974
106462,0.8181104990240647
106463,0.7971572242839773
106464,0.8272634870483744
106465,0.8174641533622409
106466,0.8562577863468092
106467,0.793939198663969
106468,0.8157524227677292
106469,0.8288984586289804
106470,0.8301851958637413
106471,0.8385773234545995
106472,0.8199372130465665
106473,0.8046924254927106
106474,0.8180269082885488
106475,0.8327964198023965
106476,0.8319691823283019
106477,0.8154217291455149
106478,0.8200073693183293
106479,0.8651461600900714
106480,0.8231357562184838
106481,0.8257989324828154
106482,0.7698264267922403
106483,0.7789083920131268
106484,0.8092320216570367
106485,0.8833897641079984
106486,0.8510212397807684
106487,0.8295371185973415
106488,0.7728814345321355
106489,0.7877993261854314
106490,0.8612037581529974
106491,0.8630699660251597
106492,0.8335817849856315
106493,0.8094772050532113
106494,0.8193321774596259
106495,0.7953307375175004
106496,0.8465923973688093
106497,0.8393527975430619
106498,0.8475904721239328
106499,0.7743527924581948
106500,0.79303591001386
106501,0.8886524440275415
106502,0.8019015049665295
106503,0.8223170594875348
106504,0.8362427485699216
106505,0.8679140642014052
106506,0.8479736783912116
106507,0.8350055021590992
106508,0.8572129387909628
106509,0.8624200389071203
106510,0.803117364252397
106511,0.802226124512978
106512,0.852555196153047
106513,0.8041818689538344
106514,0.8467808940013408
106515,0.8026311391470874
106516,0.8031076544229393
106517,0.7503348672032463
106518,0.7932129276901531
106519,0.8407618893643914
106520,0.8730200045728252
106521,0.8637296561027257
106522,0.8034401792977762
106523,0.8456982108988494
106524,0.7797391050839588
106525,0.8618642381489062
106526,0.8237874079718159
106527,0.8255253278440503
106528,0.8303725516844961
106529,0.8037508571811954
106530,0.8272238351522218
106531,0.8201761838802311
106532,0.828805623543996
106533,0.8116435885789635
106534,0.8587120930586782
106535,0.8289207870226103
106536,0.827158084695938
106537,0.7803566239130891
106538,0.8682857499715653
106539,0.8390306512120633
106540,0.8636064089863296
106541,0.8164500207844683
106542,0.772533932060438
106543,0.8243558847692436
106544,0.8193177152190397
106545,0.7968938029828648
106546,0.8775889423278956
106547,0.8034134728439765
106548,0.8012366538026555
106549,0.77938292523674
106550,0.8332492169165138
106551,0.845496202878093
106552,0.790831226656761
106553,0.8181931900700928
106554,0.817399021976195
106555,0.8686343018577479
106556,0.8464217764593595
106557,0.8483810581188136
106558,0.7783877514174253
106559,0.8072556483376621
106560,0.8415095530524639
106561,0.8310312197379364
106562,0.8308868999053342
106563,0.8280438959966568
106564,0.8168474357745632
106565,0.8222335052380437
106566,0.8403501255734105
106567,0.7881201739449062
106568,0.81388904043791
106569,0.7830293044147163
106570,0.7775286661722519
106571,0.8498616225194661
106572,0.8358706081879104
106573,0.7975269148772656
106574,0.8500532807621082
106575,0.8118202542732897
106576,0.7981667113614207
106577,0.8587123797736871
106578,0.8427394969224822
106579,0.8990514193460218
106580,0.8331909760666073
106581,0.8518765522688359
106582,0.8336007999585809
106583,0.7976753738410934
106584,0.8656467433180186
106585,0.8436968234860466
106586,0.826647182539845
106587,0.8331925984469596
106588,0.84372816409188
106589,0.8032884144354324
106590,0.8599212756631003
106591,0.8292388189467472
106592,0.8111333709603171
106593,0.8538416959045649
106594,0.8285307416677566
106595,0.8118585833977761
106596,0.7765333190338576
106597,0.8054369034484412
106598,0.8292399054364933
106599,0.7711420710849507
106600,0.8160515399780865
106601,0.8421611897039877
106602,0.8144904373417385
106603,0.8685873866037007
106604,0.8852645454251882
106605,0.8264788019578366
106606,0.8668199976025384
106607,0.8513220435166551
106608,0.8368225731638133
106609,0.8134026244159189
106610,0.8226699810603868
106611,0.8540372840186754
106612,0.8322402209585613
106613,0.8285709319709135
106614,0.8176445002289248
106615,0.8127091385604321
106616,0.8488654388992778
106617,0.8310506810168682
106618,0.7783895415571412
106619,0.856121664951751
106620,0.7968172726453093
106621,0.8408692349026101
106622,0.8017346671522984
106623,0.7516613588937838
106624,0.8127724316476159
106625,0.8418130705400112
106626,0.8095108086989299
106627,0.8959659015413395
106628,0.8412377758878188
106629,0.8403036364469288
106630,0.8652161836954423
106631,0.8171506723483537
106632,0.8348697159178249
106633,0.8465072772073317
106634,0.809988334415839
106635,0.8120111187025673
106636,0.7871670773586431
106637,0.8763389141775046
106638,0.824525406357983
106639,0.8205305859960511
106640,0.7946136764722548
106641,0.8378556939023717
106642,0.8335661969070481
106643,0.8216468927233957
106644,0.8071310774238897
106645,0.8550691850153787
106646,0.8388474186758661
106647,0.8067368271771748
106648,0.8005225812589669
106649,0.8267065624744085
106650,0.8466668047221169
106651,0.7956849491426533
106652,0.8661066483571622
106653,0.8514810567876313
106654,0.8533135495992155
106655,0.8187518855602126
106656,0.835048266446458
106657,0.8294922271353137
106658,0.8710939302097508
106659,0.85632659634939
106660,0.8745502928156984
106661,0.8543771568811106
106662,0.8552011639885367
106663,0.85788298376285
106664,0.8119447018252287
106665,0.7997391655236763
106666,0.8151828225457017
106667,0.8164148431110376
106668,0.7852611485514842
106669,0.7901739352681721
106670,0.7705041515258233
106671,0.8403856087969256
106672,0.8391929500174108
106673,0.8689778276910025
106674,0.7860242866169284
106675,0.7898654092873612
106676,0.821127496034157
106677,0.8283926515386082
106678,0.8650579468865677
106679,0.8600494922083554
106680,0.8487963052826686
106681,0.8500330952739756
106682,0.8310720710512364
106683,0.7992617992353044
106684,0.8000845056425369
106685,0.7830361389999092
106686,0.8307540639584878
106687,0.7930650276215867
106688,0.8623064250672141
106689,0.7746289187633126
106690,0.7925591345765833
106691,0.7937359931916715
106692,0.8293124319076282
106693,0.7793264951091857
106694,0.8474741067934184
106695,0.8391944793444053
106696,0.7733615018063984
106697,0.8794932518650932
106698,0.8464531196131453
106699,0.787050302561955
106700,0.8451993285980088
106701,0.8671536399865053
106702,0.8331610850200588
106703,0.856809323740754
106704,0.7794618997481381
106705,0.8474743111269386
106706,0.9239878548067513
106707,0.8038331812708958
106708,0.8157840232095797
106709,0.8672211334383075
106710,0.7677004276497794
106711,0.8787408530887091
106712,0.8185544721931366
106713,0.8208389946686555
106714,0.770564902664792
106715,0.8360234278733241
106716,0.8857441055723266
106717,0.8502628758296494
106718,0.8116887215162586
106719,0.8813121539886134
106720,0.859028717025255
106721,0.783195080743202
106722,0.8345219284712466
106723,0.8380647153747165
106724,0.7823863005541342
106725,0.817905860012201
106726,0.8166173814076539
106727,0.8577747313566945
106728,0.8145021886988081
106729,0.8192833100911298
106730,0.8447560836452542
106731,0.8298391129989179
106732,0.8154421188576553
106733,0.8105831192771187
106734,0.8380245386057801
106735,0.7697502350547404
106736,0.8537673795527816
106737,0.8153106924203636
106738,0.8208563251403004
106739,0.810306597536422
106740,0.8146789727560169
106741,0.8167178523709986
106742,0.8590457736160487
106743,0.8946974993142712
106744,0.8190546428370206
106745,0.8519893787585363
106746,0.8269287445609971
106747,0.8751868649852552
106748,0.7795595895285746
106749,0.7918328398248013
106750,0.7803075018152088
106751,0.8236692441852618
106752,0.8321546578370497
106753,0.8662560228365703
106754,0.8379507902365402
106755,0.8587428989120567
106756,0.8073439170199113
106757,0.8561798250995568
106758,0.8501697099769452
106759,0.8186999938783435
106760,0.8268511509623336
106761,0.8060266489005876
106762,0.8373629347754079
106763,0.8329420261610437
106764,0.8366253714033253
106765,0.8076625342035527
106766,0.8452634066401327
106767,0.873060059793058
106768,0.8613525025989488
106769,0.823812364166513
106770,0.8402652248924535
106771,0.812709673461965
106772,0.8007537633359538
106773,0.8374791179207558
106774,0.8541053279421555
106775,0.8462456547370316
106776,0.8509809253658516
106777,0.8266673645570066
106778,0.8531763296468153
106779,0.8690346528727395
106780,0.8377553739328357
106781,0.8369315408498121
106782,0.8596707521167253
106783,0.8479836510048786
106784,0.827899491620555
106785,0.8294275134031663
106786,0.8191719337397841
106787,0.8269417586816424
106788,0.807285828068866
106789,0.8316190668969631
106790,0.8193408043348858
106791,0.7794971814173902
106792,0.8159843713074159
106793,0.7949769964292501
106794,0.7793644878917225
106795,0.8456932935965287
106796,0.7890080486495716
106797,0.7701603844459545
106798,0.7786719411923247
106799,0.8261038855485268
106800,0.8476849606653079
106801,0.7906225961559011
106802,0.7979314845749144
106803,0.7845093895403882
106804,0.8105168286418979
106805,0.827802946466923
106806,0.8187742069206814
106807,0.7736734745890734
106808,0.7916466586599425
106809,0.8313197133407995
106810,0.8664972771734876
106811,0.7998520453628555
106812,0.7385836801993532
106813,0.8248381802116574
106814,0.8385789699665983
106815,0.80591368311227
106816,0.8363838972006912
106817,0.841658638262569
106818,0.8171839131862143
106819,0.8557846273220843
106820,0.8456484730159187
106821,0.8441837713635709
106822,0.8200694061143615
106823,0.8482142036682816
106824,0.7852488931299246
106825,0.8256941221761451
106826,0.8129970235498762
106827,0.8406406042002107
106828,0.8502648948090671
106829,0.8133297329877202
106830,0.7815997910080319
106831,0.8697556643726555
106832,0.8110183589913352
106833,0.8476791943734835
106834,0.8023924729039319
106835,0.8689230035434146
106836,0.7500241648985387
106837,0.8316299417132375
106838,0.7950472061320302
106839,0.8553888453761773
106840,0.7926264889181227
106841,0.8679652123428588
106842,0.8652428572541268
106843,0.8692839631562881
106844,0.82384942170412
106845,0.8334894872047657
106846,0.8335910112592262
106847,0.8267313965749729
106848,0.7962473239233835
106849,0.8597108616969719
106850,0.8688001705103722
106851,0.8003226650802323
106852,0.7866863265333873
106853,0.7975067068249901
106854,0.7704605351660472
106855,0.8346812425858268
106856,0.7993899307023418
106857,0.8356585924771811
106858,0.8410707941183025
106859,0.8471584684565537
106860,0.8444782402864932
106861,0.8555631184717849
106862,0.8327413134234237
106863,0.7987971985715185
106864,0.8110134085710475
106865,0.8451048627005249
106866,0.8312475625042998
106867,0.872087385922806
106868,0.8370619177953994
106869,0.8538204152626861
106870,0.7872644212633462
106871,0.832493953686857
106872,0.8158390436785563
106873,0.7743910951033117
106874,0.8295208992149611
106875,0.8377041675389179
106876,0.8219151542122415
106877,0.8170588289059375
106878,0.85223577402435
106879,0.8512762103296857
106880,0.8787297442245932
106881,0.8096478807277457
106882,0.8342826059134533
106883,0.8263618897413173
106884,0.8151264379162931
106885,0.8086317377221757
106886,0.8302853078155485
106887,0.8692221067988862
106888,0.7797635261559885
106889,0.7947627451633901
106890,0.839229540345507
106891,0.8679998754726481
106892,0.8346851809707714
106893,0.805788675293878
106894,0.8066820632917725
106895,0.8092718031285695
106896,0.799842231755668
106897,0.8254810959469471
106898,0.8380923262022743
106899,0.837320065123432
106900,0.8232860890928864
106901,0.8289661803149123
106902,0.7949673038839048
106903,0.8377976302312985
106904,0.8185289266945396
106905,0.7256384410247262
106906,0.810535135550555
106907,0.8213978915746518
106908,0.7676881332372865
106909,0.7875961811489586
106910,0.7631651280609243
106911,0.788415057269232
106912,0.8172511427777268
106913,0.8227907377707796
106914,0.8291570926737931
106915,0.8428306999214238
106916,0.8257654570644443
106917,0.8262451136958963
106918,0.8238900016316604
106919,0.7861931536459091
106920,0.7997663306889021
106921,0.8473760458035966
106922,0.8061212674200727
106923,0.8286217466641498
106924,0.8419660742444549
106925,0.7605802252613038
106926,0.8693907610043704
106927,0.8744748542950759
106928,0.8138931328402598
106929,0.8114217053245296
106930,0.7904953913556324
106931,0.8506795319402278
106932,0.8330893456520956
106933,0.8078401710991375
106934,0.8919817674325842
106935,0.7798245885877767
106936,0.8280070802858452
106937,0.7993921637503096
106938,0.872160840489968
106939,0.7918245698663124
106940,0.8011296076898138
106941,0.8034719271388632
106942,0.797555850368129
106943,0.8642985994667071
106944,0.8615293248647748
106945,0.8433586538386159
106946,0.8740104268754312
106947,0.8200120451163981
106948,0.7954911030155865
106949,0.80419099831902
106950,0.8391039379264731
106951,0.7929333157379642
106952,0.8205056552320569
106953,0.8369323965134249
106954,0.8147596442249774
106955,0.7930008623016209
106956,0.8136651807863268
106957,0.8401879219832229
106958,0.866991409016577
106959,0.8421823314133738
106960,0.8566287597984135
106961,0.8518563023376763
106962,0.8283244183035474
106963,0.837864465990195
106964,0.9217620399274699
106965,0.7893848578791802
106966,0.8347356853880638
106967,0.892770188805659
106968,0.7653328848769251
106969,0.8498374208974322
106970,0.8070482924084705
106971,0.8384421095202609
106972,0.8035430558925757
106973,0.8457733441428328
106974,0.8612742122598576
106975,0.8046408538230029
106976,0.81691048641225
106977,0.8105801931643202
106978,0.7425617427891619
106979,0.8300278990086105
106980,0.8222757460989545
106981,0.8164088110045361
106982,0.8442390537301513
106983,0.8039641486628089
106984,0.8700470949677197
106985,0.7903961189236756
106986,0.7689712853033743
106987,0.847931298257841
106988,0.7938093564350108
106989,0.8792324605045865
106990,0.7950702903129592
106991,0.7858876637413309
106992,0.7868089224309578
106993,0.8676782964673724
106994,0.8069464592387242
106995,0.7763681232664588
106996,0.8349664384423942
106997,0.8529803299809745
106998,0.8735395356118482
106999,0.7847498679443761
107000,0.856167955420849
107001,0.8177836294501888
107002,0.7964944046360078
107003,0.8191198694884851
107004,0.8603482131586518
107005,0.8598955991028379
107006,0.7570057723550397
107007,0.8252232254356149
107008,0.7850023798171885
107009,0.7867121320960134
107010,0.8448015372223455
107011,0.8297676245318246
107012,0.8157510980222294
107013,0.8101540688095483
107014,0.7346813428940341
107015,0.8627317056823929
107016,0.8450619279307644
107017,0.8100609730905445
107018,0.7795889222352933
107019,0.8347038993942499
107020,0.7972412934110421
107021,0.7921397798137091
107022,0.8480637364591432
107023,0.8465257882211878
107024,0.8231208427175115
107025,0.8897475974204365
107026,0.7947363826401153
107027,0.8453589486075311
107028,0.807729808139817
107029,0.8360520788961838
107030,0.778776622979289
107031,0.7991044375118284
107032,0.7698991060786167
107033,0.7809757366790706
107034,0.8101301515770882
107035,0.7805181906297037
107036,0.8186661884483385
107037,0.8063981546123067
107038,0.8009908322805186
107039,0.8505370140816011
107040,0.8660961741890585
107041,0.8173295527781385
107042,0.8726249960866836
107043,0.8404735856453367
107044,0.8367048722429749
107045,0.8387018410056857
107046,0.7844527587425824
107047,0.7789724524692085
107048,0.8218856290321054
107049,0.8586455649491472
107050,0.8512253609060717
107051,0.8802809322390869
107052,0.8317535123824186
107053,0.8097686353419826
107054,0.8489380798293165
107055,0.8535026069508496
107056,0.8047174070852787
107057,0.85067627189943
107058,0.7772160773984038
107059,0.879658840714171
107060,0.8368285546240255
107061,0.7830911294453652
107062,0.7717240115808801
107063,0.7617759130905066
107064,0.7792393160294835
107065,0.7797302663559689
107066,0.8012991643877094
107067,0.8453959204853578
107068,0.8292645936804385
107069,0.8297888314864255
107070,0.819016715322621
107071,0.7960766363371928
107072,0.8396226913709306
107073,0.8307342785813246
107074,0.8035198590667832
107075,0.8413461889921011
107076,0.8000584127632985
107077,0.8342027914886164
107078,0.837822307107887
107079,0.8108263924938839
107080,0.7787481872000701
107081,0.8042282723385196
107082,0.8437771368056823
107083,0.8495137739995531
107084,0.784335072749756
107085,0.7915354591534329
107086,0.7565884514071363
107087,0.8254370923081821
107088,0.8263914799091782
107089,0.8206756171575047
107090,0.8207572632514449
107091,0.8278879075661356
107092,0.8418941609522975
107093,0.7983669502616244
107094,0.865486135801446
107095,0.8369326224703191
107096,0.8035760884154074
107097,0.8160771836515491
107098,0.8552741232849869
107099,0.8391382155001575
107100,0.8581730584583095
107101,0.7993119107219959
107102,0.8977937432255
107103,0.8296344884219051
107104,0.8217936060836288
107105,0.7947702954941847
107106,0.8579964587882999
107107,0.8649432601971577
107108,0.8518013471633135
107109,0.8229296859313525
107110,0.7806627682306027
107111,0.8252905135848856
107112,0.8362802074197463
107113,0.8403567623472525
107114,0.8653050284363502
107115,0.800333355169
107116,0.8324350527274879
107117,0.8321970959411408
107118,0.8427896262887069
107119,0.8395692892319203
107120,0.8014770745754927
107121,0.8366723679504247
107122,0.8469195268870804
107123,0.8596351069012973
107124,0.85466706656116
107125,0.8393359614069511
107126,0.869991761899249
107127,0.8322982985402493
107128,0.7775675667270624
107129,0.79553707886676
107130,0.781578200287001
107131,0.8252711434306198
107132,0.8395375696085512
107133,0.822466012259127
107134,0.8858945630247979
107135,0.83373862099629
107136,0.8624426631017899
107137,0.874837870810486
107138,0.8437025478111809
107139,0.8133189303276939
107140,0.8145016441876944
107141,0.8430146212354972
107142,0.8621409343438259
107143,0.8455820598351091
107144,0.805265103527823
107145,0.8394542746561902
107146,0.8366966679695942
107147,0.8408714598318061
107148,0.786924770920769
107149,0.8280471730258973
107150,0.8115907169937846
107151,0.8091808006686035
107152,0.8188427058281141
107153,0.7893508713421213
107154,0.8109490704545078
107155,0.8318925257804413
107156,0.7808769173779004
107157,0.8324727949658535
107158,0.8143262012058998
107159,0.8170677494889681
107160,0.8599116817954553
107161,0.8545822094218899
107162,0.8676145224185468
107163,0.8232198028385893
107164,0.8235459211046363
107165,0.8165223879720676
107166,0.8312912277200659
107167,0.8008821743407083
107168,0.8572976171557112
107169,0.8776769359326065
107170,0.7699957104414302
107171,0.8162838708658687
107172,0.8326448352329385
107173,0.873368255636643
107174,0.8214492666314749
107175,0.7714396366006864
107176,0.8492793136203345
107177,0.8205680854406647
107178,0.8147170872045532
107179,0.8578667302588023
107180,0.8691484966020634
107181,0.8022342324871398
107182,0.7987034446386361
107183,0.8373766198621445
107184,0.8585962144568943
107185,0.8329412697883553
107186,0.858395902776612
107187,0.8107358676373171
107188,0.8002560246052061
107189,0.8593394975513091
107190,0.8218776535637613
107191,0.7956353310324591
107192,0.8641584122066234
107193,0.8024674763661315
107194,0.8898623044514843
107195,0.8108422084264386
107196,0.7734884900892417
107197,0.8505918173208911
107198,0.8815747434240139
107199,0.7878955877371834
107200,0.7738952712587961
107201,0.8189584052561341
107202,0.8493747859201635
107203,0.789931847526244
107204,0.8595282197412711
107205,0.7887632654768361
107206,0.8394265223707364
107207,0.8411709138734877
107208,0.8354743952407119
107209,0.8080913502906852
107210,0.8090260451212866
107211,0.8741615111094948
107212,0.8448527188298617
107213,0.8241622561940672
107214,0.8412662091207633
107215,0.8479983521311116
107216,0.8561083562176977
107217,0.7789009442421014
107218,0.7740285289270277
107219,0.7862168326407257
107220,0.8655215544044645
107221,0.829269781994468
107222,0.8116558944109751
107223,0.8517711653165143
107224,0.8589556096985087
107225,0.8604903655265025
107226,0.8496054378406377
107227,0.8665650733635974
107228,0.8210629911872928
107229,0.8394608088457407
107230,0.7985391895349548
107231,0.8483223078137956
107232,0.8110119493880721
107233,0.8452736230127814
107234,0.8209879350090807
107235,0.8407240804887008
107236,0.826725635472215
107237,0.8516202377479537
107238,0.8317538818445341
107239,0.9060484297043393
107240,0.8295770755284969
107241,0.8650635850005688
107242,0.8934910276695963
107243,0.8370187946604726
107244,0.85200141351929
107245,0.8415388065741666
107246,0.8675339127300056
107247,0.8221108428795039
107248,0.8043945620653147
107249,0.8328145124379543
107250,0.847265600416015
107251,0.8784838838985369
107252,0.8661742142416485
107253,0.7716439103163351
107254,0.8142477697343627
107255,0.7859143405232133
107256,0.7970971979774705
107257,0.8265306272558793
107258,0.780646311557178
107259,0.8133669213347694
107260,0.8309157691109355
107261,0.8723983228418297
107262,0.8328053649178273
107263,0.811681026463825
107264,0.8684344515587062
107265,0.8263772017944779
107266,0.8187553261782329
107267,0.7941741764726238
107268,0.7811017732517592
107269,0.8382178478836505
107270,0.8132925641520807
107271,0.8401131726331478
107272,0.8576675131222605
107273,0.8526114336964101
107274,0.8274917802390834
107275,0.8216027548813173
107276,0.8592353006892125
107277,0.8635358975686127
107278,0.7881956081522888
107279,0.7952709548808345
107280,0.8454985893205672
107281,0.8264729993394682
107282,0.8082665678800933
107283,0.8548839980410384
107284,0.7834227043495013
107285,0.8138205072719171
107286,0.7817834830375602
107287,0.8177880592122543
107288,0.8207984766472344
107289,0.8193860365357223
107290,0.8053586908275508
107291,0.8493899710136265
107292,0.8392462812888659
107293,0.8364864962535399
107294,0.8376508093707681
107295,0.7849288112741232
107296,0.8304191767968372
107297,0.8399712761871309
107298,0.8648003524330815
107299,0.8270423084209839
107300,0.7913996173959343
107301,0.8385381644096839
107302,0.8228647319405596
107303,0.8023209909127754
107304,0.8376023194046812
107305,0.7853447097377317
107306,0.8165231225169737
107307,0.8088979151468368
107308,0.771766416175571
107309,0.8187057595093463
107310,0.871068179587352
107311,0.8503661018188845
107312,0.8266143345179984
107313,0.8090066743309645
107314,0.8197130836569129
107315,0.8362180617599679
107316,0.8287771305919264
107317,0.842083209057013
107318,0.7793301230567216
107319,0.8532542342213316
107320,0.867431530150747
107321,0.8060484056686238
107322,0.8072755679264975
107323,0.815682859579424
107324,0.8050254572871135
107325,0.8104922309460014
107326,0.7976942762940408
107327,0.8261325360303259
107328,0.8326984873517843
107329,0.8521196386112138
107330,0.8062493013795297
107331,0.7378253127504044
107332,0.8303471683565038
107333,0.8121435927045273
107334,0.902440681152576
107335,0.7781431279583775
107336,0.8337909166089852
107337,0.8492975744482728
107338,0.7858224353330147
107339,0.8930914743052
107340,0.8414938108760672
107341,0.8224112543490818
107342,0.8640537571872301
107343,0.8275863704204627
107344,0.8365294037092577
107345,0.8133317154163444
107346,0.804411038761302
107347,0.8019849393348604
107348,0.8100702612033809
107349,0.8357356411482105
107350,0.7953118754818354
107351,0.7972240707787303
107352,0.8440463766221055
107353,0.835621572732004
107354,0.856528765227401
107355,0.7895731637686129
107356,0.8035331291238608
107357,0.8440826512308122
107358,0.7965790632233916
107359,0.8169195887021525
107360,0.8256196911177959
107361,0.8266684795703548
107362,0.831258788956712
107363,0.8456420846266575
107364,0.8060457509621335
107365,0.846232019823659
107366,0.8345829575967468
107367,0.8254530564117367
107368,0.7903312891313092
107369,0.8379595192655476
107370,0.8070797297419393
107371,0.8271860364968961
107372,0.7794443073012243
107373,0.8352107410303965
107374,0.8218635210561872
107375,0.8756697560294581
107376,0.8759482521890901
107377,0.8703473176463145
107378,0.7993885502988146
107379,0.8623246618675418
107380,0.8331362225452971
107381,0.8168205927216738
107382,0.8110112656258558
107383,0.7693248921880277
107384,0.8724806431257934
107385,0.8363099606902533
107386,0.821308850976776
107387,0.8569946491319623
107388,0.8700087570258933
107389,0.7815795433376735
107390,0.8103475946797118
107391,0.8547171205907835
107392,0.7955689415724526
107393,0.7829097872146251
107394,0.8379183149292072
107395,0.8247343959515641
107396,0.8120235161211977
107397,0.8140474035162617
107398,0.8390540853394155
107399,0.8396679129244499
107400,0.7708338688405892
107401,0.8495093822571707
107402,0.7799674493256769
107403,0.8038515242201275
107404,0.8475656625845858
107405,0.8089759139140317
107406,0.8599769418551033
107407,0.8360885270430484
107408,0.7853847235733713
107409,0.859801546504429
107410,0.8735658960088113
107411,0.7942472416922997
107412,0.8128662273476759
107413,0.7569038095135574
107414,0.8080375830887826
107415,0.8504938940545983
107416,0.8300917874392827
107417,0.8437692439572791
107418,0.7999623807720386
107419,0.836161120585516
107420,0.8599322306428757
107421,0.7592232013391991
107422,0.8631563793019227
107423,0.8024573702658538
107424,0.8403260078683473
107425,0.8133412248614414
107426,0.8268416169243964
107427,0.7844167668586124
107428,0.7597899468280459
107429,0.7934530153864358
107430,0.8320079998389022
107431,0.8161238056910166
107432,0.8283130287928311
107433,0.8883393890532764
107434,0.7702588049022056
107435,0.8370964375245729
107436,0.855533574241652
107437,0.8009387558290223
107438,0.8028605270170226
107439,0.7966374429893274
107440,0.7821010725528333
107441,0.848263546180595
107442,0.8494283135706242
107443,0.8365164634120105
107444,0.81234804911196
107445,0.846004933718946
107446,0.8147138835016386
107447,0.840396657706174
107448,0.7767867019938114
107449,0.8035552017110636
107450,0.8373928245379091
107451,0.8549516190779455
107452,0.7958372783973965
107453,0.8683836656267572
107454,0.7993074012658649
107455,0.8653706105731365
107456,0.8134938574021352
107457,0.8087683496312685
107458,0.8419896547014698
107459,0.7827864973828347
107460,0.8173199419668258
107461,0.8179103723520957
107462,0.8248074189084788
107463,0.8121397009520925
107464,0.7832550926130682
107465,0.788592170825973
107466,0.7730803862917893
107467,0.8082020192797047
107468,0.8444401028383545
107469,0.8360106665050046
107470,0.8118590864946179
107471,0.7617403885913782
107472,0.7902937529091084
107473,0.8125184413551746
107474,0.7926913817568715
107475,0.8016235107265661
107476,0.7871528985076697
107477,0.808534347052119
107478,0.8441155156899302
107479,0.81017405651406
107480,0.8121156954234592
107481,0.8035397545735428
107482,0.7983192774047054
107483,0.8129366350317717
107484,0.7727518207150262
107485,0.8215545288544772
107486,0.7800693939058261
107487,0.817014252985316
107488,0.8486993051133707
107489,0.7851785945280655
107490,0.793095140579644
107491,0.7562848166017622
107492,0.8394918699661892
107493,0.8246192679779101
107494,0.8076126811922029
107495,0.8149464733302877
107496,0.8121401126103366
107497,0.8184892492469646
107498,0.8442478048112974
107499,0.8155153984780652
107500,0.843825934495144
107501,0.8085159946354699
107502,0.8220279327129026
107503,0.8109734393155927
107504,0.7786841627592118
107505,0.8264801103677163
107506,0.8344800795565482
107507,0.8350090268191467
107508,0.8170371594541878
107509,0.8116669973856937
107510,0.7772758134936063
107511,0.8013708585957602
107512,0.8861852187197583
107513,0.8137157227531877
107514,0.8747339560737986
107515,0.82854553698072
107516,0.8307791414400431
107517,0.8631559670047706
107518,0.8166498880798927
107519,0.8337358725403589
107520,0.7963529500822172
107521,0.772555837899694
107522,0.8301766430770271
107523,0.8018681153046963
107524,0.8519277473771141
107525,0.7414559767307968
107526,0.8377295327734932
107527,0.7842836896199941
107528,0.8157156415241296
107529,0.8226604472275056
107530,0.8394565160999119
107531,0.8678040763807825
107532,0.8259617504003923
107533,0.8311736281650837
107534,0.8525736413624664
107535,0.7901684444966135
107536,0.7720950813654539
107537,0.7987942394760621
107538,0.8215623075270478
107539,0.8619992031295639
107540,0.7993408772259966
107541,0.8455078420991161
107542,0.8113627414165641
107543,0.8041304937345205
107544,0.8261116859862063
107545,0.8128429650650707
107546,0.8535957499251946
107547,0.8533034490345515
107548,0.8116426459943665
107549,0.8293517921400786
107550,0.8436146200278031
107551,0.8618400989552016
107552,0.8392858246445271
107553,0.8584589452841553
107554,0.764554425067174
107555,0.9054805420381089
107556,0.8063767434977368
107557,0.8177526960805949
107558,0.8925344319086039
107559,0.852259343196197
107560,0.807601920343321
107561,0.8375392305286776
107562,0.8388516822620429
107563,0.8323040099776837
107564,0.7902560348501358
107565,0.8326048995527681
107566,0.7812753516203239
107567,0.8065143892914899
107568,0.8229960381857614
107569,0.8762794788560646
107570,0.8208621091201422
107571,0.8375856524732121
107572,0.7920733969694789
107573,0.8284785326892946
107574,0.768995899097309
107575,0.8924624851393813
107576,0.7619184058837878
107577,0.789873015172671
107578,0.8094969537241662
107579,0.8247509342715454
107580,0.8320149034572505
107581,0.7942035297128263
107582,0.8142179518830223
107583,0.8246632410061483
107584,0.8512646346709628
107585,0.797388837775736
107586,0.8517565296083376
107587,0.8481273179718337
107588,0.8271828879083603
107589,0.7865546810012262
107590,0.7912874678430838
107591,0.8033103149511571
107592,0.8483760504095479
107593,0.7900670788233188
107594,0.847992730168297
107595,0.7959075865770325
107596,0.8109871183451766
107597,0.8017017699116121
107598,0.8261387088462461
107599,0.8134159497006042
107600,0.7866376011718458
107601,0.8352796851886545
107602,0.8265323238218002
107603,0.7836724491445143
107604,0.893734003175083
107605,0.8282724500902142
107606,0.8138830287744768
107607,0.8305711318328823
107608,0.8355633091460646
107609,0.8157871297958735
107610,0.8585952599776088
107611,0.8369444401392351
107612,0.8098160577596999
107613,0.8382409713962305
107614,0.8334667907123655
107615,0.8267021136516993
107616,0.8452390504707341
107617,0.8475417138612547
107618,0.8551273120175519
107619,0.8281916756486684
107620,0.8426726712736277
107621,0.7772129183660202
107622,0.7545652714324517
107623,0.7729414292057197
107624,0.8209509424743892
107625,0.8739037494973589
107626,0.8372401126364502
107627,0.8643410797120819
107628,0.8628300546124545
107629,0.7895792174889354
107630,0.8222809153668297
107631,0.8424660543229584
107632,0.8308239358901449
107633,0.8381145621891208
107634,0.8091041564227981
107635,0.7939036581141461
107636,0.8632618011364072
107637,0.8252721081781894
107638,0.80572549941692
107639,0.8082620995988535
107640,0.8238821126528495
107641,0.8379749342162807
107642,0.865400695342229
107643,0.8267028766026131
107644,0.813530895486066
107645,0.8505199333909431
107646,0.8645388603815807
107647,0.8504271140192171
107648,0.8455411592429113
107649,0.7927131476951266
107650,0.8076624522420889
107651,0.8551038380877781
107652,0.8226773902817739
107653,0.8196258310958119
107654,0.7932902292657054
107655,0.8101487140899879
107656,0.815532757828552
107657,0.8161204367634908
107658,0.8712190182151905
107659,0.8440463506128878
107660,0.8437592425444139
107661,0.8071299029192223
107662,0.8548793117180863
107663,0.8171644350304788
107664,0.7857690734792244
107665,0.8087872919509524
107666,0.8424128989872911
107667,0.8101238481226949
107668,0.7608937682064293
107669,0.8533744733002439
107670,0.8353422398067711
107671,0.8189781578976036
107672,0.8394697734311242
107673,0.8044647183683586
107674,0.789369716783732
107675,0.8234324798562713
107676,0.7756839853154187
107677,0.8350693503977583
107678,0.8491189626835652
107679,0.8566852668015079
107680,0.8372959527946354
107681,0.9200917879358292
107682,0.8211974732302235
107683,0.8100279770886819
107684,0.8749003358710309
107685,0.83401463173334
107686,0.7940829333085878
107687,0.8347148609990616
107688,0.826612770470175
107689,0.8398738382580216
107690,0.7794830653643334
107691,0.8659717981643844
107692,0.8118220181168024
107693,0.7849913239958937
107694,0.8827613837844179
107695,0.8001688465013114
107696,0.8727762238288153
107697,0.8076552647823119
107698,0.8190028188594486
107699,0.83243471966954
107700,0.8235594483826493
107701,0.8005355090869077
107702,0.8048290387733018
107703,0.8449401443535471
107704,0.8561389603889712
107705,0.7970316620727502
107706,0.8568189345077795
107707,0.8065220277362318
107708,0.8071279632641969
107709,0.801635886622667
107710,0.8410473316394107
107711,0.8679216715699959
107712,0.7949575378800678
107713,0.8388525751344148
107714,0.8541598068256177
107715,0.8166917036453916
107716,0.8146009726920606
107717,0.8183035148134824
107718,0.8675851267855065
107719,0.7756849580193822
107720,0.8482886160885941
107721,0.8498542547299063
107722,0.8196104982569111
107723,0.7940764263511721
107724,0.8367544093729703
107725,0.7793432222561296
107726,0.8581363251512957
107727,0.7784041993990806
107728,0.8351899588808351
107729,0.8700452331930825
107730,0.8433754820461723
107731,0.8294525600392061
107732,0.8587668918479248
107733,0.8133504565727814
107734,0.7794052705972557
107735,0.7981159079368002
107736,0.8347742686453886
107737,0.7894539830771459
107738,0.8346724017507863
107739,0.8552160670984676
107740,0.7824191226995012
107741,0.7908699606072804
107742,0.8042558154857549
107743,0.8771393132633895
107744,0.8408476817208878
107745,0.8023138709821731
107746,0.8574719725614536
107747,0.7745000640261931
107748,0.8066492420879283
107749,0.8391154538826503
107750,0.8568434006562179
107751,0.8525215222834228
107752,0.8407749680196224
107753,0.7999560304463464
107754,0.8142277058500831
107755,0.7884340589230592
107756,0.8309811716371397
107757,0.8058776969797419
107758,0.7949827254686052
107759,0.7637260422443921
107760,0.8260593857488467
107761,0.8472766862986566
107762,0.7818375767700544
107763,0.8352492767534364
107764,0.8414770501310013
107765,0.8876211331905441
107766,0.7700193450628956
107767,0.7993381476944184
107768,0.8090329324042449
107769,0.7976468144347788
107770,0.8328226867183862
107771,0.8338786787345812
107772,0.8840037977654654
107773,0.8324708459513634
107774,0.8582380828187697
107775,0.8180554400379552
107776,0.8584840823585982
107777,0.7990884954778091
107778,0.8213290560249671
107779,0.7964299488877414
107780,0.8344703591785771
107781,0.8384857704377183
107782,0.7849004848951018
107783,0.8623861258431531
107784,0.7936429486674779
107785,0.8023242658034605
107786,0.8448834261095776
107787,0.8108140113746876
107788,0.7751205112930681
107789,0.8374520329349346
107790,0.7901175036367105
107791,0.8382731212674511
107792,0.8444658838278856
107793,0.8410804096921317
107794,0.8309502086710674
107795,0.831314620949181
107796,0.8069821768619163
107797,0.836278746017558
107798,0.8374184490912742
107799,0.82357372776563
107800,0.8456604523877544
107801,0.7891857828653519
107802,0.8020404283887521
107803,0.8466109199263203
107804,0.824475460717301
107805,0.8075572428659906
107806,0.8460017253365372
107807,0.8401063102110213
107808,0.8270166322653855
107809,0.8299364043310543
107810,0.7846513337457773
107811,0.8491956712587112
107812,0.8295115534445245
107813,0.8421504939530656
107814,0.8186305622539368
107815,0.8141976616035342
107816,0.8601151627945506
107817,0.7878517874564974
107818,0.7952305707390812
107819,0.8872582955275421
107820,0.8211309597561526
107821,0.8240942704417771
107822,0.8573608803458459
107823,0.875591095843029
107824,0.8436715948387038
107825,0.8259448473435345
107826,0.7913892326783958
107827,0.848154912670861
107828,0.7986171110810861
107829,0.8258716946035874
107830,0.7489887394415534
107831,0.8005497872699741
107832,0.8196501210030355
107833,0.8532752930490645
107834,0.8663713429443941
107835,0.8394938256368593
107836,0.8143929556409578
107837,0.8236416229775987
107838,0.8415836736238412
107839,0.7883091354559726
107840,0.8295681705707354
107841,0.8262224491315033
107842,0.8435227977455869
107843,0.8005614791194865
107844,0.8110924599880855
107845,0.8301591728100676
107846,0.8399387608910921
107847,0.8301316994206194
107848,0.8118217006645452
107849,0.825256346598734
107850,0.8181907252203876
107851,0.8809761213424314
107852,0.8143983039489697
107853,0.8742934970571964
107854,0.8508817979650607
107855,0.7837350458842864
107856,0.8299862789107101
107857,0.7945255847347885
107858,0.8571887164125547
107859,0.8309398962506378
107860,0.8423043071559473
107861,0.8343403243296866
107862,0.8043090693737979
107863,0.8344024595738018
107864,0.7954690397608364
107865,0.7660132633117732
107866,0.8331181209559663
107867,0.7361325891380952
107868,0.8375925825980721
107869,0.8012838965267013
107870,0.8553163367154252
107871,0.8695996531497499
107872,0.8207690139455351
107873,0.8134856206686544
107874,0.80329208037417
107875,0.8155556513628437
107876,0.7777066270136325
107877,0.8375581140847171
107878,0.828904309381515
107879,0.8589425871697438
107880,0.8549278797026852
107881,0.816194891725785
107882,0.7805004307519287
107883,0.7978819694380445
107884,0.8538905993150168
107885,0.8243949034540434
107886,0.8071537266552506
107887,0.8027320946577575
107888,0.8139311839937172
107889,0.8302322043450269
107890,0.8064469717506966
107891,0.8185548896712127
107892,0.8284955156400897
107893,0.8866715599696848
107894,0.7837661673976197
107895,0.8571175413966495
107896,0.860740407143787
107897,0.8678189258415204
107898,0.8276895479282238
107899,0.8114268519456561
107900,0.8306680611698811
107901,0.8368219813346153
107902,0.8418339892647111
107903,0.8451191297952428
107904,0.8539946814144835
107905,0.8308287834508592
107906,0.8469768875631496
107907,0.8063255516687973
107908,0.8401602385010087
107909,0.882160154197147
107910,0.8350809860018459
107911,0.7879800443524445
107912,0.8259196260818581
107913,0.8211204948709054
107914,0.813890152741021
107915,0.7831288781482547
107916,0.8083535143888962
107917,0.8003185014298703
107918,0.8340585299863058
107919,0.7761492042507798
107920,0.854085022157846
107921,0.8257288879221314
107922,0.8531264296968906
107923,0.7860426374634383
107924,0.8382935000094238
107925,0.8050653671485379
107926,0.8590802329229478
107927,0.8651398293107957
107928,0.7985554966368701
107929,0.8773294824336044
107930,0.8037106216827302
107931,0.8819660830482554
107932,0.8082430006133409
107933,0.8385763977306984
107934,0.788191372897627
107935,0.8443601128284369
107936,0.8008112820475087
107937,0.8597563455298465
107938,0.8612215155434898
107939,0.8082386192142967
107940,0.8512978102505888
107941,0.880416394055239
107942,0.8393971939303461
107943,0.8259990251264594
107944,0.8114471025435702
107945,0.8258192653741325
107946,0.8324376876609126
107947,0.7756490161907625
107948,0.8272616119496421
107949,0.8023308307713518
107950,0.8134442319813455
107951,0.7841270573486371
107952,0.8650870287661652
107953,0.8427788963470897
107954,0.8203023357343666
107955,0.865412135942222
107956,0.8043078015271932
107957,0.8322160250481068
107958,0.848112900303427
107959,0.844886371386115
107960,0.7806498370271613
107961,0.8208188806563222
107962,0.826341945451446
107963,0.7549326778791428
107964,0.8271124286104685
107965,0.8709383947850579
107966,0.7948625110518455
107967,0.8213245236092196
107968,0.8678117755572216
107969,0.7871949872420553
107970,0.8075244974820147
107971,0.801898517978476
107972,0.8035333035915502
107973,0.8105737166740001
107974,0.8190590259074547
107975,0.7780900840688209
107976,0.7745075970310935
107977,0.8544995233027776
107978,0.8063433381878737
107979,0.8395529409941404
107980,0.8289383086960556
107981,0.787101438989026
107982,0.7874080483814261
107983,0.8322340534525586
107984,0.8008315269900453
107985,0.8200630053478111
107986,0.8083421577352419
107987,0.8377793046347607
107988,0.8675473583595991
107989,0.8474161783282299
107990,0.8238986705203961
107991,0.8285671092190832
107992,0.8590213177420182
107993,0.8348156709573069
107994,0.8646197885133884
107995,0.8569983493594349
107996,0.803632373518562
107997,0.7870103004016045
107998,0.8178129836309698
107999,0.8006771895728049
108000,0.7852887931872
108001,0.8480927048139859
108002,0.8443086702352613
108003,0.8270656855968227
108004,0.7857428143203365
108005,0.8464500830829526
108006,0.8054727840372998
108007,0.8280584074451175
108008,0.8436997127675778
108009,0.7803741515083926
108010,0.8069461287956087
108011,0.7760680887145155
108012,0.7968186858562306
108013,0.8577057760514222
108014,0.8332695633485028
108015,0.8357135754788406
108016,0.8361680488311811
108017,0.7929460527781129
108018,0.8549739090523645
108019,0.8047460100138366
108020,0.8119794785415085
108021,0.8301924238765863
108022,0.8710970465173395
108023,0.8237319493596028
108024,0.8597408124131953
108025,0.8234179752459165
108026,0.8474886634214364
108027,0.8732923234751993
108028,0.8165333535892911
108029,0.8689317354061278
108030,0.8809264142771877
108031,0.7759062044197214
108032,0.8584617398710488
108033,0.861668392585394
108034,0.8423992301335628
108035,0.8453257635144232
108036,0.8036271433379365
108037,0.8339725613635136
108038,0.8488112363085984
108039,0.8378045584451369
108040,0.8195058979383274
108041,0.7799293589714765
108042,0.8474659943959773
108043,0.8457371833591019
108044,0.8200960457834666
108045,0.8787915010613773
108046,0.8450277424953921
108047,0.8534027851682635
108048,0.8727835153895711
108049,0.7917572020804623
108050,0.843214374298391
108051,0.8503304087975068
108052,0.8060469196637787
108053,0.8337469461516746
108054,0.7969902574079635
108055,0.7811256191625904
108056,0.8777162740122252
108057,0.8205607605664316
108058,0.8365233087231493
108059,0.8173844871731571
108060,0.8242043862216908
108061,0.8710897402334825
108062,0.8307988405328167
108063,0.834122450672746
108064,0.8046008059422877
108065,0.8557875279344079
108066,0.7835940459131207
108067,0.8614935314829596
108068,0.8334826684050143
108069,0.7857563873991775
108070,0.8304992832625648
108071,0.8181864533917815
108072,0.8268988671616039
108073,0.8136610460016578
108074,0.8296841869104952
108075,0.8185444961756835
108076,0.8587916929722696
108077,0.8668081597901506
108078,0.7754290189380708
108079,0.803247581607776
108080,0.8101372367745292
108081,0.8444971351376719
108082,0.8615361894305411
108083,0.8054669687144043
108084,0.8686442774276016
108085,0.8225688411896627
108086,0.7891624881639838
108087,0.8481577368970894
108088,0.885614423554899
108089,0.8810285472372199
108090,0.8651989189213662
108091,0.8362221105178975
108092,0.8502416378732427
108093,0.7996173456922621
108094,0.7852649045849994
108095,0.8688018479589208
108096,0.8304753960293962
108097,0.7978407007647544
108098,0.783565633370258
108099,0.877911555739217
108100,0.8186240519239548
108101,0.8480480588481304
108102,0.8659259110292884
108103,0.7661347159169363
108104,0.8379674237714207
108105,0.8043996007537255
108106,0.841842026144754
108107,0.8055662075364047
108108,0.8715545183541443
108109,0.8246712767756033
108110,0.7733362589209616
108111,0.8258739119601881
108112,0.8065521031750583
108113,0.8531099470716912
108114,0.8483580731255124
108115,0.8712661955288885
108116,0.7809530382710458
108117,0.8112581714613208
108118,0.8117861977537311
108119,0.7952559013424333
108120,0.8312543691707116
108121,0.8104001245268287
108122,0.8527368802852991
108123,0.8095801955711441
108124,0.8332310965777615
108125,0.824844489501595
108126,0.816600405193399
108127,0.8086069986192386
108128,0.820948364500218
108129,0.7930437730878949
108130,0.8827682233603746
108131,0.8256387553697071
108132,0.8015726119501895
108133,0.871768734387832
108134,0.8090541719874695
108135,0.7978079850938131
108136,0.8349714260310486
108137,0.8234173794042019
108138,0.8077214816656333
108139,0.849499756299432
108140,0.8748102017281179
108141,0.8187498587472404
108142,0.8311077865213657
108143,0.8127484046109106
108144,0.8045684409250928
108145,0.7930715296438673
108146,0.7645191204192332
108147,0.7831407038067791
108148,0.8066222370527936
108149,0.7742561746160408
108150,0.8221401457054492
108151,0.8751165243262161
108152,0.7763116694578409
108153,0.799726399521976
108154,0.8178343195031639
108155,0.8438486101681351
108156,0.8689485846141352
108157,0.8363168758715115
108158,0.7875840225806341
108159,0.8596581801050927
108160,0.7839015173636283
108161,0.8096538182981627
108162,0.8172606263171931
108163,0.8292810055923844
108164,0.8049706034720915
108165,0.8898987725905987
108166,0.8795616635177926
108167,0.8113483039657714
108168,0.8900374192888936
108169,0.8220702955077246
108170,0.8325943485176528
108171,0.8120114222116246
108172,0.7916328347557482
108173,0.8090542696284466
108174,0.8041772807082895
108175,0.8803111188844925
108176,0.8158423601544206
108177,0.8568690559463452
108178,0.87910942494545
108179,0.8511648133431298
108180,0.8590103986516489
108181,0.7811774602618754
108182,0.8211548018325807
108183,0.7741016258339667
108184,0.8346167093192983
108185,0.8200386989078784
108186,0.8595371646188739
108187,0.8252970668750673
108188,0.8450309830979623
108189,0.8476870271070382
108190,0.834001660254992
108191,0.8040729652715788
108192,0.8196816083296701
108193,0.7998215751321921
108194,0.8379214686270521
108195,0.8417916157805274
108196,0.8388191558973684
108197,0.7833095311248995
108198,0.8090542637137056
108199,0.8162864945119134
108200,0.8314390488910856
108201,0.833378908063581
108202,0.7886191348756239
108203,0.8361049724936962
108204,0.8662949627167043
108205,0.8259389021594434
108206,0.8185860124014224
108207,0.7966329143612616
108208,0.8086854408714064
108209,0.8115702880682903
108210,0.8115704224663949
108211,0.7989965559384237
108212,0.8208862330101281
108213,0.8689644633895106
108214,0.837092640982507
108215,0.8252747922199395
108216,0.8507634066980657
108217,0.8150634893103226
108218,0.8542632704123566
108219,0.8137633276362073
108220,0.8097936135776397
108221,0.8599503498629276
108222,0.8422880657527413
108223,0.806332526946212
108224,0.8577710492611003
108225,0.8525570890347971
108226,0.862591505972557
108227,0.7896331155814095
108228,0.8142951916845443
108229,0.7680051748450846
108230,0.8424378283828373
108231,0.8561334125627827
108232,0.8677627194109276
108233,0.8369720233656746
108234,0.7970344655103956
108235,0.8386394430069379
108236,0.8542755348889055
108237,0.8189790486299766
108238,0.8915020191547542
108239,0.8179322973920302
108240,0.7942106502716739
108241,0.8539223661955562
108242,0.795659893883286
108243,0.8530014627605683
108244,0.8023044535050967
108245,0.838822094112768
108246,0.770693789293605
108247,0.7900176550921879
108248,0.8564968387585299
108249,0.8397685983617975
108250,0.8158183177561535
108251,0.8664367765158093
108252,0.8123426703964403
108253,0.8249214260212714
108254,0.8295054846440877
108255,0.8125428341223563
108256,0.8298978048007456
108257,0.8808856430449531
108258,0.8340253985160766
108259,0.9189219750831141
108260,0.8188681794718662
108261,0.7915701125958755
108262,0.796056724871382
108263,0.8064506417169263
108264,0.814508953090641
108265,0.8006449645750771
108266,0.824778030280285
108267,0.8223085102861719
108268,0.8213265201367287
108269,0.8060100170973792
108270,0.8174995196930329
108271,0.8326671559085228
108272,0.8236658949686367
108273,0.7972713514371356
108274,0.8388613516528666
108275,0.8034871370784095
108276,0.8034174741653042
108277,0.8220395946262142
108278,0.8087620921419358
108279,0.7644020766122844
108280,0.8366136558941859
108281,0.8078636942492656
108282,0.78255372177646
108283,0.8417165010751402
108284,0.8205598816305955
108285,0.8355280768315565
108286,0.8529987750468951
108287,0.8122447398194922
108288,0.7994738707270528
108289,0.7939624644306428
108290,0.8195428806176116
108291,0.8002284098580545
108292,0.8167841565617396
108293,0.8326012663461833
108294,0.7788247089719713
108295,0.8418068422069681
108296,0.7964945273879112
108297,0.8080209985534831
108298,0.8328442077251859
108299,0.8261745975614391
108300,0.781986480562524
108301,0.8106300587645177
108302,0.8694925233146604
108303,0.8350570422479064
108304,0.8122115944082846
108305,0.8277723602978925
108306,0.814251574066187
108307,0.8512764869332707
108308,0.8184870140431516
108309,0.8364416203974625
108310,0.8439176131640173
108311,0.8285780976314228
108312,0.7991136190260869
108313,0.795299417301642
108314,0.8540328327178605
108315,0.7810616148048364
108316,0.8176503097738705
108317,0.8374330338298235
108318,0.84920148055007
108319,0.8791326092538227
108320,0.7368915679006621
108321,0.8347799331393011
108322,0.8084622574569931
108323,0.8205712211669801
108324,0.8080567906073572
108325,0.8208217934467835
108326,0.8063390949948755
108327,0.8279419244261382
108328,0.8456047732129246
108329,0.8604726922842169
108330,0.8680251653633544
108331,0.8369489972236205
108332,0.8454765515466075
108333,0.8410302282210789
108334,0.8003094128558201
108335,0.7970729418884388
108336,0.8379897227540709
108337,0.8027497465040405
108338,0.8213908778059235
108339,0.847578657358793
108340,0.8071186872419007
108341,0.7871006995091885
108342,0.8347462929426237
108343,0.8238119974509759
108344,0.8431064461279094
108345,0.8634640725049818
108346,0.8146497941016843
108347,0.8048495765379947
108348,0.8487224464202318
108349,0.8171742341055022
108350,0.8015762422203361
108351,0.8022735997524884
108352,0.8407394394776355
108353,0.8004374119846559
108354,0.8096128127612624
108355,0.8303254463789044
108356,0.7988460562764496
108357,0.7897957681448512
108358,0.8270072700987214
108359,0.7866321983878943
108360,0.7434180685607172
108361,0.8084296727293864
108362,0.8146516833136868
108363,0.8355091814958133
108364,0.8263807171933887
108365,0.8599786542910302
108366,0.8328314354799455
108367,0.8714987375869576
108368,0.8196505138213863
108369,0.8224065997889147
108370,0.8438283823058825
108371,0.7855344872553168
108372,0.8718205779128194
108373,0.8478019321185883
108374,0.8173422827928185
108375,0.8298287610941784
108376,0.848824855715578
108377,0.8260313501125736
108378,0.8040874862514868
108379,0.8190581237804966
108380,0.841865987282809
108381,0.8183228674121574
108382,0.8649217018008322
108383,0.8205317894889504
108384,0.8123650288806844
108385,0.8234412315642556
108386,0.7825825316239704
108387,0.8282695997882034
108388,0.7929515249442308
108389,0.8766727937242178
108390,0.8338440583517351
108391,0.8018199704019635
108392,0.832188607321949
108393,0.8177984369482008
108394,0.8521925379897017
108395,0.8268153717356166
108396,0.7983229138525619
108397,0.8550522748605371
108398,0.8250626862218886
108399,0.8240227452774658
108400,0.8603989302813254
108401,0.7863403420542139
108402,0.7896845519214437
108403,0.7810125311397229
108404,0.8264254845047343
108405,0.8329490931901852
108406,0.8346389030084919
108407,0.8484557743448379
108408,0.8291851645222343
108409,0.8087003869996239
108410,0.8082984268869987
108411,0.8344623455260339
108412,0.7968539076067878
108413,0.8019444383603744
108414,0.8637296696730864
108415,0.8138664916183237
108416,0.8359671479016089
108417,0.837312492431209
108418,0.8148893664374827
108419,0.8151421125280932
108420,0.8704221676296988
108421,0.8427773856495836
108422,0.8152717153973716
108423,0.8018348056640676
108424,0.8158213778426884
108425,0.8846998715290707
108426,0.831305056916269
108427,0.8398926417141717
108428,0.8417315227764051
108429,0.7868602416411334
108430,0.8586255802993099
108431,0.7281198005687061
108432,0.8293992684126034
108433,0.868247610334505
108434,0.7764610310997934
108435,0.8186348421360918
108436,0.8172540388763692
108437,0.8753152180951831
108438,0.853418161694679
108439,0.7767552637543456
108440,0.833205741506015
108441,0.8526440488505392
108442,0.7377137205007991
108443,0.8657469596605228
108444,0.827424596027852
108445,0.8537636735922238
108446,0.8366504545816513
108447,0.8485757582742605
108448,0.8486826349807927
108449,0.785675368407137
108450,0.8199389855249236
108451,0.8180060827141624
108452,0.8170324402030694
108453,0.8216923133917108
108454,0.8102694707847519
108455,0.822663656401411
108456,0.8450246023294468
108457,0.8070905602793252
108458,0.8181658997535483
108459,0.8454284662036844
108460,0.8499818076797794
108461,0.788794715161229
108462,0.8302581313928923
108463,0.835825154030785
108464,0.8296983905109523
108465,0.7907635927345293
108466,0.8193030386213829
108467,0.8600477860631623
108468,0.8061065417588418
108469,0.7960318730543725
108470,0.8277247901717718
108471,0.8713910579266051
108472,0.8372894902430729
108473,0.7737374914175388
108474,0.7497138429903718
108475,0.8499028041385766
108476,0.8178759247798332
108477,0.8610624491882783
108478,0.8353254419832478
108479,0.7682860722399025
108480,0.8335243078327333
108481,0.884935801762984
108482,0.8276482572216155
108483,0.8314343856882112
108484,0.8694657409676256
108485,0.7911336082618909
108486,0.8060716553351595
108487,0.86399207332018
108488,0.8657653492273459
108489,0.8493028312899237
108490,0.9016375629216454
108491,0.8427835276726267
108492,0.8786232518856175
108493,0.7862129617771771
108494,0.8183435312323517
108495,0.8378087672996821
108496,0.8400834174539087
108497,0.8226317021119612
108498,0.8738535280219981
108499,0.9017705743719786
108500,0.7801477667486336
108501,0.7976392377939675
108502,0.8545103069814235
108503,0.8705404415294365
108504,0.7943423256254668
108505,0.8401367571494968
108506,0.8448546719767209
108507,0.8060121826496475
108508,0.799134417168314
108509,0.8045016209176344
108510,0.7753523796660271
108511,0.7801085692552933
108512,0.8666756993743575
108513,0.8061683881064599
108514,0.814432074951432
108515,0.8418720965256914
108516,0.8428987857807761
108517,0.8288511564224877
108518,0.8123967543788695
108519,0.8101910687673127
108520,0.7858055628833661
108521,0.7975190022438711
108522,0.8026184608452476
108523,0.8071576879231014
108524,0.8473915516246457
108525,0.7915674459378355
108526,0.8536438493544617
108527,0.8608104839811543
108528,0.8856282412253842
108529,0.8503421785772955
108530,0.7866921402991334
108531,0.799293115834234
108532,0.7994261016799277
108533,0.8230624654733589
108534,0.785151049934252
108535,0.8725627838969482
108536,0.7776199139585651
108537,0.8357666662961746
108538,0.8494781425172367
108539,0.8504143045796243
108540,0.8428582270256014
108541,0.8305983291842464
108542,0.7759705881308941
108543,0.8593553538345318
108544,0.84409439578081
108545,0.8450091809132144
108546,0.8067890585100221
108547,0.7561029414446186
108548,0.8272790395745186
108549,0.8643879049610328
108550,0.8094407384922776
108551,0.8416708713980875
108552,0.7915932590818188
108553,0.8353054528010495
108554,0.8386131709510414
108555,0.8516099294898313
108556,0.780212848934166
108557,0.7499934752899581
108558,0.8287532435128432
108559,0.8364770209269295
108560,0.845649763988015
108561,0.8241380907972521
108562,0.8371361925303263
108563,0.7524542886261454
108564,0.8326239057250807
108565,0.8093117142302924
108566,0.7824890254605067
108567,0.8480383908617081
108568,0.8854362300117548
108569,0.8657842554285502
108570,0.8562864992629444
108571,0.8494315966933652
108572,0.8692966419836554
108573,0.8848484203291213
108574,0.7958580808266315
108575,0.8242305677522551
108576,0.8044467315906698
108577,0.8151357746563211
108578,0.8057549215717738
108579,0.8166685395567584
108580,0.8138175118123671
108581,0.8496264397941424
108582,0.818835228220339
108583,0.8282282634746686
108584,0.8234805231774273
108585,0.8493510745212626
108586,0.7883652984749993
108587,0.8514002265338122
108588,0.8184901552758079
108589,0.8357813040049307
108590,0.7844139306011617
108591,0.8156244649910069
108592,0.8663640209180044
108593,0.7905245623257843
108594,0.7986658473304222
108595,0.8247542314262039
108596,0.7847330219271569
108597,0.8698903570292097
108598,0.8315969291173202
108599,0.8549467468879325
108600,0.8331890815934964
108601,0.8311948094656917
108602,0.8507539364722788
108603,0.8304855354865947
108604,0.7717306535748639
108605,0.8175680230050294
108606,0.7719512975486991
108607,0.7876389273677199
108608,0.787718358870788
108609,0.8155540417353594
108610,0.8147989954351749
108611,0.8385485939726282
108612,0.7818731634519914
108613,0.8124761243240542
108614,0.7856995052487022
108615,0.802110317260895
108616,0.8140842923036261
108617,0.8298691057569243
108618,0.808611885873772
108619,0.8041899544160984
108620,0.8654101819119832
108621,0.8208067049486146
108622,0.8501182972178006
108623,0.8689421911348326
108624,0.8486647151170983
108625,0.8265688108228867
108626,0.770570333632718
108627,0.8338074568994928
108628,0.8650637197606074
108629,0.7983376605631921
108630,0.8366130973274336
108631,0.8794968306884582
108632,0.8457338730787374
108633,0.8515057893995808
108634,0.8315521514805404
108635,0.7739076849920599
108636,0.8648368411860334
108637,0.7763630742366762
108638,0.8712060189263964
108639,0.8649543076735322
108640,0.7662841656151853
108641,0.84873881461748
108642,0.8049659072108528
108643,0.8412231950530535
108644,0.836703669271697
108645,0.8603524318289529
108646,0.8540297312173185
108647,0.8346839586070396
108648,0.8083324076444075
108649,0.8464605967081951
108650,0.8354232720404569
108651,0.811150947343443
108652,0.8627381613623646
108653,0.8523843819650497
108654,0.789922112170743
108655,0.8070066134345653
108656,0.8730192181281363
108657,0.8318507777039609
108658,0.7662451544536292
108659,0.8594481898387257
108660,0.8082571406750475
108661,0.8046915759529923
108662,0.8406358040528953
108663,0.8431313373506247
108664,0.8299178495420014
108665,0.8097023097817497
108666,0.844213211004386
108667,0.8315362699658561
108668,0.8966652167262069
108669,0.8270332384580249
108670,0.860921177794854
108671,0.8354544669500609
108672,0.8251462121951636
108673,0.8250253985098813
108674,0.8686545293125336
108675,0.8558907499159898
108676,0.8501801223532378
108677,0.8309251731237675
108678,0.8560081531658402
108679,0.8452078505984982
108680,0.8185514525372096
108681,0.808501309733243
108682,0.8159510150332925
108683,0.8030524346866328
108684,0.8311941677828237
108685,0.842069492996834
108686,0.7922968038011333
108687,0.829727985469089
108688,0.8219496616399877
108689,0.8217533153346235
108690,0.8527834515524659
108691,0.8023487240660565
108692,0.8045192374091373
108693,0.7694637720875072
108694,0.8060904281828829
108695,0.8427453835957534
108696,0.8389130565979633
108697,0.819225584642767
108698,0.8674917894641848
108699,0.8332053489157639
108700,0.8190793150150756
108701,0.8550273000520555
108702,0.8215763942998696
108703,0.8112792775639404
108704,0.8250180114951003
108705,0.8402440087644946
108706,0.8137834003181442
108707,0.8079870875596019
108708,0.8259783614676011
108709,0.7961257946934339
108710,0.8440518396106438
108711,0.7922614777166812
108712,0.8052442110254457
108713,0.8483472750611126
108714,0.7680620229112942
108715,0.8184782316869706
108716,0.843039488728502
108717,0.811111749497112
108718,0.7825484837422038
108719,0.8517033905428392
108720,0.8365038948108655
108721,0.8545224283684429
108722,0.8535130910098252
108723,0.7732337263958647
108724,0.8029853221398225
108725,0.8017308796748424
108726,0.8404942632395022
108727,0.8450381007739096
108728,0.7813782483591052
108729,0.819146823922722
108730,0.8428372044706064
108731,0.7806775371183343
108732,0.8586113049642058
108733,0.8508092150272886
108734,0.8056060333951234
108735,0.8139586813295981
108736,0.8112772746395012
108737,0.8059979171499059
108738,0.8719367398190794
108739,0.8431164823258173
108740,0.8228071677633441
108741,0.7910549597962673
108742,0.7598155000495619
108743,0.8350342554372557
108744,0.7853544740949656
108745,0.8247283257379222
108746,0.8287232606716907
108747,0.8556853837826124
108748,0.7942470423142273
108749,0.8405648774938966
108750,0.8382218327530321
108751,0.8048064657988359
108752,0.821247022053386
108753,0.8298275220468865
108754,0.8155017457432332
108755,0.84435609331942
108756,0.8209320434953916
108757,0.832320633640062
108758,0.8101003410566878
108759,0.8578132119978894
108760,0.8252545902781458
108761,0.8249598926349198
108762,0.8052120199000515
108763,0.8250363021947681
108764,0.7731892813119958
108765,0.8190078532679581
108766,0.8410507207619745
108767,0.831162461140442
108768,0.8243493703494433
108769,0.816375507844461
108770,0.8710180886998222
108771,0.818739633292788
108772,0.8380547154757095
108773,0.8168264627244369
108774,0.8504402483950342
108775,0.8027268132200137
108776,0.8222895427599783
108777,0.8402845131415096
108778,0.8667941760172537
108779,0.8289020703145689
108780,0.8793469142207184
108781,0.8371072512684221
108782,0.8506897862007762
108783,0.8560684179075801
108784,0.8118946599468108
108785,0.8252689570449576
108786,0.836890105164484
108787,0.8139072506436618
108788,0.8038165624570885
108789,0.8105241053006713
108790,0.8034567836232144
108791,0.8424978845508273
108792,0.830826885640728
108793,0.8870336113771007
108794,0.8030525340492907
108795,0.7973159568537197
108796,0.801485714764014
108797,0.8852773413080295
108798,0.7755490007509721
108799,0.8532885967742702
108800,0.8630199172262938
108801,0.8202367950236528
108802,0.8225198183944321
108803,0.850617399008533
108804,0.8006699368774861
108805,0.8046865621866871
108806,0.7985899720214144
108807,0.8189599193139133
108808,0.8485428632405041
108809,0.8425978088452424
108810,0.8169961227208804
108811,0.7846094931285111
108812,0.8457305720927505
108813,0.7485261851715063
108814,0.8406757083985111
108815,0.8695300210353493
108816,0.8562240874560403
108817,0.8116757352810496
108818,0.7893132786597992
108819,0.8305669758699208
108820,0.7863895640271519
108821,0.79012225115065
108822,0.8294275066714428
108823,0.82154761417012
108824,0.853779069161612
108825,0.7897504254835789
108826,0.8786896244750316
108827,0.8398472787269311
108828,0.8574128267575805
108829,0.8151226957936272
108830,0.7855623771926631
108831,0.8394068506127348
108832,0.8455497737251015
108833,0.8206146403379162
108834,0.784830563487585
108835,0.7615222337897303
108836,0.8175736145547854
108837,0.8798391468685663
108838,0.8703057501057724
108839,0.7979767119458524
108840,0.8296850696220145
108841,0.8194107234326022
108842,0.8517156311390784
108843,0.8554470179153317
108844,0.825251258096546
108845,0.8191202997566692
108846,0.7478229002063758
108847,0.8236406600028978
108848,0.8069471728454755
108849,0.8372004342740335
108850,0.8363027972164792
108851,0.8354805227856152
108852,0.7887418881572039
108853,0.7908455250335651
108854,0.8094653055023074
108855,0.8558440491160845
108856,0.8324702755111739
108857,0.8426755885291015
108858,0.8047379297324754
108859,0.7564068508367073
108860,0.8424952541204114
108861,0.7915868636465239
108862,0.7940121939586936
108863,0.8181221483466908
108864,0.7938374260812718
108865,0.834793046718655
108866,0.800768857921716
108867,0.817157838697138
108868,0.8301912613942298
108869,0.8437768887255359
108870,0.8120806471610996
108871,0.787268400448125
108872,0.8336848312887246
108873,0.8640549991865926
108874,0.8091619955093183
108875,0.8261089155556482
108876,0.8072448330739247
108877,0.8665421200987655
108878,0.8173009833276684
108879,0.7926994920208138
108880,0.866648754021925
108881,0.9040134091529586
108882,0.8248165385532424
108883,0.8066782835408406
108884,0.8375098399985437
108885,0.8167043877308432
108886,0.7984882262605815
108887,0.8676566946943279
108888,0.8139160481902039
108889,0.8588635457269996
108890,0.7981974062443742
108891,0.8247092280416093
108892,0.8202078102271263
108893,0.8556694252808242
108894,0.7751747051275447
108895,0.8117815782727935
108896,0.8264434284457747
108897,0.8605608255446956
108898,0.8296605931854015
108899,0.8188063117436222
108900,0.8655619103827213
108901,0.8303299880595704
108902,0.8337883798882585
108903,0.8059145183648019
108904,0.8105519270111595
108905,0.7966626314936743
108906,0.8579098343478895
108907,0.8677326529569559
108908,0.8174563776039131
108909,0.8649690070388913
108910,0.868276412229224
108911,0.8706628915689473
108912,0.8044259340850258
108913,0.845998780620186
108914,0.7505332232053902
108915,0.7932830469778236
108916,0.7843104673880514
108917,0.8423707192224927
108918,0.8136514295711946
108919,0.8270564104004499
108920,0.8392324776817588
108921,0.8240609312745578
108922,0.8122913531832316
108923,0.8297057318196144
108924,0.8423442679144053
108925,0.812779005253886
108926,0.7827973620334577
108927,0.8072974620544595
108928,0.8605277553384848
108929,0.7830730129795285
108930,0.803439255312038
108931,0.8214865642608089
108932,0.8727137849809914
108933,0.8123479877243577
108934,0.8244951631582758
108935,0.8468140326274108
108936,0.7994443195023062
108937,0.8184855192069098
108938,0.7978736897030633
108939,0.8429027632125058
108940,0.8020301931224042
108941,0.8791144547470081
108942,0.7984774902592187
108943,0.8044483832459656
108944,0.8303554729364672
108945,0.8282212084154419
108946,0.7735285265250904
108947,0.8547483301702071
108948,0.8102661192465285
108949,0.8319075686762235
108950,0.8622777997794545
108951,0.8516195726230354
108952,0.8311874356570459
108953,0.797745985827347
108954,0.7934091825469679
108955,0.8403756347693144
108956,0.8662332173065465
108957,0.8469936756147057
108958,0.8028356705756494
108959,0.7832756488817678
108960,0.8204817639515601
108961,0.7821224589342503
108962,0.83327105007095
108963,0.8178321341614665
108964,0.7761229803086622
108965,0.8230373653874293
108966,0.8144274015839602
108967,0.8255431721529594
108968,0.8012585917780515
108969,0.8483931844815633
108970,0.789988432317517
108971,0.8463860304672891
108972,0.8651244889722883
108973,0.7846438786236758
108974,0.8430032149495539
108975,0.7818553139133341
108976,0.8243573824720648
108977,0.7672176987526381
108978,0.8183220576211752
108979,0.8146313325282245
108980,0.8098925539156844
108981,0.8220613909563067
108982,0.8025123570714453
108983,0.7718805998183523
108984,0.8855034731158877
108985,0.7831023787751981
108986,0.8432842390047673
108987,0.8449519490343103
108988,0.8392066472690259
108989,0.7987462217179148
108990,0.8411364906000846
108991,0.829606068045013
108992,0.8291169256014657
108993,0.8117865925241068
108994,0.7725455655241407
108995,0.8719647211653826
108996,0.8562617699422156
108997,0.8216299940697096
108998,0.7984620215052896
108999,0.780814843865685
109000,0.43679978570993083
109001,0.43786664404759873
109002,0.45309973910280005
109003,0.44012504902518856
109004,0.48531576494069023
109005,0.523142647843367
109006,0.47270975222410017
109007,0.5322506988160998
109008,0.5339453177297997
109009,0.4880847405969441
109010,0.5165701833167489
109011,0.5600970177662913
109012,0.6014799011103064
109013,0.5785573367100346
109014,0.5898836808048769
109015,0.5832959911944341
109016,0.5588776384443245
109017,0.6574190276685924
109018,0.6581693193056174
109019,0.648513624229516
109020,0.654719992568854
109021,0.6643830235658555
109022,0.6701948743848014
109023,0.6355594610709425
109024,0.7127685172783937
109025,0.7173226081863582
109026,0.6883911754428839
109027,0.7531130410809099
109028,0.7649298240256523
109029,0.7541019355657115
109030,0.7723093610522226
109031,0.7250247588308039
109032,0.8034146120451661
109033,0.7644733455488054
109034,0.814633926464261
109035,0.8219436977854493
109036,0.8500563457876554
109037,0.8558259528843767
109038,0.8350216614360914
109039,0.8483764777022997
109040,0.8586120748107358
109041,0.8459697589431165
109042,0.9261439982844438
109043,0.9362177321571507
109044,0.9314921279154609
109045,0.9245555243453016
109046,0.9364024457677798
109047,0.896612319036428
109048,1.0033462875253434
109049,0.9897861641494639
109050,0.9849368860078408
109051,0.9525484167648267
109052,0.9493860784292691
109053,0.9915611638223661
109054,1.0207652705919004
109055,1.0017735429498351
109056,1.0177783702128476
109057,1.0364666986325861
109058,1.0819299867100167
109059,1.0373777038078902
109060,1.0556736628234356
109061,1.061256147288198
109062,1.079189413409687
109063,1.1101367819965529
109064,1.1241832490087418
109065,1.100515273276704
109066,1.0510908423100098
109067,1.066595663334934
109068,1.1132527534426706
109069,1.1294614667391456
109070,1.1752047549850329
109071,1.1485540117572135
109072,1.088555830079415
109073,1.2248847566173515
109074,1.160941334488151
109075,1.108983683767103
109076,1.203461948445187
109077,1.1785779572341561
109078,1.1581717064319967
109079,1.2583609882591538
109080,1.1905548267947763
109081,1.2160716280919397
109082,1.25026658281602
109083,1.3111393442457095
109084,1.2459019460808776
109085,1.2697206667620853
109086,1.2530819712471344
109087,1.2812843183869929
109088,1.2968066704924932
109089,1.3008251708075929
109090,1.3040966874193116
109091,1.3267851473307732
109092,1.288759747513162
109093,1.3650726400168336
109094,1.38734845481548
109095,1.3218288599947152
109096,1.3104920034228333
109097,1.3175735149434733
109098,1.3410268285232139
109099,1.3756696858639592
109100,1.348427319049165
109101,1.377720827285785
109102,1.412236150439319
109103,1.426563127416299
109104,1.378980602545576
109105,1.3675157651265937
109106,1.41387912483181
109107,1.4804223643685155
109108,1.4307421935878473
109109,1.4498309712538262
109110,1.4224085478415236
109111,1.4776945865932583
109112,1.4319555626526812
109113,1.4571026640615123
109114,1.4495599930894913
109115,1.4924180476065025
109116,1.4918738789249102
109117,1.4884250987742575
109118,1.5248947157060757
109119,1.5075988255670987
109120,1.5062589244546174
109121,1.5523460552345616
109122,1.533264417070224
109123,1.534020370061627
109124,1.519405032187362
109125,1.5369429132883303
109126,1.537549375776425
109127,1.5854138066930132
109128,1.572792114398539
109129,1.5134627969492376
109130,1.5611492168794712
109131,1.60145295502598
109132,1.6251600113385536
109133,1.6071881368179284
109134,1.5589697146203545
109135,1.6238399063423228
109136,1.604051170168469
109137,1.5872537091816803
109138,1.5867929112393577
109139,1.5537607802794764
109140,1.61893436089975
109141,1.5962334627278494
109142,1.6777218296142
109143,1.6536809507978734
109144,1.6351226582465155
109145,1.6439897664782848
109146,1.660450742985761
109147,1.648484650356021
109148,1.644418993249191
109149,1.6431725439732245
109150,1.6847300973361548
109151,1.6904313769254222
109152,1.7392374284900973
109153,1.6694866108516007
109154,1.7065207002368343
109155,1.6740809876069076
109156,1.6803401159176812
109157,1.7176536764344634
109158,1.7443206149106019
109159,1.7746915468675617
109160,1.6650192906125874
109161,1.7451524280018031
109162,1.7963945959600307
109163,1.7246509125141303
109164,1.740632653051113
109165,1.7501904072412473
109166,1.7381539784023532
109167,1.7277130950748285
109168,1.7829122047929076
109169,1.7235896358133427
109170,1.7760507616684271
109171,1.833967578186408
109172,1.792506356759609
109173,1.8406979923309843
109174,1.8295724483046183
109175,1.8142756727675948
109176,1.8221006459817264
109177,1.842142880083827
109178,1.8095221801086938
109179,1.8237655720623833
109180,1.815298394594323
109181,1.7807556190606884
109182,1.8055894470148464
109183,1.83370895010999
109184,1.840632838877955
109185,1.8858300156507932
109186,1.815841947467619
109187,1.845002363537169
109188,1.843856825596899
109189,1.8557434505210257
109190,1.8569156744190765
109191,1.8544767351544653
109192,1.8357941716943487
109193,1.8331892613133722
109194,1.8571826813802084
109195,1.882820536785199
109196,1.811087757857612
109197,1.8670591025672554
109198,1.8856599404278236
109199,1.8825897428915968
109200,1.8549150052307641
109201,1.9390437824073332
109202,1.8742783243956576
109203,1.945246322300938
109204,1.871636879034165
109205,1.8965894326217685
109206,1.955425903128817
109207,1.9180786868261268
109208,1.924668540221167
109209,1.8698135736338763
109210,1.918206500667771
109211,1.9441286942376506
109212,1.9460399081110344
109213,1.9238216256861849
109214,1.9329824010495895
109215,1.9557419771688227
109216,1.9351552010888202
109217,1.9630040940609599
109218,1.979989970725874
109219,1.9446452890591082
109220,2.0083126371548325
109221,1.943683491256492
109222,1.9990828257301119
109223,1.9731717590947493
109224,1.9874969050147304
109225,1.94525815250074
109226,1.972391558879829
109227,1.9728592225174104
109228,1.9889556299388509
109229,1.9807737830943555
109230,2.005930393452391
109231,2.0204238802125842
109232,2.069467929687417
109233,2.026850998056834
109234,2.0520637363717222
109235,1.9903412479451281
109236,2.009864750508212
109237,2.080486955906357
109238,2.011069724616175
109239,1.9847720508759727
109240,2.035376633273222
109241,1.9966108687216078
109242,1.9911103176859741
109243,2.0241267701854873
109244,2.0803592681630128
109245,2.052048156711164
109246,2.0638574533663676
109247,2.0768935671733812
109248,2.0329378958583093
109249,2.058040468135145
109250,2.0595336538834483
109251,2.083333669505623
109252,2.0149259663006736
109253,2.0842921197747133
109254,2.0614127171604824
109255,2.0051265838774777
109256,2.077182494393827
109257,2.099417578664647
109258,2.02771006956869
109259,2.1336700891526976
109260,2.093181044488523
109261,2.0904689499273084
109262,2.0658388222959907
109263,2.0677314948094514
109264,2.0888627060834013
109265,2.1459713564582845
109266,2.1002843500445394
109267,2.102370062529602
109268,2.1489742663698888
109269,2.0862010881525777
109270,2.1287332120831124
109271,2.148103040088158
109272,2.099073519623197
109273,2.1221823303649328
109274,2.106245700599242
109275,2.1137317746385627
109276,2.109932213227402
109277,2.132802881978809
109278,2.1345169382600284
109279,2.106984785540526
109280,2.1621441671908457
109281,2.092314194725119
109282,2.1289784754318433
109283,2.11565020913907
109284,2.147175443003248
109285,2.120589307797835
109286,2.13633944982259
109287,2.183147482998134
109288,2.1201102763431527
109289,2.1486098031400567
109290,2.098807884384359
109291,2.210330135520674
109292,2.1658170662169542
109293,2.196591457797321
109294,2.17563314084938
109295,2.126239899383258
109296,2.1198977856877494
109297,2.1747156208803227
109298,2.1550434154526537
109299,2.237870240508787
109300,2.24361967982372
109301,2.179193414854765
109302,2.1901015104666026
109303,2.174732266024837
109304,2.12944526176639
109305,2.1818093801577283
109306,2.107801596646552
109307,2.206055920818529
109308,2.214235809520656
109309,2.1752269016515986
109310,2.1972135990509956
109311,2.209193161634208
109312,2.2051765722821863
109313,2.2287908756341914
109314,2.2530199689218566
109315,2.2154168763696402
109316,2.170027404626547
109317,2.2175548378317034
109318,2.1617737877800574
109319,2.244747139809379
109320,2.1479754352678886
109321,2.215416490580595
109322,2.2436581392903134
109323,2.180830707044298
109324,2.2445689214422306
109325,2.2417122218471786
109326,2.247597181236703
109327,2.2370828882070564
109328,2.2008771844509676
109329,2.2478811413765993
109330,2.2085002403279708
109331,2.2356347246477912
109332,2.1972698524537773
109333,2.24333715795422
109334,2.2911801473433875
109335,2.198390776394423
109336,2.2433405310805288
109337,2.2223284227933573
109338,2.1928097469066388
109339,2.269254349615261
109340,2.255831827790925
109341,2.225331219836264
109342,2.2969833123060273
109343,2.2719275414278712
109344,2.2441694057177983
109345,2.250601713492433
109346,2.2821125074623576
109347,2.282489321615517
109348,2.242104511216824
109349,2.2599364270554845
109350,2.2576469712793985
109351,2.274618122741671
109352,2.2818258470690314
109353,2.21339334856849
109354,2.246137717615549
109355,2.2922771185687028
109356,2.2823513687013635
109357,2.2500870139113722
109358,2.2736398450385242
109359,2.3658807084591262
109360,2.2745048943598754
109361,2.31232570625756
109362,2.274608503180811
109363,2.281394400513367
109364,2.308019338283243
109365,2.2578944606654248
109366,2.3069228680285945
109367,2.3429368191794726
109368,2.2847729598918702
109369,2.272911066866326
109370,2.287259579852798
109371,2.3426828296820688
109372,2.3080361440548134
109373,2.3338079034911967
109374,2.30187053848189
109375,2.3316072158843704
109376,2.276516808723142
109377,2.3551420835557737
109378,2.251275611717259
109379,2.3492930310019986
109380,2.301888435048375
109381,2.305412918135598
109382,2.330216959966522
109383,2.2164819936056537
109384,2.251279959400619
109385,2.3580398560357017
109386,2.2909327333515663
109387,2.335564376831692
109388,2.3582699605747286
109389,2.3035891556762045
109390,2.229008372546043
109391,2.3216356978099517
109392,2.2531860158398205
109393,2.367403618586906
109394,2.3278496747765742
109395,2.2985320641555824
109396,2.345964711049652
109397,2.3387304615840807
109398,2.3338175454178276
109399,2.3096740371783966
109400,2.299611290645774
109401,2.311473221233365
109402,2.3520369550061613
109403,2.3387497673125175
109404,2.3584627386585066
109405,2.3298938144011694
109406,2.3466608687491224
109407,2.3262249804674804
109408,2.371144987460428
109409,2.3285170343538675
109410,2.3711304275521052
109411,2.3392396758925953
109412,2.318705004824893
109413,2.3602883194064375
109414,2.3308851930608947
109415,2.3714783182490162
109416,2.361804949940354
109417,2.3866484452814736
109418,2.3397912678365955
109419,2.362379559779167
109420,2.3771606302942896
109421,2.363179278521201
109422,2.385907877844999
109423,2.3382693108566444
109424,2.3390940349257625
109425,2.3713255976993417
109426,2.381104068298404
109427,2.3386834562424577
109428,2.3572567436197978
109429,2.3799844572780504
109430,2.3640233544218376
109431,2.3531757796745696
109432,2.314322620159078
109433,2.3950620590352845
109434,2.3361442158619643
109435,2.3043973152007693
109436,2.4376196368430794
109437,2.4148597420548037
109438,2.367089457560825
109439,2.369128374880044
109440,2.36269126208304
109441,2.3657488006435226
109442,2.3741261202484045
109443,2.423757656961528
109444,2.33468345046226
109445,2.3656097144528667
109446,2.3985446532213586
109447,2.3850146357345743
109448,2.39073386770476
109449,2.391216310600587
109450,2.362007751289259
109451,2.341330678876323
109452,2.397402595738716
109453,2.4220111332212126
109454,2.410890262442036
109455,2.412098570022269
109456,2.4042897685950813
109457,2.3954800032301233
109458,2.3841475097021094
109459,2.3828376005565595
109460,2.3513824845161024
109461,2.3705332437408653
109462,2.438377687438721
109463,2.368632244978329
109464,2.4108105022453463
109465,2.3855651742524144
109466,2.4016254160814503
109467,2.3852027487839167
109468,2.3538682378585802
109469,2.383897485534378
109470,2.408053012423777
109471,2.3883530933737456
109472,2.384035165744644
109473,2.403640418834191
109474,2.3968174357346044
109475,2.3874071188746324
109476,2.392611268171211
109477,2.3985482884509466
109478,2.3722411936798773
109479,2.4003548082265667
109480,2.390905605051357
109481,2.41271490414688
109482,2.4029459110177456
109483,2.4070317616614556
109484,2.39136192601344
109485,2.408482182940528
109486,2.3830475287982584
109487,2.4376907272132087
109488,2.392224060513724
109489,2.4547839191530625
109490,2.4155444951836755
109491,2.414218105104193
109492,2.3194515726813476
109493,2.410006013192502
109494,2.3408990808172527
109495,2.4285879415037677
109496,2.410274821365085
109497,2.409747856130288
109498,2.4054696605682233
109499,2.4270212708607253
109500,2.4122060246916033
109501,2.403233407941229
109502,2.400109270610343
109503,2.4035624145727477
109504,2.431441051689697
109505,2.417442095519929
109506,2.3693908047727503
109507,2.438093692133386
109508,2.4684009098324777
109509,2.3997407399161523
109510,2.4298024439853365
109511,2.394659414514909
109512,2.401260630752989
109513,2.4622946848720613
109514,2.4143731551034593
109515,2.338000561537728
109516,2.3945965506911717
109517,2.3730958597498995
109518,2.4406146950273584
109519,2.384430943729993
109520,2.432223334954714
109521,2.4362011594201562
109522,2.4693860164403953
109523,2.4279630495290987
109524,2.3904712785591076
109525,2.401003943026549
109526,2.4339824132887236
109527,2.4453765237767024
109528,2.4061073801027355
109529,2.4039070734600747
109530,2.4713505506444675
109531,2.4309532810211727
109532,2.455938659799129
109533,2.422890524457912
109534,2.4206128250356067
109535,2.404044015397462
109536,2.426538008740496
109537,2.4097066782093757
109538,2.4123690506241595
109539,2.4449173308770678
109540,2.4382963031284954
109541,2.3991780742069397
109542,2.3773061963465114
109543,2.350314906878997
109544,2.4304652811377254
109545,2.4458514002160396
109546,2.4624346432544844
109547,2.4585124423999876
109548,2.4186671255280623
109549,2.4736791465400083
109550,2.3462424820692744
109551,2.452326172848019
109552,2.4378365251622856
109553,2.4771162642391906
109554,2.4350653164882994
109555,2.4658298550572706
109556,2.4534409831796395
109557,2.4333438378058134
109558,2.433690763511781
109559,2.500486868552414
109560,2.4386140828167227
109561,2.45712873957619
109562,2.503717695191193
109563,2.4476974125470217
109564,2.376027502445063
109565,2.423695863539413
109566,2.4075055410642108
109567,2.386942120206367
109568,2.4737910760696518
109569,2.4475457961180767
109570,2.4397337525110294
109571,2.465404846327863
109572,2.4186316194579427
109573,2.445082660082244
109574,2.432139922162892
109575,2.4298822972944802
109576,2.445682572992929
109577,2.46757764754629
109578,2.480756953700109
109579,2.4423232607704697
109580,2.4196352106705694
109581,2.48399907995095
109582,2.4403057224678766
109583,2.428622599263828
109584,2.4880341915368143
109585,2.4614740893621887
109586,2.4218766203246123
109587,2.4748795108945165
109588,2.4132615170919935
109589,2.483131603125995
109590,2.443489922356357
109591,2.494726682855114
109592,2.44897734448312
109593,2.473780658819577
109594,2.4703360322840435
109595,2.4108003949105057
109596,2.4285390917363627
109597,2.48728117444586
109598,2.468386448484175
109599,2.4835975965870354
109600,2.445638816564521
109601,2.482905116361683
109602,2.4590169654126317
109603,2.4569899436488294
109604,2.468514122304829
109605,2.461764630506474
109606,2.5055799286993974
109607,2.4278931396413177
109608,2.4786446870908825
109609,2.4750338695749368
109610,2.4769873408171
109611,2.4851352322322398
109612,2.4205085085999984
109613,2.4470203689687913
109614,2.4038787448159704
109615,2.4158651161250675
109616,2.4527188101397703
109617,2.4485550828259446
109618,2.4192196769501795
109619,2.469464103559413
109620,2.4221970333069445
109621,2.4193197755708744
109622,2.46589855941217
109623,2.4095507406541614
109624,2.441020669185626
109625,2.470649001267832
109626,2.4231550147985037
109627,2.454652041401797
109628,2.4862283949952437
109629,2.467606239861386
109630,2.429560383886284
109631,2.4499340163845735
109632,2.528675105049109
109633,2.4530908021503883
109634,2.464291867803052
109635,2.468338616007139
109636,2.4135669491451237
109637,2.4491734804637946
109638,2.4594321178434746
109639,2.468443999695284
109640,2.417692485037317
109641,2.4938231611105444
109642,2.5095607471443233
109643,2.493691258048525
109644,2.4446798338670894
109645,2.473349202261864
109646,2.463808147109663
109647,2.4471916281475936
109648,2.4846851839209347
109649,2.4738940013764634
109650,2.4954564670655177
109651,2.5086024640672617
109652,2.4607984592636454
109653,2.464854665037721
109654,2.445041062635355
109655,2.5125321203143938
109656,2.4782729026368098
109657,2.446964450623061
109658,2.487511941866018
109659,2.5021253057866595
109660,2.4605675229177613
109661,2.498545379704076
109662,2.4779052576008627
109663,2.5051492561409385
109664,2.422601768665933
109665,2.4645658573382097
109666,2.4841844368572312
109667,2.4486774243373977
109668,2.5141332687813125
109669,2.4349308472415085
109670,2.4440069907385307
109671,2.4116721457243444
109672,2.4656919780898297
109673,2.442931525603628
109674,2.4504691400594503
109675,2.541416055014118
109676,2.485857198488596
109677,2.4716800333471753
109678,2.5425321117916613
109679,2.480742357280337
109680,2.464500944473669
109681,2.4770147747791462
109682,2.495472515434203
109683,2.4872853213891073
109684,2.4757264838863984
109685,2.4218326155987464
109686,2.4386356024602263
109687,2.510169057266695
109688,2.4493634501129766
109689,2.475085393336626
109690,2.4711555697374785
109691,2.4472928779427936
109692,2.5106637517121864
109693,2.4853137600090185
109694,2.4784921571885
109695,2.4782412684442976
109696,2.445428788611102
109697,2.448602695561537
109698,2.422970765985857
109699,2.4895156584547964
109700,2.484197797029723
109701,2.4037252692862636
109702,2.418966365551821
109703,2.4787227684331956
109704,2.5198769767926996
109705,2.448336904136158
109706,2.4855070071705
109707,2.415566048382798
109708,2.5324508402726247
109709,2.472728866538647
109710,2.5524582859191303
109711,2.440885679845313
109712,2.5288769574042496
109713,2.47531573335575
109714,2.514514528633292
109715,2.5372426958571275
109716,2.5265861178357603
109717,2.5360347631567257
109718,2.4926064519755506
109719,2.5007642339615264
109720,2.4859658516516445
109721,2.439484454232305
109722,2.4720835866538255
109723,2.481266311496586
109724,2.4354959375554537
109725,2.4406566394620106
109726,2.4338575230501487
109727,2.441772307965904
109728,2.5123235672720208
109729,2.5142903245437305
109730,2.471882716774304
109731,2.55161827165402
109732,2.470077080901369
109733,2.5200687326870708
109734,2.50936174857272
109735,2.514796005834048
109736,2.5082360038655587
109737,2.489361857815526
109738,2.4349969061268633
109739,2.4842125003767044
109740,2.475145154105493
109741,2.4458908725047572
109742,2.469469804893737
109743,2.432660415288917
109744,2.4171184428596106
109745,2.510082117005793
109746,2.5022142986093505
109747,2.5039690628033116
109748,2.5130171697787618
109749,2.4840142675635053
109750,2.443960282814575
109751,2.4680724586962732
109752,2.463451085282305
109753,2.4514823843858644
109754,2.4721364694284125
109755,2.4921857269251224
109756,2.461218144538663
109757,2.447933651530645
109758,2.492436018956527
109759,2.513653551667949
109760,2.5024048401479995
109761,2.512015776024285
109762,2.489535787419019
109763,2.4562076967894826
109764,2.4921357353755664
109765,2.527856540814807
109766,2.50650747707842
109767,2.5377814931870026
109768,2.4891793995504985
109769,2.4578651588214258
109770,2.468886707688438
109771,2.4689836126245286
109772,2.4680453508930613
109773,2.4361682226249655
109774,2.4836648370756325
109775,2.517741188321439
109776,2.497384763448277
109777,2.484619969807632
109778,2.5104164947532803
109779,2.5351360020371754
109780,2.463469122479551
109781,2.5142716157470635
109782,2.473262853927867
109783,2.4581767662025826
109784,2.491481028328269
109785,2.45593582033075
109786,2.4630931264607874
109787,2.467081547223434
109788,2.4843048161413623
109789,2.4974201024544387
109790,2.436897617501693
109791,2.5051980567196934
109792,2.47116675054448
109793,2.5004601474462667
109794,2.5397411130220116
109795,2.421690568482458
109796,2.4927019065666065
109797,2.476667579080419
109798,2.452733910134542
109799,2.4699710758075675
109800,2.478633872198254
109801,2.486171968417392
109802,2.5257365415773916
109803,2.473426926938478
109804,2.43561047608643
109805,2.5068990549487404
109806,2.4286480252534743
109807,2.4740007233373356
109808,2.46920942684367
109809,2.4427105010021664
109810,2.508406080267266
109811,2.4308227738816344
109812,2.483808887208951
109813,2.53692824500865
109814,2.492092262140508
109815,2.5158859471830795
109816,2.5711185660001536
109817,2.483684129829614
109818,2.4518395823341352
109819,2.4802806051576645
109820,2.501338236164312
109821,2.4636799361733024
109822,2.5243912112085547
109823,2.4347675813042295
109824,2.5363510694355065
109825,2.48697754050696
109826,2.5495501697846104
109827,2.49364200780574
109828,2.5465954700306894
109829,2.5140716943902968
109830,2.4752018612168163
109831,2.50464427139208
109832,2.4725889981787033
109833,2.484162257672079
109834,2.5045546347419525
109835,2.474495106067409
109836,2.434873910707277
109837,2.4645138386670773
109838,2.467542789147261
109839,2.469498804120357
109840,2.5419701686936564
109841,2.4104311921059693
109842,2.504412816576607
109843,2.4860813465536213
109844,2.482372399207071
109845,2.470350380719318
109846,2.504499525529667
109847,2.5135303526809056
109848,2.474948380596591
109849,2.479304007169631
109850,2.519917864203393
109851,2.477413377048328
109852,2.5117462716270254
109853,2.474518785529498
109854,2.4824739140289713
109855,2.4756625724342403
109856,2.4232849085135757
109857,2.517773079268015
109858,2.4591048062600103
109859,2.5407306258418605
109860,2.5044639043545693
109861,2.4952083166145513
109862,2.5479743249090316
109863,2.4848350487531037
109864,2.5091921201098843
109865,2.4871360619445113
109866,2.4723284182618426
109867,2.4979046570699905
109868,2.4330641490176905
109869,2.4967709999011616
109870,2.479715131230221
109871,2.499004823833906
109872,2.4830015145520536
109873,2.460176848654149
109874,2.462438301810449
109875,2.4984617363433017
109876,2.491344271984018
109877,2.549166945108445
109878,2.5120775862288474
109879,2.475433560620973
109880,2.4813938870872447
109881,2.485019958963939
109882,2.570510111703679
109883,2.5193191210692247
109884,2.451751901401247
109885,2.4325475673578234
109886,2.5376670209089673
109887,2.5123439088793083
109888,2.5214703490670063
109889,2.4949072617375543
109890,2.5409627787956706
109891,2.4721559837961418
109892,2.49207190472844
109893,2.538610725955333
109894,2.535725568908813
109895,2.501245150801104
109896,2.468531667022275
109897,2.5410124322237184
109898,2.4614765588723024
109899,2.506115770313159
109900,2.489105669806105
109901,2.5029251331134863
109902,2.52685112948794
109903,2.50367341765711
109904,2.4909660237352997
109905,2.4648834413347886
109906,2.517343722774516
109907,2.5484576732680404
109908,2.4797155074939377
109909,2.5196141169226816
109910,2.4566380319435996
109911,2.498617603021998
109912,2.472346163688171
109913,2.483758480372462
109914,2.5154477873724232
109915,2.485918499161056
109916,2.484732513465199
109917,2.486480277967426
109918,2.4323791722100325
109919,2.4723619330792257
109920,2.481872009137852
109921,2.478020504738954
109922,2.4562953369454754
109923,2.5280465467014324
109924,2.423164711591345
109925,2.5122017266698875
109926,2.487299510267743
109927,2.4552823075174794
109928,2.4650090128170365
109929,2.525916301886619
109930,2.4708810127650747
109931,2.4424022660163223
109932,2.4944264309932334
109933,2.5024857739865993
109934,2.486652355192527
109935,2.4901401134574956
109936,2.4969549051920183
109937,2.5146455264702547
109938,2.5517179671625105
109939,2.494756319023616
109940,2.5181219954838663
109941,2.529889093988649
109942,2.4919837909205667
109943,2.47655723402702
109944,2.5315586886826087
109945,2.4662117202359766
109946,2.467379894007044
109947,2.5112297069215055
109948,2.501275110849215
109949,2.5403139340365772
109950,2.4620836315120838
109951,2.499786860861977
109952,2.508180469959972
109953,2.5466941027335213
109954,2.518454296275645
109955,2.4973354359441027
109956,2.493595097054212
109957,2.497971170752595
109958,2.495116718944153
109959,2.489778754744501
109960,2.4852941250069795
109961,2.547884567854212
109962,2.5124712665753517
109963,2.499516070547601
109964,2.4856280221238376
109965,2.5049950686123212
109966,2.514959243022202
109967,2.5124264035814834
109968,2.481081414981164
109969,2.538094378922192
109970,2.506749955205009
109971,2.469501436702967
109972,2.4726009223576937
109973,2.4905501541615904
109974,2.501703405519194
109975,2.5134670968059765
109976,2.4336997940578224
109977,2.5046495755811127
109978,2.5299967450532055
109979,2.4853249920423437
109980,2.54319029185436
109981,2.5018385654701105
109982,2.4944230379600834
109983,2.535950358520386
109984,2.4612335578991362
109985,2.5526550300269717
109986,2.463103767686914
109987,2.601939416280729
109988,2.5392767115659094
109989,2.4634623762339483
109990,2.5051754838025926
109991,2.50568640738517
109992,2.515717104045249
109993,2.488748194039722
109994,2.476872834169118
109995,2.5103835843913815
109996,2.517837410781872
109997,2.450262183407021
109998,2.5217680878994244
109999,2.4580946337126783
110000,2.4892168911473678
110001,2.4259050519078658
110002,2.465226412831144
110003,2.5126773580035944
110004,2.4852360406840295
110005,2.5374761499209306
110006,2.5265929818638533
110007,2.519996637857644
110008,2.5095908822293356
110009,2.5160786576897056
110010,2.5534630020926388
110011,2.4758211121587252
110012,2.4470684688324322
110013,2.479140901732239
110014,2.4958107439723305
110015,2.4899180990829572
110016,2.5574632054919433
110017,2.5034302295150366
110018,2.458207849108158
110019,2.4904266460055764
110020,2.504279887634805
110021,2.5089957844024138
110022,2.468121669905798
110023,2.4519140678556783
110024,2.47150221131575
110025,2.471714561063214
110026,2.541455816070896
110027,2.4863052708506475
110028,2.4780941154969724
110029,2.468830246006981
110030,2.443277452851223
110031,2.5343261632037093
110032,2.488893356217526
110033,2.531423258225479
110034,2.4703106204116745
110035,2.5072206583538064
110036,2.469485899606403
110037,2.507780957954029
110038,2.5143898286500974
110039,2.4672865436298865
110040,2.5136398000417377
110041,2.509088966979076
110042,2.5070011148989493
110043,2.545771971085139
110044,2.4565273850579965
110045,2.5501905926455377
110046,2.466187268435146
110047,2.505951606687421
110048,2.5683223863645814
110049,2.4882172365098767
110050,2.4016941759656185
110051,2.477796923954636
110052,2.511494895503105
110053,2.4768141483193467
110054,2.5426689291879083
110055,2.4890809666474083
110056,2.530746678844445
110057,2.5129019432538784
110058,2.523524668144263
110059,2.4845008686297008
110060,2.5575728079464635
110061,2.5155167654297403
110062,2.5069043504832136
110063,2.495100534498716
110064,2.492701074513078
110065,2.4919447147188976
110066,2.4954193442157595
110067,2.5483981963785474
110068,2.538884699036077
110069,2.4940207090054276
110070,2.5030050398889547
110071,2.449253536709754
110072,2.483662499991284
110073,2.529024795562774
110074,2.4802673831228605
110075,2.493159733473875
110076,2.511255809148247
110077,2.523134457422608
110078,2.519857022296712
110079,2.4763513679914557
110080,2.408825016939707
110081,2.4993325307483585
110082,2.473864236851473
110083,2.4771455898721766
110084,2.455523537196771
110085,2.5192342188731676
110086,2.537048391609167
110087,2.5119811559422818
110088,2.5311171437903544
110089,2.46274204304747
110090,2.4965552014460624
110091,2.571495665079143
110092,2.510542688201916
110093,2.4702245966442073
110094,2.536343115363788
110095,2.4950838819584646
110096,2.5371570019793186
110097,2.517533841661579
110098,2.542669134891793
110099,2.476666622149752
110100,2.522197809190608
110101,2.4565846540760563
110102,2.4708854175284385
110103,2.5170908353153068
110104,2.5096649198831105
110105,2.5091388251274447
110106,2.4899478701276427
110107,2.547961933648156
110108,2.495550950845659
110109,2.4802549020728373
110110,2.493651815620776
110111,2.4839286708497865
110112,2.539816904448288
110113,2.4842100613907863
110114,2.504134969949987
110115,2.5085930362326794
110116,2.507995277864134
110117,2.5521807314354645
110118,2.452073652837561
110119,2.490110657915071
110120,2.508824525363592
110121,2.4803332854347984
110122,2.504004923482446
110123,2.4652973915653495
110124,2.4911863354381074
110125,2.4862580960952694
110126,2.4805511435394627
110127,2.5267297104877873
110128,2.508615174806388
110129,2.4804552446518753
110130,2.526340293363068
110131,2.5170872043141523
110132,2.5088858685455366
110133,2.4976365149892406
110134,2.449581886918262
110135,2.497009867581713
110136,2.48795425224168
110137,2.531178590758822
110138,2.527683112769313
110139,2.4588891007936313
110140,2.4596701702428163
110141,2.5208037865329316
110142,2.5025359901828574
110143,2.4556546252166154
110144,2.499750649884135
110145,2.515908275781951
110146,2.466050007314089
110147,2.4963195611500093
110148,2.5204658404299174
110149,2.4293143504357957
110150,2.479478655774616
110151,2.5211637342037263
110152,2.481458811930983
110153,2.484814258684267
110154,2.463746457144623
110155,2.5085921357798426
110156,2.497842072939997
110157,2.488003237641309
110158,2.4401316137579614
110159,2.4318398643912684
110160,2.4896646419732913
110161,2.495208678318208
110162,2.516602870064272
110163,2.4694179259592164
110164,2.537035541400334
110165,2.484099219929904
110166,2.41381342466558
110167,2.5808957735503957
110168,2.4439184399152363
110169,2.4381366835917766
110170,2.528803188985314
110171,2.5614385934834707
110172,2.460924120623073
110173,2.4668555020088543
110174,2.5054012839000475
110175,2.4715964074271586
110176,2.5022983469548326
110177,2.46368888366455
110178,2.5085335190173828
110179,2.4686666828210084
110180,2.5238787786899297
110181,2.503016897418679
110182,2.527683442691603
110183,2.4837406448416885
110184,2.452899128080442
110185,2.5064501184830625
110186,2.4823577581897385
110187,2.478739182083579
110188,2.4114714795033994
110189,2.5299566057670515
110190,2.499777824963297
110191,2.4120050873259298
110192,2.490907684704613
110193,2.4846784076360353
110194,2.475922106540562
110195,2.459809680049317
110196,2.5074453964079484
110197,2.515106419384042
110198,2.5453391035920965
110199,2.491374561454985
110200,2.4726163809987143
110201,2.467724210571439
110202,2.4485545141858047
110203,2.478071870669212
110204,2.5564876670945704
110205,2.540009415556088
110206,2.480653281443996
110207,2.4657997853870746
110208,2.53711562097729
110209,2.477363693473061
110210,2.4887346071759864
110211,2.5158193471711923
110212,2.501702006621382
110213,2.450562741583658
110214,2.472987310598525
110215,2.473310193532309
110216,2.4616743257368854
110217,2.467414687295977
110218,2.4516078554774805
110219,2.4812619681348838
110220,2.4856140511747586
110221,2.485465626900754
110222,2.52439338090835
110223,2.4736882963984494
110224,2.4801187713083648
110225,2.4770735147041374
110226,2.5479694740042755
110227,2.5005023480798534
110228,2.4515127236168253
110229,2.4974116409588607
110230,2.4739343752267366
110231,2.5050112768512918
110232,2.4579769041811868
110233,2.4775312118014767
110234,2.489210228205516
110235,2.491236367112503
110236,2.3822008658972877
110237,2.4537800092956137
110238,2.4961373542463123
110239,2.4867409135827043
110240,2.483877980553449
110241,2.4847504751664835
110242,2.464974787541478
110243,2.518441789755454
110244,2.502120860747122
110245,2.4850886771575342
110246,2.5038141162678818
110247,2.49288222601106
110248,2.5113371979316232
110249,2.5070454853478665
110250,2.52858359323955
110251,2.4979416262506646
110252,2.4709565868618153
110253,2.471411737812495
110254,2.4753113994837284
110255,2.497724794909499
110256,2.455387948974945
110257,2.477366152842488
110258,2.5672873936371157
110259,2.4995694985455947
110260,2.50381073209744
110261,2.427267939142565
110262,2.502966362079255
110263,2.4429704900733453
110264,2.492326080315779
110265,2.4900850231254843
110266,2.476698218091481
110267,2.544712584378772
110268,2.484004760883
110269,2.487498353802752
110270,2.4909933867981318
110271,2.4931574283823457
110272,2.509826888402299
110273,2.508857769933123
110274,2.510824325606455
110275,2.474388310280363
110276,2.4431758097468608
110277,2.467405396375137
110278,2.487460836429378
110279,2.4993777207824137
110280,2.563141008868921
110281,2.4266566564130936
110282,2.46707081278402
110283,2.4646908012961486
110284,2.536069987227844
110285,2.5118030673545144
110286,2.48120055080346
110287,2.5172015870244375
110288,2.466143402351067
110289,2.479504775449641
110290,2.4887785501785977
110291,2.4692919149554577
110292,2.5281048128296555
110293,2.5175799081745973
110294,2.4810510870834817
110295,2.4541065082806424
110296,2.4891218522041303
110297,2.5347145784299103
110298,2.503977173784152
110299,2.510525324864845
110300,2.461429585377083
110301,2.4960410531705395
110302,2.5081411735252424
110303,2.5024450642042737
110304,2.4476381154592675
110305,2.4867346802380275
110306,2.5029747016337103
110307,2.4885815917272187
110308,2.478077155635942
110309,2.5197210911753736
110310,2.4506978823200636
110311,2.529511832780549
110312,2.5108204002594747
110313,2.5016610199998546
110314,2.539557985102872
110315,2.476710432610254
110316,2.527643296193909
110317,2.4578745510743
110318,2.4715019140438796
110319,2.477114545710533
110320,2.4835556896616016
110321,2.4737229666470335
110322,2.454857470858798
110323,2.474484549082136
110324,2.4785719009730443
110325,2.5029897002639583
110326,2.526950452858127
110327,2.444975023972792
110328,2.4808312289289973
110329,2.469820342314813
110330,2.528436818797931
110331,2.524236873789885
110332,2.535997894448251
110333,2.484146476879826
110334,2.4641327324807047
110335,2.5226010542053103
110336,2.4315070186888343
110337,2.4686904932637534
110338,2.4678844530300528
110339,2.5228480039975207
110340,2.5486842266132594
110341,2.5193204994935643
110342,2.5370032046880873
110343,2.5249610717798703
110344,2.4422291766262556
110345,2.4777705972978645
110346,2.5358570906272435
110347,2.4940086492303686
110348,2.5547227186258215
110349,2.4343668378139456
110350,2.4825626967412098
110351,2.5480564772429695
110352,2.4605343202392564
110353,2.521989482297797
110354,2.5589582182921413
110355,2.493787492643582
110356,2.481251668352522
110357,2.4699854979956632
110358,2.4799776422644992
110359,2.4745897721799333
110360,2.4842417553129956
110361,2.5669176873757564
110362,2.4798518606220483
110363,2.5176289615414382
110364,2.505305820361791
110365,2.51417348124937
110366,2.4924172554327186
110367,2.5542585532816613
110368,2.5255068310383484
110369,2.5042805560310444
110370,2.5318275571638367
110371,2.474729380683606
110372,2.507330416685525
110373,2.5115494825375415
110374,2.5003167447504797
110375,2.497997121712918
110376,2.5169511667175275
110377,2.5155129256414597
110378,2.4877263548505426
110379,2.5265712285988604
110380,2.4830725834605496
110381,2.5097273797528388
110382,2.558679472234549
110383,2.529010870349835
110384,2.51760894254524
110385,2.5119954291940356
110386,2.453931103432734
110387,2.4631231783356
110388,2.4604632797304284
110389,2.4531233821659963
110390,2.5001065610050013
110391,2.510780355688273
110392,2.481121288874167
110393,2.5187441812834965
110394,2.4358624965562377
110395,2.4598123742846063
110396,2.5357657338161386
110397,2.505210306341893
110398,2.477805419932983
110399,2.437105764176814
110400,2.5162659146888187
110401,2.494752326332615
110402,2.4607932145292235
110403,2.462555184370232
110404,2.4469628093744724
110405,2.451567487475928
110406,2.4789769882739163
110407,2.5301793438874385
110408,2.4822491795486368
110409,2.4600100901446846
110410,2.447046293710734
110411,2.50252047160305
110412,2.536434514797694
110413,2.5763287556467893
110414,2.4704416002351737
110415,2.4811777505375057
110416,2.493930109248431
110417,2.5036424366348395
110418,2.423743704161438
110419,2.456486718086912
110420,2.4715461007374815
110421,2.5198438660433435
110422,2.453501784488937
110423,2.4643644955107704
110424,2.5519247216748884
110425,2.4988428295088387
110426,2.528668450428094
110427,2.4777657712353003
110428,2.510010550671197
110429,2.5078940201597115
110430,2.507915576083304
110431,2.5071407207463823
110432,2.4457708332294033
110433,2.4296717893923643
110434,2.5106380606068894
110435,2.469932518246031
110436,2.517673566282374
110437,2.5343570128113755
110438,2.4978417138395277
110439,2.486453990351433
110440,2.4711196376090547
110441,2.5048845821484162
110442,2.4807662474619647
110443,2.47795023482646
110444,2.5167357777896777
110445,2.5462712932014226
110446,2.5114040427460753
110447,2.4620402187058117
110448,2.4879973757745386
110449,2.442059069322132
110450,2.4620162627243474
110451,2.4979099672917906
110452,2.50360812400027
110453,2.468683348988349
110454,2.4800913442985775
110455,2.515792685308827
110456,2.4566369006145927
110457,2.506902551474677
110458,2.528614410394655
110459,2.4341748954567453
110460,2.493336207215032
110461,2.469617491753235
110462,2.492681454362482
110463,2.496925914297381
110464,2.525321971149479
110465,2.4334406772569994
110466,2.4708220837953516
110467,2.4860128518924554
110468,2.4382181176462603
110469,2.522362284650262
110470,2.4458463254001277
110471,2.5019509078919016
110472,2.5241325341152048
110473,2.5097377024921332
110474,2.474252475614142
110475,2.4905760173262967
110476,2.4655333097461978
110477,2.516857661796412
110478,2.474112881630264
110479,2.466008820016815
110480,2.4736616852465283
110481,2.4056382132813385
110482,2.512397007459227
110483,2.48338457560481
110484,2.513791482485242
110485,2.488365340126474
110486,2.429767264143099
110487,2.461281625714943
110488,2.4279392113300684
110489,2.45470731006243
110490,2.492245846732036
110491,2.458392906646355
110492,2.464169826497916
110493,2.4290895761743725
110494,2.4746884516153993
110495,2.466418115893273
110496,2.477347849071087
110497,2.4930719325252433
110498,2.49791121667441
110499,2.4603818580649275
110500,2.4987252433678644
110501,2.4845287366352795
110502,2.470350173051093
110503,2.426160783503694
110504,2.4629707455363667
110505,2.42483854735986
110506,2.433330886910486
110507,2.523269461856264
110508,2.5199505782146763
110509,2.4884177109562287
110510,2.498703725899259
110511,2.488293462339827
110512,2.5012330846719713
110513,2.4972514965661143
110514,2.495067575901756
110515,2.4517496230645976
110516,2.464880185778135
110517,2.475684173887739
110518,2.4773798541541883
110519,2.515762118571874
110520,2.5149778522613593
110521,2.4459659869590626
110522,2.4582180822108843
110523,2.4772866864456526
110524,2.508494269781322
110525,2.489530918891849
110526,2.4530275136548685
110527,2.503296630931405
110528,2.471258022228944
110529,2.462677055216499
110530,2.518411667273018
110531,2.483279935663906
110532,2.555086833651839
110533,2.4610703897275767
110534,2.4560694507994776
110535,2.480756048356598
110536,2.5172704196621796
110537,2.4952281434079118
110538,2.4936230708842557
110539,2.4515708585829956
110540,2.5025366466972456
110541,2.4594689755503567
110542,2.4867505654049378
110543,2.452640467206116
110544,2.4936386583472054
110545,2.551823078122121
110546,2.4715893156416264
110547,2.4610958325327155
110548,2.4710129764633537
110549,2.456382924232021
110550,2.496835545487465
110551,2.5137143878468824
110552,2.484457796024315
110553,2.483558368583521
110554,2.431886016975042
110555,2.4285536785866513
110556,2.4999164283822015
110557,2.486716233663243
110558,2.484840997379982
110559,2.458252624264352
110560,2.455276304734431
110561,2.4654180445031133
110562,2.4882597012973076
110563,2.500879120583408
110564,2.491227061441588
110565,2.4856702290825026
110566,2.441620433981397
110567,2.5225270097364474
110568,2.4943924579908123
110569,2.5129466676695262
110570,2.4586884964601676
110571,2.4876506727297922
110572,2.472615554245018
110573,2.486629265827555
110574,2.52680767982733
110575,2.5037559483818677
110576,2.4403826572417047
110577,2.440171758568634
110578,2.486567427470848
110579,2.5014119063956737
110580,2.500144907535564
110581,2.4490385947554616
110582,2.5039639919428693
110583,2.44322141215386
110584,2.500705916322884
110585,2.494722355632724
110586,2.476550123705831
110587,2.4748728921332352
110588,2.4907335285594447
110589,2.5421266364015995
110590,2.466394176679059
110591,2.4680065992228957
110592,2.4739481867500324
110593,2.519244373539901
110594,2.4795053298500056
110595,2.5043892889113275
110596,2.4746593331869677
110597,2.480964798142597
110598,2.478198810162381
110599,2.444108992975475
110600,2.468703790244168
110601,2.495649135830231
110602,2.489987105997127
110603,2.5009921681932497
110604,2.460224816743235
110605,2.4548293292848142
110606,2.503932500902192
110607,2.492941240667575
110608,2.5113836615762106
110609,2.516260452099993
110610,2.4910270187139885
110611,2.502675403510177
110612,2.4644247793242338
110613,2.470511980237914
110614,2.5052661592018994
110615,2.4674796264184247
110616,2.465107773341746
110617,2.4733000395319364
110618,2.5194686080207243
110619,2.44426527543419
110620,2.4997497498823535
110621,2.4111273385897194
110622,2.5045649362992006
110623,2.505656091365998
110624,2.502881528275449
110625,2.453844496944643
110626,2.474933663807499
110627,2.4435110923597096
110628,2.4746125237830863
110629,2.5229494483679553
110630,2.4475784302594437
110631,2.4612675610409145
110632,2.456460777925929
110633,2.5176054146257205
110634,2.5126136281743174
110635,2.5078917938981387
110636,2.5176907401918487
110637,2.5488294798033793
110638,2.452504164215872
110639,2.487962830806746
110640,2.515045462477483
110641,2.4427630666684155
110642,2.506825758670564
110643,2.4358582713838985
110644,2.466548377987272
110645,2.483051957163872
110646,2.5304249808890056
110647,2.4908107011501976
110648,2.4878385845462443
110649,2.4874869621087736
110650,2.48537934698471
110651,2.4737441733753576
110652,2.4491050385851456
110653,2.4819469524327595
110654,2.403543207574845
110655,2.450625202328885
110656,2.5230493684538584
110657,2.462843251973248
110658,2.504860451043317
110659,2.5137770534013013
110660,2.433583016937381
110661,2.4508081238792143
110662,2.46258778299929
110663,2.5044265621901167
110664,2.511222770956387
110665,2.5039553879492766
110666,2.4943995598310638
110667,2.488959709909436
110668,2.4686717574114776
110669,2.526877084480833
110670,2.4821885045752303
110671,2.51425117992079
110672,2.4580418238424953
110673,2.5088438340382675
110674,2.4421859704472992
110675,2.493901948504181
110676,2.504693925465043
110677,2.4870126837343256
110678,2.5119909042469235
110679,2.5404320190495513
110680,2.471754779026161
110681,2.4877571663665843
110682,2.467726180947078
110683,2.504471888745714
110684,2.463646044142572
110685,2.4751722088902994
110686,2.4645483184964925
110687,2.471688808748859
110688,2.4811191543578124
110689,2.474153326206716
110690,2.494666685600032
110691,2.443945846666902
110692,2.4558949633107257
110693,2.5101581287066543
110694,2.4900269265269803
110695,2.486584410538583
110696,2.4663902956957644
110697,2.410099537337721
110698,2.572164580057408
110699,2.51238381982646
110700,2.4330488240832007
110701,2.446588256263063
110702,2.4751288843182415
110703,2.483485230248413
110704,2.491665998213353
110705,2.4589158242489626
110706,2.4453710427288304
110707,2.397652977850494
110708,2.437414847295586
110709,2.480901736785253
110710,2.4805500340116478
110711,2.503839482249835
110712,2.509656220504293
110713,2.517127124684396
110714,2.4669280772251416
110715,2.489030537639322
110716,2.4389466354321994
110717,2.489481095516804
110718,2.517482309582238
110719,2.5265656789599675
110720,2.4343281555594105
110721,2.5009255624899125
110722,2.460624332705852
110723,2.4133736088211073
110724,2.515763453622579
110725,2.47398813465339
110726,2.485776538866349
110727,2.377815520324364
110728,2.514610649641172
110729,2.4295923803657455
110730,2.4706983698573675
110731,2.477184458695704
110732,2.504264583179488
110733,2.517963082120541
110734,2.4748213931465233
110735,2.507602422431347
110736,2.493777042116577
110737,2.5054727374839083
110738,2.4766751887432252
110739,2.453483626783871
110740,2.454086987183948
110741,2.4358350160558158
110742,2.4825190518937985
110743,2.4758386919930477
110744,2.477732770584903
110745,2.4782320762336245
110746,2.475059672957512
110747,2.5425556636470588
110748,2.4717052982897716
110749,2.448838308708072
110750,2.4879426126221684
110751,2.52373084677507
110752,2.465134000211101
110753,2.457183693903708
110754,2.472496811590712
110755,2.513590144838046
110756,2.509761673310833
110757,2.479340791677819
110758,2.477862550609963
110759,2.4862112359278457
110760,2.4574926366157803
110761,2.4767166118401107
110762,2.4780517133969657
110763,2.4823235240247468
110764,2.4134582186883193
110765,2.419665202244313
110766,2.4189753261108633
110767,2.464952393857327
110768,2.4394644060484048
110769,2.4512118493703734
110770,2.518483050890145
110771,2.4820665754335485
110772,2.472842139476128
110773,2.5084900743118856
110774,2.425643817471972
110775,2.4502743065169215
110776,2.509527525790178
110777,2.464308828271095
110778,2.5095605102431566
110779,2.4241024381859466
110780,2.4342107847982106
110781,2.4602622540055545
110782,2.487750006073643
110783,2.473433175907043
110784,2.479483672115937
110785,2.50249193617736
110786,2.463944659936007
110787,2.419376767190338
110788,2.447128771738659
110789,2.446971991053147
110790,2.424010515400623
110791,2.443543546657497
110792,2.434676234331112
110793,2.4880846545628197
110794,2.501289555094007
110795,2.4670896781608245
110796,2.480451186372334
110797,2.4824293287939496
110798,2.461132699814395
110799,2.5144685495344454
110800,2.4402894457374273
110801,2.498703904944453
110802,2.4407080727840316
110803,2.4652760268627376
110804,2.457208341012811
110805,2.4636685131174247
110806,2.445508779468543
110807,2.486016394833597
110808,2.4843015502151466
110809,2.4634351751170427
110810,2.499071008257478
110811,2.4670495645744905
110812,2.5024689771168527
110813,2.475871058843172
110814,2.4575575878237594
110815,2.441119912397317
110816,2.5228087317355685
110817,2.4972672928967867
110818,2.41447331965666
110819,2.5009366097045835
110820,2.4755794416426444
110821,2.4563437805531265
110822,2.4731088224823172
110823,2.4742380747497372
110824,2.4821455152436025
110825,2.455286707302278
110826,2.4562810916852222
110827,2.463241324809514
110828,2.4715982523147675
110829,2.490460269976667
110830,2.4630261222680736
110831,2.469074777402562
110832,2.473293902614312
110833,2.4469301027526686
110834,2.5089143199070567
110835,2.4482142175778883
110836,2.4912259370795833
110837,2.4742463591543062
110838,2.424130088499317
110839,2.500745440441661
110840,2.5042681960992965
110841,2.4677739334539797
110842,2.4266931329299686
110843,2.4591630915200473
110844,2.4524085044102275
110845,2.469850381092235
110846,2.494076140133825
110847,2.432412698798542
110848,2.453605920178961
110849,2.4806055656628816
110850,2.4706492695434537
110851,2.422167160754969
110852,2.462724162139159
110853,2.4990323950786117
110854,2.4525772777720314
110855,2.468230887239705
110856,2.4869219188117815
110857,2.4726689761294396
110858,2.4816229389971234
110859,2.4546333253977872
110860,2.463740006023101
110861,2.4707204802691134
110862,2.49123498700979
110863,2.4896342213583704
110864,2.479920943578424
110865,2.4782687732907243
110866,2.490701080933472
110867,2.4441396081099556
110868,2.4801588947512716
110869,2.488796810593876
110870,2.4271916089324033
110871,2.458362686403532
110872,2.4784217255737033
110873,2.4917462263202093
110874,2.4811318709959123
110875,2.5125110747972004
110876,2.4740925065255133
110877,2.4355576243194315
110878,2.4776443241499058
110879,2.4816406895367185
110880,2.459171213842089
110881,2.4880700085089833
110882,2.4810281343545477
110883,2.492422414178795
110884,2.4605875872603633
110885,2.4433277879064965
110886,2.487633458453446
110887,2.5074800580950773
110888,2.465341509011029
110889,2.4684444667453254
110890,2.451619029474827
110891,2.474556422528114
110892,2.478961060259422
110893,2.438198356871957
110894,2.450898169654575
110895,2.4426808841347274
110896,2.5150939851138854
110897,2.458924693945557
110898,2.447390132907694
110899,2.5163158255152607
110900,2.4757330909167403
110901,2.4441355396387765
110902,2.401755752451788
110903,2.4848340090095915
110904,2.4824694612622062
110905,2.456757024044149
110906,2.4493019189506713
110907,2.4037108734872557
110908,2.532368779796654
110909,2.4793338578208752
110910,2.463801716633363
110911,2.533950212904092
110912,2.4164593613051286
110913,2.466589511895856
110914,2.5047088385543415
110915,2.4413742730964483
110916,2.533464209281075
110917,2.4372123877956127
110918,2.4244672660213924
110919,2.4617626843576756
110920,2.4088764944258543
110921,2.4751630527830315
110922,2.5139122969866228
110923,2.5133608608654994
110924,2.441223621012756
110925,2.469094745681816
110926,2.441171404966079
110927,2.5331002724017186
110928,2.4721125410095133
110929,2.424642340362236
110930,2.441625230017804
110931,2.467250107920781
110932,2.442503405345913
110933,2.4743534526540816
110934,2.4822950763985583
110935,2.4502213467543004
110936,2.430065192227598
110937,2.4079099425739177
110938,2.4764291819820525
110939,2.4117735441795807
110940,2.518368247438319
110941,2.4917049699872464
110942,2.4187497905064754
110943,2.441146436257096
110944,2.480222092907991
110945,2.465290353950271
110946,2.4185751587222515
110947,2.4690804177908223
110948,2.4427575920647406
110949,2.4598402084967326
110950,2.492535012630924
110951,2.449780480568288
110952,2.470562998941289
110953,2.529022090006289
110954,2.4815680346931686
110955,2.479786546833037
110956,2.4672199307533713
110957,2.4908454338636563
110958,2.5402616077917246
110959,2.4742751465301174
110960,2.47275615163067
110961,2.450660742302551
110962,2.5129347597126817
110963,2.4521824230197047
110964,2.4033202132997387
110965,2.4616659157023975
110966,2.525842377072611
110967,2.503649889674486
110968,2.486018570260185
110969,2.493304572228825
110970,2.5037658317168403
110971,2.492695945612357
110972,2.482172348056249
110973,2.46830087091148
110974,2.500064075610023
110975,2.4702414182678223
110976,2.542027029318742
110977,2.50965067039962
110978,2.5190291869873676
110979,2.4833088678991317
110980,2.483541849847108
110981,2.4737293131753426
110982,2.4357721658622364
110983,2.4829556618540973
110984,2.5136354763440067
110985,2.466312751686382
110986,2.392800359831379
110987,2.4787560236055195
110988,2.449487426731606
110989,2.4588586076507903
110990,2.449963824805865
110991,2.465554794569075
110992,2.4039490269370023
110993,2.45724003715126
110994,2.421779588848025
110995,2.4567232389258584
110996,2.472106965011233
110997,2.4646500318967015
110998,2.4380552329278973
110999,2.453317031280267
111000,2.417836130826938
111001,2.446419508876964
111002,2.5141956626281345
111003,2.420303148961537
111004,2.5152270869463225
111005,2.4603404403342894
111006,2.4619107801547937
111007,2.4489689462287645
111008,2.453400207926858
111009,2.467379053031578
111010,2.464296561131853
111011,2.466842644691513
111012,2.399304706397446
111013,2.4259894913917552
111014,2.441421907204078
111015,2.4897376035331287
111016,2.501397802224014
111017,2.4206136456540546
111018,2.4720465035114527
111019,2.4953292126456246
111020,2.4803940085857192
111021,2.5002352592171495
111022,2.443777376194066
111023,2.471719862778539
111024,2.4001352649585956
111025,2.453742998987126
111026,2.5070180876912374
111027,2.4420819100547257
111028,2.4694448985476587
111029,2.418755770487459
111030,2.4839692934450612
111031,2.4687638479570055
111032,2.4627589355556117
111033,2.4463091561418127
111034,2.487963426856282
111035,2.496349367511721
111036,2.444052501294161
111037,2.4704567283935526
111038,2.510885183704963
111039,2.4649071645825167
111040,2.437504249470217
111041,2.433963492518518
111042,2.470268369139109
111043,2.457771637120885
111044,2.4633744472121863
111045,2.4094022144109606
111046,2.4538117676292637
111047,2.4810218812198346
111048,2.479618343239902
111049,2.4888441795703358
111050,2.470600298082312
111051,2.449599175047752
111052,2.489009659318694
111053,2.44969067680596
111054,2.462870649914053
111055,2.4866918861448433
111056,2.4665420643059295
111057,2.456193445673652
111058,2.445250946939993
111059,2.5046388959838444
111060,2.405686419191174
111061,2.4724866826526295
111062,2.4046120372673845
111063,2.400509958634618
111064,2.4320122740920675
111065,2.4751512259434687
111066,2.4949077673315556
111067,2.4875358365135702
111068,2.4326264566480837
111069,2.41954439385874
111070,2.4280598001592466
111071,2.4480772243238773
111072,2.4825949765385613
111073,2.5036770151127943
111074,2.4831096604473752
111075,2.462314555840768
111076,2.4373894973850465
111077,2.5039616568122285
111078,2.461200640587306
111079,2.41188244093422
111080,2.4496504258836556
111081,2.4879095631666455
111082,2.412089016110763
111083,2.455530357549104
111084,2.4343561889405585
111085,2.4717452281565206
111086,2.4666329658599047
111087,2.4823067645550383
111088,2.404005199586662
111089,2.4639746546060777
111090,2.430476126459667
111091,2.446507007530726
111092,2.4824659403149614
111093,2.4778874636015065
111094,2.4340441052104063
111095,2.446721599147401
111096,2.51822899947946
111097,2.4840598269027945
111098,2.451162983671018
111099,2.4925525615317716
111100,2.467165606538929
111101,2.437248008977957
111102,2.4263339282622614
111103,2.449511984208215
111104,2.503257735605058
111105,2.4598388746765742
111106,2.4514524124664527
111107,2.478224553844962
111108,2.4825471990254897
111109,2.414113827206761
111110,2.445197350557339
111111,2.4645046670081863
111112,2.423359742738728
111113,2.466665086572884
111114,2.4961355318615275
111115,2.49865667939039
111116,2.4708108943840736
111117,2.468490498739233
111118,2.4958242017120726
111119,2.4588943975952953
111120,2.476543194895139
111121,2.4813577803914093
111122,2.4855737952736896
111123,2.479090702218551
111124,2.4469686983199304
111125,2.456679158702951
111126,2.4956310042626195
111127,2.4259186261378605
111128,2.4863108684500452
111129,2.455846850248002
111130,2.505454177165833
111131,2.4674896130344743
111132,2.4516786142001843
111133,2.5104940233024853
111134,2.4361480781541567
111135,2.464865312960746
111136,2.420235429435156
111137,2.4749890912453436
111138,2.4753788962305414
111139,2.463230411028665
111140,2.440803279976656
111141,2.478589463829406
111142,2.458665030571262
111143,2.409495682443967
111144,2.4586507261899495
111145,2.4804019752839737
111146,2.47451631527034
111147,2.5177424544926255
111148,2.448424048277496
111149,2.432330559505602
111150,2.46855143339834
111151,2.441236754685451
111152,2.4364143739895168
111153,2.405102971998407
111154,2.463472125604137
111155,2.451500146743806
111156,2.487212139978543
111157,2.4866860517826685
111158,2.50030549936789
111159,2.47884449608224
111160,2.4540229851416955
111161,2.4620341351340147
111162,2.419638614242161
111163,2.4482446692370026
111164,2.4840591869307285
111165,2.4726074500175734
111166,2.4647054164807725
111167,2.4509408385877514
111168,2.4261119715167636
111169,2.490093483399019
111170,2.462699544033616
111171,2.475412884003222
111172,2.4501661351910418
111173,2.437646741953794
111174,2.544829619005302
111175,2.468175068328685
111176,2.4817908462802247
111177,2.538006469678492
111178,2.471976395571925
111179,2.4161921704987486
111180,2.520936289030834
111181,2.4530686534148036
111182,2.4882807207303705
111183,2.490863274941544
111184,2.4600128042441054
111185,2.439831191557833
111186,2.4893395069970747
111187,2.442957363816833
111188,2.440934191076678
111189,2.4364511862876315
111190,2.4717244278555572
111191,2.4606501616974485
111192,2.4309579478991656
111193,2.474276367379529
111194,2.430810778995811
111195,2.474037042129385
111196,2.4642742847680537
111197,2.461029841378927
111198,2.5091238777996367
111199,2.4950219164406553
111200,2.4551115239857184
111201,2.481198265943481
111202,2.4736621115921666
111203,2.4973276926061727
111204,2.4434010778143365
111205,2.4961920702849008
111206,2.4897797606818384
111207,2.4700620812373133
111208,2.46871411051502
111209,2.447060179368505
111210,2.531413966113311
111211,2.490453313087993
111212,2.4154157665155904
111213,2.477155482908207
111214,2.483864799820141
111215,2.46996456205908
111216,2.41552326547332
111217,2.465379753247484
111218,2.428176358887779
111219,2.487570582288109
111220,2.4985160074085107
111221,2.443781700381084
111222,2.425106293952774
111223,2.4617331516422993
111224,2.446280343053652
111225,2.456222025725705
111226,2.4772096563525783
111227,2.4718444538558972
111228,2.4584637661996083
111229,2.5159548855748572
111230,2.4257342570082154
111231,2.4031110855064703
111232,2.4794026673212803
111233,2.4084451639202884
111234,2.4669332476434405
111235,2.413575217446969
111236,2.444761052922532
111237,2.521532031992274
111238,2.519822872626378
111239,2.505378697398228
111240,2.4181485698621987
111241,2.4664140608815392
111242,2.479483399364411
111243,2.4676048597189166
111244,2.4639650604582926
111245,2.401625429804216
111246,2.4243108007865883
111247,2.4637167545658136
111248,2.529876053798435
111249,2.498887555263548
111250,2.418573052294922
111251,2.4075593752240865
111252,2.4488169212956974
111253,2.461331876646707
111254,2.4357470355389657
111255,2.49627411038773
111256,2.479140275334464
111257,2.4764696675515134
111258,2.4492535035508305
111259,2.426686582834147
111260,2.493516541150123
111261,2.4678718581545445
111262,2.4586326625025903
111263,2.463810015833834
111264,2.515076667469656
111265,2.471993133790592
111266,2.42867379310638
111267,2.459407562265207
111268,2.4838098919498157
111269,2.4373882436171264
111270,2.4441049158126456
111271,2.436988973685906
111272,2.4591231240225118
111273,2.4702376394425904
111274,2.436218970702843
111275,2.4583521309052045
111276,2.445124936723627
111277,2.4976739656119835
111278,2.4731144713434916
111279,2.5098971058121484
111280,2.475903862979572
111281,2.4141436338207325
111282,2.4428148404431065
111283,2.362353909633082
111284,2.531537891823275
111285,2.4551508371878277
111286,2.4904661872035025
111287,2.4705317769963364
111288,2.478094176692625
111289,2.4345995543991985
111290,2.4299384899516507
111291,2.4487782546731616
111292,2.4886022817199747
111293,2.462883107317735
111294,2.4784793709523156
111295,2.472213446765095
111296,2.4645298176939354
111297,2.4704244556056842
111298,2.418800071722756
111299,2.472111139477639
111300,2.434841905003351
111301,2.4871052018594733
111302,2.4752667755963205
111303,2.48951567394131
111304,2.4736197733321896
111305,2.440399370287422
111306,2.476625464952546
111307,2.4275365713104615
111308,2.462061893160378
111309,2.4862562002455166
111310,2.465330366516311
111311,2.4753646697665395
111312,2.492779329856233
111313,2.450499825226703
111314,2.398687930881765
111315,2.4447482188331096
111316,2.4977990543676927
111317,2.469579330064773
111318,2.4543331867044578
111319,2.38104257002992
111320,2.459143013773319
111321,2.430762309747749
111322,2.4532051566837016
111323,2.48723497541983
111324,2.468217910425154
111325,2.486916663063978
111326,2.4735874981689063
111327,2.479347667600253
111328,2.4044721037568193
111329,2.461848822008779
111330,2.462146762490769
111331,2.5038645137410382
111332,2.3871506575653836
111333,2.4379213335874503
111334,2.477993722106064
111335,2.52186745272439
111336,2.4483698832212686
111337,2.4925306865295602
111338,2.453864936095519
111339,2.4590150463414338
111340,2.47231960751849
111341,2.5537754954227987
111342,2.422930025101411
111343,2.4665766847511796
111344,2.437484459610255
111345,2.4916094655151393
111346,2.44612916583413
111347,2.472857575340723
111348,2.434773192513379
111349,2.477232322862708
111350,2.4069790541523504
111351,2.4141583736305368
111352,2.4414675631456446
111353,2.4604593627210467
111354,2.4407962310554976
111355,2.433176217286089
111356,2.465798091335555
111357,2.4696303272918865
111358,2.4449565509843305
111359,2.4591011375824023
111360,2.4639559232613184
111361,2.418601299408674
111362,2.4867857112467866
111363,2.4570918584070696
111364,2.4762463842053486
111365,2.4752985196509507
111366,2.3852381991209333
111367,2.439464360680565
111368,2.4760787982264523
111369,2.4263950381614365
111370,2.5027971312667394
111371,2.458194500581467
111372,2.3932221438552683
111373,2.4192611561631474
111374,2.4065105705765295
111375,2.424832531571021
111376,2.435275867142541
111377,2.4759214945274746
111378,2.431197873331928
111379,2.4707483742027065
111380,2.429548729567634
111381,2.4035592862487882
111382,2.486692885246448
111383,2.4344939888338697
111384,2.490650400381913
111385,2.459492996844402
111386,2.490340586264001
111387,2.478251458941845
111388,2.4503841789320804
111389,2.443202253468945
111390,2.4277876469478477
111391,2.4353656989397305
111392,2.4322504454049185
111393,2.4655052586655803
111394,2.473012518896846
111395,2.4423209895059594
111396,2.465066643894595
111397,2.4172066529143152
111398,2.4527328236756736
111399,2.4789101954679933
111400,2.4357057005757916
111401,2.4321714417710028
111402,2.4754019636373967
111403,2.4438884404749657
111404,2.413578858056767
111405,2.443421203444821
111406,2.4547493409685828
111407,2.4200267791766414
111408,2.4728728607920343
111409,2.496902284094397
111410,2.4020389519308516
111411,2.426899607511968
111412,2.4243264733586707
111413,2.4433943083111727
111414,2.4489985736966156
111415,2.4683766013032695
111416,2.4106874717289446
111417,2.4474887118553124
111418,2.414240509375493
111419,2.4359061693921387
111420,2.4898829111164145
111421,2.432008490152107
111422,2.4605587780856375
111423,2.4554839524228735
111424,2.4628927173863846
111425,2.479935025712716
111426,2.429491156181287
111427,2.48117675633092
111428,2.4184448056789076
111429,2.4672317718589056
111430,2.460566415064137
111431,2.4473190327715706
111432,2.415088624393209
111433,2.4289587929066276
111434,2.405633318511204
111435,2.5090929243742526
111436,2.505944190660361
111437,2.4503737195040647
111438,2.4321078306741977
111439,2.431289748857271
111440,2.4074033595223834
111441,2.4639672565353776
111442,2.475379637753301
111443,2.459010788977773
111444,2.4795394472108643
111445,2.419547609772564
111446,2.4415213470721544
111447,2.4581133616881297
111448,2.4354749015506947
111449,2.465015151756236
111450,2.4585296129957124
111451,2.4900677221613625
111452,2.4562121176834006
111453,2.423437467791356
111454,2.48043652707654
111455,2.415372434587407
111456,2.4590588505024464
111457,2.435070094819001
111458,2.4691812091758125
111459,2.4474853990154575
111460,2.4931662707894824
111461,2.469143568028243
111462,2.438784541663551
111463,2.449450246869937
111464,2.44359783638808
111465,2.4909480409346116
111466,2.4140190921605305
111467,2.445472533433604
111468,2.4191415480062677
111469,2.40068526021108
111470,2.4413135466286278
111471,2.4189104723836317
111472,2.471161421726624
111473,2.4780513628056955
111474,2.4461286080219864
111475,2.484946169839044
111476,2.4240987296209293
111477,2.4099320800168336
111478,2.459260018239083
111479,2.441204705852227
111480,2.4418868714422697
111481,2.467833479001048
111482,2.477083851580439
111483,2.471605402744125
111484,2.381290068935052
111485,2.443658309218811
111486,2.4654047259220575
111487,2.462600068472083
111488,2.5050008297661166
111489,2.4342930733319768
111490,2.46419902800885
111491,2.4651607555678305
111492,2.384228960280989
111493,2.447828983828546
111494,2.4585888977999235
111495,2.4590031096282177
111496,2.3947900296073095
111497,2.508424009679497
111498,2.451878017131771
111499,2.5021348248849886
111500,2.467086075551023
111501,2.4257884122784334
111502,2.402761662274519
111503,2.4948550785933303
111504,2.448833122533346
111505,2.433229430188181
111506,2.4340028977215318
111507,2.5298688172153336
111508,2.4815394683906766
111509,2.503743336275034
111510,2.468260737704213
111511,2.475014963448665
111512,2.435214960230696
111513,2.4452685973290023
111514,2.445571329652196
111515,2.476312982511031
111516,2.4136556814025134
111517,2.4027725961709794
111518,2.443226532645648
111519,2.4417423953745407
111520,2.4278627690911145
111521,2.4496503800326233
111522,2.404368643769926
111523,2.4999178238686017
111524,2.4173524285315406
111525,2.5063532625235094
111526,2.456814809354466
111527,2.4555592778939928
111528,2.513023623546427
111529,2.4555081771406946
111530,2.4713671635788064
111531,2.476110213220807
111532,2.4092392533349427
111533,2.5182458851877283
111534,2.4456921662712414
111535,2.4803926892986543
111536,2.522615630648991
111537,2.444633378548122
111538,2.439533849602212
111539,2.4696782168464244
111540,2.446810235884651
111541,2.4300086758716275
111542,2.417097238492329
111543,2.4620231318327956
111544,2.402824786016413
111545,2.504423638797083
111546,2.455665724111416
111547,2.421731733396768
111548,2.44746269189316
111549,2.4490155406332286
111550,2.445609846274155
111551,2.4076157227784756
111552,2.431258146615682
111553,2.4586445374562125
111554,2.436754927849911
111555,2.4624491553841072
111556,2.429404573109633
111557,2.4081649892641215
111558,2.40809076825985
111559,2.457384642407283
111560,2.4680956949836896
111561,2.420535761703014
111562,2.4493217777392515
111563,2.4266655631402343
111564,2.4555205137547675
111565,2.465373092103778
111566,2.4195496362554487
111567,2.450183666520781
111568,2.429607048575186
111569,2.4020571940872277
111570,2.4962603222785047
111571,2.4849871350069344
111572,2.4596237014465094
111573,2.416591794838272
111574,2.4374197254685313
111575,2.464288271574256
111576,2.4245862085616463
111577,2.412028049530212
111578,2.4661029838837694
111579,2.46275378855915
111580,2.4619163674702276
111581,2.3902234242973184
111582,2.4922323080635373
111583,2.4497159769076458
111584,2.4549841664700693
111585,2.4581304442441727
111586,2.41920561603725
111587,2.4800895235447333
111588,2.4367699235066533
111589,2.411345492032896
111590,2.4186657236688855
111591,2.464751026991764
111592,2.4652945932503525
111593,2.3935078307499706
111594,2.4417353874356733
111595,2.4544702854230627
111596,2.4612025931426404
111597,2.478092051152916
111598,2.3902978790772447
111599,2.4335891837026895
111600,2.3806706666154662
111601,2.4195644787638195
111602,2.476375885816812
111603,2.48630387074179
111604,2.413421540679872
111605,2.481192666042214
111606,2.4243231871018365
111607,2.4699122281849495
111608,2.414997818226211
111609,2.4345619045476092
111610,2.440502534427054
111611,2.43241028521692
111612,2.4350606860269814
111613,2.412449476533308
111614,2.454202615986891
111615,2.493972302451279
111616,2.476786601238584
111617,2.443963269282912
111618,2.4338949100523264
111619,2.4808595493275236
111620,2.4671028679653317
111621,2.474457287891924
111622,2.461551004209752
111623,2.4339950330476157
111624,2.463048029443567
111625,2.5066752194810715
111626,2.438545542815206
111627,2.4713380776770144
111628,2.5148619386586923
111629,2.4706562588203855
111630,2.454819054968341
111631,2.485511096254021
111632,2.445777257196326
111633,2.3997614357865165
111634,2.447712623148234
111635,2.4583348667555294
111636,2.5010420939059688
111637,2.4816880135722545
111638,2.507536793442114
111639,2.459745429192221
111640,2.449780445088141
111641,2.461980871747321
111642,2.445850303565278
111643,2.4328664621102134
111644,2.418906682097969
111645,2.4310422791581723
111646,2.4490719664308256
111647,2.4477705104526706
111648,2.440082288750009
111649,2.437306922763016
111650,2.4485015574819595
111651,2.4228848899253954
111652,2.4142344710633035
111653,2.4382590934683925
111654,2.423023941091855
111655,2.4325477957115424
111656,2.4924606375980294
111657,2.4660265405245325
111658,2.430815343852904
111659,2.406273948004633
111660,2.4329446522950287
111661,2.4680712781567102
111662,2.4173616974605414
111663,2.4658590104386873
111664,2.4464640735201773
111665,2.5021844897816643
111666,2.4103912303191577
111667,2.4682278591230498
111668,2.4847127750237514
111669,2.4420760377896964
111670,2.4519866466108886
111671,2.458989560538541
111672,2.4664892483895082
111673,2.4768302480980084
111674,2.4308542480018764
111675,2.444333863671434
111676,2.493827558276439
111677,2.3796716454240823
111678,2.4623676057588044
111679,2.4833065858078465
111680,2.4003666604891185
111681,2.448499830758905
111682,2.4298716817989585
111683,2.462059237013384
111684,2.4507187011864775
111685,2.4649164609638907
111686,2.4454623798082933
111687,2.479366905744033
111688,2.4197646538971074
111689,2.3826255642498184
111690,2.455255841372005
111691,2.514471153410121
111692,2.5064756811688684
111693,2.4418416631136237
111694,2.4469482715220905
111695,2.4192593105487
111696,2.4171772450633133
111697,2.4330603219620324
111698,2.452306633982083
111699,2.4033959591309575
111700,2.444314002767207
111701,2.4339500203177526
111702,2.476791887404472
111703,2.4364946540018244
111704,2.4341604813219773
111705,2.415809471571223
111706,2.4772434595185664
111707,2.4037789636623623
111708,2.417657612761205
111709,2.4096853028327994
111710,2.3902864955508116
111711,2.460999253635976
111712,2.3915526460508003
111713,2.4274316059896193
111714,2.4274107560901554
111715,2.466736517471558
111716,2.478625702985414
111717,2.4847772485179243
111718,2.4132374121846443
111719,2.4745434096002126
111720,2.4380131825642293
111721,2.4297816723384877
111722,2.495274818939629
111723,2.3867556305899122
111724,2.4118688197943947
111725,2.4002204177073563
111726,2.4634111140354986
111727,2.480267068718504
111728,2.4839483396162194
111729,2.412747139681948
111730,2.4477499071353037
111731,2.4949038855785357
111732,2.4499348488558157
111733,2.438099370481289
111734,2.484632627487166
111735,2.4460832115927924
111736,2.4318177618514034
111737,2.41124169355101
111738,2.4102842086532936
111739,2.415617167420266
111740,2.4580237570963033
111741,2.4170902325057875
111742,2.453633981856604
111743,2.446849760360258
111744,2.445948473516443
111745,2.4326610672168854
111746,2.446514528419134
111747,2.3920535818987734
111748,2.4733141603445907
111749,2.4552355197227587
111750,2.4653296270919176
111751,2.429993083619845
111752,2.433547688467071
111753,2.4577409191027355
111754,2.3975803849806105
111755,2.440048345785523
111756,2.432522607166938
111757,2.4483158199200843
111758,2.4214127705266635
111759,2.4971462586046793
111760,2.406323050220214
111761,2.3557091361748643
111762,2.479118509876529
111763,2.408026822976803
111764,2.41703902049561
111765,2.4050500357574025
111766,2.449638513711286
111767,2.4525876770972155
111768,2.45128965955474
111769,2.4298762630958604
111770,2.4098630459992103
111771,2.447189070871121
111772,2.445440191358143
111773,2.399964061851973
111774,2.4863148820932572
111775,2.4451775599736365
111776,2.4200415312678114
111777,2.445366777195264
111778,2.3821363666547293
111779,2.454884229266863
111780,2.46132041698705
111781,2.437616946293191
111782,2.4450816136090117
111783,2.3756416445438995
111784,2.3951436475708214
111785,2.4752452397348916
111786,2.441573875740651
111787,2.490898150950934
111788,2.4832852320383023
111789,2.3951568652856454
111790,2.4673959253542868
111791,2.419909801778776
111792,2.480420502819703
111793,2.4582476540232263
111794,2.4616985772135362
111795,2.434189705601377
111796,2.4578415060607632
111797,2.469537899584445
111798,2.4518159727177937
111799,2.4373236022069826
111800,2.4912981717074834
111801,2.442410553874177
111802,2.4090566514953653
111803,2.4373942489224305
111804,2.4296690686005142
111805,2.465896023415194
111806,2.361020342999515
111807,2.4712918563283597
111808,2.434946069280976
111809,2.4372823166921624
111810,2.4193754111717967
111811,2.4361196161112915
111812,2.460312334699745
111813,2.3810756540822435
111814,2.3964651591254835
111815,2.3823215503927417
111816,2.4283249757216683
111817,2.431570637985724
111818,2.4618804672871084
111819,2.426471058886707
111820,2.466577079971619
111821,2.418103744773491
111822,2.4241355302476535
111823,2.427227735329788
111824,2.426575088784613
111825,2.4292464770493534
111826,2.496917392905975
111827,2.4219901360564084
111828,2.3544767463993157
111829,2.441184872485396
111830,2.436887653561226
111831,2.412023599805254
111832,2.423100601336383
111833,2.4805497784574735
111834,2.449123843443636
111835,2.461108866936754
111836,2.4080741731803754
111837,2.4471224121682207
111838,2.4651620928368563
111839,2.4223187292155925
111840,2.400211125344694
111841,2.478507991344096
111842,2.489743539687194
111843,2.4945810618563105
111844,2.4482875377126847
111845,2.4189639342483398
111846,2.419502814450937
111847,2.4759501855471893
111848,2.419940987773735
111849,2.4676806736364574
111850,2.4118777668077924
111851,2.506234569935177
111852,2.4099446559039124
111853,2.4874717667206134
111854,2.4794265388522483
111855,2.461744203408703
111856,2.4362639945882067
111857,2.5028478081948577
111858,2.450167586550837
111859,2.431669819553415
111860,2.434403282500898
111861,2.4496993176611754
111862,2.459514601479828
111863,2.4634895811338886
111864,2.417114143289703
111865,2.463424335488157
111866,2.4731512443568318
111867,2.424922254208687
111868,2.4342949857464404
111869,2.4305703162579015
111870,2.4475562469766543
111871,2.4810960021199393
111872,2.4585429828940026
111873,2.4691596587207227
111874,2.394168101518824
111875,2.443542625910213
111876,2.432769021825234
111877,2.5081465922042256
111878,2.465786226794925
111879,2.4422370697882254
111880,2.4580515208651956
111881,2.4498078387311395
111882,2.458069406230246
111883,2.509502493671728
111884,2.4343033263793172
111885,2.418949592425692
111886,2.3677488874896584
111887,2.4419566995466457
111888,2.4473965712920998
111889,2.4106306022673696
111890,2.391092536463445
111891,2.4164093124546686
111892,2.474518584488437
111893,2.479185573097001
111894,2.4464586609525987
111895,2.441062829856196
111896,2.4136876730364176
111897,2.480768567813862
111898,2.4238173543321193
111899,2.4531831418475596
111900,2.4359615320066275
111901,2.443089014805029
111902,2.4133534247236477
111903,2.438772883043372
111904,2.4498242166606383
111905,2.3848179773719016
111906,2.4309934584944863
111907,2.4360337351843326
111908,2.4475218586676672
111909,2.419476095064208
111910,2.426721824128568
111911,2.413638034459634
111912,2.471244351250169
111913,2.432625989506668
111914,2.4119524835048685
111915,2.4204602794352557
111916,2.412879869032701
111917,2.433131639044698
111918,2.474612958613935
111919,2.440425899349806
111920,2.3872609379843808
111921,2.4439331694936604
111922,2.4643241485718366
111923,2.41725080262392
111924,2.389846522385715
111925,2.4338499641239126
111926,2.424127136631409
111927,2.3704304094761297
111928,2.430107877511662
111929,2.4158441308847993
111930,2.4266575246786632
111931,2.435135861113154
111932,2.459140243604954
111933,2.4172353398092046
111934,2.3920044427784575
111935,2.425021456004155
111936,2.456159095997169
111937,2.466573104264371
111938,2.4268244879448755
111939,2.4141562315272904
111940,2.390551251127417
111941,2.4854107593638233
111942,2.4481531203277673
111943,2.463581312276762
111944,2.470122494761278
111945,2.4107826394752765
111946,2.4640189884715515
111947,2.503154765192225
111948,2.463272897663121
111949,2.451346490140598
111950,2.4434919136856097
111951,2.47362816383902
111952,2.370120434609645
111953,2.45133919467053
111954,2.3990915782561055
111955,2.4428645506504174
111956,2.406855608967653
111957,2.4253502370384363
111958,2.421580567628815
111959,2.4150002209276074
111960,2.473610393147644
111961,2.4522108615351135
111962,2.416362955015477
111963,2.448931475425869
111964,2.4467669621015364
111965,2.4556855938257476
111966,2.377431299771507
111967,2.4383202117919023
111968,2.483354309396749
111969,2.429034288227896
111970,2.4634930702881777
111971,2.4730093141246368
111972,2.4291965987104476
111973,2.472253884131707
111974,2.4358182386346203
111975,2.4799360347481074
111976,2.3615677984385535
111977,2.416363333959247
111978,2.440010955447776
111979,2.393610426484311
111980,2.435705630361648
111981,2.373212647126177
111982,2.4064516270430136
111983,2.4436463836497473
111984,2.3790871772338056
111985,2.406373113847397
111986,2.3861925809655005
111987,2.424564972036594
111988,2.4742142993512597
111989,2.4522120504890337
111990,2.427869075243195
111991,2.4783852309479815
111992,2.3913403366079984
111993,2.4465956765752197
111994,2.419585083171464
111995,2.4540819446315014
111996,2.4496581038378498
111997,2.4718132747220554
111998,2.467348691128339
111999,2.410355437717176
112000,2.4784240227342527
112001,2.4636367178469407
112002,2.4037908777983166
112003,2.417865355087889
112004,2.4566727173834844
112005,2.448537413172612
112006,2.4903289125717487
112007,2.4347818734535536
112008,2.4826535133469285
112009,2.47188056631847
112010,2.3963201996305368
112011,2.411391013573325
112012,2.4052940710594894
112013,2.444937121809005
112014,2.390705832472699
112015,2.460551866280062
112016,2.4518092691526463
112017,2.4136652646298904
112018,2.4893021395479873
112019,2.4324574519280033
112020,2.42278299186458
112021,2.4772087302707937
112022,2.4566556547828537
112023,2.4306808040887655
112024,2.376572444888057
112025,2.448208192356275
112026,2.4526667892348994
112027,2.4511756993656504
112028,2.448811507053596
112029,2.4980953242351545
112030,2.433177698735388
112031,2.4510126599452366
112032,2.4120044914341197
112033,2.4242486401865255
112034,2.3987752241737303
112035,2.466893224319822
112036,2.4194696011371866
112037,2.4542411105410338
112038,2.3600719102584025
112039,2.3959596524125675
112040,2.4098783169910094
112041,2.346962863866232
112042,2.456550961332232
112043,2.4222001078317503
112044,2.406329497254993
112045,2.4442805291648773
112046,2.3931471546581773
112047,2.4274528862771683
112048,2.4675858427008666
112049,2.4266938925063077
112050,2.4708596326518277
112051,2.409663803977613
112052,2.453767574122294
112053,2.4113438164693455
112054,2.436376751429023
112055,2.458428665514207
112056,2.4353742716781692
112057,2.423872802427223
112058,2.473808676916236
112059,2.367802898649212
112060,2.414394912682944
112061,2.420765855229116
112062,2.3725785612578796
112063,2.4382749147139218
112064,2.434564806592927
112065,2.413540039624397
112066,2.4195949841964
112067,2.425301921465475
112068,2.4156773080624
112069,2.4377193125001617
112070,2.471518852097115
112071,2.48475534279375
112072,2.4273619695599518
112073,2.4112877392582828
112074,2.502106004836438
112075,2.4522326123651026
112076,2.391043721963362
112077,2.4281551751477903
112078,2.440778698672118
112079,2.41317979377629
112080,2.4096267531196847
112081,2.438896576061842
112082,2.448167421357307
112083,2.4184200907052613
112084,2.4341354477363812
112085,2.4442296185919603
112086,2.3891275972702104
112087,2.4545621847745185
112088,2.4364937179653796
112089,2.4698415562448073
112090,2.492483189825789
112091,2.40117228524629
112092,2.468447939898012
112093,2.465472481031681
112094,2.381648289883991
112095,2.4519016692351605
112096,2.4425580284423405
112097,2.472825944849428
112098,2.449869596224261
112099,2.396299439499166
112100,2.4205345899742454
112101,2.439193298821154
112102,2.428607499210212
112103,2.4353223382229774
112104,2.432027942368382
112105,2.4217772970835334
112106,2.436226425710472
112107,2.454121933843365
112108,2.409735050411433
112109,2.443849593667238
112110,2.4408645454916624
112111,2.4305031594063644
112112,2.431580052982456
112113,2.4151279256728784
112114,2.352826248717697
112115,2.395498198790319
112116,2.4667406968626735
112117,2.4068942445132064
112118,2.3799086792614648
112119,2.403416736680627
112120,2.421537921505595
112121,2.457108226245373
112122,2.406060661340798
112123,2.382416334787385
112124,2.367870003874581
112125,2.437417301276613
112126,2.4083107551160885
112127,2.430638564040653
112128,2.4601746676259073
112129,2.4308927090997647
112130,2.407660234333679
112131,2.4191008261753373
112132,2.384935455718585
112133,2.3841208105016
112134,2.386677085306139
112135,2.387150869518136
112136,2.4268066321467
112137,2.425739929715401
112138,2.3911863259270447
112139,2.369102652202329
112140,2.400210330420197
112141,2.4704563817188463
112142,2.4129678239740326
112143,2.4728797357431334
112144,2.394725022494883
112145,2.4790345923152284
112146,2.4543525562267607
112147,2.3553687071931333
112148,2.397439489453568
112149,2.4518888627493456
112150,2.4905756660239513
112151,2.3851154229157685
112152,2.4697333237873846
112153,2.421845298232326
112154,2.408732625151445
112155,2.454656436151145
112156,2.4298055572522483
112157,2.3953002739652254
112158,2.450482061051392
112159,2.447023530260115
112160,2.453379554353254
112161,2.450671956250008
112162,2.4336101166268675
112163,2.4797378981956326
112164,2.4112651182643074
112165,2.4259532888594912
112166,2.4440579922341725
112167,2.4572559577891067
112168,2.4480248606428696
112169,2.4126302550565843
112170,2.4442860611206263
112171,2.3973004192697616
112172,2.447822246328644
112173,2.424527496243778
112174,2.4186623963133633
112175,2.4196020235729305
112176,2.476563314873463
112177,2.362854294375044
112178,2.4655226774130043
112179,2.4443740949542487
112180,2.4043143319721514
112181,2.408378930956928
112182,2.468413611086724
112183,2.452346458567743
112184,2.4401687512943973
112185,2.417326970309102
112186,2.475546511897872
112187,2.4461912766992113
112188,2.430035398184384
112189,2.36476993603206
112190,2.4155786270213166
112191,2.4293125106099382
112192,2.444125986119589
112193,2.450853683125471
112194,2.3856416427665916
112195,2.4201433298263106
112196,2.4130698818402236
112197,2.4373354995047842
112198,2.376330458709952
112199,2.428940643852633
112200,2.393162664461325
112201,2.4287328301406843
112202,2.413006224226494
112203,2.450602114126003
112204,2.471085872058936
112205,2.4270297868281
112206,2.4252909001785414
112207,2.448257923929794
112208,2.448715502861476
112209,2.426369619508338
112210,2.4430699396484226
112211,2.408671212388059
112212,2.4211052717223596
112213,2.4550046203434808
112214,2.4554635345302085
112215,2.4248401428074198
112216,2.4246788978790423
112217,2.4153687095549805
112218,2.406715453364593
112219,2.441645479706355
112220,2.4087067645000637
112221,2.4267869824356074
112222,2.362040080228369
112223,2.385363729629487
112224,2.4340893334617504
112225,2.448414675297384
112226,2.387617096042633
112227,2.3902700769993888
112228,2.4264827529296586
112229,2.3889159951418755
112230,2.4041303324957615
112231,2.3926278187347814
112232,2.478090687587235
112233,2.422163374374556
112234,2.4413788713664024
112235,2.378143749911556
112236,2.4492898809602295
112237,2.400521408188736
112238,2.4846656694038893
112239,2.448311464243939
112240,2.4295962809220555
112241,2.388144700043257
112242,2.4361000630314096
112243,2.4350070495488016
112244,2.379511875704105
112245,2.4531933744110592
112246,2.430171793316283
112247,2.4042718133504497
112248,2.462036177523342
112249,2.4453723322196743
112250,2.46914594024617
112251,2.4521623799119285
112252,2.418593781764893
112253,2.4253596199872636
112254,2.419762927392153
112255,2.433484842098099
112256,2.4050191969550476
112257,2.460245877482028
112258,2.413440380655763
112259,2.433891826376476
112260,2.4259872112672056
112261,2.487989085697109
112262,2.4583523461609094
112263,2.4456564371273006
112264,2.3478091292134846
112265,2.475151274897642
112266,2.4712261940616176
112267,2.4196164293261937
112268,2.382854976418858
112269,2.4374515602574522
112270,2.3914249322423906
112271,2.4411370366915475
112272,2.4495792928454247
112273,2.386774091590302
112274,2.4233674777378074
112275,2.4271570574694343
112276,2.410714650810069
112277,2.400904691638463
112278,2.4390610342370995
112279,2.3743696548203337
112280,2.4243486286082816
112281,2.420692895015659
112282,2.4312674075691727
112283,2.4766617989362714
112284,2.3577379103070677
112285,2.4376536017120136
112286,2.4010710795943346
112287,2.398747752289071
112288,2.436997149753686
112289,2.4171323631191
112290,2.466893513990165
112291,2.4407795869630933
112292,2.385801970367933
112293,2.3894044410274238
112294,2.4168504381471063
112295,2.4827598945085865
112296,2.4095234750973753
112297,2.435205654965293
112298,2.3746899379986974
112299,2.355511232715849
112300,2.3970678702938497
112301,2.4262215538790186
112302,2.450225234511392
112303,2.402459248398861
112304,2.326477303300892
112305,2.4032574226469996
112306,2.4448944975845053
112307,2.3962520047121556
112308,2.392495677343958
112309,2.4857110984456114
112310,2.4415046412447783
112311,2.386972470143105
112312,2.4308013347234665
112313,2.425144398764384
112314,2.456857341379927
112315,2.390633928415116
112316,2.4188115580437333
112317,2.3811942594894067
112318,2.445715555863336
112319,2.417489600540942
112320,2.4425623048659455
112321,2.3473470672988612
112322,2.4665310842540826
112323,2.3779884002559797
112324,2.4561241905934748
112325,2.43792781207227
112326,2.4479782211499703
112327,2.403068733207071
112328,2.3661850630683134
112329,2.381323719639601
112330,2.448874673373378
112331,2.461157865958365
112332,2.362452393813017
112333,2.4708762433712335
112334,2.414594395041007
112335,2.402794469834811
112336,2.491998232575201
112337,2.398463999446673
112338,2.4544116965817113
112339,2.462243057313978
112340,2.411928916404118
112341,2.3990876646637895
112342,2.4336875396028472
112343,2.369506905470882
112344,2.4107405305647194
112345,2.4234902497172435
112346,2.379364721761505
112347,2.395923764548514
112348,2.4357836965225546
112349,2.431356686900418
112350,2.4369275590525947
112351,2.4208350235032605
112352,2.401744182085969
112353,2.432659324978657
112354,2.4479103470095542
112355,2.3970336126698903
112356,2.4481758642668208
112357,2.3926062629350318
112358,2.4233949416873517
112359,2.4112177690809387
112360,2.4077222147752977
112361,2.3798114542313726
112362,2.4245060762303137
112363,2.4793693161220944
112364,2.4672487986736136
112365,2.4517642937361233
112366,2.4081025854046616
112367,2.4667127557244544
112368,2.4553973795183217
112369,2.4523602773722755
112370,2.421302501790834
112371,2.414500309694197
112372,2.410660827712097
112373,2.444797289452621
112374,2.429390500261
112375,2.4480885416087617
112376,2.39841767077167
112377,2.3776073903515846
112378,2.385028009442163
112379,2.3956978527899997
112380,2.3883996721366345
112381,2.450211580278738
112382,2.4044069096203673
112383,2.4511839841820566
112384,2.4226578849443485
112385,2.4388471004951553
112386,2.4001257811881103
112387,2.4151613872230757
112388,2.427401215313503
112389,2.451201325054957
112390,2.4025959861096484
112391,2.3908551171388175
112392,2.452677455754814
112393,2.4389904867955985
112394,2.416778588980097
112395,2.4608354694560184
112396,2.442927268290281
112397,2.4266516516921572
112398,2.4408938421188853
112399,2.44974697665758
112400,2.3989132828879676
112401,2.3945550092354932
112402,2.4055316292736917
112403,2.439573174012679
112404,2.4235861045410743
112405,2.48995053767157
112406,2.4259916766622194
112407,2.4110890607113165
112408,2.37023576261196
112409,2.4791598309735905
112410,2.3953181417570963
112411,2.421881193107204
112412,2.3758981828803827
112413,2.4526872610958295
112414,2.4383024696175846
112415,2.458662022628659
112416,2.369170223620932
112417,2.4235650303935596
112418,2.4769927285150235
112419,2.38522854510313
112420,2.3606668192377978
112421,2.4123642102537945
112422,2.4456570894971343
112423,2.392190279413925
112424,2.4296092694375293
112425,2.42297840988673
112426,2.4125518901394725
112427,2.4031162512638184
112428,2.3952779042249874
112429,2.4147356166656273
112430,2.3946068881567033
112431,2.42686725122616
112432,2.395874262655968
112433,2.425480078369646
112434,2.3904311499027586
112435,2.4213215351931576
112436,2.403254221545964
112437,2.438743882258373
112438,2.443619848982632
112439,2.3719851580508213
112440,2.431841833148189
112441,2.447827032654261
112442,2.4289148924195376
112443,2.421514477023564
112444,2.4860592702254656
112445,2.4538609718400184
112446,2.4226870576606103
112447,2.4538972719778758
112448,2.4750998763932146
112449,2.3725797850096972
112450,2.3667008784964123
112451,2.459642750409153
112452,2.3840790117416293
112453,2.4566967486189726
112454,2.4185161720802384
112455,2.427031472175156
112456,2.397512618469835
112457,2.399567453949079
112458,2.3916208138761523
112459,2.4090291623763846
112460,2.477136765884311
112461,2.480530036251151
112462,2.43926121693583
112463,2.461114224848781
112464,2.406540481143865
112465,2.4457414961710766
112466,2.414478983429444
112467,2.446566934251571
112468,2.4178266937947686
112469,2.5086238075607863
112470,2.38539782785011
112471,2.3748301838912425
112472,2.472689124440427
112473,2.402691688318226
112474,2.4322683578466378
112475,2.411030673370271
112476,2.4087211932806016
112477,2.3822662211519896
112478,2.407869489273204
112479,2.4127264346316126
112480,2.4174238770529746
112481,2.433648279259143
112482,2.4240565489003463
112483,2.3796679308277144
112484,2.4155874733143174
112485,2.442634484826075
112486,2.4629136244292202
112487,2.417653741359685
112488,2.4029376018661273
112489,2.4459520453913184
112490,2.4213310702277524
112491,2.3954811505354994
112492,2.450330851113699
112493,2.4100861791954067
112494,2.4072276781840967
112495,2.436663766336926
112496,2.4261093094070314
112497,2.4445730301212265
112498,2.3497979388977863
112499,2.421267600279735
112500,2.4439101287467446
112501,2.3898453986917074
112502,2.4023763464997856
112503,2.406605133552091
112504,2.4451802099589544
112505,2.4205262029049828
112506,2.4254542264905092
112507,2.4378115092294217
112508,2.4252552112307986
112509,2.423067308199555
112510,2.4052891783075614
112511,2.4119690268293374
112512,2.4373593661442903
112513,2.4303031909035004
112514,2.3830627511894864
112515,2.3345858477856964
112516,2.4242845588466775
112517,2.3902304998534145
112518,2.372490889090342
112519,2.429971032006966
112520,2.408520137478136
112521,2.4290033087734257
112522,2.4152642012260315
112523,2.408562221996492
112524,2.4049007873689807
112525,2.4454483781262657
112526,2.3977621029927247
112527,2.3741024417175733
112528,2.419719274691588
112529,2.389114058151016
112530,2.408383240237288
112531,2.434790100306987
112532,2.421184541674746
112533,2.423524065132202
112534,2.4669125472464715
112535,2.473576028955102
112536,2.4285715526075475
112537,2.4197957834085737
112538,2.401408431781952
112539,2.4315389740042685
112540,2.3777555408341087
112541,2.396245202933638
112542,2.431432916442196
112543,2.3465173173378577
112544,2.442719290262009
112545,2.414088915737617
112546,2.450128679359036
112547,2.375792779825217
112548,2.430870700152645
112549,2.411704521703705
112550,2.409486752175794
112551,2.466764891777933
112552,2.40035624921672
112553,2.404705221380127
112554,2.442536316557395
112555,2.4277741768406242
112556,2.394412143131544
112557,2.39034231636983
112558,2.42926899691099
112559,2.449982499216394
112560,2.4601695923406437
112561,2.4465556195633877
112562,2.427015378022688
112563,2.416395711726988
112564,2.3901294286128576
112565,2.3924218185149098
112566,2.3951435438257502
112567,2.402450063234801
112568,2.4190588398819335
112569,2.404678106877414
112570,2.3887613498045055
112571,2.4613948524454607
112572,2.3623592484034304
112573,2.444206526906529
112574,2.4078128377379175
112575,2.426864598453244
112576,2.3999887980022288
112577,2.4447334106204277
112578,2.387553673251529
112579,2.394294169688033
112580,2.3893633394446896
112581,2.4267618937791577
112582,2.4199585591557846
112583,2.399266957811834
112584,2.4271318503709196
112585,2.372165012928031
112586,2.382331808077913
112587,2.4141912639570555
112588,2.4146319851658182
112589,2.3338837063578985
112590,2.4218305055530056
112591,2.3670045253217444
112592,2.412529072890424
112593,2.3775988295253883
112594,2.4578452632999523
112595,2.454515849868935
112596,2.38327185562287
112597,2.3470719478564437
112598,2.4525938266440455
112599,2.426087352917279
112600,2.3859846663775133
112601,2.3486083156298547
112602,2.4012047431662067
112603,2.405488858436464
112604,2.4307090417083033
112605,2.438863501478493
112606,2.391558240677337
112607,2.4055344433841928
112608,2.454688254913158
112609,2.3852730951924364
112610,2.4031612454938327
112611,2.4254971250568227
112612,2.4360342404937794
112613,2.4446413518405765
112614,2.3794925838435295
112615,2.487003861633199
112616,2.4331167549007224
112617,2.4507200546707386
112618,2.3929182313829447
112619,2.400674722429667
112620,2.4373250352943803
112621,2.4743761170169103
112622,2.361717851656579
112623,2.4762562159110217
112624,2.409723036574763
112625,2.454053791293367
112626,2.4180634549768993
112627,2.427706827440609
112628,2.4552936249589803
112629,2.4118656368945506
112630,2.419097417885594
112631,2.370672229791176
112632,2.3694129968372013
112633,2.460063704545391
112634,2.391611603602571
112635,2.4469194913215717
112636,2.3846984529420543
112637,2.3593277546250007
112638,2.381507085400178
112639,2.51300358249462
112640,2.44416419683177
112641,2.366479480418212
112642,2.427313191611363
112643,2.3903855529670355
112644,2.4147459498049155
112645,2.446860196235941
112646,2.4070572411751843
112647,2.3846493619643097
112648,2.4480939671161623
112649,2.3835604643830295
112650,2.420416082632312
112651,2.3995721241417622
112652,2.4011673824222055
112653,2.4333969328188703
112654,2.466794448350574
112655,2.407196422301996
112656,2.414915591921514
112657,2.3806335954934146
112658,2.4339890030164284
112659,2.390495861790912
112660,2.3448345507990243
112661,2.3965489962197513
112662,2.400257844456115
112663,2.4013938186734958
112664,2.3529061681325416
112665,2.3577046202438066
112666,2.4624585007640962
112667,2.4935767844601937
112668,2.3552126221953
112669,2.460057884962028
112670,2.4162306664462245
112671,2.400383958172859
112672,2.443893994405244
112673,2.362830199814142
112674,2.4576637565055264
112675,2.384840121833814
112676,2.43131027686808
112677,2.4589581863037226
112678,2.432653501620713
112679,2.378584764558318
112680,2.4253444178757775
112681,2.357438441658948
112682,2.4491722710178316
112683,2.4319509082631163
112684,2.4148252908205445
112685,2.3564695300938294
112686,2.4898772386062276
112687,2.3492510193523257
112688,2.358710085561254
112689,2.4573494275673027
112690,2.4287693849006597
112691,2.3926345210577287
112692,2.396551432356238
112693,2.44339184844675
112694,2.376785154203227
112695,2.3828745100553044
112696,2.411037446561203
112697,2.3901249578504724
112698,2.419067065166352
112699,2.4156663226669433
112700,2.392645316449057
112701,2.466200102850567
112702,2.3905391558831606
112703,2.4270434661995117
112704,2.391365966797944
112705,2.433286797069509
112706,2.3719278977442317
112707,2.4025182846737
112708,2.413019280178179
112709,2.4301115839267844
112710,2.4038819775030653
112711,2.3574722570292517
112712,2.437505520346319
112713,2.479921037875765
112714,2.431298752591969
112715,2.441446241084869
112716,2.4499847610478995
112717,2.442257145715857
112718,2.3984690614978073
112719,2.4143797813677716
112720,2.4040127399311957
112721,2.4285225452654196
112722,2.393565142033491
112723,2.3959554899296083
112724,2.3642785384239864
112725,2.403937633033798
112726,2.4074855650220215
112727,2.4141089904296065
112728,2.420323797351992
112729,2.445301451943995
112730,2.435132040482679
112731,2.4327361234974783
112732,2.392257024239513
112733,2.3991437183828697
112734,2.4175745174502845
112735,2.4417226260571323
112736,2.400762889883059
112737,2.4035889486142956
112738,2.4037345920433033
112739,2.4338248891125693
112740,2.4505221629037908
112741,2.4575587862732022
112742,2.4487889178442965
112743,2.3966414832420986
112744,2.4147200130371376
112745,2.4362276807176158
112746,2.403528905793601
112747,2.4500019554318855
112748,2.384100267859326
112749,2.415163618634758
112750,2.4091356208686165
112751,2.3969477646695108
112752,2.4687941063030974
112753,2.37686282205637
112754,2.3773920371408024
112755,2.3977562191386714
112756,2.392911686906617
112757,2.4100472038215446
112758,2.40129879565912
112759,2.416107977558621
112760,2.449544211636283
112761,2.3829748248138123
112762,2.395695405517166
112763,2.329900451777221
112764,2.4004034398071
112765,2.4046784048009346
112766,2.417893296715279
112767,2.465328143307422
112768,2.374739499643729
112769,2.3992910984422746
112770,2.387533077324543
112771,2.417440484251242
112772,2.4413383849677253
112773,2.4172450122556923
112774,2.395964393509385
112775,2.3887791960597955
112776,2.414572232972342
112777,2.42057012830908
112778,2.378079995978932
112779,2.384220651594475
112780,2.4308114007201125
112781,2.383444011213469
112782,2.3742570672613645
112783,2.4282564009411765
112784,2.4099979812592744
112785,2.3607687122895276
112786,2.3788706809067754
112787,2.3756249009576282
112788,2.4206487037829487
112789,2.3932854660495364
112790,2.392792823519299
112791,2.357631731378059
112792,2.3460662390454377
112793,2.400962523417837
112794,2.402903430419441
112795,2.433115346963392
112796,2.419443425665498
112797,2.42428834579379
112798,2.417709445367085
112799,2.415027345594492
112800,2.4174341183137105
112801,2.433763981012324
112802,2.4217202882930704
112803,2.3862819168259173
112804,2.4053596751456285
112805,2.4197136240408406
112806,2.394096109610624
112807,2.437924448616406
112808,2.4381414560449945
112809,2.434505797032545
112810,2.431481897390961
112811,2.4188218532884105
112812,2.3832060038835094
112813,2.3969854120190637
112814,2.447827454027185
112815,2.378496465929684
112816,2.3831341856650687
112817,2.3545794774231537
112818,2.453963588599513
112819,2.3688116775736305
112820,2.373632086264315
112821,2.3983227887745935
112822,2.4512512508785274
112823,2.4272815075735052
112824,2.40100192837718
112825,2.434502343405502
112826,2.4216574265825472
112827,2.4184341527276887
112828,2.4265798747394385
112829,2.4377912780571243
112830,2.353816483248015
112831,2.4094332851434075
112832,2.372725117591541
112833,2.342031648873092
112834,2.3749367836506945
112835,2.3725641848280956
112836,2.4225315157054577
112837,2.4179892567008507
112838,2.385708700464272
112839,2.40623236037297
112840,2.390540991922267
112841,2.3915496731132446
112842,2.458036354207477
112843,2.4180040908493243
112844,2.3814687362734244
112845,2.3792842101622784
112846,2.428775896510735
112847,2.409807662714465
112848,2.364637661163678
112849,2.4012925828113723
112850,2.433478292870562
112851,2.435636430732256
112852,2.3733221266891924
112853,2.408162724886778
112854,2.4196575136295997
112855,2.383636986535141
112856,2.3502206324656294
112857,2.3962462002777567
112858,2.399893722494377
112859,2.406934706298381
112860,2.397842258062339
112861,2.4142309690073263
112862,2.4116450632452295
112863,2.3991883324623964
112864,2.4175029795386895
112865,2.4097011270192312
112866,2.4364277419822793
112867,2.3904244194470836
112868,2.3781730470165887
112869,2.3107920189401465
112870,2.4020055850508206
112871,2.355879540976988
112872,2.4450241257083465
112873,2.3707996035345653
112874,2.4211288338312977
112875,2.4292620541633427
112876,2.3911490056728817
112877,2.4333357319508253
112878,2.41014206528311
112879,2.403847143489034
112880,2.4257622954256086
112881,2.4511768838263834
112882,2.4502031602331478
112883,2.3812007539387547
112884,2.3651999754924273
112885,2.3996631323843878
112886,2.4068327541072416
112887,2.401286797770131
112888,2.3503563458314916
112889,2.3830142026550667
112890,2.4125092973429303
112891,2.4151564974497384
112892,2.385203982035013
112893,2.3836125201992906
112894,2.4012715288329525
112895,2.364790408884319
112896,2.442612204631634
112897,2.3928571788652695
112898,2.4043527323918847
112899,2.4000396207320347
112900,2.3896236467086998
112901,2.3779338062507147
112902,2.432484502100666
112903,2.426922515453879
112904,2.4661867694726087
112905,2.3909773853136196
112906,2.4368362411259152
112907,2.407336953968364
112908,2.3615911026267336
112909,2.4204796390976338
112910,2.403550848686255
112911,2.471996902017586
112912,2.427628098230808
112913,2.355914733354917
112914,2.419805138161934
112915,2.416001583348315
112916,2.421540335202629
112917,2.4451713007118054
112918,2.404958658441418
112919,2.4091181388052143
112920,2.4304044113573133
112921,2.381144943526297
112922,2.411770080601429
112923,2.4022075093273103
112924,2.4106706857449343
112925,2.4441607820809534
112926,2.3649912886750437
112927,2.380483448825148
112928,2.4296715623724014
112929,2.404695519370191
112930,2.4115509281728316
112931,2.3995193330872424
112932,2.4314195132173824
112933,2.4227169159144224
112934,2.3803496708192613
112935,2.454178949332004
112936,2.3758863294971864
112937,2.3923384940979058
112938,2.4076855732188327
112939,2.3742923672888283
112940,2.3911664805210306
112941,2.441518389694068
112942,2.4212851670248
112943,2.4279735366221895
112944,2.3960402791109914
112945,2.4210824523369374
112946,2.426800919459234
112947,2.42929834195765
112948,2.4013595854476115
112949,2.353270046261601
112950,2.4112905597367478
112951,2.382455297926738
112952,2.3874548837824694
112953,2.3675061509312547
112954,2.3917169393828766
112955,2.375383100381165
112956,2.442887782556375
112957,2.3815796874545074
112958,2.41851667839538
112959,2.336168984947178
112960,2.4273900673720425
112961,2.4127475684858974
112962,2.3951187225851727
112963,2.377808854992775
112964,2.3912522287476157
112965,2.3914338961260926
112966,2.4005559351040824
112967,2.374392011303036
112968,2.3896694001270404
112969,2.481155136178742
112970,2.4497685990908504
112971,2.3949162431716617
112972,2.446026482798609
112973,2.4894991263167334
112974,2.347423347445282
112975,2.414564535040523
112976,2.4702600612862127
112977,2.400497585486319
112978,2.4118685477903865
112979,2.419101490057755
112980,2.4457895805019465
112981,2.3928406538500666
112982,2.4352185787825777
112983,2.4226771050619926
112984,2.469039824250723
112985,2.428629369926625
112986,2.422716543251753
112987,2.395587066037778
112988,2.3913896914141515
112989,2.3698268366669897
112990,2.4142714786379074
112991,2.412412484763761
112992,2.422134351222536
112993,2.414301195151813
112994,2.433631412763948
112995,2.3801253224489085
112996,2.432935615746336
112997,2.373111067472037
112998,2.43093296886878
112999,2.4106680383604338
113000,2.3751387164287756
113001,2.4296669636249963
113002,2.402940271034034
113003,2.362310887262944
113004,2.4549334933985887
113005,2.4439255591790587
113006,2.332345611264726
113007,2.364508520998983
113008,2.4074431619832932
113009,2.3964810359163606
113010,2.4460862747422287
113011,2.443052057555141
113012,2.415516359571894
113013,2.4166177230239727
113014,2.3587696918848313
113015,2.365078354145848
113016,2.3596457656926515
113017,2.3507294655704345
113018,2.3939258687513236
113019,2.3746582822658633
113020,2.422816617768889
113021,2.389840127565707
113022,2.387679570671795
113023,2.437900501418226
113024,2.3658021555951168
113025,2.405734781873604
113026,2.3627393184143495
113027,2.4157624632348886
113028,2.4582627579003318
113029,2.4274429661367583
113030,2.3950310067910685
113031,2.394778609048628
113032,2.4016505951481237
113033,2.415350318293851
113034,2.3924221692501693
113035,2.4061153633178676
113036,2.3924248922496436
113037,2.435160113236787
113038,2.4211694379647217
113039,2.400471666557501
113040,2.388735954059957
113041,2.371504540689555
113042,2.373248853420339
113043,2.422180115552404
113044,2.4480409325335986
113045,2.3908191115449253
113046,2.4089918328064273
113047,2.391316939549351
113048,2.388558482519584
113049,2.4267198206011584
113050,2.367190595139611
113051,2.3885624103422507
113052,2.4328871967900727
113053,2.3690367342560084
113054,2.3812720487573595
113055,2.3513582169969465
113056,2.3849815873021245
113057,2.351829250802914
113058,2.356031833833901
113059,2.40864649084434
113060,2.4063336535346074
113061,2.37597023990895
113062,2.4118572665934184
113063,2.422826323623894
113064,2.4058361596116007
113065,2.4269895247064732
113066,2.384801556172143
113067,2.3829314631408103
113068,2.4215522716126885
113069,2.3501072076474965
113070,2.334440857578746
113071,2.3258336918615625
113072,2.427855418010794
113073,2.402153954583188
113074,2.3547680921623
113075,2.37486189294006
113076,2.3566336336591007
113077,2.405149058712164
113078,2.3883112776027757
113079,2.3988267344531993
113080,2.429443711939214
113081,2.374875925653933
113082,2.3834586084608635
113083,2.424019624274619
113084,2.4199938889632793
113085,2.377590288891682
113086,2.450665470281047
113087,2.3848910415648614
113088,2.4006554001376728
113089,2.4446294172438088
113090,2.357163352831324
113091,2.3836121398392907
113092,2.370342167714103
113093,2.422422285049134
113094,2.3821484466345875
113095,2.39977515664412
113096,2.4418286371833973
113097,2.389058281074679
113098,2.4411249796158274
113099,2.3605435337706724
113100,2.351717576380022
113101,2.405134478001649
113102,2.409901934520347
113103,2.3180650992113465
113104,2.3336580484790406
113105,2.370888273798667
113106,2.441054736929262
113107,2.3983004410820996
113108,2.347374219567337
113109,2.3838244017509713
113110,2.4551215545586
113111,2.3585267301463304
113112,2.3761672071448774
113113,2.3762442346452266
113114,2.396751665166763
113115,2.3776823262261195
113116,2.382057386763674
113117,2.3968439514440343
113118,2.3511745655034275
113119,2.354265831451466
113120,2.4213048579004615
113121,2.424365222032047
113122,2.4307465539023894
113123,2.426477674072102
113124,2.3861167782374757
113125,2.3728349060678906
113126,2.368014010943394
113127,2.394550423711933
113128,2.4227423889738855
113129,2.3540485686144663
113130,2.451250875462461
113131,2.399280977740601
113132,2.4539443021625376
113133,2.4723404338848556
113134,2.3852725102723378
113135,2.3664284489811185
113136,2.40675530807949
113137,2.421910505726881
113138,2.44566540219566
113139,2.4117502510723092
113140,2.422583257050801
113141,2.446382301247889
113142,2.4236777681923134
113143,2.4272442136587324
113144,2.3765416565474577
113145,2.4342567851848287
113146,2.3767509472744535
113147,2.424623264478368
113148,2.4022099650079523
113149,2.4020233417470487
113150,2.4334134462818358
113151,2.356636828336384
113152,2.4179425568928066
113153,2.359761621548931
113154,2.431049139897085
113155,2.4282984555585423
113156,2.432114839002212
113157,2.3790494688636366
113158,2.430751731050749
113159,2.403313130466726
113160,2.410586418871462
113161,2.3726532302008763
113162,2.406407336506461
113163,2.370184393139819
113164,2.409343492022933
113165,2.4193578295175344
113166,2.3936686599722514
113167,2.413438268335294
113168,2.391308031864185
113169,2.3481783585733753
113170,2.3637796082408786
113171,2.464211610251345
113172,2.4000652198079204
113173,2.3727477378509167
113174,2.3844974593311474
113175,2.405304838260509
113176,2.372728160608154
113177,2.4008483585084255
113178,2.3538255984390677
113179,2.378996086607413
113180,2.37633030824899
113181,2.3587984312721084
113182,2.392442679115207
113183,2.356174395972284
113184,2.422622296296845
113185,2.3704271590208714
113186,2.4125040524496044
113187,2.4236106464360647
113188,2.3934782621837978
113189,2.4202735945758547
113190,2.404655906304477
113191,2.411451625715341
113192,2.3593581882969903
113193,2.378240103859217
113194,2.328379700511675
113195,2.377663348258805
113196,2.4176589985433976
113197,2.410829635238921
113198,2.3557902594085567
113199,2.390983318515013
113200,2.410756802633773
113201,2.375896811268616
113202,2.4070790459048594
113203,2.420420547368058
113204,2.3515360329634905
113205,2.382931942978228
113206,2.352049576493272
113207,2.373661358164167
113208,2.3830173968218147
113209,2.3797720455960327
113210,2.4015542200912416
113211,2.3528192984636767
113212,2.4201397104068274
113213,2.4682991101746543
113214,2.324848345341914
113215,2.415210091689447
113216,2.355790831239083
113217,2.405209476656865
113218,2.436685907182437
113219,2.4171441698785263
113220,2.370377676577801
113221,2.414198306566315
113222,2.3616006972076193
113223,2.391225401436481
113224,2.447280703833962
113225,2.4283673517421493
113226,2.414992828660584
113227,2.34222857477875
113228,2.384272136974652
113229,2.3846120808794584
113230,2.39381342667947
113231,2.394480715936789
113232,2.396829557635042
113233,2.3945214948460065
113234,2.3508779727548825
113235,2.3856788876230715
113236,2.374077208206516
113237,2.3945442978553886
113238,2.399868278442416
113239,2.4000708477074695
113240,2.428575820477152
113241,2.440126454973023
113242,2.3573595290138165
113243,2.3608093925239393
113244,2.392371382575557
113245,2.4030226344254455
113246,2.3957248375749223
113247,2.4143923536418628
113248,2.3729051622566213
113249,2.3927709618144504
113250,2.3984401230854493
113251,2.3493410304517828
113252,2.42051187885719
113253,2.39296835323651
113254,2.42257517887384
113255,2.400709434377274
113256,2.384070964708823
113257,2.437812127427688
113258,2.4133010295648423
113259,2.3929092475604103
113260,2.3706970894414496
113261,2.3680829292686636
113262,2.4182562276444566
113263,2.409095442212555
113264,2.325489039870469
113265,2.386468922249096
113266,2.413548520219903
113267,2.385955818582982
113268,2.4033480865822083
113269,2.4118477293820577
113270,2.4069735560006453
113271,2.378445004797802
113272,2.3697382457334744
113273,2.401899238794213
113274,2.4161236822248533
113275,2.331632154224038
113276,2.38322882042434
113277,2.409931121398813
113278,2.3767213699243133
113279,2.3721926752257763
113280,2.425510401799737
113281,2.396186034645945
113282,2.433247733737315
113283,2.4092888160250694
113284,2.396954137389573
113285,2.348965151249175
113286,2.4108126973184176
113287,2.3979836558568857
113288,2.416844519985896
113289,2.3759409494886357
113290,2.4149445424048905
113291,2.429459514957389
113292,2.43171209118969
113293,2.4440887580507504
113294,2.4449472255192943
113295,2.456937386113826
113296,2.3280889076446734
113297,2.3999164051240216
113298,2.340537227740639
113299,2.420644459102549
113300,2.4447565736896952
113301,2.443627043328555
113302,2.376334483735139
113303,2.4143388743985557
113304,2.430348886104785
113305,2.413881690206625
113306,2.3765147802113247
113307,2.3886611899299974
113308,2.3784377049771974
113309,2.3987875270312125
113310,2.3881519488294343
113311,2.3599622128669973
113312,2.4070463869577896
113313,2.3794437539702673
113314,2.3808687250220095
113315,2.3675446452835565
113316,2.4004236446053793
113317,2.3493063164976924
113318,2.398884251558337
113319,2.415348043331343
113320,2.3433125578150507
113321,2.422704515125666
113322,2.3941180330820884
113323,2.4236677006693434
113324,2.357225229219455
113325,2.392546460821881
113326,2.368960821100207
113327,2.395250754896784
113328,2.3088667055397023
113329,2.383202415443405
113330,2.4312879537089653
113331,2.391298633810964
113332,2.423521329795697
113333,2.41440272614402
113334,2.374560820547159
113335,2.3927744736952574
113336,2.389715698502615
113337,2.375418392079852
113338,2.4214222323107757
113339,2.483602848987313
113340,2.361887451845207
113341,2.4030331849618465
113342,2.417172001776759
113343,2.389937748645416
113344,2.4390852262633342
113345,2.403513778237127
113346,2.3640145649095845
113347,2.3993052627406812
113348,2.3906811520760876
113349,2.3934528464392986
113350,2.381745303259371
113351,2.388223098766423
113352,2.3793804203355595
113353,2.3765429179038597
113354,2.403509623429078
113355,2.4080287558016447
113356,2.3769204327052336
113357,2.4437952813652184
113358,2.367085764165559
113359,2.379442843486729
113360,2.33449688500721
113361,2.3758649761928634
113362,2.3443618800708896
113363,2.3939834386172256
113364,2.3820356624952588
113365,2.4068402847622243
113366,2.352126797956793
113367,2.3397744168918106
113368,2.389801531965768
113369,2.3715807329310326
113370,2.3172845167962075
113371,2.3502738356152166
113372,2.4046923697741294
113373,2.3885955178544647
113374,2.3836428996122154
113375,2.4070195311418043
113376,2.3228357301434137
113377,2.38539043297856
113378,2.419901502772843
113379,2.374337186900995
113380,2.3761277389504523
113381,2.3730639056960126
113382,2.3444026193045917
113383,2.394051446268614
113384,2.369385708267873
113385,2.386630726878073
113386,2.3754215666208847
113387,2.368684004799606
113388,2.3892443506395895
113389,2.342594864041288
113390,2.3513208853543635
113391,2.4118783213723374
113392,2.396967798463035
113393,2.393648448253564
113394,2.3112974524162015
113395,2.3911879158304474
113396,2.365813114514277
113397,2.4302320941212305
113398,2.444479152058845
113399,2.3103782337269023
113400,2.41646898937515
113401,2.361833090757472
113402,2.3397022032397987
113403,2.39529117917272
113404,2.411450578123471
113405,2.4030145174602904
113406,2.3834161163872336
113407,2.3619633974450673
113408,2.416568037417319
113409,2.369362308921311
113410,2.3322943388784787
113411,2.4216958506561816
113412,2.4142081209022583
113413,2.3508126364191044
113414,2.376174093276694
113415,2.375399057653157
113416,2.3275979352711516
113417,2.366679127125234
113418,2.341342741093843
113419,2.4236011287841426
113420,2.379002918375842
113421,2.4199498112896696
113422,2.3608784309379303
113423,2.3264878067838093
113424,2.396745035999728
113425,2.479799797309664
113426,2.3923894104301153
113427,2.4065816621517677
113428,2.3619233589181228
113429,2.3998035077651996
113430,2.3719800187297997
113431,2.4046980929368202
113432,2.402335518389555
113433,2.4443723581856824
113434,2.4086458819575465
113435,2.4174975774173024
113436,2.3883775951104034
113437,2.386494587328266
113438,2.3839121414606623
113439,2.3709475957720425
113440,2.408624543654892
113441,2.386868175372496
113442,2.3804779091049104
113443,2.3330327767673675
113444,2.4330283173588474
113445,2.3626469597570066
113446,2.3589059828017973
113447,2.397719375349361
113448,2.412710471009263
113449,2.4375260171899904
113450,2.370688850489939
113451,2.3979235685193614
113452,2.3435436059783403
113453,2.3763068087924437
113454,2.4175140510248214
113455,2.4168814364923583
113456,2.403653585891085
113457,2.391685043064556
113458,2.4493260094230576
113459,2.4689177752334084
113460,2.439293472889969
113461,2.427514927223552
113462,2.394033973087783
113463,2.3379966942393913
113464,2.432071775321197
113465,2.374772619067005
113466,2.397403107355381
113467,2.354824339825877
113468,2.3769454432210346
113469,2.375280409503245
113470,2.3494068801003642
113471,2.387536291885244
113472,2.3802773990997115
113473,2.394504649749133
113474,2.407761265310893
113475,2.3966126970389396
113476,2.3742654696320225
113477,2.41712330345308
113478,2.418320143996581
113479,2.370649307967195
113480,2.3562159053215215
113481,2.4475128327568973
113482,2.429979812236521
113483,2.3620782830785605
113484,2.3503002111031304
113485,2.3765549765233698
113486,2.3230703581351504
113487,2.4217802158292017
113488,2.394415355625532
113489,2.4424426646412587
113490,2.3608989401520044
113491,2.357929788417394
113492,2.3619970550518876
113493,2.3246914060931494
113494,2.3254037715403406
113495,2.3957146488348418
113496,2.4392616276547106
113497,2.4444563129080277
113498,2.387130167667842
113499,2.3696210581942143
113500,2.393144197301156
113501,2.4100449526801446
113502,2.3820575402282875
113503,2.388485224260003
113504,2.3315254781456134
113505,2.35753991685632
113506,2.417101140882842
113507,2.32988591048895
113508,2.4006095192307892
113509,2.4039554551794233
113510,2.3855145172184895
113511,2.3554323595786952
113512,2.3820324238671975
113513,2.3585409861918216
113514,2.431673045452219
113515,2.402885819844618
113516,2.3733009412277384
113517,2.4185686139757956
113518,2.345562277236147
113519,2.3683680939283507
113520,2.3679559086621254
113521,2.3669714067506322
113522,2.377455266629027
113523,2.376594115482998
113524,2.4160201960320187
113525,2.3655809040544797
113526,2.366222649962332
113527,2.3648507312268325
113528,2.4052035652041543
113529,2.3376637590712788
113530,2.393587910389966
113531,2.383255127701406
113532,2.3900313072191546
113533,2.4331373506993246
113534,2.3833655798953166
113535,2.41857723043285
113536,2.436591670487421
113537,2.3833141242281677
113538,2.4034569275211526
113539,2.379548093427139
113540,2.3586153278289523
113541,2.3881876821113948
113542,2.3929493561617328
113543,2.366973119374685
113544,2.3717016187172657
113545,2.4175980109356363
113546,2.3978240064774883
113547,2.395300804624685
113548,2.3860947887181996
113549,2.323293002774068
113550,2.379153239275582
113551,2.358451595099403
113552,2.3766145841983906
113553,2.3986728544268145
113554,2.375518679207658
113555,2.337642252432812
113556,2.406921757706524
113557,2.368909696053119
113558,2.3605532859201874
113559,2.4153403327476726
113560,2.371639670289086
113561,2.391337054062147
113562,2.40530979287223
113563,2.3798480213700532
113564,2.3570163598573592
113565,2.3812041256785856
113566,2.372770755535605
113567,2.4055935630769723
113568,2.382109167423552
113569,2.393287649934021
113570,2.33651509637875
113571,2.3850831226334614
113572,2.402609360627521
113573,2.374650404968729
113574,2.3878803886886377
113575,2.3429201049580577
113576,2.407068603051756
113577,2.3820241278216385
113578,2.3816766124339375
113579,2.408098183208189
113580,2.3675839233532288
113581,2.3475366830555293
113582,2.3630852228028143
113583,2.3952069443403414
113584,2.368047662891738
113585,2.4081953384197665
113586,2.37979064407709
113587,2.42166715353101
113588,2.3827688403011282
113589,2.4146115144143163
113590,2.367372558441586
113591,2.356583153549453
113592,2.3611041273293742
113593,2.343218318106615
113594,2.336693282582999
113595,2.341628932459085
113596,2.4044951110327957
113597,2.4184207813098992
113598,2.428684613045575
113599,2.3641464052302967
113600,2.422603783115213
113601,2.3776845858225086
113602,2.3867234515143636
113603,2.4178954332307367
113604,2.3764517561817833
113605,2.4296519091662954
113606,2.3780428116235712
113607,2.3523155482425744
113608,2.357999961455783
113609,2.391099811990696
113610,2.345084382731017
113611,2.400874599870679
113612,2.4331788808093613
113613,2.3794950473282666
113614,2.382451863072656
113615,2.404957227427483
113616,2.3718289368218852
113617,2.3636499166478777
113618,2.38299335095172
113619,2.3724845448586467
113620,2.3933412136210865
113621,2.3634929107841023
113622,2.4482032373182783
113623,2.3837507110161194
113624,2.3584767872426897
113625,2.3224200577096132
113626,2.3548101689559315
113627,2.38874541806782
113628,2.4219273013009595
113629,2.3754799785784195
113630,2.4022993220078472
113631,2.33034147726793
113632,2.3597993301202265
113633,2.4127323165141656
113634,2.4000434566744655
113635,2.356610513521058
113636,2.372667153471913
113637,2.374086305948842
113638,2.3839383940370538
113639,2.4040931484407144
113640,2.3895672129094137
113641,2.393381201969441
113642,2.4263460013356792
113643,2.39464197019744
113644,2.39661509210283
113645,2.3804419157123347
113646,2.3633816163058787
113647,2.3750043908770584
113648,2.385052224721718
113649,2.3050710240258674
113650,2.383686711465131
113651,2.4005591063792004
113652,2.3800420016933153
113653,2.3890859119875048
113654,2.400373643156634
113655,2.3750952217729635
113656,2.397036473274674
113657,2.421649029844463
113658,2.4044695457970726
113659,2.3224936721995277
113660,2.389883228828083
113661,2.420674324976966
113662,2.39497255147928
113663,2.361246899617173
113664,2.38840646434918
113665,2.3932664732067988
113666,2.4349598395646934
113667,2.342153550953343
113668,2.3987654934491407
113669,2.3496453122233505
113670,2.403976259739552
113671,2.3690753085988714
113672,2.383548776051448
113673,2.389627307516797
113674,2.403829075320162
113675,2.387021259520444
113676,2.408271734824223
113677,2.3603265112856215
113678,2.362343799922028
113679,2.3801279278542187
113680,2.3907068850621775
113681,2.3422983474080303
113682,2.3891604963549833
113683,2.3392102476515717
113684,2.3885512725199187
113685,2.457287265986771
113686,2.390712040431998
113687,2.3840788879307433
113688,2.436712971611723
113689,2.400981503038068
113690,2.4048122030064016
113691,2.3666197815193413
113692,2.3326383015274965
113693,2.3790789131583323
113694,2.3505414240248887
113695,2.4167791395113065
113696,2.375221678341083
113697,2.4024279029861955
113698,2.378069432922313
113699,2.424737645236567
113700,2.4130169137914463
113701,2.400286462453027
113702,2.373931240117098
113703,2.387559007286666
113704,2.3481510200878835
113705,2.3716627023401435
113706,2.3581046892286817
113707,2.4524219805524528
113708,2.3543304927777085
113709,2.368318771485052
113710,2.4314375666176438
113711,2.3515430879034582
113712,2.3889557186859323
113713,2.3843317652065337
113714,2.3899624053280735
113715,2.392070784976708
113716,2.382936648942055
113717,2.417337430563461
113718,2.392114437091563
113719,2.374740418892836
113720,2.3575718382046493
113721,2.4089724658649145
113722,2.389910334643454
113723,2.3982046716832475
113724,2.3867484626933013
113725,2.3641033080423486
113726,2.3729518950349138
113727,2.4106383693043907
113728,2.4251032459783795
113729,2.365150588731711
113730,2.3729055973494675
113731,2.362114026593255
113732,2.3935378820712105
113733,2.3939798930143548
113734,2.4189954620074383
113735,2.412678918802879
113736,2.439819692599195
113737,2.367513430878886
113738,2.387183586025617
113739,2.3524122556880087
113740,2.3731609227775317
113741,2.335049596759711
113742,2.362575311293179
113743,2.3565513213119766
113744,2.3845620675675963
113745,2.3723080441980016
113746,2.374516089652542
113747,2.3438252553902763
113748,2.335368999249901
113749,2.423593950088191
113750,2.3695877341692904
113751,2.354975298756672
113752,2.3377183149919687
113753,2.375063701456779
113754,2.3312772247708042
113755,2.383126900483375
113756,2.4054491121965285
113757,2.3702066451340196
113758,2.359021921270092
113759,2.33730532586965
113760,2.4225403122099327
113761,2.34248900664335
113762,2.35917598774087
113763,2.3526742351182794
113764,2.358817249508342
113765,2.351028425906281
113766,2.3150524570750077
113767,2.3933107625641696
113768,2.3619332566391775
113769,2.365522571525435
113770,2.34025488538347
113771,2.3579803891603595
113772,2.2999382984743675
113773,2.382905939333034
113774,2.3957743928422093
113775,2.355453594425122
113776,2.3894846906644
113777,2.3892403639645385
113778,2.421243418602189
113779,2.3583133245149948
113780,2.342084965762354
113781,2.3923293290152956
113782,2.3903615435542394
113783,2.307572756798438
113784,2.3473174049814687
113785,2.3620116380625733
113786,2.3550495802639015
113787,2.3424553146247584
113788,2.4072834776586607
113789,2.380404982823764
113790,2.3565816829980135
113791,2.400549348145228
113792,2.338966672939587
113793,2.4052468342802977
113794,2.365448484196987
113795,2.4039220169446813
113796,2.3384411439922754
113797,2.3874496605012654
113798,2.3467030355978946
113799,2.354926913138011
113800,2.3716187202896273
113801,2.3631660511239647
113802,2.3812055164830745
113803,2.429255602007737
113804,2.361335429834817
113805,2.3749018283204086
113806,2.341114255669964
113807,2.3659704027640553
113808,2.3615121733345674
113809,2.3837111105879543
113810,2.3715237397375253
113811,2.340636078819981
113812,2.395566161833983
113813,2.3462328815714653
113814,2.360161007611452
113815,2.332509330725174
113816,2.365643527876944
113817,2.37053336797671
113818,2.42089245185795
113819,2.3289438806384033
113820,2.389807513190833
113821,2.351285198540045
113822,2.369108993106692
113823,2.3447027457667335
113824,2.34748757289878
113825,2.412452087165192
113826,2.358919305124065
113827,2.3908365359640276
113828,2.429169314482923
113829,2.376025539969401
113830,2.397081725283229
113831,2.3669899028972865
113832,2.3591616169997063
113833,2.3642552231299176
113834,2.3741543371861127
113835,2.335102126104041
113836,2.3935013208346776
113837,2.3547630512190976
113838,2.3772195809623775
113839,2.438998736997268
113840,2.339668298329659
113841,2.382873928606768
113842,2.3962459285622915
113843,2.3345922190778503
113844,2.366075101116638
113845,2.4038789957768807
113846,2.3565919154485893
113847,2.361168300167917
113848,2.3919543158639938
113849,2.391342833539885
113850,2.4009766577468286
113851,2.399131203000207
113852,2.3738299830034975
113853,2.355458858747463
113854,2.345534312009881
113855,2.3821527086990573
113856,2.3689086569225988
113857,2.3956030531868273
113858,2.298147880187996
113859,2.384004488318325
113860,2.3591072221104814
113861,2.4128291344540562
113862,2.3778201746497785
113863,2.364139913842662
113864,2.381653630380946
113865,2.3683442434045636
113866,2.42164617757697
113867,2.399632043622989
113868,2.3633699026784294
113869,2.432163702456635
113870,2.334037788976855
113871,2.337479938402825
113872,2.395958903336533
113873,2.3647809139162117
113874,2.378021752914307
113875,2.3644959310031175
113876,2.3009623970870536
113877,2.4485336743106085
113878,2.378539629513404
113879,2.368425670472207
113880,2.344534865470664
113881,2.412337086992318
113882,2.4387407609050293
113883,2.3461529422997116
113884,2.3923452075725304
113885,2.3647083775825393
113886,2.3365520324622824
113887,2.2869246163585326
113888,2.3522658270648957
113889,2.3511814886713553
113890,2.3661692909716154
113891,2.3393991302476005
113892,2.353344897591163
113893,2.372995611246234
113894,2.3612038209281474
113895,2.3734756730747777
113896,2.355450008432579
113897,2.376269989686701
113898,2.3888367041351843
113899,2.394344988487569
113900,2.317037914473924
113901,2.3659973908556937
113902,2.3869810970376055
113903,2.3479557744714366
113904,2.4088517015261415
113905,2.3591049028067146
113906,2.351332010983356
113907,2.3504925075233656
113908,2.3780724154608417
113909,2.4035992408512867
113910,2.3810948576907784
113911,2.3365857833289954
113912,2.33200274996934
113913,2.382890649421416
113914,2.393647391512475
113915,2.379768021819098
113916,2.4279551389979894
113917,2.3459244802238706
113918,2.3380725447129294
113919,2.357950438279068
113920,2.4258863241319433
113921,2.3762909876538534
113922,2.328161366836928
113923,2.347301813856364
113924,2.4244858312424653
113925,2.393773936343566
113926,2.3704746377013355
113927,2.3416061938089854
113928,2.364072671662429
113929,2.316042721555992
113930,2.3989419995150096
113931,2.354673735700475
113932,2.375565280703066
113933,2.3393949328898462
113934,2.358421688194938
113935,2.384376535181903
113936,2.3710313087714976
113937,2.3725934534426862
113938,2.3228834691940463
113939,2.385420982695867
113940,2.4285122712721336
113941,2.3593945294305216
113942,2.3825572271330344
113943,2.3464198741362825
113944,2.427473315960055
113945,2.422751794906863
113946,2.4057598826473545
113947,2.3616457705085185
113948,2.446824788290475
113949,2.39137358767489
113950,2.379276276918421
113951,2.371528475391634
113952,2.363217502080823
113953,2.336928565453463
113954,2.36833649210589
113955,2.348979357287647
113956,2.37897759525478
113957,2.339323248554188
113958,2.333886149940786
113959,2.3966823803317565
113960,2.347842528849747
113961,2.3840530958351898
113962,2.3524653743624446
113963,2.2828613171461516
113964,2.323050976491184
113965,2.3761901485589476
113966,2.361683304835144
113967,2.422686425159715
113968,2.3512731886208265
113969,2.3706865273748914
113970,2.390177415729975
113971,2.373483162737752
113972,2.401053900472276
113973,2.3720761426938326
113974,2.392744191129281
113975,2.3836266781538438
113976,2.3802620691855436
113977,2.357082286129462
113978,2.4031190045643713
113979,2.371668076345929
113980,2.4231045538522404
113981,2.3535832431731167
113982,2.3771694928343896
113983,2.363890402240037
113984,2.3702846683271583
113985,2.354489376511832
113986,2.3544001377265746
113987,2.414768874904163
113988,2.423290223093872
113989,2.380050377988254
113990,2.3503147817297387
113991,2.3939152831173156
113992,2.3262757942707823
113993,2.3835576765528947
113994,2.3561361457828474
113995,2.38644188890213
113996,2.3755068631259326
113997,2.3284234822721346
113998,2.4141183079798934
113999,2.351382521014158
114000,3.53452647455838
114001,3.5018985278222536
114002,3.4447194930606835
114003,3.4480817815466596
114004,3.4486736568490497
114005,3.450287172012228
114006,3.4610178191642325
114007,3.4429562523750863
114008,3.428867523829198
114009,3.317568946369969
114010,3.3255172179614223
114011,3.3921210112125895
114012,3.3321249554434043
114013,3.3529073150583377
114014,3.361531228661641
114015,3.266746039911442
114016,3.339639913999687
114017,3.256432898875636
114018,3.2602352970057003
114019,3.26514046474926
114020,3.2652159438431454
114021,3.2085794064002835
114022,3.1887201378219
114023,3.244928744564862
114024,3.2218158042107725
114025,3.1866270713689535
114026,3.131683158227782
114027,3.1761495298738076
114028,3.2248636738558427
114029,3.1538345369845424
114030,3.1220442716760672
114031,3.138866891977612
114032,3.1335318715958618
114033,3.130074251220506
114034,3.0042984703726985
114035,3.0451122118390477
114036,3.121114212751968
114037,3.0341435283583253
114038,3.045435286642329
114039,3.016601606704329
114040,2.9948915019438034
114041,3.0337454942260145
114042,2.9724169377203395
114043,2.994871257086204
114044,2.9864194224826504
114045,2.983403973428935
114046,2.973579593569701
114047,2.932793037695064
114048,3.0046759799793556
114049,2.913774979291824
114050,2.9734071686350725
114051,2.9023022142967516
114052,2.9394706521533935
114053,2.897408336361386
114054,2.920172186694458
114055,2.894956302766132
114056,2.894347795188316
114057,2.8406675764508513
114058,2.837272037092953
114059,2.8485713481559487
114060,2.895682401616937
114061,2.8521552452338326
114062,2.859530783739882
114063,2.803681243255225
114064,2.8113581941740198
114065,2.785558909778958
114066,2.785132516098618
114067,2.7753002515897682
114068,2.7781942499947685
114069,2.83033967857865
114070,2.788238952934051
114071,2.7351416070882166
114072,2.751192618772799
114073,2.712508669089219
114074,2.6866598781539075
114075,2.706176002457722
114076,2.6941542589120995
114077,2.698045552020113
114078,2.6918731739881934
114079,2.6857478565783954
114080,2.6613399278934344
114081,2.6208770666865187
114082,2.7021331069866545
114083,2.6741952703442458
114084,2.6607119853264334
114085,2.664120239769542
114086,2.6258877138441137
114087,2.613031214557226
114088,2.6070210430888925
114089,2.6271210617999774
114090,2.602991180603045
114091,2.6092783895970157
114092,2.6068838260035907
114093,2.6071938146989737
114094,2.598441089904847
114095,2.5810648668146547
114096,2.605436751769614
114097,2.5748389771475004
114098,2.5410786949214583
114099,2.5287306181830407
114100,2.5215372007148815
114101,2.4999482010243477
114102,2.564703131026363
114103,2.4922761029529346
114104,2.5210761924117673
114105,2.484281718152134
114106,2.493829432688114
114107,2.5301564488128125
114108,2.4479372702821034
114109,2.498657376718368
114110,2.447590717889307
114111,2.4197275469108632
114112,2.451556618978442
114113,2.4549642451825844
114114,2.457775189688287
114115,2.44938806613006
114116,2.392665363838643
114117,2.4269758538055672
114118,2.4225722382147725
114119,2.37433006230159
114120,2.417605250078228
114121,2.4206190653301585
114122,2.375455555786226
114123,2.366049309433128
114124,2.337296973651204
114125,2.346397642661291
114126,2.417813345098066
114127,2.309690404472306
114128,2.357481094089513
114129,2.3655103271963114
114130,2.3391310516893977
114131,2.338809987268427
114132,2.3263368079527083
114133,2.3125823363654088
114134,2.3594544031326463
114135,2.3054943781014323
114136,2.2991338764594116
114137,2.3227483436550775
114138,2.2954681169528612
114139,2.2397951777541905
114140,2.3093863681748625
114141,2.2807877379897312
114142,2.3316313522745835
114143,2.267739901070821
114144,2.2876616147065403
114145,2.2387024229724375
114146,2.301615331491053
114147,2.271086262687297
114148,2.331919572940691
114149,2.2653122107388493
114150,2.210001523248529
114151,2.232483292474118
114152,2.295156083826838
114153,2.2011717486336058
114154,2.269211304683187
114155,2.20395797584653
114156,2.2255163593343985
114157,2.2011265018263497
114158,2.260059517566349
114159,2.1708919189283766
114160,2.171835948011983
114161,2.178235954964152
114162,2.2130730678470214
114163,2.178097531360617
114164,2.217676843862102
114165,2.1717370531868574
114166,2.1949404054707093
114167,2.1555768922824483
114168,2.219980647545746
114169,2.1956519105296053
114170,2.1780373022104356
114171,2.135767418678832
114172,2.127005530698418
114173,2.170490821682839
114174,2.185398479630543
114175,2.162210813674867
114176,2.178385837661071
114177,2.1624679963550846
114178,2.1278876403425757
114179,2.17221002963876
114180,2.1117597105111217
114181,2.100339675898007
114182,2.1279780293069197
114183,2.130322441753397
114184,2.0998661472970315
114185,2.0550392332291336
114186,2.122733348464183
114187,2.1102567189965074
114188,2.128569407824313
114189,2.1082735331342235
114190,2.0504112693449104
114191,2.0803368819783232
114192,2.1155980401165415
114193,2.0491328934745403
114194,2.0596753091284605
114195,2.0545102541563005
114196,2.0830542926449254
114197,2.0179252305030015
114198,2.0778603956008705
114199,2.0728203770490135
114200,2.004758888636875
114201,2.0000246874049696
114202,1.9906345649031572
114203,2.0578639443552484
114204,2.0629801546511013
114205,2.050613118245407
114206,2.009363776929402
114207,2.001543194636595
114208,1.9348955401005168
114209,2.0106948712309136
114210,2.0455793143282053
114211,2.018398855828447
114212,2.0349371044788565
114213,2.015975890194344
114214,2.0035504933218853
114215,2.0156770795420713
114216,2.000851247353626
114217,2.017828667849852
114218,2.0587782611667174
114219,1.9809191972716234
114220,1.9877411383768302
114221,1.9858720713774336
114222,1.9471318792693355
114223,1.9824941242199376
114224,1.8938959227905936
114225,1.9812751673739641
114226,2.001152265749644
114227,1.915611476474695
114228,1.9644789395348283
114229,1.9767379451552314
114230,1.9178796300252752
114231,1.9856511430558086
114232,1.9551937401510309
114233,1.997195440761551
114234,1.9299393104090734
114235,1.8393536359274856
114236,1.9656541390719715
114237,1.962899408310373
114238,1.993768039637046
114239,1.947020409047935
114240,1.9786250714808753
114241,1.9589651506109347
114242,1.9066491346665013
114243,1.8872980277457116
114244,1.922189531487082
114245,1.9223018255668785
114246,1.937099098864693
114247,1.8812564872141184
114248,1.9336230173405395
114249,1.8914225136295497
114250,1.9376974348153346
114251,1.9496161430805692
114252,1.9113983883131007
114253,1.9153336926381979
114254,1.8765148833179033
114255,1.9337575652389234
114256,1.9549976653135779
114257,1.8980933496504204
114258,1.8901387621391388
114259,1.8475239737067457
114260,1.871662809294502
114261,1.888837318676717
114262,1.8569376449885246
114263,1.9437801043121987
114264,1.8845748888437546
114265,1.8532785631399313
114266,1.8855903887943914
114267,1.8771568656714617
114268,1.8466423775327194
114269,1.895915448520007
114270,1.8312228573026037
114271,1.8579132873300563
114272,1.8518897796201323
114273,1.8561574702447243
114274,1.8826104179272831
114275,1.9024942085337944
114276,1.8638831292525346
114277,1.8771840398298767
114278,1.8994392192602056
114279,1.836150342947868
114280,1.8419000976729119
114281,1.84113281699747
114282,1.8464446992962682
114283,1.8975218948406816
114284,1.8590267723949654
114285,1.85076610482987
114286,1.818422222920552
114287,1.772007311473172
114288,1.7862374758773192
114289,1.8024704515142356
114290,1.7946352065032352
114291,1.8880464560040775
114292,1.8553741667592867
114293,1.78641434705024
114294,1.8460514862793815
114295,1.8306757970969132
114296,1.8246180332301924
114297,1.8019415083788626
114298,1.8107680411833396
114299,1.8322011847492878
114300,1.795761807454174
114301,1.7502763998811546
114302,1.7947622178762015
114303,1.7933269004520516
114304,1.7374590218209491
114305,1.7871721222738495
114306,1.799184744330076
114307,1.8163542282944722
114308,1.7446200415898918
114309,1.7991479325216828
114310,1.758512182884462
114311,1.8052830918910419
114312,1.7935769843492166
114313,1.771471274366548
114314,1.780048600620588
114315,1.7786250647142716
114316,1.7862990809434525
114317,1.81156420412546
114318,1.7939960589002681
114319,1.7247796009609937
114320,1.7525497012751545
114321,1.7928718244838167
114322,1.823374939910765
114323,1.793303003020323
114324,1.7737052328940899
114325,1.7785249858211973
114326,1.7706928236624966
114327,1.791451802608066
114328,1.7526233207627517
114329,1.7201931991898551
114330,1.7651331853157133
114331,1.7378431618114565
114332,1.7977686308511185
114333,1.8110604938390291
114334,1.7568250116349808
114335,1.794494693969867
114336,1.7461517900224213
114337,1.7159599583715188
114338,1.7741381579105717
114339,1.7336576306752356
114340,1.758397490414444
114341,1.739499482178691
114342,1.7914939150179738
114343,1.6706505853562226
114344,1.7546173143911439
114345,1.773589757918402
114346,1.7206892648206846
114347,1.7261884517794408
114348,1.7432534756161888
114349,1.7426536378051722
114350,1.7530277456414494
114351,1.7404014483916561
114352,1.6992133880426894
114353,1.770219518764408
114354,1.7170526008007596
114355,1.7755497181879307
114356,1.73492939056174
114357,1.7042541862667857
114358,1.690647783802535
114359,1.7376802893301142
114360,1.6780175759666014
114361,1.7280448217574007
114362,1.672667718935326
114363,1.7193261286170982
114364,1.7187868140170115
114365,1.7590291135707299
114366,1.7255962516479963
114367,1.6834393636302711
114368,1.6874588210486237
114369,1.6575409003431008
114370,1.7001196485661874
114371,1.7551418768106728
114372,1.7127139378806704
114373,1.69295170906855
114374,1.7777240786162662
114375,1.7428991894047694
114376,1.7073368778321274
114377,1.6568401135257251
114378,1.7318058000273355
114379,1.7333226533857573
114380,1.7024006126253446
114381,1.6601251897135796
114382,1.6836750003346603
114383,1.7308857963542827
114384,1.708027517292504
114385,1.6928945256841592
114386,1.669347187757439
114387,1.7208383347486143
114388,1.7437585494138157
114389,1.6822207171917887
114390,1.6829726920888797
114391,1.722624936166138
114392,1.6581912379903445
114393,1.7100516732415474
114394,1.6424580720301891
114395,1.697393225261014
114396,1.7323030519924494
114397,1.6919040696166725
114398,1.7259344299448354
114399,1.6729478198182015
114400,1.6716559239829103
114401,1.7352247589851257
114402,1.633759087486947
114403,1.7440475988183715
114404,1.6838864670747111
114405,1.738259926411761
114406,1.689420963559401
114407,1.6998591936926326
114408,1.678371058676636
114409,1.6291534292310352
114410,1.6827110653951354
114411,1.620975227489867
114412,1.7028492327370783
114413,1.6755658326459901
114414,1.6358693416783796
114415,1.643402616717507
114416,1.6936446342943778
114417,1.6598040097913842
114418,1.692765867600381
114419,1.6897030325976345
114420,1.6186253202865364
114421,1.6919354758437994
114422,1.6058794402535874
114423,1.7044930665142284
114424,1.6672599523667258
114425,1.6585784801362664
114426,1.7079223870389266
114427,1.6912681402837908
114428,1.6444483366109717
114429,1.695231552880939
114430,1.685251456053643
114431,1.60486141784783
114432,1.6536670299150844
114433,1.653548395929503
114434,1.696433867320047
114435,1.621353254789165
114436,1.6446426791638726
114437,1.716172791524372
114438,1.680531654124179
114439,1.6819480985577173
114440,1.6886763909012525
114441,1.6050792389688815
114442,1.686546668788203
114443,1.6133016059731458
114444,1.6548251240842147
114445,1.6551825080079006
114446,1.665975216056842
114447,1.6996480065341757
114448,1.6832697494450266
114449,1.6830863110411125
114450,1.6444433927055246
114451,1.6251904129803088
114452,1.6498749207874563
114453,1.6681780227777614
114454,1.6255160473222823
114455,1.6326672529825086
114456,1.6300301072837269
114457,1.6533868209027351
114458,1.6967984049498925
114459,1.5901250402146057
114460,1.644938514530672
114461,1.6159230652052796
114462,1.6702541607592967
114463,1.683291843246248
114464,1.6647871827149272
114465,1.6395896867511495
114466,1.706060671936035
114467,1.5576733056808998
114468,1.6363093577535985
114469,1.5742769490833854
114470,1.6501428247415573
114471,1.6751219208050272
114472,1.6515188064121895
114473,1.629248463019246
114474,1.6828093723615727
114475,1.6513965797129342
114476,1.5962880732903595
114477,1.61982296278277
114478,1.624009516544151
114479,1.642282546544421
114480,1.6338137908652426
114481,1.6742184415920303
114482,1.6773864064363986
114483,1.6122411067264657
114484,1.7075897149870731
114485,1.60499580004082
114486,1.6538308557032475
114487,1.6841391353071582
114488,1.6571281836816258
114489,1.6306783773560303
114490,1.5809078449915848
114491,1.6556477579408888
114492,1.6209979861520474
114493,1.6301111006235616
114494,1.708190707793213
114495,1.5882940328766557
114496,1.6122529070909333
114497,1.630654815770397
114498,1.6664621275291873
114499,1.625815520198181
114500,1.6894549886968415
114501,1.63519346850513
114502,1.6757691773441246
114503,1.6513674723750285
114504,1.641710223744476
114505,1.5917058825118824
114506,1.670932045748273
114507,1.6124431930085454
114508,1.594956557890692
114509,1.6069697620154306
114510,1.5949220009975624
114511,1.5723872759431468
114512,1.559889307700941
114513,1.6081512117271983
114514,1.5762227124451762
114515,1.6073545937024818
114516,1.655729720456074
114517,1.625507970090835
114518,1.665265559758087
114519,1.6689258537979548
114520,1.6079054225670568
114521,1.6232779810826872
114522,1.6426989596592605
114523,1.6425045830883225
114524,1.6491508691374057
114525,1.6394231472187926
114526,1.6263731119294544
114527,1.6124312807543764
114528,1.5641625705831954
114529,1.5916956104226139
114530,1.6514568808171113
114531,1.601167474277521
114532,1.6038210255503205
114533,1.616333123101764
114534,1.6187463687007937
114535,1.6681533866922786
114536,1.6285754983359457
114537,1.5698483489766744
114538,1.6497264366176743
114539,1.5983417363274752
114540,1.5585345610317756
114541,1.5834318477923162
114542,1.6161291957711488
114543,1.5919233181837857
114544,1.652658215800854
114545,1.579000455045725
114546,1.60502192408249
114547,1.6563431724897126
114548,1.6204168269811539
114549,1.5906107708970634
114550,1.6358764855673658
114551,1.646965848865672
114552,1.6408942540804907
114553,1.6152659554257638
114554,1.6156062834401361
114555,1.5960627979891893
114556,1.6132445136228615
114557,1.6301955677012823
114558,1.614668930911397
114559,1.6366368387586174
114560,1.6925405820396537
114561,1.5576117763572157
114562,1.579448333727576
114563,1.6141658059126491
114564,1.5536977786614512
114565,1.594784768335102
114566,1.602482488276907
114567,1.6131610342756257
114568,1.5811141379159657
114569,1.6458477862479157
114570,1.6217145351349997
114571,1.6623473266980153
114572,1.5966442949946238
114573,1.6334666636451112
114574,1.6090729275430902
114575,1.5518381000321035
114576,1.6209650340200559
114577,1.6187838017103209
114578,1.5709052801389205
114579,1.6110751477151861
114580,1.6386348567803164
114581,1.6104455857536675
114582,1.6014544411533271
114583,1.6008946922777538
114584,1.5466483593387004
114585,1.6254972243820596
114586,1.5924283509528556
114587,1.6362423017877634
114588,1.6472619539826332
114589,1.5887937814703221
114590,1.630344007543846
114591,1.5625526292161505
114592,1.58512303506079
114593,1.6132972780559405
114594,1.570897755697962
114595,1.6305080643012324
114596,1.6239249160698253
114597,1.5697977638532428
114598,1.6670148472593644
114599,1.6261787770358311
114600,1.5851248281040689
114601,1.6298754290033028
114602,1.5575953831016063
114603,1.6251958523750971
114604,1.592799833327644
114605,1.5679244149116873
114606,1.5749103119423493
114607,1.596604048905063
114608,1.614845786509817
114609,1.6032293407114837
114610,1.6216512424065483
114611,1.6029165350632621
114612,1.593575560567693
114613,1.6299894363235987
114614,1.6033230186089218
114615,1.6297614323629275
114616,1.5369694168934362
114617,1.5960871815770683
114618,1.6129678986459108
114619,1.5647571009251782
114620,1.6207856324960026
114621,1.5828297760818884
114622,1.6271528864588294
114623,1.6631279148071352
114624,1.668613190986918
114625,1.6106261167123423
114626,1.580201074582535
114627,1.5955816179098765
114628,1.6004926351234
114629,1.6290806404384541
114630,1.6041981232068463
114631,1.591425470003152
114632,1.5492559209422114
114633,1.6205895292838537
114634,1.5656432083758605
114635,1.5881543995972136
114636,1.5572229437213871
114637,1.654093775498901
114638,1.5756555748475836
114639,1.5391640541676577
114640,1.624078194930246
114641,1.5774395662158225
114642,1.6230606081020489
114643,1.61877640211957
114644,1.6351639510502385
114645,1.5892947148293466
114646,1.6149393040493072
114647,1.5778590874358263
114648,1.6382948215568123
114649,1.5865089696375347
114650,1.632076750084282
114651,1.5732539576344975
114652,1.592309675984075
114653,1.5558662559622598
114654,1.6519430410752436
114655,1.6248768672888663
114656,1.5691723139576481
114657,1.65028092111764
114658,1.5828927179623147
114659,1.5555854282390622
114660,1.5794170138905925
114661,1.5801018303355963
114662,1.6014750054467164
114663,1.5689226204453215
114664,1.5632867203937086
114665,1.5592688641049137
114666,1.6246256936095325
114667,1.5912986678016943
114668,1.6043742035892865
114669,1.5509803846761696
114670,1.5767964828086223
114671,1.6192458687606999
114672,1.624124069615918
114673,1.5652787275304565
114674,1.620934596169128
114675,1.5916469723147058
114676,1.53577608021021
114677,1.6227089634436982
114678,1.5433503117411829
114679,1.5859191361204499
114680,1.5434240246095643
114681,1.5716681270840585
114682,1.5185148615008097
114683,1.637179466400342
114684,1.5406159532080743
114685,1.6055940232797326
114686,1.6406941880097294
114687,1.5827409977034497
114688,1.5707789315882283
114689,1.5467254114783047
114690,1.5867772987590802
114691,1.558734552430387
114692,1.5481954551610502
114693,1.5752724841599486
114694,1.5636344852311845
114695,1.5511336870620218
114696,1.6029473488802484
114697,1.5677152033808968
114698,1.5743570528427193
114699,1.5844340304165208
114700,1.6046990850588227
114701,1.5994755468245854
114702,1.6264874177918787
114703,1.5894605027231443
114704,1.612959100613472
114705,1.5938367019343689
114706,1.5678635761765454
114707,1.5169492804039815
114708,1.6033787729284126
114709,1.5757502794280698
114710,1.6713608530396906
114711,1.628046209549842
114712,1.623236571056684
114713,1.5616537819144425
114714,1.5784184828275594
114715,1.601779357693474
114716,1.6040409465394272
114717,1.6032043323835754
114718,1.554756414832322
114719,1.5943694621512585
114720,1.6152901655566254
114721,1.56486470336063
114722,1.5667958361244527
114723,1.5366810446589367
114724,1.5865274608528743
114725,1.5960061326845778
114726,1.5570174551303098
114727,1.5785298808976789
114728,1.5329773012645471
114729,1.6174389868002579
114730,1.5905732226010842
114731,1.5944318305392984
114732,1.561042871409619
114733,1.5841918083604118
114734,1.6225416141475877
114735,1.5549109256792553
114736,1.5843142771860206
114737,1.5961910960110834
114738,1.5987509463566123
114739,1.5524749485356424
114740,1.6163864541028026
114741,1.5266354549301528
114742,1.5758844044422418
114743,1.5198940777137853
114744,1.5984060442702763
114745,1.5840910624317677
114746,1.6121705407424665
114747,1.6467531086242404
114748,1.606351001502702
114749,1.621717968688326
114750,1.5828350840646597
114751,1.57114812498276
114752,1.5937225275843567
114753,1.5883986734331317
114754,1.5964597563184075
114755,1.546765669365861
114756,1.5361183039489263
114757,1.6024006021358168
114758,1.5856278256190623
114759,1.5560201632263786
114760,1.553716874171966
114761,1.576841268112932
114762,1.5975067306045867
114763,1.5819124422349242
114764,1.6172912682081806
114765,1.6082702916569365
114766,1.567546458013164
114767,1.5638090339749326
114768,1.577998187264053
114769,1.5585714882364547
114770,1.585484866455964
114771,1.5740102391746098
114772,1.5832081205170965
114773,1.5828388284265336
114774,1.5194917039160216
114775,1.5959251280805629
114776,1.5861812312070191
114777,1.5784871013280513
114778,1.5877776699106534
114779,1.5754211837406469
114780,1.5937703678092614
114781,1.5898460239410115
114782,1.556182270092844
114783,1.575840018478716
114784,1.560975929140129
114785,1.543786724373972
114786,1.59960633995991
114787,1.6289629722105854
114788,1.5690864028499143
114789,1.5362969714006822
114790,1.5648297595969276
114791,1.5601832935368194
114792,1.5527436810639808
114793,1.5878252625059819
114794,1.576417120954806
114795,1.6253120583908736
114796,1.625359406897725
114797,1.5402715772793611
114798,1.6354584728042292
114799,1.5803933456107822
114800,1.5678432584780189
114801,1.6192328769224766
114802,1.5539803475131606
114803,1.5666470391826446
114804,1.5397503872522504
114805,1.5905690445265253
114806,1.6348867180097941
114807,1.5400448303919745
114808,1.6199839545404249
114809,1.6265334969749803
114810,1.6136565925968545
114811,1.6212951663817796
114812,1.5433652366604225
114813,1.5898922993550062
114814,1.560887305835441
114815,1.5907820170580187
114816,1.5885496187931873
114817,1.531895468893269
114818,1.5804990367837155
114819,1.6362324761833835
114820,1.611818825390246
114821,1.603383460549501
114822,1.5605503023385547
114823,1.5610856729021545
114824,1.6171922477752618
114825,1.532253924103088
114826,1.582942881020583
114827,1.5970948235777112
114828,1.5441882486082679
114829,1.587808059979293
114830,1.5686410715707892
114831,1.5714467935710228
114832,1.551686440124752
114833,1.5849716809746508
114834,1.554846296773618
114835,1.6069615815483016
114836,1.58547564736857
114837,1.6227441855135236
114838,1.5856971872777297
114839,1.6104661769794306
114840,1.5946630895449503
114841,1.6169680677537805
114842,1.5601076726410463
114843,1.5999270761013673
114844,1.5601089515279167
114845,1.5803677877746534
114846,1.5426480351031442
114847,1.5782958510969842
114848,1.5797161985585193
114849,1.5820267950625417
114850,1.5418933419759737
114851,1.5420059576353438
114852,1.5943596572655332
114853,1.603537454695264
114854,1.5638496456793682
114855,1.5510801702057138
114856,1.585327869702851
114857,1.6198238079774048
114858,1.5684144476356523
114859,1.5648127864472612
114860,1.543488239999326
114861,1.568818968206139
114862,1.5418549397243664
114863,1.5103112808540302
114864,1.5172557884729236
114865,1.5774758858082125
114866,1.5495359583658932
114867,1.6330624938176934
114868,1.5740176252409408
114869,1.5786578855989912
114870,1.5850309825970368
114871,1.6030635082186893
114872,1.577157609944879
114873,1.5538018142897716
114874,1.6370926230432248
114875,1.5676379898787243
114876,1.5952760019947292
114877,1.5866668507910289
114878,1.6006428882611887
114879,1.5877432850572035
114880,1.54735415723671
114881,1.5540265462649914
114882,1.5427605127665627
114883,1.578852627711692
114884,1.6383942881735054
114885,1.6376758001167493
114886,1.6158401972010032
114887,1.5783792056475876
114888,1.5560377604247524
114889,1.5725618919623816
114890,1.6072148817657135
114891,1.5769344716124052
114892,1.588201315915948
114893,1.5237696870159236
114894,1.560418415290514
114895,1.5659777043801169
114896,1.5676350388763687
114897,1.5597390810297251
114898,1.537153800352884
114899,1.602522909413913
114900,1.5915072340872656
114901,1.5771959426003999
114902,1.6128107179352158
114903,1.6099996742255978
114904,1.5780036332706726
114905,1.5740411820713471
114906,1.5695447619254408
114907,1.5893556773259245
114908,1.5285721658526281
114909,1.5710495781675904
114910,1.6089295509625674
114911,1.6039209498055593
114912,1.5535828368273994
114913,1.624903420346996
114914,1.6084134403402
114915,1.5527862215064026
114916,1.568940178265518
114917,1.550658461458411
114918,1.536253911601142
114919,1.5258984180453978
114920,1.589363248400373
114921,1.5872587826749571
114922,1.5997323779018497
114923,1.5361693495863
114924,1.5659913404258072
114925,1.5565549256543372
114926,1.6042061159139047
114927,1.5715773481632889
114928,1.584369955401239
114929,1.6191683482872519
114930,1.6244747470468257
114931,1.5187154526574695
114932,1.610492590989221
114933,1.5821613233560863
114934,1.5759833729023414
114935,1.6019834607134085
114936,1.5633306628124957
114937,1.578760158200741
114938,1.5648270912363953
114939,1.57974328966226
114940,1.5967251042558372
114941,1.5580585924896293
114942,1.5783794768663455
114943,1.561044724162797
114944,1.5722788351393338
114945,1.60299508627734
114946,1.569882094088615
114947,1.5297794339179562
114948,1.5520926551184262
114949,1.6272033418496779
114950,1.568391741297394
114951,1.57975980292155
114952,1.5685005429606151
114953,1.6269652765954181
114954,1.4932453018472374
114955,1.5030423720111783
114956,1.56139041246427
114957,1.5929598133365257
114958,1.5417732703283735
114959,1.5772530905980326
114960,1.549058105879041
114961,1.584555108094793
114962,1.5650249521959496
114963,1.6046325572768385
114964,1.5807799404746503
114965,1.5880457736068918
114966,1.5645464719853337
114967,1.576382285602433
114968,1.5564146534491754
114969,1.6277632223847431
114970,1.5953765914843663
114971,1.5492975894910508
114972,1.5772306622561456
114973,1.5888908252754204
114974,1.5503455548281766
114975,1.5165945054034213
114976,1.5537993980816265
114977,1.551320468285877
114978,1.5854330348566976
114979,1.563737040365596
114980,1.5816931395271163
114981,1.5387557784543562
114982,1.5480551520795274
114983,1.5582693170878377
114984,1.6200858568249237
114985,1.5796463112187134
114986,1.602365470892811
114987,1.6256489341390243
114988,1.5857158300940215
114989,1.5308365813820497
114990,1.6138547863688042
114991,1.4818471687134827
114992,1.580499176215292
114993,1.5572968087240433
114994,1.6074108437465027
114995,1.6134347211186812
114996,1.6443083154564455
114997,1.583170276228561
114998,1.535759515933786
114999,1.5463882330024044
115000,1.5833188791993
115001,1.5689400907378834
115002,1.565289171066397
115003,1.6042425012906274
115004,1.5851144581873498
115005,1.565915608091213
115006,1.5461533451920348
115007,1.555568469428938
115008,1.567773136547102
115009,1.5853243245243906
115010,1.5604448692114856
115011,1.5684932848488844
115012,1.6162638246031078
115013,1.6091306051030265
115014,1.5751989828346644
115015,1.6185858595813307
115016,1.6039810169835913
115017,1.5791143056328285
115018,1.5603568309531854
115019,1.536418233738999
115020,1.5660797403898294
115021,1.616797628077222
115022,1.5200528501184027
115023,1.5567273298114033
115024,1.6069154396816843
115025,1.5330914090846424
115026,1.58367852282955
115027,1.5676487010137388
115028,1.583271464626362
115029,1.5843830662456844
115030,1.5697680199197892
115031,1.6372422589818023
115032,1.558829584069154
115033,1.5822898228367774
115034,1.58658954192083
115035,1.5019694799764827
115036,1.5347939280072498
115037,1.541725583018031
115038,1.5517553484965072
115039,1.5873212167102093
115040,1.5648673532869606
115041,1.5975266204518719
115042,1.5714481307596389
115043,1.551464704992069
115044,1.5507891577423243
115045,1.5831062610586637
115046,1.5863553869703761
115047,1.5407092534480369
115048,1.5749591492601607
115049,1.5508718082411503
115050,1.5800526272114335
115051,1.5329818195748952
115052,1.6295737288133245
115053,1.6530631846608228
115054,1.5363215022946068
115055,1.5779430589334535
115056,1.5749821529581849
115057,1.5689575973175194
115058,1.5278347845588698
115059,1.564349574180753
115060,1.5620755764184624
115061,1.5688142302574843
115062,1.640673974007472
115063,1.564902886454742
115064,1.6283268425965003
115065,1.5637090358367485
115066,1.561038025339995
115067,1.5897016346974466
115068,1.5534955616836028
115069,1.5825890936442877
115070,1.6207793424868753
115071,1.5874806208960541
115072,1.553342883501374
115073,1.566358246665294
115074,1.5852105419179956
115075,1.57905090837964
115076,1.5738675736765868
115077,1.6237444623065875
115078,1.5601422290686817
115079,1.5843691225813838
115080,1.618704464013376
115081,1.5587880234698956
115082,1.5401386679645892
115083,1.5417342004336576
115084,1.5865857387593088
115085,1.604857040064
115086,1.624837919895138
115087,1.5200597893162175
115088,1.5907503967958738
115089,1.5648605440076582
115090,1.5772946420532865
115091,1.5609239547389226
115092,1.54268709820725
115093,1.5748055582519305
115094,1.6023419837468353
115095,1.5488869266588903
115096,1.5750422870936864
115097,1.5748423699326835
115098,1.5636058940787603
115099,1.552405339352572
115100,1.5532179669744905
115101,1.564330264064523
115102,1.5425109813570004
115103,1.5385188754770929
115104,1.5735826742475092
115105,1.570817046216537
115106,1.5243987296391706
115107,1.5731018305868645
115108,1.5383620547489667
115109,1.5572017036140784
115110,1.530530137676213
115111,1.576402262451327
115112,1.5850803740826698
115113,1.588360192569309
115114,1.5590147617285603
115115,1.5933494446940941
115116,1.6017562653716662
115117,1.6091171540891833
115118,1.6131451468627112
115119,1.5554025537132516
115120,1.5348232549628624
115121,1.5243709256821514
115122,1.5679900271632317
115123,1.555510578992155
115124,1.5684093547396565
115125,1.6165133535109124
115126,1.5481497942393114
115127,1.5752242154356229
115128,1.5602408455232115
115129,1.658661161494554
115130,1.5449440840675084
115131,1.6077345005031682
115132,1.5471505483118784
115133,1.5851236338617802
115134,1.5166919746963845
115135,1.5752557202008992
115136,1.5705408724627794
115137,1.5860014593432163
115138,1.5556694860983442
115139,1.5601983115467173
115140,1.5541476706201778
115141,1.5956467430925652
115142,1.5880245762005076
115143,1.5669013453736662
115144,1.597724829489442
115145,1.538596730459948
115146,1.5749650616191369
115147,1.5630426077181727
115148,1.5674100853534447
115149,1.5453082957158726
115150,1.6430270449900193
115151,1.6229090928627437
115152,1.6132915298456867
115153,1.6136231973783062
115154,1.5823567457975425
115155,1.5932192024291556
115156,1.5575140536013172
115157,1.5645181482236454
115158,1.5286362848034856
115159,1.5181242799415653
115160,1.5698157353875608
115161,1.5825735332052389
115162,1.5845324925149404
115163,1.6005351257395561
115164,1.5633394197008559
115165,1.5662411259726083
115166,1.6320982793330647
115167,1.5552774923922406
115168,1.5644919285889334
115169,1.5338284442955712
115170,1.611338006007061
115171,1.534166210527086
115172,1.572374448096541
115173,1.5825703272837501
115174,1.615922926080695
115175,1.584079709457904
115176,1.5179529203734932
115177,1.5884268149988652
115178,1.569432356650936
115179,1.609487386718517
115180,1.5844149578224873
115181,1.5147088982182708
115182,1.559970542228827
115183,1.5884982720644103
115184,1.5720842899628933
115185,1.5898500121314607
115186,1.6326728256424738
115187,1.5230521669013106
115188,1.5990703370668595
115189,1.5741409428313284
115190,1.608996021711601
115191,1.5882306807694213
115192,1.5906440491893203
115193,1.6205403080312522
115194,1.5706566571824347
115195,1.6016167503231435
115196,1.5652959749373523
115197,1.5786598906119322
115198,1.594036898495706
115199,1.56317383392736
115200,1.5779865498098462
115201,1.606941743960291
115202,1.5363349133278708
115203,1.5854350283218865
115204,1.5839591210681234
115205,1.539319112398827
115206,1.5726521175639092
115207,1.6173263407644751
115208,1.5422633129493881
115209,1.6404243736848394
115210,1.598432514103288
115211,1.5925042403996947
115212,1.5825310249700633
115213,1.5838803406473685
115214,1.5423498549624117
115215,1.5489280736981164
115216,1.5610536074423662
115217,1.592297031193152
115218,1.524312864394627
115219,1.5908437820350143
115220,1.5460835630231724
115221,1.5401277093017163
115222,1.5530244050099415
115223,1.519266160595021
115224,1.5424404304365487
115225,1.596363073774554
115226,1.5779295110004403
115227,1.5866184811876445
115228,1.5772387737868119
115229,1.5563860769708695
115230,1.5833164883981408
115231,1.54607825226243
115232,1.5241875296589396
115233,1.6131824928410754
115234,1.5504671693040937
115235,1.5425183834346436
115236,1.5678926240391484
115237,1.6053130909120523
115238,1.6360916479337237
115239,1.5662039198623068
115240,1.5663959690302025
115241,1.638733349756742
115242,1.6027169337364409
115243,1.588077437246796
115244,1.5738957990763827
115245,1.5398195578844984
115246,1.5935857881004023
115247,1.5305635342877604
115248,1.5867305659020856
115249,1.592145748001562
115250,1.529369046024855
115251,1.5898090281495698
115252,1.6139673645007386
115253,1.5642277122214645
115254,1.6088571600042587
115255,1.617270168683853
115256,1.560230544792365
115257,1.5636855615683387
115258,1.5518117499756359
115259,1.5862823425361312
115260,1.59221622519699
115261,1.550588089421519
115262,1.6369011643410396
115263,1.5789213212932547
115264,1.543463458728674
115265,1.5589915196627249
115266,1.530099866143287
115267,1.5236546378314848
115268,1.6149142493466921
115269,1.5270648382341196
115270,1.581086279405542
115271,1.5837447752230502
115272,1.5979458977550816
115273,1.586207540428671
115274,1.575991551926952
115275,1.5703326650339033
115276,1.5872502630184433
115277,1.5422735000320404
115278,1.6330633387209041
115279,1.571039829941733
115280,1.566049777781643
115281,1.5787848325950256
115282,1.5720747404047901
115283,1.5536992651554493
115284,1.5838424115913976
115285,1.6196335212189643
115286,1.6405965395402522
115287,1.5459935785407977
115288,1.6307345890009437
115289,1.594411513990457
115290,1.570601282746347
115291,1.5973734066862335
115292,1.58741746271427
115293,1.5547765632662176
115294,1.549963695050502
115295,1.584757033048849
115296,1.5959487000104238
115297,1.611563261678969
115298,1.5939575261077907
115299,1.5858258120929245
115300,1.5500472931293932
115301,1.5900145874073752
115302,1.5297546013962378
115303,1.5822354526772413
115304,1.5488885004131037
115305,1.605006369629934
115306,1.582690746092728
115307,1.584115156381674
115308,1.5366764801298851
115309,1.5714509049275989
115310,1.5192853512655673
115311,1.6228577357182337
115312,1.6239914912502664
115313,1.6286851682875556
115314,1.5445147728158006
115315,1.568990778222925
115316,1.5432509733865363
115317,1.5873151698039742
115318,1.572496831921229
115319,1.5784928173095256
115320,1.5158372463331482
115321,1.6107708492185326
115322,1.5970024605276947
115323,1.603121804319876
115324,1.5277315928988404
115325,1.5621689735867517
115326,1.6088423064782953
115327,1.5860781178916026
115328,1.576599469479986
115329,1.5890414009978533
115330,1.5666152093260675
115331,1.5076397409510587
115332,1.5605417096267051
115333,1.5617847308064112
115334,1.6385680949412567
115335,1.609620933407055
115336,1.575300151697
115337,1.5388430641890332
115338,1.5714507845810974
115339,1.5641162266937798
115340,1.5700949856989455
115341,1.5774921474517125
115342,1.5812795285767858
115343,1.5812358726333917
115344,1.5607478252263276
115345,1.5377750324324742
115346,1.5592623927494063
115347,1.599463739245169
115348,1.5745501999773224
115349,1.584863253079205
115350,1.5600201533301836
115351,1.6189509927302723
115352,1.6138855789457258
115353,1.5828249481843821
115354,1.5536266739288074
115355,1.5699649436357446
115356,1.6069391086126399
115357,1.6126970162787642
115358,1.5633547785349937
115359,1.5178289886415963
115360,1.611118510873627
115361,1.5931323330625262
115362,1.6136111116546121
115363,1.583378066381415
115364,1.5489397973188004
115365,1.5798029182296536
115366,1.5669273648653552
115367,1.5504812574778397
115368,1.5858229286295598
115369,1.4917003464726946
115370,1.5847099614143532
115371,1.62104989286468
115372,1.580859249981606
115373,1.526917698071473
115374,1.5509617809926213
115375,1.5557222975580458
115376,1.5301710447194032
115377,1.5818201694190122
115378,1.5944450787245248
115379,1.5663322479596242
115380,1.5474269232201907
115381,1.5457234170633867
115382,1.5773406511592056
115383,1.5552635590989914
115384,1.5580954884920826
115385,1.5780187799776035
115386,1.6068450674443422
115387,1.557205949072684
115388,1.5921505383547243
115389,1.5504696066593169
115390,1.5360027607877775
115391,1.579595454668735
115392,1.5806898452440659
115393,1.565507978245972
115394,1.5488746470584136
115395,1.568259758338933
115396,1.608907889583382
115397,1.5918798129356408
115398,1.580905576896537
115399,1.5769040936651249
115400,1.5848700821163864
115401,1.5670597300446023
115402,1.6226546243777304
115403,1.5901118573341282
115404,1.6106970065178332
115405,1.531180068910973
115406,1.5462472592247527
115407,1.5983175243600214
115408,1.568725107878357
115409,1.602658741584032
115410,1.5740951285593925
115411,1.5415417239378226
115412,1.635435261716481
115413,1.5808333393875513
115414,1.5700727485720662
115415,1.5420447046464494
115416,1.5719039968721336
115417,1.5655363819366732
115418,1.5818777656407352
115419,1.5947913596125713
115420,1.5929687861368953
115421,1.59532414601911
115422,1.5976059858569518
115423,1.574476108070883
115424,1.5715860916956883
115425,1.5656337445714381
115426,1.5497892082521096
115427,1.5637711146461315
115428,1.5769913166847234
115429,1.52680043089577
115430,1.5971941431066323
115431,1.5630636253466437
115432,1.590646247119268
115433,1.5570211846550965
115434,1.5483227939461828
115435,1.6055068773349614
115436,1.5451778795336544
115437,1.5741874313041675
115438,1.6204373027321655
115439,1.5463654605821149
115440,1.5392896711477375
115441,1.554612422429546
115442,1.553209387011273
115443,1.5453417294303906
115444,1.5585768623540102
115445,1.5638698886723332
115446,1.557039084680215
115447,1.5893256203443198
115448,1.6122799251376103
115449,1.613448246003572
115450,1.5716666302931028
115451,1.5998720129947082
115452,1.5742327836860257
115453,1.590637660483596
115454,1.6383570094632285
115455,1.6114148082527089
115456,1.5868555731937208
115457,1.5681566079202391
115458,1.5857064028785761
115459,1.612996851505603
115460,1.5633537913458928
115461,1.5498119343493368
115462,1.4810485318610884
115463,1.5449689957318697
115464,1.521455768830106
115465,1.5515807496293492
115466,1.5169776779710393
115467,1.566425069277365
115468,1.6202007489033208
115469,1.5814180428300368
115470,1.6177292458359414
115471,1.530097769374395
115472,1.5290143570931507
115473,1.6262546143816707
115474,1.5962839934098232
115475,1.56591397386039
115476,1.5979214508889512
115477,1.5694889443317872
115478,1.5277910241637362
115479,1.4980598073982383
115480,1.5763002515732727
115481,1.5365699622339661
115482,1.5606426659842834
115483,1.580023297189319
115484,1.5408929522261408
115485,1.5726032950232989
115486,1.5974908646343104
115487,1.5258690512105533
115488,1.574806559596286
115489,1.5912450592358611
115490,1.6486910820303529
115491,1.4903292701629416
115492,1.6126113220602971
115493,1.5692794092774476
115494,1.5265024244510899
115495,1.5810983195915407
115496,1.607610749575667
115497,1.606873623306312
115498,1.5691211148981623
115499,1.591420893728537
115500,1.6215501554664502
115501,1.5592062715689003
115502,1.569405238347327
115503,1.5962303121850347
115504,1.579745283253604
115505,1.5629092537390226
115506,1.5422484587067558
115507,1.596571245334361
115508,1.5843942909191033
115509,1.5389605651073863
115510,1.5701478581212596
115511,1.593438689896742
115512,1.5403920497203252
115513,1.6040944186853268
115514,1.580059023922785
115515,1.556565249367518
115516,1.5695735172622922
115517,1.613374353866201
115518,1.5874400264405517
115519,1.5511671601146544
115520,1.5132598681329832
115521,1.596003704665935
115522,1.57042672887382
115523,1.5249284312584654
115524,1.5942470463671574
115525,1.5525887846307378
115526,1.518202858417349
115527,1.5982223074011102
115528,1.582452500041497
115529,1.5550740290280631
115530,1.5261869317025802
115531,1.6353856470230659
115532,1.5930439322249892
115533,1.5911597787460834
115534,1.547041222992854
115535,1.5585914134887535
115536,1.5403263149187465
115537,1.5798361203416098
115538,1.554289662076147
115539,1.5893973278765552
115540,1.533930973035011
115541,1.5426578296500175
115542,1.5865699767768477
115543,1.5674005953897876
115544,1.5005573923783793
115545,1.5800134727141024
115546,1.521376421681411
115547,1.5682559142077575
115548,1.5435633636189594
115549,1.5491456432896644
115550,1.5878583646843747
115551,1.5683775874070818
115552,1.5533720445865478
115553,1.5731515901081006
115554,1.563360516747786
115555,1.598058867422288
115556,1.594099815123864
115557,1.617724306677301
115558,1.5217838196584341
115559,1.568288399364666
115560,1.5803253919346494
115561,1.5664726391589363
115562,1.6027827980723826
115563,1.5637873488218321
115564,1.5962267003082513
115565,1.610547964156612
115566,1.6572952775964302
115567,1.5575363978153782
115568,1.5707119537105771
115569,1.5614745799394665
115570,1.5698382858386717
115571,1.5861405206032866
115572,1.5859596483932474
115573,1.610846968713472
115574,1.5413953321162137
115575,1.6457910058556655
115576,1.5910743143798223
115577,1.5843970398950205
115578,1.58257525742731
115579,1.5813471700750859
115580,1.6266224086265921
115581,1.5920140398044804
115582,1.5755209431452044
115583,1.5261945814624998
115584,1.5898012663688443
115585,1.5402933375895822
115586,1.513489111702108
115587,1.5750158347661818
115588,1.6274605056285116
115589,1.613326038374959
115590,1.5698316575243783
115591,1.5485369628777879
115592,1.588885689159717
115593,1.5572867728664337
115594,1.488009504196944
115595,1.587778222810773
115596,1.544995511949463
115597,1.54894042911175
115598,1.5678003634628837
115599,1.5595151785902222
115600,1.5562176338828417
115601,1.5587821234392347
115602,1.5544656538745625
115603,1.5203413169008881
115604,1.5607474949152607
115605,1.5564575261032865
115606,1.5916882026976358
115607,1.5427324927726997
115608,1.564332328073878
115609,1.5319197743139004
115610,1.5442151975974165
115611,1.5785447820625333
115612,1.5747739561722256
115613,1.5670915629260862
115614,1.580610639087876
115615,1.5226257927054323
115616,1.5161628431471126
115617,1.5634676068596403
115618,1.5216914233351748
115619,1.5179646839747039
115620,1.5976616583932082
115621,1.651699910198891
115622,1.5893249850399902
115623,1.5544710276711815
115624,1.62666102928677
115625,1.5986788517691535
115626,1.5884617100305436
115627,1.5343699285359689
115628,1.6081255466630135
115629,1.5690149627592884
115630,1.631757065764577
115631,1.6664758676320082
115632,1.5625062122508844
115633,1.5435975612342525
115634,1.5460110672051917
115635,1.561822401988287
115636,1.5269997026083055
115637,1.5538463432249146
115638,1.5338460209022784
115639,1.575350371638788
115640,1.5492616752601993
115641,1.6097628184343664
115642,1.5727826310120216
115643,1.5488269351318853
115644,1.584805320757553
115645,1.614165357702788
115646,1.5697732811079919
115647,1.6158348706222299
115648,1.5826365570901626
115649,1.611914858472396
115650,1.5430512834967172
115651,1.5863195994742103
115652,1.567455527339123
115653,1.5473466570266718
115654,1.632547177949139
115655,1.5960190967465528
115656,1.5183826212710338
115657,1.5911342467533132
115658,1.5602101959222425
115659,1.5609761514228948
115660,1.5825323239538662
115661,1.5909693805470728
115662,1.585783404875447
115663,1.5960993846660607
115664,1.6080580561277937
115665,1.5310784805822488
115666,1.5779347312757517
115667,1.5649594950332963
115668,1.54590993559951
115669,1.5876334439192978
115670,1.566379223638977
115671,1.6185236282184834
115672,1.6044617496894065
115673,1.586055205346256
115674,1.5654178071323903
115675,1.647257798740218
115676,1.6310056562436077
115677,1.5778482250335057
115678,1.5751830034059573
115679,1.6105045772534996
115680,1.5536985374509413
115681,1.5490367457705494
115682,1.5609102239779555
115683,1.6256754678490204
115684,1.5383968322856312
115685,1.60238841944533
115686,1.6527007533950298
115687,1.5516379681615735
115688,1.5367830185572804
115689,1.6003873267396773
115690,1.5395626427138074
115691,1.5944221886626178
115692,1.5486816092770845
115693,1.5812148632298995
115694,1.5941375663447521
115695,1.5897431757805465
115696,1.5664091416733963
115697,1.5837423153564842
115698,1.5622120293696893
115699,1.6218913867272269
115700,1.5520027354966026
115701,1.5646240436410102
115702,1.5865979291929109
115703,1.5554805371082139
115704,1.5528609811871275
115705,1.551187286461622
115706,1.5526616765640557
115707,1.588867037660257
115708,1.5780412451544685
115709,1.5566322464634772
115710,1.6427043158119543
115711,1.560573201430185
115712,1.5624730398531763
115713,1.606808377696712
115714,1.5398043788989082
115715,1.6084931668851763
115716,1.629436161222888
115717,1.541907846360496
115718,1.6156029269743846
115719,1.5979374372855326
115720,1.580398075373197
115721,1.5810248674376177
115722,1.5179178979120476
115723,1.5690639743516135
115724,1.5751312931821286
115725,1.5744574113284742
115726,1.6208962881005609
115727,1.528325659049203
115728,1.5281089053270125
115729,1.563429852552983
115730,1.6026612263880855
115731,1.5634598809013638
115732,1.5344906301992784
115733,1.5979633780890194
115734,1.564413538406193
115735,1.5505813942875772
115736,1.5842256461576094
115737,1.5150269919169082
115738,1.6161504512838318
115739,1.5912501758641429
115740,1.5677866665866662
115741,1.596630022780139
115742,1.5368267330468794
115743,1.5637225813393358
115744,1.5931564660637205
115745,1.531661732861796
115746,1.5349123732598866
115747,1.6196313854218831
115748,1.609541058262376
115749,1.5948569512005117
115750,1.5857462279062524
115751,1.5638231761175048
115752,1.5662664238418984
115753,1.5797096090387237
115754,1.5950880515194152
115755,1.5826856543481527
115756,1.5770291642589505
115757,1.5625859946382492
115758,1.5438899473617465
115759,1.566277294258304
115760,1.5627123085694505
115761,1.5672426395132657
115762,1.6143930540790916
115763,1.6134624911486146
115764,1.5487050221172696
115765,1.5651771253320106
115766,1.5988547832568196
115767,1.5637354734048179
115768,1.6586980184623525
115769,1.5547166902085485
115770,1.574094546621349
115771,1.5532907445201432
115772,1.5793212543958566
115773,1.5744185030327655
115774,1.6011365069241477
115775,1.5582206800919547
115776,1.5880074376804947
115777,1.5134726572063673
115778,1.5860183210242955
115779,1.5732214459837146
115780,1.5462176849156128
115781,1.5697848633091633
115782,1.565586713085747
115783,1.5839935066338278
115784,1.5155383247451206
115785,1.511654325242765
115786,1.5533475586090728
115787,1.5933005591277578
115788,1.5726550547676243
115789,1.5623404997112396
115790,1.5736393209112358
115791,1.5526590457994338
115792,1.61355186249821
115793,1.569603066746549
115794,1.5191956299630105
115795,1.5656221839231867
115796,1.5662444205685533
115797,1.5135768085766346
115798,1.5987625523170619
115799,1.5757432515909344
115800,1.5964683740745467
115801,1.5699852471822762
115802,1.5552444134168537
115803,1.5957471109670938
115804,1.6116330954267972
115805,1.6071588949931415
115806,1.553389163794347
115807,1.517020268341553
115808,1.5495104606926953
115809,1.5357998810276254
115810,1.5584685393098874
115811,1.5038221056843122
115812,1.5688336070581643
115813,1.5250981498877614
115814,1.5780959289494398
115815,1.5527514808897538
115816,1.5702204284922627
115817,1.5921443794916792
115818,1.559369149747229
115819,1.6320673891026614
115820,1.6045730409247723
115821,1.542924534520387
115822,1.5020766337295814
115823,1.5651543749327879
115824,1.5597246275309764
115825,1.6015167077722563
115826,1.5016015022921978
115827,1.584162569323673
115828,1.6243878808116792
115829,1.5792112903811708
115830,1.5839442274299165
115831,1.6242321227099072
115832,1.62294829295414
115833,1.5496053009339854
115834,1.5438371608086103
115835,1.5677322703997432
115836,1.5724530905252525
115837,1.5311475005625035
115838,1.5782631742317128
115839,1.594335207052656
115840,1.525967279313079
115841,1.533252642012829
115842,1.58613485328426
115843,1.5797788893238198
115844,1.6070884570208135
115845,1.5658824665564188
115846,1.6019867279372724
115847,1.5436329770736605
115848,1.5812556328673104
115849,1.5943067670001088
115850,1.5840603824772095
115851,1.595272302506547
115852,1.5638219356255354
115853,1.5399048000955518
115854,1.5424625850558487
115855,1.5752750396572721
115856,1.5603057103787366
115857,1.5927982485286718
115858,1.5727602133636578
115859,1.630579067966641
115860,1.5754264433687686
115861,1.578163009678719
115862,1.576207992570899
115863,1.5695075573683246
115864,1.5755651172829932
115865,1.5566082472812237
115866,1.5818608108098728
115867,1.5118651693283007
115868,1.5810109108075647
115869,1.5849952665536757
115870,1.5850311409867641
115871,1.555154736597296
115872,1.5955385153328623
115873,1.5754168169871543
115874,1.5770592720491556
115875,1.5840531495198418
115876,1.5384213925877641
115877,1.5806747800203063
115878,1.6186520922329881
115879,1.6379999704945336
115880,1.5505059923747186
115881,1.586888166918728
115882,1.556049348394573
115883,1.551576574952591
115884,1.5494892091595707
115885,1.5897973962585974
115886,1.6192541775020926
115887,1.577287857441306
115888,1.5724266176894848
115889,1.609750115550617
115890,1.6133853939744225
115891,1.535617140335058
115892,1.524587299765727
115893,1.5569221448169943
115894,1.5647563129721642
115895,1.573348348702696
115896,1.6012991084140167
115897,1.574560596258739
115898,1.5953330448390834
115899,1.567999208701438
115900,1.5509609330072645
115901,1.5821924316562357
115902,1.538894971059407
115903,1.6032982664365285
115904,1.6069046667265792
115905,1.5917922285684394
115906,1.5084640991750036
115907,1.5606539455429909
115908,1.6186343655762445
115909,1.5549437535870683
115910,1.5681481453568018
115911,1.5761613383839534
115912,1.5611525571164386
115913,1.5402364984286987
115914,1.5653152572624847
115915,1.5932670377432225
115916,1.568549437053146
115917,1.5674435657324295
115918,1.5461719624860673
115919,1.590062134378818
115920,1.5727776598187733
115921,1.573943478102695
115922,1.5942106603336774
115923,1.609291134258029
115924,1.5917342111368116
115925,1.4910439584002575
115926,1.527103809507922
115927,1.5511664681226738
115928,1.543430579186799
115929,1.5846503522333426
115930,1.6025686962355379
115931,1.5157662132175262
115932,1.5356816276313445
115933,1.5270378476020403
115934,1.5709425991746113
115935,1.5782950034295375
115936,1.5460918496202418
115937,1.578023928489694
115938,1.5527301604186978
115939,1.5777341659990434
115940,1.5657805363621906
115941,1.5624048724275235
115942,1.6050234518271562
115943,1.6285561146319814
115944,1.5655635570943993
115945,1.526923896010364
115946,1.5334380103681706
115947,1.548010268540625
115948,1.6084876071560394
115949,1.557446417478322
115950,1.5820607705650673
115951,1.581757737231038
115952,1.5191526247594147
115953,1.5901686944089468
115954,1.5220731197590258
115955,1.5845166465592337
115956,1.5926525039179853
115957,1.5271990685080554
115958,1.6045649960150363
115959,1.591445754512713
115960,1.543698877449511
115961,1.568076619489786
115962,1.5566848658560544
115963,1.5376079420462823
115964,1.5766169194516444
115965,1.5460754942003836
115966,1.555454449811476
115967,1.5511772360944482
115968,1.5526027274427368
115969,1.5311982284744892
115970,1.5499530491468698
115971,1.5674348293478957
115972,1.5641298837690771
115973,1.5726335643926752
115974,1.631788974467162
115975,1.5694372854546201
115976,1.584161398860517
115977,1.5495223684378825
115978,1.5692941066317498
115979,1.5577764294561696
115980,1.5351466345766398
115981,1.5440106896993777
115982,1.5576047164344529
115983,1.5629124857844379
115984,1.6072467755364275
115985,1.5812110670831698
115986,1.5955591669004723
115987,1.5233031977057228
115988,1.5626833888578326
115989,1.5433198570905573
115990,1.55164758336403
115991,1.5337667421810206
115992,1.561249747942729
115993,1.5311904081133463
115994,1.5394804363127224
115995,1.6150136515835352
115996,1.5709311241561663
115997,1.5456779581785411
115998,1.578882368331788
115999,1.5685680826703514
116000,1.5522753669511986
116001,1.5561614916246616
116002,1.5682222943613697
116003,1.5315500013858738
116004,1.6461915931471225
116005,1.6059379263364402
116006,1.5503423936286431
116007,1.6171557847514757
116008,1.5690632595236798
116009,1.5622262791910784
116010,1.4865025760548485
116011,1.5381715786454437
116012,1.510799992513257
116013,1.5721437533003635
116014,1.6716737557100638
116015,1.5658746547417726
116016,1.5309990915968372
116017,1.5762558800995865
116018,1.5666364844167244
116019,1.5382531899685061
116020,1.5226534858533352
116021,1.5709851426312436
116022,1.551001427029646
116023,1.5765151303791067
116024,1.5215660513168159
116025,1.5744832343221598
116026,1.602101101018682
116027,1.5809030712912981
116028,1.5761002925065664
116029,1.588817442594627
116030,1.594096519432893
116031,1.5896998306791164
116032,1.558242497676042
116033,1.515437059394062
116034,1.5826702154236842
116035,1.5834684467785038
116036,1.567760240745423
116037,1.6005729726349123
116038,1.5496185377794953
116039,1.5627489902466578
116040,1.5496801117797288
116041,1.5879824533468032
116042,1.5581549024726884
116043,1.5943138303471422
116044,1.5340274295273442
116045,1.5908375092181126
116046,1.546785143291644
116047,1.5348857558120987
116048,1.5653787538353627
116049,1.603721937581655
116050,1.5739293190801134
116051,1.5812782627161661
116052,1.5606485935601393
116053,1.5744580942372495
116054,1.5862068137201193
116055,1.574759959304673
116056,1.5446911278564515
116057,1.6042341436744523
116058,1.4665444810130424
116059,1.5695388556711505
116060,1.6230609442323978
116061,1.5424366382341839
116062,1.5854118172762133
116063,1.5217166391452202
116064,1.6249950217802558
116065,1.6107203328325703
116066,1.557374119316603
116067,1.6167208985972437
116068,1.5916023028944584
116069,1.5468234358578001
116070,1.5801572548974496
116071,1.5640548779286811
116072,1.5748700236530624
116073,1.5755617735726164
116074,1.579702508901296
116075,1.6083700623666182
116076,1.5515274400819181
116077,1.5996839731418933
116078,1.6204656378850586
116079,1.5543563020478643
116080,1.604135660416519
116081,1.5778689831203847
116082,1.5548563206143677
116083,1.5569952518316164
116084,1.5574060668755503
116085,1.5642382647899027
116086,1.5987488411064856
116087,1.5636588285645245
116088,1.5504864428485279
116089,1.5525743850449336
116090,1.5441833750519274
116091,1.5574304284976856
116092,1.580187425444506
116093,1.6182595495327474
116094,1.5528260358025738
116095,1.5962938313924382
116096,1.5312542447126736
116097,1.5710641881896374
116098,1.5810890076224573
116099,1.5204298846751816
116100,1.5590256113645327
116101,1.5719119218274786
116102,1.6026781208706145
116103,1.5342408207263754
116104,1.560960602300491
116105,1.5749055104128156
116106,1.5907042767301192
116107,1.5465521493428074
116108,1.5596118719154315
116109,1.5805027477061695
116110,1.5727806451208775
116111,1.5988498480736628
116112,1.5651738535348836
116113,1.563249320498702
116114,1.5876481126361328
116115,1.577022290770445
116116,1.5802911470902947
116117,1.5650930986533347
116118,1.5842096636753797
116119,1.543172471027156
116120,1.592957858340247
116121,1.5520034185388079
116122,1.5303234688568117
116123,1.5664745078664346
116124,1.5758891083200728
116125,1.5448179357867504
116126,1.5771906154601443
116127,1.5963691098881656
116128,1.5684531467566405
116129,1.5924480349212
116130,1.5902820240762594
116131,1.5472794395993887
116132,1.5478665159682914
116133,1.577650842603233
116134,1.5884173297138746
116135,1.5350629404040954
116136,1.5729163585020978
116137,1.5905235752514713
116138,1.5362455497551246
116139,1.5690588528855742
116140,1.6016365538137887
116141,1.5863143502383845
116142,1.545354915249699
116143,1.605668033121863
116144,1.620282435633034
116145,1.59103715430753
116146,1.636344010218577
116147,1.5311228113585649
116148,1.545462942922754
116149,1.5969515820653575
116150,1.6061422994563574
116151,1.6085419225681896
116152,1.5779588496098573
116153,1.5760947133096188
116154,1.5553260581167752
116155,1.5519759755218807
116156,1.5784612373124562
116157,1.5967411477195375
116158,1.589318763632787
116159,1.509775814058266
116160,1.5280417831545552
116161,1.5027204669601892
116162,1.635506961410015
116163,1.584123453393977
116164,1.5489213625416973
116165,1.5274473098410075
116166,1.5458436922146859
116167,1.5888918894227477
116168,1.5910963774499718
116169,1.5530307821206568
116170,1.5799917379339505
116171,1.556442050401708
116172,1.5940157030691053
116173,1.5525493250252806
116174,1.5655007522589601
116175,1.5798271252750957
116176,1.6085302497401555
116177,1.5604859201350616
116178,1.5654886905800947
116179,1.5313170266051246
116180,1.6265371841993335
116181,1.6226772121561557
116182,1.6128253649277333
116183,1.551639399457822
116184,1.5665145201173578
116185,1.534003287439568
116186,1.611667275869172
116187,1.6128523359981723
116188,1.5345371208649201
116189,1.5805297071940867
116190,1.6014473236938336
116191,1.5848289737444647
116192,1.6267757111952823
116193,1.5820572335013556
116194,1.5660647951769897
116195,1.5385778801162682
116196,1.6171271718468432
116197,1.5291375682815118
116198,1.532796484786451
116199,1.6198952921435599
116200,1.6022530226709033
116201,1.5177894871038968
116202,1.5472573428063037
116203,1.5603363385594669
116204,1.60439413430609
116205,1.6003268869124667
116206,1.6024878991830462
116207,1.6217090029345596
116208,1.6243133777738366
116209,1.5674167054432313
116210,1.5496769228012588
116211,1.606612127430143
116212,1.5583391801975535
116213,1.5901840789546797
116214,1.5154596488700405
116215,1.5744415681548738
116216,1.6018764463162438
116217,1.603281401903822
116218,1.5410826990765654
116219,1.602860649948082
116220,1.5790409595129782
116221,1.5297663352205728
116222,1.5498818111316361
116223,1.5848235111682605
116224,1.5465955493605166
116225,1.5475951602893463
116226,1.5947420323154424
116227,1.6084717521191074
116228,1.5971745235298955
116229,1.5824780563176064
116230,1.622501452433283
116231,1.607375518330971
116232,1.5070183314358911
116233,1.5493825734732927
116234,1.5716542447169322
116235,1.5445800613331229
116236,1.6066923510146507
116237,1.5627216369557566
116238,1.558168896824931
116239,1.5922223706474679
116240,1.5608570198802356
116241,1.5870739408410846
116242,1.5518054494274394
116243,1.5128956381225702
116244,1.561964714535869
116245,1.612332826574556
116246,1.598472900254219
116247,1.5733452201539564
116248,1.5146733879605454
116249,1.5855249011935664
116250,1.5575535213209837
116251,1.582458452893723
116252,1.5926611149718033
116253,1.5438006630470085
116254,1.5862252603724867
116255,1.557565261743583
116256,1.5461994689534297
116257,1.5305724886609295
116258,1.5670663271787353
116259,1.6175923965858925
116260,1.6681596527898743
116261,1.5723509059781362
116262,1.5399141439754362
116263,1.5979703446176232
116264,1.591334290019878
116265,1.5808507727032106
116266,1.5712549616970661
116267,1.5450419858254367
116268,1.5584649177366316
116269,1.5720659017750018
116270,1.600936565673546
116271,1.5641054286957181
116272,1.5308237819916648
116273,1.583025539900217
116274,1.543384116452472
116275,1.5466923333016407
116276,1.546889939189749
116277,1.5847951847819712
116278,1.5362630173714
116279,1.5959492480193034
116280,1.5643034719692481
116281,1.6182506450523033
116282,1.5697171290840937
116283,1.601054194381758
116284,1.6039832967877188
116285,1.593693534786579
116286,1.5083326427230854
116287,1.6064840956998243
116288,1.5369785411755752
116289,1.576283323884743
116290,1.551167536602186
116291,1.6210356627388482
116292,1.5748880679060335
116293,1.5308980206749558
116294,1.5592649428316316
116295,1.5717203112900504
116296,1.6164157920412325
116297,1.5212465699383966
116298,1.6245285003729706
116299,1.575194792770623
116300,1.5915833299490962
116301,1.5421357035552918
116302,1.5743745966945824
116303,1.5227374560988116
116304,1.586201753471984
116305,1.5915245597749632
116306,1.5997318686074908
116307,1.6004550882617736
116308,1.551224872390757
116309,1.5641411881429232
116310,1.5822731971594741
116311,1.5442792950392443
116312,1.6020387652588102
116313,1.5357717856258997
116314,1.616376566882418
116315,1.575350840427427
116316,1.5652575068955377
116317,1.6126805375050386
116318,1.5401708387503459
116319,1.5249902500658061
116320,1.607160242321703
116321,1.5773283085142074
116322,1.57367901471349
116323,1.6059492686626162
116324,1.5589161267718017
116325,1.5670463748985342
116326,1.5928562466060598
116327,1.5732286756997216
116328,1.5711473616118938
116329,1.5862426007832233
116330,1.6250832577272605
116331,1.5898579369058994
116332,1.5735299953036876
116333,1.5440268183246086
116334,1.5837858932443052
116335,1.5651346465525762
116336,1.5383390865365052
116337,1.5151570189495995
116338,1.5710277949245248
116339,1.5576976570225007
116340,1.6252694540744659
116341,1.6052056840702478
116342,1.5944404788762672
116343,1.5661612144585335
116344,1.5649220111903992
116345,1.5756545191844586
116346,1.5493006168469086
116347,1.546439543287881
116348,1.5676111566157447
116349,1.5742321241372055
116350,1.5744981874868764
116351,1.5991022238217771
116352,1.531150441518157
116353,1.6002124953239003
116354,1.5029209917703426
116355,1.5813056754381587
116356,1.6244146494517915
116357,1.5192358886458908
116358,1.5751456214653132
116359,1.571382643561658
116360,1.6156462519019779
116361,1.6025340909275283
116362,1.5718929035774738
116363,1.5579270802912382
116364,1.5113392015743967
116365,1.610818258368234
116366,1.577242355429469
116367,1.5530359861308791
116368,1.5587040444804625
116369,1.629022015049314
116370,1.6034815202514567
116371,1.5690971927130104
116372,1.6254693248735996
116373,1.5250179835823026
116374,1.6278893732715978
116375,1.5331444723027299
116376,1.5902730579382738
116377,1.559588832216027
116378,1.5088514892825984
116379,1.6162310779326798
116380,1.6128807786753392
116381,1.6617317995448775
116382,1.5622951191765695
116383,1.55028209289177
116384,1.5296123729962403
116385,1.5832177309619508
116386,1.5878381944791409
116387,1.6280727336105854
116388,1.6454888671430457
116389,1.6064074011514264
116390,1.5883928443450148
116391,1.5884736021554209
116392,1.5893439752893825
116393,1.5612699633387208
116394,1.5783384269500425
116395,1.5789275544832804
116396,1.569691275982046
116397,1.5271741758325779
116398,1.5487211885842886
116399,1.6203487717274982
116400,1.625246282395653
116401,1.519192144182833
116402,1.6001658254659976
116403,1.545263629040456
116404,1.521599513138151
116405,1.5644767606097658
116406,1.5800208141712961
116407,1.5677373088389748
116408,1.6027613795262325
116409,1.6412804176513145
116410,1.5496417898175725
116411,1.6147521104916498
116412,1.5621152025923712
116413,1.5984549963906178
116414,1.5698623504022347
116415,1.5553283790302812
116416,1.5745100036731217
116417,1.5556470536765203
116418,1.5762408591955588
116419,1.5987290669748502
116420,1.5245360577104143
116421,1.6480374179258839
116422,1.5434776783908688
116423,1.532630153501842
116424,1.5577617395193561
116425,1.566074475720682
116426,1.6153692685084626
116427,1.5929637100807101
116428,1.62895466840959
116429,1.5505343206426803
116430,1.574245078537563
116431,1.5861941876655314
116432,1.5827190911304663
116433,1.5652793438357893
116434,1.572494305368413
116435,1.5504025221963589
116436,1.5772970999701028
116437,1.6099851348809175
116438,1.5136315727455876
116439,1.5617603077666344
116440,1.5522133998532925
116441,1.5756617102320225
116442,1.580781239068897
116443,1.5750374775824545
116444,1.612121705908619
116445,1.5549356783159527
116446,1.6044953203942112
116447,1.4978702135847433
116448,1.5813127999118775
116449,1.5531672280742006
116450,1.6171506230834514
116451,1.5938384642341463
116452,1.533932618230593
116453,1.572976095543778
116454,1.5591791005645896
116455,1.5446197833675095
116456,1.6097106824051197
116457,1.5802932916943784
116458,1.6104496223236202
116459,1.6293759528479712
116460,1.5996693236941777
116461,1.570252579294368
116462,1.5663500400584036
116463,1.5951567604438408
116464,1.5907303986757744
116465,1.5776015036047912
116466,1.5718508645596365
116467,1.5470117293888224
116468,1.5565538428899979
116469,1.5537764936127405
116470,1.6095116887692629
116471,1.5819845192854987
116472,1.5831598863490768
116473,1.554329947815652
116474,1.6448038657975381
116475,1.5581449740597637
116476,1.6427208871503403
116477,1.5853844627912603
116478,1.564435717652837
116479,1.5950234724467853
116480,1.6517190833567617
116481,1.5730832167282125
116482,1.6309133850931499
116483,1.5870469309561188
116484,1.5570404353569707
116485,1.6139575103982986
116486,1.6356473062622996
116487,1.5815566538929768
116488,1.5519891350069592
116489,1.567530342708696
116490,1.6054663551807793
116491,1.5695192385467465
116492,1.6098605263451506
116493,1.5770105775782164
116494,1.6010577672683706
116495,1.549032212911101
116496,1.6049646636745543
116497,1.5470495603360828
116498,1.590520527464557
116499,1.5813098650586728
116500,1.6049392163286933
116501,1.5277291801735127
116502,1.6120093460105882
116503,1.5942236931215723
116504,1.5430727025541442
116505,1.5716700611024403
116506,1.5937019355320827
116507,1.5676960083618472
116508,1.6117511505572581
116509,1.5663162530019292
116510,1.57030067448146
116511,1.5862564390523113
116512,1.6082821581824331
116513,1.567350877439516
116514,1.5571366177496009
116515,1.5822448203587298
116516,1.5752306665668514
116517,1.6109899500083538
116518,1.5833198107057807
116519,1.588083655210937
116520,1.5932723414174854
116521,1.5645028066862066
116522,1.4978598494194377
116523,1.606496305364795
116524,1.5815481172010941
116525,1.5633211828713498
116526,1.5570693699092693
116527,1.5973057238402053
116528,1.5499408327090138
116529,1.5325685365594102
116530,1.5604501639383017
116531,1.5684889438761769
116532,1.5634310637816213
116533,1.5638020428947463
116534,1.5987961447013257
116535,1.5339751878439758
116536,1.5508224467971512
116537,1.5860610075907704
116538,1.5194654584532796
116539,1.5988085428569239
116540,1.597844354923341
116541,1.5767218025258276
116542,1.562416315463722
116543,1.6004957506125332
116544,1.611196737419969
116545,1.5727047746180451
116546,1.499824199407685
116547,1.5917752632676423
116548,1.5675627498928129
116549,1.5648179468719328
116550,1.6263271606281369
116551,1.6283074748529272
116552,1.6007104523677054
116553,1.5726445877510726
116554,1.5423256987965632
116555,1.5668818288064081
116556,1.5809668544493436
116557,1.5594343867496052
116558,1.599783956888492
116559,1.5981436687659973
116560,1.5623322672607547
116561,1.5542085986018828
116562,1.554172904614112
116563,1.5411608359015876
116564,1.579431692713308
116565,1.6128634152589114
116566,1.5571185090309416
116567,1.5525273622067703
116568,1.586322855823898
116569,1.6097798713867562
116570,1.5228264496510084
116571,1.6083066861840851
116572,1.5755013468224222
116573,1.562877157915945
116574,1.5507680740374727
116575,1.5467822018418371
116576,1.5389198249903417
116577,1.558598157961113
116578,1.5677339640685197
116579,1.5587093062960844
116580,1.573758133856386
116581,1.5614487447372034
116582,1.5836438785355973
116583,1.5506595646623809
116584,1.5163367771493652
116585,1.590711036446863
116586,1.5268894187348716
116587,1.6545065626881592
116588,1.5540998220257731
116589,1.5696383460373557
116590,1.5946321008681714
116591,1.5970646051845923
116592,1.6071481766586329
116593,1.612703419360325
116594,1.6241050135310138
116595,1.5851079400204353
116596,1.605000407565294
116597,1.5239923125328392
116598,1.561772663820437
116599,1.5858502777002346
116600,1.5652864109683893
116601,1.560180028695151
116602,1.5323950134997264
116603,1.5639382310297965
116604,1.546576670463328
116605,1.598366481607541
116606,1.5423063386809648
116607,1.551690937902062
116608,1.4927074987400266
116609,1.6045450225761975
116610,1.5706169068372255
116611,1.6048164293892322
116612,1.5348780625067073
116613,1.5528392707084329
116614,1.5465041262309227
116615,1.5808395245706082
116616,1.5956935932554748
116617,1.5426488467656834
116618,1.5694623429078007
116619,1.5923583778336932
116620,1.6219020943456965
116621,1.5239068370672393
116622,1.6097648600079157
116623,1.5763785540853321
116624,1.6011578657696615
116625,1.5634632459233233
116626,1.5846825577558747
116627,1.5854273502935678
116628,1.5597108378076643
116629,1.544389628369263
116630,1.5572853499093258
116631,1.5512018016904674
116632,1.5869322470094174
116633,1.5744053171095516
116634,1.5875490009608582
116635,1.5618412324989515
116636,1.525824550174196
116637,1.5447704171621788
116638,1.5568822965414526
116639,1.6113296021435985
116640,1.6235136975059696
116641,1.5888727036892525
116642,1.5390072499452603
116643,1.5387078557177039
116644,1.6064308256480886
116645,1.6097096222195058
116646,1.5572324371074784
116647,1.5420885228230292
116648,1.594207419159479
116649,1.6075967301659657
116650,1.5821087306268078
116651,1.5361868646678427
116652,1.5971037960656786
116653,1.529524506101232
116654,1.5593489985338236
116655,1.5880996252194473
116656,1.5845272292673256
116657,1.5512749532439591
116658,1.5970878672401407
116659,1.5965036625917843
116660,1.5493790356013122
116661,1.6144207013059297
116662,1.5425325146790265
116663,1.6140694172715515
116664,1.5720599786948761
116665,1.5899380265380187
116666,1.5435551754973396
116667,1.5715383888290146
116668,1.5388573226038136
116669,1.5548664506730991
116670,1.578748916167077
116671,1.5839423392732837
116672,1.5380607159470423
116673,1.5681145566615509
116674,1.5538902664799592
116675,1.5231771371366787
116676,1.588111025627501
116677,1.5521300474074529
116678,1.6181625827149089
116679,1.6091482099730205
116680,1.6164107819694291
116681,1.5305054138507257
116682,1.5808481401349705
116683,1.5892232175396936
116684,1.5700022161304537
116685,1.5668659638222102
116686,1.5274686726496207
116687,1.5784021133404424
116688,1.5726720242475982
116689,1.5837877515737233
116690,1.591578001962244
116691,1.5897991832770753
116692,1.5461149136337526
116693,1.5240811870330517
116694,1.5799170750102292
116695,1.6142253385910221
116696,1.5410382861206273
116697,1.6090221730905734
116698,1.579527640564241
116699,1.5563159571610155
116700,1.6019661274337595
116701,1.6082674951495213
116702,1.5066012404532363
116703,1.594030148182972
116704,1.5764004874477207
116705,1.5607567476866282
116706,1.605258107555528
116707,1.5708163316860992
116708,1.5581695430442457
116709,1.596526113142996
116710,1.5773040038235315
116711,1.5163421091651352
116712,1.5504610736272122
116713,1.5929733638589119
116714,1.5486589864159601
116715,1.567103420089536
116716,1.5746932751190357
116717,1.5174165974558875
116718,1.5559727095060698
116719,1.5996100187871003
116720,1.5837117760978345
116721,1.5620870033051513
116722,1.5764830087237376
116723,1.5594790175771702
116724,1.5577540070304112
116725,1.5580041908254345
116726,1.6137419857414672
116727,1.5976422953850937
116728,1.5558214564642352
116729,1.550289114963801
116730,1.5647432308034352
116731,1.6084967577371763
116732,1.5760494888382444
116733,1.5722603544743379
116734,1.6307560582765463
116735,1.5801897297260348
116736,1.5888409790325577
116737,1.5626273853238744
116738,1.5869776098922999
116739,1.603659585700905
116740,1.5828091230661125
116741,1.5324576367289886
116742,1.5833853593476441
116743,1.589004866841326
116744,1.5574438604786534
116745,1.5900003265597507
116746,1.5324756213232733
116747,1.5733466877660327
116748,1.562506010442474
116749,1.6088499245286512
116750,1.4806020984578374
116751,1.5594947774447745
116752,1.617722402522736
116753,1.579440580104022
116754,1.5753597082059727
116755,1.5967001307209059
116756,1.595984757928571
116757,1.5851594791007453
116758,1.572850368980431
116759,1.5412438282404644
116760,1.5331233813573304
116761,1.5889508726529311
116762,1.5617219260269404
116763,1.5760903925683347
116764,1.617235020174101
116765,1.5329380684284983
116766,1.5030404490577771
116767,1.5718359216791467
116768,1.5853411844861511
116769,1.6037504596716443
116770,1.5679135021138337
116771,1.56817816019193
116772,1.6353501506043622
116773,1.6038614683875658
116774,1.5395170039270423
116775,1.5318106413004795
116776,1.5718405971420226
116777,1.5681128927155161
116778,1.5740257978199772
116779,1.6068848515078162
116780,1.5348662261241781
116781,1.6053347484603997
116782,1.5720720600118385
116783,1.6272817136771367
116784,1.616174950910409
116785,1.4809293660639964
116786,1.5964562052798277
116787,1.594211497005975
116788,1.6088817524125303
116789,1.5225210778737108
116790,1.5718196414861665
116791,1.6195093347455152
116792,1.5450130606113448
116793,1.5749758691245455
116794,1.550471879563478
116795,1.5851738214944706
116796,1.5719544747042857
116797,1.515042657894625
116798,1.5919198513282924
116799,1.5599496837356175
116800,1.554074438742263
116801,1.5558837010756181
116802,1.591623735030298
116803,1.585340168988953
116804,1.5919881496173784
116805,1.5964411600071597
116806,1.5613666851111065
116807,1.5649734747748425
116808,1.5383832041436873
116809,1.551205691783294
116810,1.5610997628951095
116811,1.578988154203682
116812,1.5377785156475237
116813,1.6305939650829633
116814,1.529901366818554
116815,1.5506003207264991
116816,1.5478340654052256
116817,1.5889231465220457
116818,1.5608306128615983
116819,1.6135821491086522
116820,1.5830788978209824
116821,1.5823434459125705
116822,1.5657625415705512
116823,1.5946570445310102
116824,1.5514684452351377
116825,1.556132827052277
116826,1.5311329249968966
116827,1.5526051189738548
116828,1.5778652644429365
116829,1.5311281149120235
116830,1.5764240026727034
116831,1.5871472912707718
116832,1.5479343492523603
116833,1.609559486020603
116834,1.5071000568743385
116835,1.6024670360220212
116836,1.6514592016878655
116837,1.5316554205282975
116838,1.5451176854685462
116839,1.5176354726775612
116840,1.581555291844971
116841,1.5670036611956137
116842,1.5669490299692441
116843,1.5642742670932337
116844,1.567255598970134
116845,1.5348075167602961
116846,1.6008167938610325
116847,1.5614877831706555
116848,1.5933374428829998
116849,1.5115223494199415
116850,1.5455008452670622
116851,1.5598875828213785
116852,1.6035811606802983
116853,1.552196467079133
116854,1.6069956002731134
116855,1.5474521125912393
116856,1.5730180263365625
116857,1.6004766838775186
116858,1.5724227824779
116859,1.5705486479766277
116860,1.6198345438809758
116861,1.526783368318709
116862,1.5886825130600348
116863,1.582203728079747
116864,1.5799457133462824
116865,1.5724926583343486
116866,1.5813761355671039
116867,1.6042213782031745
116868,1.5930900401654375
116869,1.6339129882629888
116870,1.5775041601710753
116871,1.6135820379462
116872,1.5888256416973578
116873,1.6201250975816601
116874,1.5891671075133842
116875,1.5521589104518032
116876,1.5816879812063958
116877,1.5700548508220158
116878,1.5928638982747023
116879,1.5899649458063205
116880,1.5672574362577094
116881,1.5972749178557526
116882,1.637240707988583
116883,1.5898857259792794
116884,1.614223734005401
116885,1.5661540533969611
116886,1.5526513031856768
116887,1.5557523345917401
116888,1.5628394140577826
116889,1.5738546694960562
116890,1.544195831207085
116891,1.6071376409489566
116892,1.5829004821373271
116893,1.59799763869921
116894,1.5614694312355522
116895,1.5668745254237786
116896,1.6394133351479665
116897,1.6068037731926885
116898,1.635218251545284
116899,1.5284202683351158
116900,1.5830336936285796
116901,1.5978070610524122
116902,1.6316599239990768
116903,1.6242960324749318
116904,1.59689236789219
116905,1.5473151242495116
116906,1.5777554524189716
116907,1.6090514812975698
116908,1.5540719001935612
116909,1.5691440620042665
116910,1.5686548400017524
116911,1.5284263579839346
116912,1.58054191800362
116913,1.5614506627749638
116914,1.6448056051735964
116915,1.6126179179468485
116916,1.5295508749395783
116917,1.6108152281903243
116918,1.5943544677389172
116919,1.5719224074749714
116920,1.5908902374302805
116921,1.5952431459837364
116922,1.589457454520524
116923,1.5563385692296632
116924,1.6098441977029254
116925,1.5315538760259377
116926,1.5923640572595044
116927,1.5369971222005854
116928,1.5877579534699302
116929,1.5657034529796083
116930,1.6005956634219252
116931,1.5467183216544667
116932,1.529009507017427
116933,1.5861878615181486
116934,1.565316473527063
116935,1.5622661008194016
116936,1.5752298157793543
116937,1.5414331019400112
116938,1.566051602008386
116939,1.6101791748250007
116940,1.5293912628691315
116941,1.5998544173901021
116942,1.59467578809002
116943,1.5837441993803956
116944,1.5567327482980255
116945,1.632423459139668
116946,1.6405745928051845
116947,1.529840669450502
116948,1.5886464969838698
116949,1.555510087501818
116950,1.5499346311883109
116951,1.5652259487256235
116952,1.586861478725039
116953,1.5354069639600643
116954,1.6167064400019706
116955,1.5722793110441102
116956,1.5607471683638021
116957,1.5464792189000938
116958,1.5411835320065883
116959,1.5397761505433192
116960,1.5751677150189805
116961,1.555627692018971
116962,1.6248427772064633
116963,1.5154583250821252
116964,1.5841865529683454
116965,1.5709565098449432
116966,1.6249792852073268
116967,1.575986300943835
116968,1.6238380014190454
116969,1.565860391360378
116970,1.5820831596688743
116971,1.5947238832317119
116972,1.584772359220711
116973,1.6063971967704083
116974,1.6020842952986776
116975,1.5307443627852952
116976,1.5623510787451431
116977,1.6106122927596027
116978,1.5856831006262118
116979,1.5725578194144427
116980,1.5750614200843098
116981,1.569717170192125
116982,1.5633535740110598
116983,1.5836051548302161
116984,1.6164532596143961
116985,1.5879599241797735
116986,1.5422274261682678
116987,1.582439156676169
116988,1.528496071015424
116989,1.646332835695282
116990,1.56568955612632
116991,1.5690341164762402
116992,1.5308196529058022
116993,1.5510088790954835
116994,1.5572303674000922
116995,1.5350968693418718
116996,1.5369315122850704
116997,1.6151731845031307
116998,1.5615673485960657
116999,1.5847210132772196
117000,1.5811563090315703
117001,1.5953210307300834
117002,1.6426914446145668
117003,1.6243932542501747
117004,1.5817797751533151
117005,1.4832450387871456
117006,1.5499467889261938
117007,1.5795650239142853
117008,1.547557645688801
117009,1.5855833495863467
117010,1.616538016508375
117011,1.5639558306609314
117012,1.5860753025337373
117013,1.5888946521379823
117014,1.5844156860836043
117015,1.5357083102430527
117016,1.5749022567313864
117017,1.6014923172232158
117018,1.5753455727655326
117019,1.5377187260501715
117020,1.5609342673369877
117021,1.5977579467977099
117022,1.6185373157640912
117023,1.5635728011324328
117024,1.5772377564689826
117025,1.551459818086347
117026,1.585673081529969
117027,1.5517309941870825
117028,1.5673729401840157
117029,1.5705645932848347
117030,1.5670112964418548
117031,1.5919688905120486
117032,1.5458538649239855
117033,1.5476796198389922
117034,1.6014044604122621
117035,1.5741049779027962
117036,1.5391985642048398
117037,1.5884727779200407
117038,1.6080946445741107
117039,1.525704867939235
117040,1.568473782758612
117041,1.630181644874064
117042,1.5428601215952196
117043,1.5642411588676786
117044,1.5855898262741137
117045,1.543977340045238
117046,1.624006067897492
117047,1.5744717131363952
117048,1.5954747751434788
117049,1.5547939346900845
117050,1.5597174090340813
117051,1.5716321916658116
117052,1.5718594878557475
117053,1.4821793286583964
117054,1.585182318702471
117055,1.5999292726626906
117056,1.5695130718546766
117057,1.5891880342782412
117058,1.5662918886974282
117059,1.5303551475830006
117060,1.5974569977897148
117061,1.5837026307615893
117062,1.5686028830415273
117063,1.58394581458865
117064,1.5106223230973779
117065,1.5949876774610594
117066,1.6337658453500015
117067,1.5339278123739761
117068,1.5890331004166318
117069,1.5863085163006019
117070,1.567598159832528
117071,1.6080113360676629
117072,1.617940790110497
117073,1.6003634901665742
117074,1.6381380838039052
117075,1.5951435403978063
117076,1.5060590192457786
117077,1.5683121490880056
117078,1.5892351238474784
117079,1.5632625222543508
117080,1.592795420025119
117081,1.5428423458857097
117082,1.5427192032325032
117083,1.5510346203667458
117084,1.600448497622967
117085,1.605298377347241
117086,1.5735254310069942
117087,1.5991090163309745
117088,1.5955301915043298
117089,1.589136019305071
117090,1.6288357914369627
117091,1.582482057748697
117092,1.6188253732079811
117093,1.5297981161661731
117094,1.529629364132399
117095,1.6055861917609482
117096,1.6334531175455376
117097,1.5700621734237488
117098,1.5819379251708547
117099,1.5465758778031085
117100,1.5495798910431553
117101,1.5911886303335314
117102,1.6053169922160015
117103,1.5953643531050496
117104,1.6001391076591367
117105,1.6206118169236448
117106,1.6052655917432843
117107,1.5716951705159317
117108,1.6263251649778798
117109,1.5679332258017464
117110,1.5528816472727776
117111,1.5291129313782057
117112,1.549982773945224
117113,1.5245824193598476
117114,1.575557256483925
117115,1.537769225354604
117116,1.5933719006878297
117117,1.552330371734127
117118,1.5724644627848734
117119,1.6504620765608793
117120,1.5862614048055497
117121,1.579318684693151
117122,1.578751957934551
117123,1.587376764083069
117124,1.566476025060839
117125,1.5765411300982872
117126,1.5596795945101989
117127,1.5646671211684053
117128,1.5638282193240751
117129,1.5454684092287245
117130,1.628538952045417
117131,1.5977280733561041
117132,1.6271555126796533
117133,1.5869675838381654
117134,1.5450108957841926
117135,1.537531173856421
117136,1.5554212661822382
117137,1.59019880613338
117138,1.5378006372160469
117139,1.6192206916494076
117140,1.5828836151989205
117141,1.571296220733437
117142,1.5723676536271467
117143,1.5814185253012862
117144,1.5286822132745457
117145,1.5893378158903733
117146,1.5542356490093927
117147,1.5587592752531807
117148,1.586078100870277
117149,1.646437301294987
117150,1.5705032448346483
117151,1.5467563446535932
117152,1.5403352791855245
117153,1.577970099378566
117154,1.571408711700934
117155,1.5799464090143664
117156,1.5690613704489287
117157,1.5842367952498784
117158,1.6010811419177486
117159,1.5948540711871535
117160,1.598554382965934
117161,1.5700048096074446
117162,1.6613685273206347
117163,1.5998417743689726
117164,1.578525586378805
117165,1.5475186409502695
117166,1.5821181313886155
117167,1.5871467539697357
117168,1.6210342633923362
117169,1.5726743401122278
117170,1.5670936999351042
117171,1.5493129992875874
117172,1.601595140871547
117173,1.5277361400011362
117174,1.56057298388523
117175,1.5863449520627242
117176,1.4918170691743702
117177,1.630479112691039
117178,1.58787166987898
117179,1.565566295628313
117180,1.5531609367798904
117181,1.5782367112689257
117182,1.620274742528309
117183,1.6044047343240926
117184,1.583708429294681
117185,1.5067861333734254
117186,1.5573077445903882
117187,1.5663927964666327
117188,1.570599144863457
117189,1.5968330759801561
117190,1.535532460783085
117191,1.5937073975545701
117192,1.5663996636039839
117193,1.5968839346812032
117194,1.5938130153171761
117195,1.5247161833215626
117196,1.5804036209848291
117197,1.5887197059902116
117198,1.5711394753948884
117199,1.5242256165842336
117200,1.5642580833654292
117201,1.5686137871690835
117202,1.5993694216931342
117203,1.5999781234773265
117204,1.5666345671387618
117205,1.6251494829850301
117206,1.58287178774086
117207,1.5603964028709378
117208,1.562095975832739
117209,1.6061731192431592
117210,1.5595888241737839
117211,1.5505392896762216
117212,1.5879340529202304
117213,1.61878817073754
117214,1.613373874527985
117215,1.5523814270447622
117216,1.621398551749884
117217,1.5874023315303574
117218,1.628939145576498
117219,1.5689616395685022
117220,1.5632199656113537
117221,1.546621312049524
117222,1.5753777288000952
117223,1.580927997791215
117224,1.528786361107652
117225,1.5690558426389825
117226,1.6161256168650844
117227,1.5736593757075255
117228,1.5609882917761584
117229,1.589270536102752
117230,1.5873121316846945
117231,1.598934255317962
117232,1.5521888487383855
117233,1.6024889702083749
117234,1.5588872900329394
117235,1.5620544698906345
117236,1.569334791487214
117237,1.5539579536461745
117238,1.5488293840655192
117239,1.5716977619944665
117240,1.5905688322383305
117241,1.5487928185732247
117242,1.5918891042655232
117243,1.5509653350746886
117244,1.563197784268344
117245,1.5503006166518187
117246,1.5616954639078993
117247,1.5487533871461365
117248,1.5547124836111257
117249,1.56762714275713
117250,1.5698835963903222
117251,1.5800605235826684
117252,1.5501763997145641
117253,1.583982586397149
117254,1.5337313327563817
117255,1.5754014158251766
117256,1.5822815038226574
117257,1.5825360403796231
117258,1.5262644388749185
117259,1.5812507845116617
117260,1.5497201478458436
117261,1.5934222149178374
117262,1.6006366552510503
117263,1.5484145934127962
117264,1.6067587117195696
117265,1.5792844736959581
117266,1.5682626677745375
117267,1.5860274810014925
117268,1.608934988857203
117269,1.6051737897488325
117270,1.5791666194317293
117271,1.561792163438507
117272,1.557243232836836
117273,1.543668410433296
117274,1.5753670805431215
117275,1.6056376518711362
117276,1.5327716228055537
117277,1.5642216242337685
117278,1.573824912616083
117279,1.6205068046034927
117280,1.561263751376879
117281,1.5826165936970844
117282,1.615091158774847
117283,1.572998014970663
117284,1.5341926812603062
117285,1.5368673958478922
117286,1.5887540740411397
117287,1.5587572387534283
117288,1.5810196378893409
117289,1.5992746409066052
117290,1.6074347261705764
117291,1.5733488380326954
117292,1.662697336183676
117293,1.5571922950671049
117294,1.5231785560311306
117295,1.553665115724345
117296,1.5781599947604357
117297,1.5439576946060494
117298,1.5837475628306534
117299,1.565985340534113
117300,1.5492397514571858
117301,1.5632146498366937
117302,1.6146361584577118
117303,1.5652647626366996
117304,1.524218878546532
117305,1.5674303164953618
117306,1.5714906341064083
117307,1.5710039624330936
117308,1.6157409814128605
117309,1.573194580485668
117310,1.577721936127162
117311,1.5746487610895628
117312,1.549472430939858
117313,1.6674472192970298
117314,1.5820042541857358
117315,1.5495840470797952
117316,1.5586293615637867
117317,1.571427994063365
117318,1.5924245681478775
117319,1.6085709755742967
117320,1.554038812117124
117321,1.545721975419907
117322,1.5959835519218157
117323,1.5902024112645226
117324,1.5999778551121426
117325,1.5555729597443582
117326,1.6126970450281015
117327,1.6034439604285304
117328,1.5988493596040252
117329,1.5664701530043381
117330,1.638452160799381
117331,1.6141484706515814
117332,1.6007737203717238
117333,1.587797541589563
117334,1.557196951569377
117335,1.573413834534183
117336,1.5377200812045173
117337,1.6027773738475652
117338,1.5364058758797747
117339,1.6044724496809826
117340,1.5618753409477022
117341,1.5728876843943032
117342,1.5471360236998164
117343,1.58650608534765
117344,1.5485601034784968
117345,1.5512602981130337
117346,1.5817701714281485
117347,1.5679253665666537
117348,1.6694652294258194
117349,1.5896710855819387
117350,1.5679059853905224
117351,1.5667322596959752
117352,1.5538227588704712
117353,1.5462089142836823
117354,1.5914220400567891
117355,1.595151153712669
117356,1.5184312558598774
117357,1.5469612025163042
117358,1.5695396907378814
117359,1.588207329513982
117360,1.5416727417584364
117361,1.5528077967737148
117362,1.5474144613072756
117363,1.5998753605830887
117364,1.546892779757648
117365,1.641751663316971
117366,1.6400514931790762
117367,1.5505835921718132
117368,1.5485840395709245
117369,1.562288362752249
117370,1.577847395817888
117371,1.5915818158228954
117372,1.5849474595557371
117373,1.559566516125068
117374,1.5316714992498708
117375,1.5630246481726962
117376,1.5522524078727062
117377,1.6038357604929476
117378,1.5641914681210372
117379,1.5612963338049464
117380,1.5835452091357634
117381,1.530354170094027
117382,1.5692662474559225
117383,1.5545293373463314
117384,1.5690778833240608
117385,1.5982699150528372
117386,1.563270473229002
117387,1.5517108787740999
117388,1.556355238784476
117389,1.558968493323266
117390,1.6018906526185788
117391,1.623318577927351
117392,1.6388562264592137
117393,1.5462773129686553
117394,1.5120791039180064
117395,1.5678817484006091
117396,1.5795116696313438
117397,1.562671567447298
117398,1.5616163644801917
117399,1.5415275340742092
117400,1.5990934182552818
117401,1.615533030444989
117402,1.579088962729804
117403,1.5282969654531897
117404,1.5830037805664368
117405,1.5567868923761057
117406,1.6039933061008096
117407,1.5731063843118531
117408,1.5494349078550782
117409,1.571157215128328
117410,1.5377333431272424
117411,1.5079280839459854
117412,1.5778378058522409
117413,1.5491459987316027
117414,1.6055807169089589
117415,1.532622192839355
117416,1.6247090030846643
117417,1.620891103719401
117418,1.5201720933845488
117419,1.5815981464792286
117420,1.5484060821970647
117421,1.5429838337640844
117422,1.5362578361952786
117423,1.5928406661162675
117424,1.5890838955127549
117425,1.6049676775354622
117426,1.5570458539667207
117427,1.624009336986101
117428,1.6085578117084747
117429,1.5775029498347095
117430,1.5968745289597015
117431,1.5630738935264534
117432,1.543041255030378
117433,1.5734151108286853
117434,1.5810500652624002
117435,1.555876114381195
117436,1.5560894271986887
117437,1.5451413557143634
117438,1.6042313249183322
117439,1.5380512784822944
117440,1.5593603432559917
117441,1.5848735178435698
117442,1.500384753742062
117443,1.6322580309475068
117444,1.5976626304310204
117445,1.5904816010742018
117446,1.59433006121774
117447,1.5624186360433219
117448,1.6212697175049433
117449,1.5756449889456305
117450,1.5694505032855708
117451,1.560104233566638
117452,1.587082313575658
117453,1.6041586196155257
117454,1.5805709148703468
117455,1.550585910637369
117456,1.5371158432277885
117457,1.5806036721151016
117458,1.6048479076323674
117459,1.575764907355644
117460,1.5744811352952697
117461,1.5726527952772786
117462,1.6032592127265197
117463,1.59077790839125
117464,1.5850840886993176
117465,1.5450157510186904
117466,1.5687844494756067
117467,1.5623907439708993
117468,1.578656155736582
117469,1.6134032169459964
117470,1.5645300108165838
117471,1.5981858332415266
117472,1.6571067762806737
117473,1.5780418185710985
117474,1.6305394348038733
117475,1.5596712726315725
117476,1.5658632069177154
117477,1.5173051278006073
117478,1.575637923781407
117479,1.521451166599427
117480,1.5263333823044785
117481,1.5927385217456738
117482,1.6040449557033976
117483,1.5546072438065712
117484,1.5378884574689538
117485,1.5738052742719548
117486,1.6080288410453814
117487,1.5550566512929476
117488,1.6041539417828414
117489,1.5810968947493904
117490,1.5959322361272696
117491,1.5947619058134828
117492,1.6237079103943428
117493,1.5551958382487572
117494,1.5657511334145626
117495,1.5596679711979986
117496,1.5901008008293394
117497,1.617613316669576
117498,1.606079017086949
117499,1.5459180259094443
117500,1.5887792215552785
117501,1.5692665458343353
117502,1.5880423768273235
117503,1.5989103386239623
117504,1.5863193953171837
117505,1.6083586166944204
117506,1.6110509492916927
117507,1.5606057266244935
117508,1.5544504250982443
117509,1.5421631413644288
117510,1.598635681414456
117511,1.623959966514047
117512,1.6123991403775015
117513,1.611795893763564
117514,1.5889767447187828
117515,1.5828382284243387
117516,1.5562738681547525
117517,1.612546090820635
117518,1.5537451301912841
117519,1.5677202549710831
117520,1.5665284997436226
117521,1.6059437306435018
117522,1.549688650043637
117523,1.5353177925668058
117524,1.6227864113958952
117525,1.5575241157303743
117526,1.600901710933061
117527,1.536483237245832
117528,1.54862772835502
117529,1.588095412589964
117530,1.5158299809031033
117531,1.6014568816803731
117532,1.5788336151306779
117533,1.589223143343636
117534,1.5970939085803408
117535,1.571992522773201
117536,1.5744586598324837
117537,1.5394633903011234
117538,1.5459350696643515
117539,1.544346232354091
117540,1.594948713336783
117541,1.5380309871784266
117542,1.5796445072921268
117543,1.6266361866492063
117544,1.6272168290251054
117545,1.6028624826657893
117546,1.527338113261715
117547,1.5719395391490232
117548,1.6236805522316178
117549,1.5569221749727784
117550,1.5947522289371046
117551,1.5635980497752435
117552,1.565549301972206
117553,1.5326855134448396
117554,1.5650051400715816
117555,1.587194507304211
117556,1.5592318428433687
117557,1.5552937762886414
117558,1.6151265303427693
117559,1.5772718964991639
117560,1.5741003417189852
117561,1.5300887661554055
117562,1.5585550036762976
117563,1.5388126163721296
117564,1.590224757220073
117565,1.5908747287622829
117566,1.6019830677032372
117567,1.556859903358845
117568,1.5553323681529256
117569,1.5704269200678351
117570,1.5989818093377761
117571,1.5735328393736212
117572,1.5467854543690054
117573,1.570443280642674
117574,1.5712525484143147
117575,1.5790286991106783
117576,1.6617215049228418
117577,1.5683232819032702
117578,1.5268950479019927
117579,1.5271445332085052
117580,1.5959307829511133
117581,1.5626902533854803
117582,1.5703906850438156
117583,1.5663041466955878
117584,1.623116233236698
117585,1.5901351487413369
117586,1.5888688466580974
117587,1.5772547228427658
117588,1.5843298259160519
117589,1.6061200587207296
117590,1.6073318203541411
117591,1.6097077219973817
117592,1.640991841251642
117593,1.529393112494436
117594,1.5223813091219724
117595,1.6071332494725001
117596,1.5581193549800005
117597,1.5963834741885603
117598,1.565043047626795
117599,1.590468220557212
117600,1.5518260698290824
117601,1.5520463978865973
117602,1.5562212718175839
117603,1.5725160822421336
117604,1.609523757344425
117605,1.5853103710139513
117606,1.624462520891997
117607,1.5174146305464256
117608,1.5323669130991167
117609,1.6277092925054268
117610,1.538261690638968
117611,1.558847841874387
117612,1.6122869396305952
117613,1.6020307635776279
117614,1.604045066298589
117615,1.5663771171982959
117616,1.578665728918545
117617,1.6353644130578047
117618,1.5373863798376575
117619,1.5175936403460686
117620,1.5374958650134036
117621,1.5641843914387947
117622,1.587031305057967
117623,1.5843597834398948
117624,1.603716020045227
117625,1.5658846994363935
117626,1.5786332675832522
117627,1.5619704152309943
117628,1.6053546894734023
117629,1.5273841906442442
117630,1.5523366514868076
117631,1.5405589020888295
117632,1.6193353822522487
117633,1.6218922529582023
117634,1.5962384977894624
117635,1.5728408126218683
117636,1.5959058410314806
117637,1.6297687019244593
117638,1.586046430849894
117639,1.5544091587783075
117640,1.5697721133724294
117641,1.5773095989142127
117642,1.6246728046684222
117643,1.5942660230265588
117644,1.5410478500397853
117645,1.5966603659119072
117646,1.6342418778262031
117647,1.5101545955875615
117648,1.5578135647577387
117649,1.565632358377362
117650,1.5540059710163128
117651,1.5851391395496366
117652,1.569482364529298
117653,1.5063313099268454
117654,1.5853126318858337
117655,1.6240436789117165
117656,1.5380553189124913
117657,1.616953169204636
117658,1.5516201823653644
117659,1.5487885452438512
117660,1.5850028425367786
117661,1.634609949389015
117662,1.5719612671173249
117663,1.5705119088203954
117664,1.6036438896381797
117665,1.5855040886044756
117666,1.6505221688932123
117667,1.5774576306135384
117668,1.6322480489460764
117669,1.5787443036007323
117670,1.5418696683902433
117671,1.577901834139559
117672,1.5026498755619238
117673,1.5160251415177697
117674,1.5717891573077147
117675,1.562191289471052
117676,1.5692323763556029
117677,1.5558612523769415
117678,1.5768951878871726
117679,1.6252654291278241
117680,1.5625080845865704
117681,1.5595872951181475
117682,1.5434035845200003
117683,1.5441484561830854
117684,1.5675987272429899
117685,1.5773841976061265
117686,1.6139742823767986
117687,1.5922176574310611
117688,1.6306395782182759
117689,1.577684292318971
117690,1.5972749705400378
117691,1.551563805192283
117692,1.5634376898507318
117693,1.555929734437445
117694,1.5576857034612488
117695,1.5766011477119999
117696,1.5749761905408683
117697,1.5665612968440592
117698,1.5410836861901176
117699,1.5859604031258605
117700,1.5540463566528047
117701,1.582982221947274
117702,1.5641622071879258
117703,1.5837002573892642
117704,1.570427178509042
117705,1.5732946591606967
117706,1.5924777764371558
117707,1.5414579524294933
117708,1.4979259477127667
117709,1.5583889710025498
117710,1.5417130839817033
117711,1.5228184548580157
117712,1.580470626984027
117713,1.5733794141791033
117714,1.5539172614384948
117715,1.597295804343815
117716,1.5899309782220858
117717,1.5484754562818355
117718,1.6160979172775656
117719,1.5707108673559116
117720,1.550584388839049
117721,1.5819384123443745
117722,1.5512362300021145
117723,1.6223087182084812
117724,1.5904077807813861
117725,1.5611274690333268
117726,1.5953613299248925
117727,1.5930333964505003
117728,1.5676575487394353
117729,1.5264339051553788
117730,1.6025666285988174
117731,1.6199449628758127
117732,1.5199214148418263
117733,1.546791086743577
117734,1.5937584190500431
117735,1.529872157295357
117736,1.5999374401371569
117737,1.5455928820008458
117738,1.57625366650406
117739,1.5980921366368381
117740,1.578664052170127
117741,1.5761581816041084
117742,1.596921893900224
117743,1.5662687026906719
117744,1.566091061173779
117745,1.5678672221818752
117746,1.5542564156693655
117747,1.5441888017572147
117748,1.5381553178634881
117749,1.568957517530475
117750,1.5587209045063328
117751,1.558999460178993
117752,1.58401818361978
117753,1.6020390161951032
117754,1.57212702248316
117755,1.6179736800425821
117756,1.5824000988484421
117757,1.5426113628632614
117758,1.5453795309952725
117759,1.5843916018197952
117760,1.6131481458981054
117761,1.5832929552165256
117762,1.617867597373598
117763,1.5801937511982695
117764,1.6239985938106893
117765,1.5812640364397976
117766,1.5261182574469243
117767,1.5996988524153892
117768,1.5416023528245433
117769,1.5510254584805991
117770,1.5342648264155108
117771,1.575678956258892
117772,1.5709627408532063
117773,1.6379384732617155
117774,1.6383301755619464
117775,1.5876652613619378
117776,1.5953667083754937
117777,1.6109930291613608
117778,1.5500013101432244
117779,1.5596149259249494
117780,1.59793230412212
117781,1.554456793834259
117782,1.5394448154477203
117783,1.5712488089468581
117784,1.5434481800242716
117785,1.594609109618768
117786,1.6056891879898552
117787,1.569799718090967
117788,1.5851799563941251
117789,1.5836748532563822
117790,1.6121032383547533
117791,1.613945023915127
117792,1.6108791374667133
117793,1.5837440876930198
117794,1.5374819070808854
117795,1.521516108798521
117796,1.6209701223769772
117797,1.5635767240136984
117798,1.5778126924154003
117799,1.5823377745655416
117800,1.5542856944149908
117801,1.5359043310142932
117802,1.5809209840098655
117803,1.5660226013062344
117804,1.5702422326041816
117805,1.555707284147191
117806,1.5270343812267675
117807,1.615484773713276
117808,1.585943939914311
117809,1.6251523673113148
117810,1.603523429074796
117811,1.5390961162733539
117812,1.597017588968141
117813,1.516716276856026
117814,1.6027333843916263
117815,1.5697198077429908
117816,1.542993212222751
117817,1.5782814236693787
117818,1.639696619502453
117819,1.5598377763065243
117820,1.5919897099067293
117821,1.5369600811920774
117822,1.5866949590994066
117823,1.5899680330501647
117824,1.5586654219172262
117825,1.614956130661264
117826,1.556339208738123
117827,1.5568302583274232
117828,1.6053419015181254
117829,1.5393971291711663
117830,1.5883444134595304
117831,1.603398803621986
117832,1.5864362115857131
117833,1.5690707705961746
117834,1.5538068080601235
117835,1.5984761649166752
117836,1.5851624051950206
117837,1.5649577943337574
117838,1.5654823326021536
117839,1.5536127954571268
117840,1.4955545001860224
117841,1.5246522989926754
117842,1.5953438198880325
117843,1.5973351767673645
117844,1.586286478370171
117845,1.510175616865805
117846,1.5465620994645277
117847,1.6014478767185227
117848,1.5713106751839143
117849,1.549384659257663
117850,1.5386866887829074
117851,1.5415857197327316
117852,1.5094445831927037
117853,1.55801616286281
117854,1.6155444067725133
117855,1.614433360618235
117856,1.5977734626989228
117857,1.5740676697943237
117858,1.5773745077508952
117859,1.60182582051632
117860,1.5762753866424746
117861,1.5553608593364414
117862,1.5433875519131428
117863,1.5613473684681185
117864,1.5811877713571334
117865,1.5737937716102839
117866,1.5345668524011042
117867,1.5937520837860337
117868,1.6062142765845944
117869,1.6274300091302483
117870,1.6358228124989826
117871,1.6139056184752907
117872,1.5749805615837813
117873,1.5529167367152499
117874,1.565653512465036
117875,1.5484464178669548
117876,1.582445568542636
117877,1.5866830710539828
117878,1.5570766794193769
117879,1.622233730919979
117880,1.5710123607634745
117881,1.5412331086224624
117882,1.5870665325274005
117883,1.574563114251119
117884,1.5940396569865312
117885,1.6031683951407603
117886,1.571745885325678
117887,1.5376784003201829
117888,1.5939106095023037
117889,1.5892816226353517
117890,1.5824848535305978
117891,1.544393958080885
117892,1.5211080531565258
117893,1.5826026076568362
117894,1.600765992179505
117895,1.5849181805888568
117896,1.5608424595326054
117897,1.5942643488285488
117898,1.559761161709411
117899,1.6227008651778574
117900,1.6418332457337677
117901,1.5593561624889714
117902,1.6154785754409642
117903,1.5931909676306013
117904,1.5903978379934487
117905,1.4915168689373746
117906,1.5096082831322677
117907,1.5699000092809205
117908,1.5212949888261955
117909,1.6096751892476129
117910,1.5576760813421595
117911,1.5644941560186885
117912,1.588190636617013
117913,1.5645665059832778
117914,1.5781898650786323
117915,1.5666995769585224
117916,1.5798472676038569
117917,1.6074968776245981
117918,1.5614645997849377
117919,1.568704468046445
117920,1.556161442672646
117921,1.5840546153131219
117922,1.646927550239624
117923,1.6125981917223435
117924,1.5695759860142522
117925,1.5652247677870137
117926,1.572303470118075
117927,1.5709130320895113
117928,1.5997864302440987
117929,1.560720218398609
117930,1.60069362897588
117931,1.6156373689307717
117932,1.5920741760267154
117933,1.5712378830669382
117934,1.5645784398688685
117935,1.5845039995662622
117936,1.5625984332566556
117937,1.5846586066772246
117938,1.625684808334331
117939,1.576146741827911
117940,1.5818537438892943
117941,1.5079629919434132
117942,1.5903744642743025
117943,1.5410296618083854
117944,1.5681691112963778
117945,1.5594610535527627
117946,1.6379178150084128
117947,1.5823052680558714
117948,1.580704188771725
117949,1.5582029106472726
117950,1.61697999953924
117951,1.549534302064026
117952,1.5795997376250883
117953,1.5719015764495647
117954,1.5708608341523054
117955,1.619673678549881
117956,1.585030415440002
117957,1.5538925004143487
117958,1.5354116929050483
117959,1.5283709947775308
117960,1.6201640836891158
117961,1.6022850378579359
117962,1.5650526395062303
117963,1.5698842293440844
117964,1.594562544554404
117965,1.6418383125749656
117966,1.6206029860880566
117967,1.5885696530467575
117968,1.5185845035433163
117969,1.5644733961650137
117970,1.551481373708998
117971,1.5328540739901626
117972,1.5624148370823832
117973,1.5962494198501969
117974,1.5599929103917156
117975,1.637320376177858
117976,1.569734093910454
117977,1.624653092577748
117978,1.5878641652513725
117979,1.5961379687917054
117980,1.5419996281429447
117981,1.5515065965554344
117982,1.5651047381351753
117983,1.6194777233855748
117984,1.5786661235832096
117985,1.5662272515894167
117986,1.5587349496123388
117987,1.554687047226365
117988,1.5835075600796844
117989,1.5661582661537035
117990,1.510325023637459
117991,1.52297002037298
117992,1.6363897212067
117993,1.5708843397430747
117994,1.596771902940733
117995,1.5287192339637623
117996,1.5755520721007954
117997,1.5551601012308516
117998,1.544768242219323
117999,1.5393367982205166
118000,1.5891585646907789
118001,1.5648792057797232
118002,1.561075651642253
118003,1.616425234301072
118004,1.6330996757349028
118005,1.5520060703918086
118006,1.5833399236301857
118007,1.5606689836972836
118008,1.6248746171302801
118009,1.5644351983886322
118010,1.5196501103979658
118011,1.6087158376180848
118012,1.5922573479749138
118013,1.5705974476840352
118014,1.6484333489123282
118015,1.6074763564453411
118016,1.5838548843823044
118017,1.57858935469124
118018,1.576522097239332
118019,1.5549168663147181
118020,1.5936246827857279
118021,1.567722510575916
118022,1.616078527249578
118023,1.5428490434289657
118024,1.575489403933869
118025,1.5543263925112711
118026,1.565102205481687
118027,1.5855081995406495
118028,1.522975412011111
118029,1.5620602076984347
118030,1.5292234383833219
118031,1.568874832734609
118032,1.6055905875847831
118033,1.5438686889080053
118034,1.5878244018835315
118035,1.5390332343235187
118036,1.5896065163314763
118037,1.6111143983505751
118038,1.5999216651613886
118039,1.5478428469309655
118040,1.5517034345778427
118041,1.5716886061430044
118042,1.514437969603534
118043,1.5716923489136978
118044,1.5504550906058114
118045,1.58483693796487
118046,1.594964719324508
118047,1.5930043697073148
118048,1.5947992108471702
118049,1.61092510506286
118050,1.5838636791552714
118051,1.5847517734729237
118052,1.5652158371861278
118053,1.5872064652577944
118054,1.5834622421911637
118055,1.6148562625659113
118056,1.5484588858147994
118057,1.5428632972857612
118058,1.507335996807053
118059,1.5665447753516555
118060,1.5346214478770959
118061,1.6132185013588516
118062,1.5331306738299753
118063,1.5326101203238878
118064,1.5445586706311405
118065,1.5947354856308809
118066,1.5477801870435295
118067,1.5682107012872875
118068,1.5665708905720945
118069,1.567153648064692
118070,1.6001434689186256
118071,1.5726252062879105
118072,1.5606530285357767
118073,1.5994153010164347
118074,1.5796040506162745
118075,1.5599434487144377
118076,1.5981129500240618
118077,1.5395944183706103
118078,1.552244907756354
118079,1.5737643256908866
118080,1.615959149891829
118081,1.5942335126753564
118082,1.5207398888293844
118083,1.621057191227742
118084,1.5545236293393854
118085,1.5950304253495289
118086,1.5456210297283806
118087,1.579279899032737
118088,1.5606021924680957
118089,1.526792034303134
118090,1.5800500921009282
118091,1.5819279856537498
118092,1.6224926916175573
118093,1.5910268425881384
118094,1.5495881609804143
118095,1.595968197930795
118096,1.5577948255155598
118097,1.5799305910788881
118098,1.584748129101878
118099,1.6010537244898857
118100,1.6112963961045634
118101,1.5787252929709923
118102,1.542654290935207
118103,1.5420429475059294
118104,1.5790092472977935
118105,1.5771441257341747
118106,1.563244598973469
118107,1.5542705659707832
118108,1.6322051544059402
118109,1.5524135422734469
118110,1.5416191255937721
118111,1.5675037467959914
118112,1.5680296164288956
118113,1.5874652450660518
118114,1.5513998623213126
118115,1.5071940137771367
118116,1.5863677060641652
118117,1.5434663122496568
118118,1.571914997423896
118119,1.597360147447179
118120,1.5631577631970863
118121,1.5980282471086575
118122,1.5689229668907005
118123,1.5387913562170021
118124,1.5656763464352237
118125,1.5900275930458059
118126,1.5368739263534514
118127,1.5500575013839826
118128,1.6045660937884925
118129,1.6018908806243313
118130,1.55899495177297
118131,1.5344094933314956
118132,1.5471750591640479
118133,1.556391714257003
118134,1.6209385041178628
118135,1.545079295126263
118136,1.5800173935279618
118137,1.624647192123758
118138,1.5842267411092008
118139,1.5562742920531079
118140,1.5983687817540486
118141,1.624608223575978
118142,1.597657931234217
118143,1.6014140186533474
118144,1.5331933235935813
118145,1.5987298570351567
118146,1.5665830194648274
118147,1.5606640035385573
118148,1.6111818826887263
118149,1.5466479171961818
118150,1.6053143183110055
118151,1.534395901811944
118152,1.5799934586394269
118153,1.5544140532042625
118154,1.5855648907621216
118155,1.5461880973863023
118156,1.5741712327173594
118157,1.6082706722476954
118158,1.580502725984505
118159,1.5016835529731096
118160,1.6498448563991812
118161,1.5906152898517238
118162,1.5673947612899262
118163,1.5523143884416695
118164,1.6192949256763904
118165,1.534917219466604
118166,1.5748283090694377
118167,1.5497935553469817
118168,1.548452589828356
118169,1.6123848944891486
118170,1.6228803216527843
118171,1.623470938496358
118172,1.5648329746697893
118173,1.583409948133739
118174,1.6038938489954595
118175,1.5697707005301331
118176,1.4924583326715006
118177,1.575664710977187
118178,1.5561395776727027
118179,1.5518900377249432
118180,1.5382844554775175
118181,1.5764557544903604
118182,1.5802377229972602
118183,1.5810002093479376
118184,1.564724417797877
118185,1.580006477091844
118186,1.5882495934773506
118187,1.5602630468922505
118188,1.6127315348317321
118189,1.5986979413232014
118190,1.5554901262715635
118191,1.5052339757882884
118192,1.6338445563580806
118193,1.582254268760059
118194,1.5761321176418528
118195,1.6004212503205062
118196,1.5704369920321513
118197,1.5961954214424843
118198,1.561872630772222
118199,1.561595292942912
118200,1.5181318432743198
118201,1.5536984457918528
118202,1.5906244717595655
118203,1.5770496452875318
118204,1.5947177187253683
118205,1.6112795992049422
118206,1.5881111128844452
118207,1.5724178751211961
118208,1.605568837540247
118209,1.6281936601273672
118210,1.6038700726769906
118211,1.5565802079052256
118212,1.555981075138951
118213,1.5605241043803932
118214,1.5746074061497055
118215,1.6034294999962138
118216,1.5298112740496
118217,1.5346814630553145
118218,1.5939129128009835
118219,1.5202349872676288
118220,1.5587459837389215
118221,1.5230731886797715
118222,1.5589618303585135
118223,1.4978193643002857
118224,1.591767356131282
118225,1.5824115044718903
118226,1.5278381083813393
118227,1.5405641155354173
118228,1.5976543799050777
118229,1.591468352764839
118230,1.5328809518601618
118231,1.5807969372472332
118232,1.5890047254282824
118233,1.5890924116541758
118234,1.6213422351315354
118235,1.5752198649666995
118236,1.564731762579348
118237,1.602970717186509
118238,1.5739959355251067
118239,1.5714552626865608
118240,1.5469592819633329
118241,1.5685500873360647
118242,1.591485469518013
118243,1.5568394593524062
118244,1.5730746449641453
118245,1.544292794210466
118246,1.5427271736058141
118247,1.611772064936813
118248,1.5755175423246852
118249,1.5693468840217255
118250,1.596662824278699
118251,1.5541530457293864
118252,1.567437969521592
118253,1.5594928916134418
118254,1.590690402172024
118255,1.5163077032771348
118256,1.5904449470525972
118257,1.498789233106752
118258,1.5740885709072734
118259,1.5709714966910249
118260,1.5821320741998983
118261,1.592206674228006
118262,1.5561324078973666
118263,1.5634694527251582
118264,1.5770146731413484
118265,1.5848067321504782
118266,1.6244520717345472
118267,1.6233959220227665
118268,1.5511106464735616
118269,1.5390848480372028
118270,1.5527478564397181
118271,1.6050432313745775
118272,1.5670585387867366
118273,1.5373035557617767
118274,1.5283250456901718
118275,1.6090579821560327
118276,1.5625492626223865
118277,1.5612180553649033
118278,1.5574486580710813
118279,1.5486638464852207
118280,1.5731966390862415
118281,1.5935169501455453
118282,1.5784407784828915
118283,1.5754047305844965
118284,1.556569429910402
118285,1.5748579372300209
118286,1.583080381167508
118287,1.5414611899528075
118288,1.5944379126862567
118289,1.4924349191564525
118290,1.595085820529416
118291,1.5601805935884592
118292,1.5683578289045457
118293,1.5529287378541967
118294,1.5906820104020114
118295,1.603695984925431
118296,1.5766031584907543
118297,1.5839984336079396
118298,1.5016644724119939
118299,1.540752765182752
118300,1.569584923193968
118301,1.5433718400936858
118302,1.594533523802634
118303,1.5468546335577493
118304,1.5838529323990995
118305,1.6118913961441448
118306,1.547447289399913
118307,1.5605740037125297
118308,1.5616699819167934
118309,1.5170386750930758
118310,1.5798204458118157
118311,1.606720313941988
118312,1.5270075153859985
118313,1.550782195260611
118314,1.6083741857161435
118315,1.5525410846012742
118316,1.5503576148206888
118317,1.5758151591913718
118318,1.518910400383475
118319,1.584850548543226
118320,1.616802485094248
118321,1.616700712165275
118322,1.5450657727281991
118323,1.612165798907078
118324,1.5529697758767624
118325,1.6065763025730444
118326,1.5749986320167797
118327,1.6424428801505389
118328,1.5521975221970967
118329,1.5583663808132857
118330,1.5554609779648532
118331,1.5611843588778598
118332,1.5445576829466305
118333,1.5633636265803528
118334,1.541387749889175
118335,1.654074078996241
118336,1.6182973197438932
118337,1.5826128915046294
118338,1.5882885378453173
118339,1.579798872360004
118340,1.5506938230324727
118341,1.597228755985066
118342,1.5288188018411712
118343,1.5362228201099046
118344,1.5904079104927054
118345,1.5254027192764161
118346,1.5816499895447984
118347,1.630925955787437
118348,1.5858883360321523
118349,1.5821229400393861
118350,1.57506683645101
118351,1.567110141434414
118352,1.620712433690608
118353,1.5492369433667703
118354,1.5747354829120026
118355,1.664988559441736
118356,1.5402062746520768
118357,1.6184747209391535
118358,1.572389192572246
118359,1.5498010250936507
118360,1.5961164355056738
118361,1.5934884306934096
118362,1.5226676806561181
118363,1.563655866805915
118364,1.5990545774446803
118365,1.6268010963089
118366,1.5880955601092241
118367,1.5939434318891599
118368,1.58801889845071
118369,1.5629125628593272
118370,1.5508775908982695
118371,1.592899662924659
118372,1.5739233359120233
118373,1.5163343332821617
118374,1.5756780078473855
118375,1.6219552122815515
118376,1.5732341950580044
118377,1.5500437012019896
118378,1.5393046102610062
118379,1.5296209031137646
118380,1.5431457094220267
118381,1.6010770981415092
118382,1.537199473036601
118383,1.586575393062077
118384,1.5980064226308912
118385,1.6443210122688916
118386,1.5709148680597087
118387,1.5996481975388466
118388,1.582450461885162
118389,1.5628131885825107
118390,1.5790647840153131
118391,1.604412307587105
118392,1.56228268663121
118393,1.5888598699198733
118394,1.5606797074684065
118395,1.5984173011028742
118396,1.5382602610808178
118397,1.5749262583744066
118398,1.5536242290608289
118399,1.5681994618110675
118400,1.5749730223689977
118401,1.5951264582211906
118402,1.5444097410518824
118403,1.5830332249308194
118404,1.5678542461617015
118405,1.5864044085668219
118406,1.5582256081999122
118407,1.535056361021673
118408,1.5608479056454585
118409,1.5958420786251155
118410,1.6251864239567386
118411,1.5803168696026255
118412,1.5683479870765833
118413,1.5876103600769602
118414,1.5952143211906804
118415,1.6047964807052575
118416,1.5776375000781255
118417,1.5848099286251869
118418,1.5701770105560975
118419,1.540770888242465
118420,1.5706343187249672
118421,1.608913629260966
118422,1.6006985389827453
118423,1.6147193318288684
118424,1.5692529306238572
118425,1.5168086992017025
118426,1.5657139383981038
118427,1.5827336256364775
118428,1.6264546871305858
118429,1.566634996829225
118430,1.575709264795143
118431,1.5642847219502396
118432,1.5468047700571068
118433,1.5820170562961646
118434,1.5987291390812954
118435,1.571714924417894
118436,1.5389487922794574
118437,1.6100028110315718
118438,1.5269857849623947
118439,1.5455118708767883
118440,1.503593881468769
118441,1.5594898648193494
118442,1.540671526999994
118443,1.5900354799441374
118444,1.561911715638687
118445,1.5552393805383833
118446,1.593466322407916
118447,1.5577059276393412
118448,1.55493596537598
118449,1.5670999664274297
118450,1.6107586615639593
118451,1.5901929130163341
118452,1.5654135257294997
118453,1.5604325296727952
118454,1.5680911578627112
118455,1.5524053334639463
118456,1.5415192277202778
118457,1.5984477028032225
118458,1.5843743466061542
118459,1.5731148887547208
118460,1.5773344256329005
118461,1.5814280973033452
118462,1.6152941655513
118463,1.5864885747171023
118464,1.5916849132261424
118465,1.5573660299932417
118466,1.58111109296404
118467,1.5909969672027724
118468,1.5427762618114897
118469,1.5311889264257923
118470,1.6028953296947295
118471,1.5931842091493387
118472,1.5943579736180096
118473,1.5866913700842187
118474,1.5710190517665004
118475,1.5913390521828645
118476,1.5711909386019864
118477,1.539080752959199
118478,1.5722226509513046
118479,1.5407502475643207
118480,1.5456589385874502
118481,1.5398235798279314
118482,1.5651509757546427
118483,1.5706338588250635
118484,1.5581729852193067
118485,1.5621321291651014
118486,1.5725025771283319
118487,1.5019497608929795
118488,1.6148111887207266
118489,1.5640649728952403
118490,1.5215121577081767
118491,1.5715160724384176
118492,1.5368437798483339
118493,1.6064930746687145
118494,1.5855316698837387
118495,1.5392886236541394
118496,1.57848725410018
118497,1.5579088381801312
118498,1.5893656087828296
118499,1.6033432775919443
118500,1.5795050983940189
118501,1.5299392289049694
118502,1.6116732241121778
118503,1.5694342492143607
118504,1.5791086479757945
118505,1.5500472991189302
118506,1.5203992970253906
118507,1.586546084919406
118508,1.5724033045988364
118509,1.560707554812694
118510,1.55210376248361
118511,1.5406506801636
118512,1.608361262214786
118513,1.5160666071236841
118514,1.5902884357424611
118515,1.550980090726311
118516,1.531211407489677
118517,1.5822775807902307
118518,1.6272384790814631
118519,1.5630489614153291
118520,1.580301464373702
118521,1.5248232312179713
118522,1.5789821801546389
118523,1.5681803416853175
118524,1.5274291306130934
118525,1.6089409670901793
118526,1.540915141198754
118527,1.5703500424674905
118528,1.57760393523567
118529,1.5748302487319847
118530,1.5249975680211125
118531,1.5939704030028556
118532,1.547068826125763
118533,1.6219393406258316
118534,1.5861322705915373
118535,1.5629930471833495
118536,1.6145492162817077
118537,1.559802782886553
118538,1.54832030895277
118539,1.6252145046450082
118540,1.6292741898285619
118541,1.590287392249125
118542,1.5283400833854237
118543,1.5640551225143997
118544,1.592375212248633
118545,1.5068965984130038
118546,1.617509012143183
118547,1.6247826970481143
118548,1.57197528537622
118549,1.5445683825422774
118550,1.5936767216228775
118551,1.6047494736239438
118552,1.5659787885320422
118553,1.6248967886302155
118554,1.5805516156781831
118555,1.542421672815446
118556,1.6260392103240375
118557,1.6023920551381254
118558,1.5115413864017089
118559,1.5783966716138262
118560,1.5318850109871922
118561,1.5470696664125152
118562,1.596792405246969
118563,1.5970412619380263
118564,1.5492720701198712
118565,1.5789082353557085
118566,1.5357631761916528
118567,1.5953372656345128
118568,1.6015498073215524
118569,1.5648193080029318
118570,1.5242893488110416
118571,1.6138931815130277
118572,1.5732679493887576
118573,1.545082831394675
118574,1.5800307750741083
118575,1.6021358716589031
118576,1.5861307455493179
118577,1.6012136321647499
118578,1.541978345604062
118579,1.589944381229186
118580,1.5598649485160225
118581,1.532134857685346
118582,1.5791584540215664
118583,1.5817746918172784
118584,1.5758824509404108
118585,1.5352787007494122
118586,1.5721988421188662
118587,1.6255493018598994
118588,1.6188960895506839
118589,1.5666638395916292
118590,1.559679301179087
118591,1.5885259706969077
118592,1.5595053025098196
118593,1.5652642875643668
118594,1.6277037854454084
118595,1.6016626426412992
118596,1.57861355959567
118597,1.5358644895964415
118598,1.5471225543281788
118599,1.5554195812080511
118600,1.5135506465289656
118601,1.6101831539227742
118602,1.5680374184042127
118603,1.6045673987038498
118604,1.5403522844704154
118605,1.5842235734484078
118606,1.5533945519543149
118607,1.6216673936080621
118608,1.5463652353690933
118609,1.5720346691323532
118610,1.5791947456008637
118611,1.550653453105069
118612,1.5733275247115874
118613,1.5577845129811019
118614,1.5160481381011028
118615,1.600581495431847
118616,1.5471172470126304
118617,1.6084813695625504
118618,1.5792115102897317
118619,1.5744694111090616
118620,1.5999558782924523
118621,1.6100121794189954
118622,1.5773246738311015
118623,1.5346285888129834
118624,1.5366856842208618
118625,1.5968299453299724
118626,1.5829924678823655
118627,1.560671315933291
118628,1.585635801277012
118629,1.5612693089958123
118630,1.610074152036361
118631,1.5790206718148507
118632,1.599815718359108
118633,1.529333946488125
118634,1.5560343169948647
118635,1.5843310660863885
118636,1.5347077336149841
118637,1.5694511554993076
118638,1.5625020083153696
118639,1.588744248977749
118640,1.6264655556885883
118641,1.5585124432798474
118642,1.6030207362268893
118643,1.5916604446955722
118644,1.5225394054561598
118645,1.5973325376673353
118646,1.566331316243418
118647,1.5236988417128674
118648,1.564721629504941
118649,1.570376985602718
118650,1.579294848856567
118651,1.5793461711111332
118652,1.5233114900613647
118653,1.565856388168221
118654,1.616322171848236
118655,1.5173726112393704
118656,1.5257574307969493
118657,1.5554423790330079
118658,1.5601968321497575
118659,1.589746475518262
118660,1.5871245476741729
118661,1.551406158894922
118662,1.526501314246591
118663,1.5498145523065092
118664,1.5246969611268077
118665,1.5536444122713031
118666,1.4884418219625448
118667,1.562051480550175
118668,1.5150378251583387
118669,1.57966634142136
118670,1.5940142542859628
118671,1.5758125593675756
118672,1.572296958663588
118673,1.6132003910178805
118674,1.5618700409721928
118675,1.548612080134059
118676,1.5293916580781548
118677,1.5431554658368951
118678,1.5671204984300242
118679,1.577121540403317
118680,1.5571959713962154
118681,1.5606120301305582
118682,1.5318788778121768
118683,1.5504458289551848
118684,1.5793037041855826
118685,1.5105134674765004
118686,1.5533771978262056
118687,1.5247325770663305
118688,1.554096917435326
118689,1.604863785563944
118690,1.575532656951735
118691,1.5360632949403528
118692,1.6215516074533929
118693,1.6286856542942645
118694,1.6137316017497925
118695,1.5533109580238864
118696,1.57866792646625
118697,1.596771368244291
118698,1.5894213806190853
118699,1.66316725000615
118700,1.5548671194171264
118701,1.5974213975701632
118702,1.5987483587595333
118703,1.569223788437715
118704,1.507787816198588
118705,1.6389320919844648
118706,1.5582078355670113
118707,1.5526710038752642
118708,1.6386441373077063
118709,1.5348056293934482
118710,1.561135341211522
118711,1.5723627500509139
118712,1.6194779536394333
118713,1.6221288563196687
118714,1.5340258797258277
118715,1.5071085197216905
118716,1.5869517726652709
118717,1.5756888958559492
118718,1.5891483426165713
118719,1.5272420860208415
118720,1.56336417909162
118721,1.5896799591785156
118722,1.5637508846948178
118723,1.6181423447509922
118724,1.5657138059402527
118725,1.5460978009832573
118726,1.5397946864704901
118727,1.6202521709405968
118728,1.557981297457137
118729,1.6217863251256617
118730,1.6195184110535776
118731,1.539717800925202
118732,1.6201382620468119
118733,1.56929820513667
118734,1.563171601106673
118735,1.6279949385049706
118736,1.518569325547037
118737,1.5654891963610167
118738,1.599636147771999
118739,1.542423192019878
118740,1.5809371710832854
118741,1.6030600038504546
118742,1.5206539867695945
118743,1.5956488702885072
118744,1.550606497045907
118745,1.6024279202031737
118746,1.571901535413404
118747,1.544668156030705
118748,1.570115564855394
118749,1.6228760036137921
118750,1.5741772992486296
118751,1.6039565460829401
118752,1.576501327130528
118753,1.5383652008104598
118754,1.5814286470845027
118755,1.6220743618963442
118756,1.5736175930269447
118757,1.5850021743196538
118758,1.5925256193285338
118759,1.5818118154644698
118760,1.5546398336585117
118761,1.5882940414594209
118762,1.600406366613556
118763,1.6164316171333608
118764,1.5694374090345562
118765,1.5491857064733785
118766,1.5781237695227681
118767,1.654461454102312
118768,1.5604236465344004
118769,1.5606259648749246
118770,1.598524133875132
118771,1.5843080600719535
118772,1.565931638017569
118773,1.5617992389584396
118774,1.5847651847720663
118775,1.5665382416713522
118776,1.573631706486777
118777,1.5475910286954324
118778,1.586195018135969
118779,1.5585977216822755
118780,1.5858635416314755
118781,1.5491758963363402
118782,1.537782823444308
118783,1.548046016116512
118784,1.5574997570406677
118785,1.5746981466179342
118786,1.5916157741376107
118787,1.5433114547306124
118788,1.5487249277673323
118789,1.4901649112102524
118790,1.569530084967171
118791,1.5885952070502
118792,1.58126925641806
118793,1.552529046863987
118794,1.549937189340322
118795,1.5967148719667563
118796,1.55941820931743
118797,1.5797638424469163
118798,1.5480061987977547
118799,1.557087092385147
118800,1.571626440562519
118801,1.5632018900873945
118802,1.5839021563069775
118803,1.606496701284459
118804,1.6423153155575065
118805,1.5466310105290277
118806,1.5940994242223243
118807,1.5917487604131286
118808,1.539104015822378
118809,1.5817372332088446
118810,1.5151883758307512
118811,1.5662716574193785
118812,1.5759008255303268
118813,1.5599167951404138
118814,1.4745970330632983
118815,1.5589511367213855
118816,1.580403044731056
118817,1.5909344392075986
118818,1.6376293987635138
118819,1.5616151924664632
118820,1.616016887532515
118821,1.6018009768321175
118822,1.5600101297270994
118823,1.635770647103213
118824,1.56625707741218
118825,1.5915733952727036
118826,1.5844045036589818
118827,1.6098059686044188
118828,1.5127868723702116
118829,1.6228205552443338
118830,1.5639816248225515
118831,1.5660377499278555
118832,1.623362999740283
118833,1.579776627937483
118834,1.6070211414830542
118835,1.563579140400752
118836,1.5534152387022384
118837,1.5775583293116737
118838,1.5768615631919387
118839,1.5452178116757354
118840,1.5459413009754661
118841,1.5873225911198947
118842,1.584471585279193
118843,1.560673447222302
118844,1.6032351580377315
118845,1.6114769387917594
118846,1.5861144846644082
118847,1.5693544412666574
118848,1.576324109903175
118849,1.549229667598183
118850,1.5663635133440763
118851,1.5602383373354682
118852,1.5423785146830873
118853,1.620599348126508
118854,1.5483931151863424
118855,1.5558551038304755
118856,1.5542205981329336
118857,1.5681994955824603
118858,1.6171971986996958
118859,1.5362936654897417
118860,1.5482125701528562
118861,1.5527646995122677
118862,1.50483032612781
118863,1.5486961885042976
118864,1.5568300825139492
118865,1.5605924690520339
118866,1.5727896099410854
118867,1.658073644773325
118868,1.5873889762980802
118869,1.5712515547926664
118870,1.5575588842758052
118871,1.551219573148812
118872,1.5674924473149006
118873,1.5705450838550363
118874,1.6211144561588835
118875,1.590307287227187
118876,1.5956925357950087
118877,1.5642115150784912
118878,1.5813513663366778
118879,1.5970231609179433
118880,1.6009839034004612
118881,1.5719239560530962
118882,1.5595938732042518
118883,1.5190529775446813
118884,1.5844460018458757
118885,1.5828900690306256
118886,1.5645594041855118
118887,1.517264597564572
118888,1.580611048110661
118889,1.5530943858211743
118890,1.572243381408533
118891,1.5870998478870997
118892,1.5495977013666729
118893,1.5502973027460871
118894,1.563359752811465
118895,1.53563307423024
118896,1.5660065007400852
118897,1.5415163304631017
118898,1.5549785207763538
118899,1.5498245793551337
118900,1.5428558730683264
118901,1.5450132272782329
118902,1.5981502901561528
118903,1.6075473905876874
118904,1.6373314220790185
118905,1.4961670529177566
118906,1.6415152088761173
118907,1.5827795908052438
118908,1.607909393371927
118909,1.5858551128109848
118910,1.5698721317664197
118911,1.5253475513858166
118912,1.557015262105733
118913,1.568626809355804
118914,1.5264103721648636
118915,1.6260159417891484
118916,1.5707715171042964
118917,1.574264040169349
118918,1.4781165532362324
118919,1.5939267236714068
118920,1.5516666944147735
118921,1.5938973163917316
118922,1.5759311775222846
118923,1.5857110743401037
118924,1.5386552967590543
118925,1.5028623206183689
118926,1.5283490321795958
118927,1.5868491988505642
118928,1.5782126628870279
118929,1.58116045141459
118930,1.5929376853988308
118931,1.6109684337642487
118932,1.568031103017035
118933,1.5657964984063335
118934,1.5592825501989542
118935,1.5406512059173323
118936,1.5559559205054299
118937,1.5667989055915876
118938,1.5688567333214471
118939,1.6116193862733577
118940,1.5448535544386046
118941,1.598239843896017
118942,1.5035917577652644
118943,1.555289127776017
118944,1.5398776183082956
118945,1.5686932021126625
118946,1.6148055048378904
118947,1.5615456254021811
118948,1.56198979672416
118949,1.574200279595293
118950,1.5746586185049618
118951,1.5879786757362484
118952,1.556861112610463
118953,1.5609265826279453
118954,1.5973310792837458
118955,1.5451201070183356
118956,1.5882633187177
118957,1.5472109558340124
118958,1.565151907996057
118959,1.6565311334607065
118960,1.5438974258481835
118961,1.5654692266011718
118962,1.5351248961664357
118963,1.5866328270340888
118964,1.56450288167167
118965,1.609030318497589
118966,1.5778410693333629
118967,1.5349121494668088
118968,1.5994517098287497
118969,1.6072806836198525
118970,1.477680442000222
118971,1.6035303676285966
118972,1.6203344934305133
118973,1.5935221548956031
118974,1.627629489293925
118975,1.5509790943506894
118976,1.631614113299903
118977,1.5714322536634762
118978,1.5992311600576798
118979,1.5669306840322315
118980,1.6420207688591084
118981,1.5719425946495422
118982,1.5136071576538777
118983,1.5999671288723756
118984,1.540847919163506
118985,1.5491293625451878
118986,1.5691448575233764
118987,1.53541569059239
118988,1.578586450655961
118989,1.547986761888225
118990,1.5964873026970634
118991,1.5498521674278114
118992,1.5485099940633422
118993,1.5834210021709465
118994,1.610564266612535
118995,1.5894870596786872
118996,1.5992247012594638
118997,1.5794407864820974
118998,1.6188573987509827
118999,1.5150034256572122
119000,0.5696344882995754
119001,0.596829342668529
119002,0.5446189761193976
119003,0.6119877031113258
119004,0.5738766342369213
119005,0.6082566223009909
119006,0.5683764648326206
119007,0.6568857389335239
119008,0.5886191836900416
119009,0.6780906129952624
119010,0.6573969629230259
119011,0.7134261944043054
119012,0.68458126794734
119013,0.668922735833537
119014,0.6793035847138652
119015,0.6960109469833027
119016,0.6904666911304355
119017,0.7358591102719234
119018,0.7570822955505342
119019,0.6748067247892579
119020,0.7311457737541663
119021,0.7691229037086695
119022,0.777073816168385
119023,0.7951704575128639
119024,0.8005714047243685
119025,0.8243359105458357
119026,0.7922035377357654
119027,0.8554015653172916
119028,0.826776460936701
119029,0.8239939932225134
119030,0.7869461072264109
119031,0.838707230735702
119032,0.8564400515658959
119033,0.835964313173861
119034,0.8595270867584582
119035,0.9207256943696556
119036,0.8880759572895649
119037,0.8823450043106144
119038,0.9091094343126608
119039,0.916000088585511
119040,0.9443039102037419
119041,0.9257686449069668
119042,0.8788927463225501
119043,0.995407118988775
119044,0.9334293196485302
119045,0.9634385472959587
119046,0.9984735541713834
119047,1.0299464283052395
119048,1.0293146410038965
119049,1.0204609218476421
119050,0.9642194727322065
119051,0.9980757742733946
119052,0.9738689626620408
119053,1.0320449895877173
119054,1.0560597012355248
119055,1.0544450790277313
119056,1.0067384069048746
119057,1.0244386984556149
119058,1.0376925709814584
119059,1.0627191997172838
119060,1.1040719242323256
119061,1.0778691357999366
119062,1.123841735411999
119063,1.1116271514832163
119064,1.0823832555745854
119065,1.0866360572279596
119066,1.110914024149737
119067,1.098938137329377
119068,1.10373199688946
119069,1.1539925972677432
119070,1.1123384295675856
119071,1.12312073137556
119072,1.1593301896586015
119073,1.106613098266978
119074,1.150905121948481
119075,1.1415157617783782
119076,1.1858131599925903
119077,1.1426548779979822
119078,1.2104178101274332
119079,1.1949850138348108
119080,1.2662177341066814
119081,1.1450496899268374
119082,1.205630490105854
119083,1.1835784514122833
119084,1.1601248906645771
119085,1.2214922593239588
119086,1.2535071245818121
119087,1.2031991321059292
119088,1.2011557705492484
119089,1.2487932343936707
119090,1.279892673173741
119091,1.2396680036598164
119092,1.2787927055609114
119093,1.200813059522963
119094,1.2363309051397724
119095,1.226268728106938
119096,1.285078434540616
119097,1.318210195502198
119098,1.266813015338955
119099,1.2580163854652655
119100,1.3013843987113825
119101,1.310411591857187
119102,1.345150688745478
119103,1.2877507726556847
119104,1.3313084873157224
119105,1.3025704131996803
119106,1.373356656549215
119107,1.3222080511754568
119108,1.3306502601347643
119109,1.389040483467082
119110,1.3482329357001641
119111,1.3196487757786497
119112,1.338853667470291
119113,1.3075728219031122
119114,1.3775951564018334
119115,1.393327220293075
119116,1.387036530375108
119117,1.4201726112880895
119118,1.3387987546056093
119119,1.3956677038255447
119120,1.40275648650105
119121,1.4406772352708368
119122,1.3115567671666564
119123,1.3962767595954728
119124,1.3522394193458358
119125,1.4165352549429955
119126,1.3733778115291535
119127,1.4194614143969393
119128,1.3809801206283339
119129,1.4306888613145092
119130,1.4931064306225355
119131,1.5150690422293243
119132,1.4367341530922968
119133,1.4562170578286895
119134,1.4716422762751007
119135,1.3881940267825208
119136,1.4574996648387235
119137,1.4806805382555666
119138,1.4649085678635736
119139,1.4779448018503285
119140,1.4699475355485703
119141,1.467903718079385
119142,1.504437027087242
119143,1.4843367912665262
119144,1.4851889503364442
119145,1.4938075981137748
119146,1.547764199386764
119147,1.5207667042668995
119148,1.5211108734308956
119149,1.5093433358963537
119150,1.5516004192362205
119151,1.5292332535896966
119152,1.5437905671168397
119153,1.5737267462377629
119154,1.5543952762596875
119155,1.5257777121703477
119156,1.5350863653626583
119157,1.5247433177773826
119158,1.5454916548914286
119159,1.531956737203157
119160,1.5610178682157354
119161,1.5541461796526714
119162,1.552280007851709
119163,1.5799852705874982
119164,1.5448224592719209
119165,1.6007602936320127
119166,1.5431920510272412
119167,1.6198217712398562
119168,1.6037700832826791
119169,1.6107229621713306
119170,1.5680420760841782
119171,1.591150764704369
119172,1.5484735719835976
119173,1.5052441600047977
119174,1.621526954618944
119175,1.6432105107553048
119176,1.5267352609529832
119177,1.5625792304293553
119178,1.603116204185327
119179,1.6353825802145106
119180,1.6148755143222875
119181,1.594026765199373
119182,1.5871788908677487
119183,1.6180835895365555
119184,1.640982711572908
119185,1.6403380794552083
119186,1.6615093677389952
119187,1.6211037702551125
119188,1.6303783107937893
119189,1.6024973254745634
119190,1.5780062695910295
119191,1.6051640230324589
119192,1.6439381330610088
119193,1.6588089008054427
119194,1.657424460112504
119195,1.6398129760178795
119196,1.6064761624806947
119197,1.6775872194294452
119198,1.674165003313109
119199,1.7084494611813854
119200,1.7245456114676945
119201,1.7062107624323983
119202,1.6498654046031536
119203,1.6872786598192673
119204,1.69034099963681
119205,1.6363197700694616
119206,1.6668679727394267
119207,1.689368365462833
119208,1.7099832679471962
119209,1.6742122900359135
119210,1.690220277315201
119211,1.7067378224713692
119212,1.683120904640904
119213,1.6884504808762335
119214,1.709655157912875
119215,1.748225184407181
119216,1.7030295674187785
119217,1.6627848029713297
119218,1.7347492647164275
119219,1.6792527746061288
119220,1.7152393700852773
119221,1.6996350142651193
119222,1.7468001545918128
119223,1.7250784232002618
119224,1.730159833543902
119225,1.748175130099682
119226,1.7704215734715678
119227,1.6818708255043575
119228,1.7141300192268643
119229,1.7389355467346372
119230,1.7335376104662392
119231,1.7612212530774363
119232,1.7743674796375903
119233,1.7402335805353
119234,1.7716592585802746
119235,1.754083310261751
119236,1.7044073748090285
119237,1.7339344145550772
119238,1.7071917566641177
119239,1.7556309588705474
119240,1.738904261660723
119241,1.7549879215738815
119242,1.7757212303096064
119243,1.765428478144985
119244,1.772313784257101
119245,1.751787619406168
119246,1.7449731112338158
119247,1.7878250584847146
119248,1.7804050443802109
119249,1.7816771273481864
119250,1.7701491651456682
119251,1.7637885281696968
119252,1.7539144039613277
119253,1.8146902943072485
119254,1.7359116075924077
119255,1.769128944504578
119256,1.7798763734663245
119257,1.7955309553011904
119258,1.7791267188336364
119259,1.7749156663628591
119260,1.78991983870627
119261,1.7904629652273536
119262,1.7770286286433912
119263,1.8443493858359161
119264,1.7647576801816252
119265,1.8391732960042417
119266,1.8293317567401663
119267,1.8299943957965215
119268,1.8266363329204798
119269,1.7975299412385353
119270,1.7848802709901772
119271,1.8136693466488816
119272,1.8447775356725036
119273,1.854818236713333
119274,1.7809089952851767
119275,1.8331271544824332
119276,1.8147081346333318
119277,1.7809815991169262
119278,1.914475588632885
119279,1.7927936246106233
119280,1.792919923538572
119281,1.8291187929356507
119282,1.8139422752921197
119283,1.8503167115040353
119284,1.8034828747545741
119285,1.7951976019596745
119286,1.839145786226995
119287,1.8466944753007255
119288,1.7906552679052055
119289,1.8470053506750626
119290,1.8345729668024793
119291,1.809855086865532
119292,1.851818076436894
119293,1.8531014364780718
119294,1.8820103286087273
119295,1.8423400589276824
119296,1.850136608342784
119297,1.798530287362794
119298,1.765219444558748
119299,1.8519884989616395
119300,1.8864816656829007
119301,1.8461076212480836
119302,1.8613360221911404
119303,1.8583315536521063
119304,1.8215102001739882
119305,1.8079943931693698
119306,1.8437996803049361
119307,1.8466419797111553
119308,1.821454596823433
119309,1.8131732191227907
119310,1.8799944566710727
119311,1.8717291819581978
119312,1.9087410392542588
119313,1.8463896903655577
119314,1.883488501651893
119315,1.8575603142403614
119316,1.8409557627146649
119317,1.8696183933734103
119318,1.9223010340001123
119319,1.9172180390927163
119320,1.8442074119737049
119321,1.9002178391324516
119322,1.8472270016590322
119323,1.8831393758980912
119324,1.8150642229899223
119325,1.8870983762062805
119326,1.8573818438245928
119327,1.9134922909094536
119328,1.8961770953198633
119329,1.9194499889577976
119330,1.8810851703251719
119331,1.8493347544073404
119332,1.780850371042349
119333,1.8733618839606425
119334,1.8191916028886377
119335,1.9032747748777668
119336,1.875056964546459
119337,1.8260184573656306
119338,1.8719482793868572
119339,1.8601065473178953
119340,1.9121688939390444
119341,1.9031888661158216
119342,1.8656030653108244
119343,1.8963082249239622
119344,1.8824052597233145
119345,1.9607053892041535
119346,1.9081880697656703
119347,1.914362520590978
119348,1.986034204927166
119349,1.888233633657293
119350,1.8601875510005228
119351,1.8966587145989153
119352,1.941280724822183
119353,1.9248696612132394
119354,1.8947194433149115
119355,1.8607519045486858
119356,1.8985296044910858
119357,1.949119381402813
119358,1.8835999074402494
119359,1.8875141375681976
119360,1.9197273387642497
119361,1.9087892813726068
119362,1.926386954264278
119363,1.8793591446416613
119364,1.9393867513158718
119365,1.851918081022102
119366,1.9159089061007397
119367,1.9011979372512384
119368,1.880057831468361
119369,1.8916005586191418
119370,1.9225119151537056
119371,1.9362522399074142
119372,1.9018337470439133
119373,1.9192567363274358
119374,1.8597348643678966
119375,1.892647353086654
119376,1.9130399850617974
119377,1.9091225250833241
119378,1.9589948231214993
119379,1.9534570451495679
119380,1.9091399769035715
119381,1.9504517193566333
119382,1.9622033512275328
119383,1.951760476943199
119384,1.9542993074705177
119385,1.9208324304459305
119386,1.9330134335685345
119387,1.9108846093754808
119388,1.9441156587663677
119389,1.9417098172546177
119390,1.9273836086118774
119391,1.9569252500494023
119392,1.9266573015560655
119393,1.933411913602902
119394,1.90178643161331
119395,1.937332667843721
119396,1.879495526375717
119397,1.8924260925763052
119398,1.9743990756532066
119399,1.897346640751134
119400,1.919189746553575
119401,1.9420903795113522
119402,1.941519231506918
119403,1.9489497568808345
119404,1.8908051004636814
119405,1.9761799973801086
119406,1.9720786790134042
119407,1.9206646806853092
119408,1.878730987018573
119409,1.887025078194056
119410,1.9106268233436405
119411,1.9073355527823943
119412,1.8966076961626568
119413,1.9504415433038136
119414,1.929631053552811
119415,1.9528111355223328
119416,1.9603896418993538
119417,1.9673239703500691
119418,1.9329404336133986
119419,1.9421947457459827
119420,1.9492296801569706
119421,1.8804452688407989
119422,1.9632506475273852
119423,1.9364433982678866
119424,1.9713609207840308
119425,1.9380469790902395
119426,1.9520185445999012
119427,1.9552126051578889
119428,1.9327235186894884
119429,1.93273920915771
119430,1.950899307350337
119431,1.9478661236247758
119432,1.9144844041354274
119433,1.9553700486951533
119434,1.9304931650986943
119435,1.9568511013610568
119436,1.9048182506187945
119437,1.9482722167809352
119438,1.9050474861079685
119439,1.9022944337583112
119440,1.9855558982405856
119441,1.955027029085588
119442,1.9363781688496953
119443,1.9580903741792992
119444,1.9200141667796542
119445,1.8948273069013286
119446,1.9219976845184956
119447,1.9479878101405745
119448,1.8912430375678253
119449,1.939138607264919
119450,1.9068118575698674
119451,1.9646878825298255
119452,1.896791049106227
119453,1.950359100222003
119454,1.914246203409869
119455,1.9400877180184621
119456,1.9324147681902986
119457,1.9019339969456992
119458,1.9497744736864222
119459,1.9692138925383202
119460,1.9819086149742067
119461,1.8938600338242058
119462,1.9430781726871114
119463,1.988383852120277
119464,1.91856782919082
119465,2.0101722146641636
119466,1.9326590870907865
119467,1.9770812597488672
119468,1.9346462264024515
119469,1.9258499301090592
119470,1.9656195566642045
119471,1.9193322860668012
119472,1.9557820794408443
119473,1.9685427003445408
119474,1.9943762978503616
119475,1.9600777751396545
119476,1.9877847911971713
119477,1.9273366329801331
119478,2.0005218596115637
119479,1.9716588568942344
119480,1.9656307928974508
119481,1.8976258378938777
119482,1.9908638681328559
119483,1.8881948719724768
119484,1.9398513648748485
119485,1.9821421007798694
119486,1.989820689522539
119487,1.9737551950485033
119488,1.9633954776283498
119489,1.9683338942502704
119490,2.014440373481071
119491,1.9568790804095921
119492,2.031187245594148
119493,1.975617301075072
119494,1.9095491653927437
119495,1.946132713080221
119496,1.9417947736402352
119497,1.9727187947600422
119498,1.9548070763516356
119499,1.9380264909976546
119500,1.9967205412370315
119501,1.9673273327214895
119502,1.9698334871852703
119503,1.9854381019497136
119504,1.961587454439033
119505,2.0020029056829762
119506,1.9857793292554682
119507,1.924650766903793
119508,1.9691027336965565
119509,1.9438011254851597
119510,1.9606176134828122
119511,1.9477099868092707
119512,1.9241471277789584
119513,1.9648687128525981
119514,1.9772322059084007
119515,1.9853111972906383
119516,1.9792783923428359
119517,2.0129189706582857
119518,1.94463546391828
119519,1.9551202055117531
119520,1.9595237080932564
119521,1.9966366370401536
119522,2.0097986744948195
119523,1.977270746735416
119524,1.9976706928895551
119525,1.9802170985278216
119526,1.970003260030785
119527,2.0003675982736793
119528,2.0186968494638418
119529,1.9749968176464006
119530,1.9813057713688802
119531,1.9521051520338
119532,2.0386081748802374
119533,1.9510032911780928
119534,2.0243774757424444
119535,1.9732117703127205
119536,1.9292875369313847
119537,1.9935982401000347
119538,1.9428684049528735
119539,1.9937628804872287
119540,1.9641628356350969
119541,1.9750507620323423
119542,1.9692717328249707
119543,2.0072180267112256
119544,1.9866084539292537
119545,1.992827384888173
119546,1.9698875510616725
119547,1.9760432808851485
119548,1.9352867160343028
119549,1.9499908245595607
119550,2.010322722064876
119551,1.9791570501631914
119552,1.9753318272741147
119553,1.9788075988873683
119554,1.9835691235889836
119555,1.930004910691736
119556,1.9711640695592867
119557,1.983564641697942
119558,1.9531328383529714
119559,1.9277406292816173
119560,2.0182681649630307
119561,1.986066546083491
119562,1.9912127854613684
119563,1.9812697537291513
119564,2.014804948212233
119565,1.9830881625839931
119566,2.02830120634099
119567,1.9923259727506264
119568,2.0025990632253885
119569,1.9574298886158301
119570,1.9909542778508555
119571,1.9764823422920685
119572,1.9477688474495598
119573,1.9789275422623693
119574,1.932652927389205
119575,1.9283033197090507
119576,1.9908900193448078
119577,1.9755122868954296
119578,2.01131016511291
119579,1.9644399746018928
119580,1.9301477612795783
119581,1.93365972564203
119582,1.943192286844669
119583,1.984716528285376
119584,2.0090554895580266
119585,1.9140683943460088
119586,1.963865891382176
119587,1.9549271639962846
119588,1.9730872468533076
119589,1.9614905544478127
119590,1.9688608235307379
119591,1.9475203953583655
119592,1.931357213756574
119593,1.925075244033816
119594,1.96895466122902
119595,1.9948411293956636
119596,1.9627348158549232
119597,1.9391580555946064
119598,1.9446435597451588
119599,2.0236486503376705
119600,1.9955729964715
119601,1.9718398927595913
119602,1.959989239764814
119603,1.9171839188985884
119604,1.9161445395206627
119605,1.9841423195032455
119606,1.980775477723686
119607,2.012346305201108
119608,1.966908590472401
119609,1.9906816013434743
119610,1.976264112699045
119611,1.9509917037573525
119612,1.9893232143753035
119613,2.02587883107531
119614,1.9823751040404118
119615,1.921786408868984
119616,1.9447490484601695
119617,1.9687121957844813
119618,1.956172581702482
119619,2.005880315024323
119620,1.9334777727168642
119621,1.944646563389906
119622,2.0107727154160995
119623,1.96741963436884
119624,1.9708833789594387
119625,2.027949472581658
119626,1.9679271036874963
119627,1.9219258384868545
119628,1.9818174105574702
119629,1.9842928188456352
119630,1.924505295562694
119631,1.991819173715767
119632,1.9250753472308129
119633,2.021084557647967
119634,1.9151163539670772
119635,1.9711271597995186
119636,1.9950074516459217
119637,2.013685932183947
119638,2.046232536897747
119639,1.9557623708074041
119640,2.0070254309254576
119641,1.9779930994904291
119642,1.9593492320696402
119643,2.009045644579219
119644,2.0279669213246416
119645,1.925231184048829
119646,1.9939703103527076
119647,1.9715556174875843
119648,1.9571693585296088
119649,1.9575935997407794
119650,1.9195525734106882
119651,1.9401941339700046
119652,1.9643705755918568
119653,2.0156457424624694
119654,1.990565566237181
119655,1.9513402015652273
119656,1.9528898466165947
119657,2.0113488125876837
119658,2.016998705649044
119659,2.0159483513875496
119660,1.9445329789672234
119661,1.9247774219725535
119662,1.990697970020881
119663,2.0110502037626548
119664,1.9510072563247152
119665,1.9775041893867922
119666,1.9634381823282703
119667,1.9499150980128641
119668,1.9829874773597234
119669,1.9513306620423603
119670,2.002382979975202
119671,1.9273604120967767
119672,1.9923819474613387
119673,1.9414963586715996
119674,2.038061384361848
119675,2.0090034093518754
119676,1.9647269625161208
119677,1.9528255991903671
119678,2.016623699165637
119679,1.9935321944738913
119680,1.9959860753182972
119681,2.017371685709431
119682,2.0058197212459836
119683,1.990455386881465
119684,1.9868540109904274
119685,1.9709390567912934
119686,1.977489115792169
119687,1.9874121434859005
119688,2.014177229195126
119689,2.0015812131038784
119690,1.9758729846487317
119691,1.982171931703169
119692,1.9762593700961797
119693,2.0268897400095023
119694,1.9611352235797064
119695,1.9842677670280209
119696,1.9756293080062037
119697,1.9490603891088798
119698,1.9575512535694066
119699,1.9495366479004936
119700,1.9814533561170025
119701,1.8824374880783044
119702,1.995832922826637
119703,1.9961910940856598
119704,1.9760157334719617
119705,1.9556855180922614
119706,1.9845719435373448
119707,1.9833254768142932
119708,1.9848342059032411
119709,1.9218364044308387
119710,1.9763938562583758
119711,1.9442063003174155
119712,1.985609673656262
119713,1.9681207286488949
119714,2.029447889640479
119715,1.9445922239909068
119716,1.9469904592180396
119717,1.9299410148780356
119718,1.9269565559603656
119719,2.0450240481727597
119720,2.0162469771036644
119721,2.0296445549307056
119722,1.9521653624067898
119723,1.9630226971603697
119724,1.9575524625000136
119725,1.9582817693707797
119726,2.0081256102608456
119727,1.9917323887847904
119728,1.9975031461724189
119729,1.9840704258007007
119730,1.9642672888067063
119731,1.9268991110522609
119732,1.9817834240136034
119733,1.989956534575309
119734,2.0207290173480716
119735,1.9364450411184788
119736,2.0340569724226474
119737,1.9916908569518266
119738,1.9158430045534618
119739,2.013145975617497
119740,1.976660019066084
119741,1.997626661385998
119742,1.9819589537074742
119743,2.0396598120547824
119744,1.9287042546620705
119745,1.9721213092985588
119746,2.0008242377612557
119747,2.004988170702774
119748,1.9659368419270113
119749,1.9622695794658962
119750,1.9601694315231453
119751,2.0225267176902824
119752,2.0179428966367086
119753,1.99727763603673
119754,1.9210474381689726
119755,1.9888339631495873
119756,1.9814900505966986
119757,2.005424577712366
119758,1.9521340171696413
119759,2.015207452525897
119760,1.9698279608212659
119761,2.0382889936512902
119762,1.9844551332530231
119763,1.9718126489903007
119764,1.9833704653581201
119765,1.96974635067023
119766,1.961111438515202
119767,2.053051550237407
119768,1.9819882703076963
119769,1.9441758498364416
119770,1.9493698310178846
119771,1.920721877948344
119772,1.9678660246823438
119773,1.9482817000834962
119774,1.9335131607237526
119775,1.9527946280919874
119776,1.9685453904125643
119777,1.9583349325718988
119778,1.9374405663084107
119779,2.0051801942963556
119780,1.9884683635982676
119781,1.9186531315633089
119782,1.9692406550709882
119783,2.047293134995377
119784,1.981313432045748
119785,1.9673714747151654
119786,2.0022971730650077
119787,2.0106159068444565
119788,1.99659485844018
119789,1.9801008474831832
119790,1.8859173421680004
119791,1.9559597039190737
119792,1.951696099664096
119793,1.996719037723942
119794,1.9557365603564991
119795,1.930845705513706
119796,1.927862225010519
119797,1.978222522250281
119798,2.043492252019891
119799,1.99860264511932
119800,1.9235503109585892
119801,1.9407008457434065
119802,1.9503939319923143
119803,1.9860615940404491
119804,1.996011619384116
119805,1.9285640872169345
119806,1.9847413827078269
119807,1.9649603796081836
119808,1.9524437703157833
119809,1.9071430781051761
119810,1.971193958555424
119811,1.9399168740233288
119812,1.9628776082630268
119813,1.9760880390099838
119814,1.9293502187567968
119815,1.983472230581356
119816,2.0006185712237627
119817,1.9855100570132824
119818,1.9236677350183433
119819,1.9673248181761611
119820,1.9846388928953804
119821,1.9859074615300858
119822,1.9421692421832748
119823,1.9196594712272432
119824,1.937315773960448
119825,1.9922054815582735
119826,2.01677719165587
119827,1.9488503570681326
119828,1.9694460863528582
119829,2.0212330809670735
119830,1.9786562004695432
119831,1.9439925089806107
119832,1.9754948169960158
119833,1.9663233124982764
119834,1.9823230041125937
119835,1.975854569508572
119836,1.9823951320573905
119837,1.9784139630883029
119838,1.9547706731406307
119839,1.9511164914847905
119840,2.0192277162557666
119841,1.9905166074719551
119842,1.9493741275172707
119843,1.9254840233550572
119844,1.9805400279258747
119845,1.985305768334886
119846,1.9580472010999632
119847,1.9951843370701334
119848,1.9743381095951695
119849,1.9499864032713043
119850,2.001051170154965
119851,1.9724722193877164
119852,1.973977654568063
119853,1.9463254826284861
119854,1.9319599201870228
119855,1.9981267679722619
119856,1.9410556546324047
119857,1.9463300686753924
119858,1.989326668962988
119859,1.9679027563576028
119860,1.9662997596388632
119861,1.9257114701231037
119862,2.033337562278944
119863,1.965489705464216
119864,2.005036081588108
119865,1.9364845765209007
119866,1.9956709790008051
119867,1.9541503905158766
119868,1.9938987218738204
119869,2.0337820964496767
119870,1.954247656539324
119871,1.9483304189205166
119872,1.9623092558219137
119873,1.9683601292944872
119874,1.9259105500415485
119875,1.9721213761288978
119876,1.9263570983988885
119877,1.9365118498957294
119878,1.9467811796761536
119879,1.9536166779424808
119880,2.0446511972477532
119881,2.0567296117830884
119882,1.9426342694253589
119883,1.9688519410055731
119884,1.940488870485032
119885,2.002660559886101
119886,1.992647365318231
119887,1.9494510303976753
119888,2.0248709978793773
119889,2.0103881802165464
119890,2.025348843220216
119891,1.934873071857252
119892,1.982227043861502
119893,1.9150221016037692
119894,1.971926670867891
119895,1.9609865654610292
119896,1.9594493218652704
119897,1.972979349655442
119898,2.024116087414618
119899,1.9471923118432048
119900,1.9941132837613036
119901,1.9580271135461889
119902,1.939764812572494
119903,1.9946693308568295
119904,1.9917769643351424
119905,1.9865048766310571
119906,1.978379458054053
119907,2.0105739873242174
119908,1.9609931958274158
119909,1.9596257867649975
119910,1.9376666589677045
119911,1.9564072476167143
119912,1.9161946747349619
119913,2.0320889998947678
119914,2.023570898850659
119915,1.9498841255525379
119916,1.9878329027263455
119917,1.9001412322276368
119918,1.9615291970810214
119919,1.93562933463932
119920,1.9274344544715596
119921,1.97876253916048
119922,1.964016852944174
119923,1.9595398438104041
119924,1.956544851218131
119925,2.0274037250983423
119926,1.9852182280358273
119927,1.968847518930689
119928,2.0034672200198536
119929,1.9506057728034463
119930,1.9574173931219776
119931,1.9582731782813405
119932,1.9482255460313505
119933,1.9655726197151897
119934,1.9996555701489833
119935,1.9418336276390284
119936,1.9552820636704633
119937,1.9988335849314554
119938,1.9711183830921686
119939,1.9507998522140049
119940,1.9614749495416857
119941,1.9032066978684061
119942,1.9585407623066515
119943,1.9559005894083237
119944,1.9427767911663278
119945,1.9637867314783415
119946,1.9333325054004347
119947,1.9418391196490423
119948,1.9259770375423855
119949,1.9311851335801533
119950,2.0153915917590006
119951,1.9279476647730174
119952,1.952021246402537
119953,1.9602121715362677
119954,1.9967835918361603
119955,1.9866789215964196
119956,1.9845586191497786
119957,2.0295813443652637
119958,1.9590755683794572
119959,1.948517781697576
119960,1.8961055004158005
119961,1.9510796764217841
119962,1.9264209840003141
119963,1.9583643974527678
119964,1.9618299626468323
119965,1.955711946662387
119966,1.9437520757053917
119967,1.9365225056669073
119968,1.9919131140410813
119969,1.9508940937341828
119970,1.9749564366457568
119971,1.9719185377553594
119972,1.9270489465751455
119973,1.9770724476493944
119974,1.9790399683649595
119975,1.9051980981209862
119976,1.9734890096974151
119977,1.9473518024840508
119978,1.9365193098130284
119979,1.93972588022431
119980,1.9388812582572383
119981,1.9693137961868092
119982,2.0066993432951636
119983,1.9270661575527244
119984,1.9695481144539981
119985,1.9156073759399226
119986,1.9226753678864026
119987,1.934344329997627
119988,1.9123610786149943
119989,1.9620928764967092
119990,1.9672558393580595
119991,1.9486891107456477
119992,1.9731843040431831
119993,1.9469850797491675
119994,1.9797794484090974
119995,2.016871566144604
119996,1.9434685947806178
119997,1.9461944924106758
119998,1.9515509839009815
119999,1.9882972558645398
120000,1.9929584807266936
120001,1.9724016284817771
120002,1.9838912792667722
120003,1.916267617348175
120004,1.9783629485833736
120005,1.9758294690977452
120006,2.0232480614752397
120007,1.951216646909376
120008,1.9158853981235289
120009,1.895929386132367
120010,1.9328401810515494
120011,1.970954970250256
120012,1.9282356805990282
120013,2.025175617786204
120014,1.908022616232414
120015,1.979639626353428
120016,1.9599306747915533
120017,2.0068550735997714
120018,1.9785721971497383
120019,1.9224700569992834
120020,1.999182985789326
120021,1.944170141107102
120022,1.9814859037042247
120023,1.9594557470126377
120024,2.01974407176145
120025,1.9378999995067712
120026,1.9468958148431479
120027,1.947172761096226
120028,2.0497333059021563
120029,1.9804288782972241
120030,1.9285331421332306
120031,1.9492926174294762
120032,2.022713774729714
120033,1.9357178760507256
120034,1.9465831129244273
120035,1.9622251519485392
120036,1.95888467195555
120037,2.018565957876234
120038,1.9520659967840384
120039,1.9942599270364707
120040,1.976313719497323
120041,1.9734423113106743
120042,2.021347770028143
120043,1.9540997649426088
120044,1.9104540636996916
120045,2.0003605220941374
120046,1.9318789875318512
120047,1.9235394122407092
120048,1.994511094514514
120049,1.9438816502226812
120050,1.9289159761745167
120051,1.9961568592623222
120052,1.9812637624471947
120053,1.9021492025151927
120054,1.914574542587836
120055,1.9363886903552636
120056,1.9237323850690913
120057,1.9953948764276388
120058,1.9754823348392276
120059,1.9783570669756005
120060,1.9444538666822675
120061,1.9255931368849777
120062,1.9772387596394896
120063,1.9351748693125796
120064,1.9467601010474296
120065,1.976176576853853
120066,1.9232858587529662
120067,1.9366817507149061
120068,1.9768910751465234
120069,1.9394244762511488
120070,1.9672243986285496
120071,1.9008848146171942
120072,1.915125373582081
120073,1.9954323251826076
120074,1.9431473079664734
120075,1.9200631044417875
120076,1.914108288232434
120077,1.94977821180085
120078,1.9849079005226082
120079,1.9220417177270734
120080,1.9199349787239957
120081,1.9302720838345238
120082,1.9616653436100515
120083,1.9871413202772719
120084,1.963942725172563
120085,1.9371749860104404
120086,2.001000821701807
120087,1.9491871703289188
120088,2.003475205892596
120089,1.9983527885857433
120090,2.0021723923334904
120091,1.9396940766202622
120092,1.9344440356818118
120093,1.9250444959049342
120094,1.9494356718031922
120095,1.924976716257092
120096,1.9315769034987498
120097,1.9588825872365292
120098,1.9425543015429754
120099,1.9584436868313908
120100,1.9716083936525142
120101,2.0090144727273183
120102,1.9104914313432577
120103,1.9096827987649967
120104,1.957042012476448
120105,1.9253606408369222
120106,1.9373272022689914
120107,1.9185830394380288
120108,2.0034108709594762
120109,1.9298387563744568
120110,1.9595563025622453
120111,1.9360634099970484
120112,1.9660334388063045
120113,1.9392465432482915
120114,1.982187928257845
120115,1.9170727260969345
120116,1.9637546127720051
120117,1.9160925299685954
120118,1.974141588430324
120119,1.9344180842073984
120120,1.9353644239313679
120121,1.9962507899388044
120122,2.0014344638436508
120123,1.9683623405528492
120124,1.9438258053016786
120125,1.9349275803404957
120126,1.9684286328322809
120127,1.9166071773981601
120128,2.004136598013154
120129,1.9627475739684141
120130,2.00396484621485
120131,1.941432042798327
120132,1.9629283246525124
120133,1.9184489903031638
120134,1.9510219932970032
120135,1.9577019819041648
120136,1.9474344963731207
120137,1.9159882609954537
120138,1.9532324449427863
120139,1.9634072785643697
120140,1.920924088064124
120141,1.9085431573682425
120142,1.9342514142983949
120143,1.9748555607244322
120144,1.9493045843301728
120145,1.9284282895433917
120146,1.9672132299998841
120147,1.9313212117979277
120148,1.9786046148340264
120149,1.8839929479201818
120150,1.8784956954062522
120151,1.9386500924704007
120152,1.9787592080176122
120153,1.932642660428462
120154,1.9524737031248665
120155,1.9411422696629355
120156,2.0244214427951728
120157,1.9246452181210305
120158,1.9241892386166028
120159,1.9532918980004668
120160,1.9694803362257918
120161,1.8703749486651022
120162,1.9436607065268734
120163,1.9309466857231128
120164,1.9485940377926945
120165,1.9487439313148485
120166,1.9427889361731572
120167,1.9931131043085144
120168,1.9646759350991165
120169,1.9295360274268747
120170,1.9347498541434782
120171,1.8996387230609308
120172,1.9100225192537625
120173,1.945465103000134
120174,1.8959367438051185
120175,1.960690843439494
120176,1.9119563131402417
120177,1.931110293759883
120178,1.9420784685366868
120179,1.9377713390363769
120180,1.9209090075144701
120181,1.9366274363621692
120182,1.9499716859552756
120183,1.919404364651103
120184,1.9576925751213698
120185,1.9404844173466065
120186,1.913321203612164
120187,1.9907827349044436
120188,2.0038866925142544
120189,1.9499280956355358
120190,1.965772282148306
120191,1.9438716325616467
120192,1.9712655621661987
120193,1.9772343025621257
120194,1.9803266314381973
120195,1.9138612876240342
120196,1.9447111579868066
120197,1.9175901839228382
120198,1.9732964669632445
120199,1.89343983881791
120200,1.886919682102238
120201,1.939793065998848
120202,1.9465419976348595
120203,1.91538387450043
120204,1.896890657490864
120205,1.9580607077474794
120206,1.9299452828299166
120207,1.9732557476650998
120208,1.9004873689514474
120209,1.9734708741028133
120210,1.944063712169747
120211,1.9519053254388217
120212,1.9552121341621502
120213,1.946960045420026
120214,1.9209162433214657
120215,1.9012979415403009
120216,1.9824824229526783
120217,1.9442193198858497
120218,1.8974412180724025
120219,1.873196721517737
120220,1.8912919262471344
120221,1.9762934649308703
120222,1.940827278887096
120223,1.9110876986783856
120224,1.935474636999841
120225,1.9122436195859942
120226,1.9457117632497976
120227,1.941418154434062
120228,1.9484162983763607
120229,1.952006680506726
120230,1.9109697085953719
120231,1.8864811677337472
120232,1.888481907439353
120233,1.9023958567910861
120234,1.8878833838875457
120235,1.924100593732826
120236,1.9015053116236287
120237,1.885739550070933
120238,1.9813088289062137
120239,1.954416151054013
120240,1.9492478693076793
120241,1.9255692144932255
120242,1.9099972238003982
120243,1.9642894268278295
120244,1.9274683297584079
120245,1.9087346167785642
120246,1.9345150964389795
120247,1.9407524539461096
120248,1.942901309591105
120249,1.9363396172491747
120250,1.9367847878325288
120251,1.9425359290827235
120252,1.9183754351714004
120253,1.9574179140683325
120254,1.9109028977262859
120255,1.914377441793724
120256,1.9052182604459518
120257,1.9723898085074834
120258,1.9289918601889393
120259,1.9621041412574753
120260,1.9499547916004651
120261,1.9436112870058357
120262,1.965220153513754
120263,1.952895229047157
120264,1.9555164148094937
120265,1.8875910220757985
120266,1.9572911943590505
120267,1.9363804400743352
120268,1.9001371601632853
120269,1.9250320831436927
120270,1.9678464460266467
120271,1.9690004166483053
120272,1.9310057882742309
120273,1.958751319629953
120274,1.9417222146046165
120275,1.9006883359409137
120276,1.9034280048469903
120277,1.9270157369337044
120278,1.8614531931626246
120279,1.9305619788943105
120280,1.963679316856196
120281,1.9130901915845382
120282,1.8693763253455289
120283,1.9439046178595407
120284,1.9400632070439556
120285,1.9988138218622653
120286,1.9517414078405217
120287,1.8913258054699038
120288,1.9304494762183952
120289,1.9951992636511053
120290,1.9365059571720877
120291,1.9143650854348961
120292,1.853298605973782
120293,1.9655356854650705
120294,1.9810114793502986
120295,1.9339097901543163
120296,1.9463687310472308
120297,1.9276169687398268
120298,1.9264074416387469
120299,1.877704600401022
120300,1.9161013439407582
120301,1.9549065993814674
120302,1.9186787912601695
120303,1.937694004072602
120304,1.9798173405548105
120305,2.01996791336298
120306,1.9229227270212141
120307,1.8888286783442925
120308,1.9271853905286374
120309,1.9159741102643373
120310,1.9724402239532297
120311,1.8713265235857508
120312,1.9665556226696357
120313,1.90909930936775
120314,1.9191848875421682
120315,1.9125516875710507
120316,1.9460944673731013
120317,1.9019806832986508
120318,1.9653347779411972
120319,1.8977796953978838
120320,1.9355450709948976
120321,1.8591010820763367
120322,1.8957200388188555
120323,1.9327331341297151
120324,1.9094162428984667
120325,1.9494484413352693
120326,1.8844028766941452
120327,1.9215116935620213
120328,1.9409431790116112
120329,1.9659290184376506
120330,1.9481662890272053
120331,1.8976972609856142
120332,1.9144853885066364
120333,1.9481192001632117
120334,1.8835830636639195
120335,1.9223026753979675
120336,1.9358314890659383
120337,1.9453004068665434
120338,1.8946060346670581
120339,1.9333415812654828
120340,1.9647427778321245
120341,1.8958146804611926
120342,1.9098441603442315
120343,1.9084769212929449
120344,1.9166440971858643
120345,1.9305151805996992
120346,1.899142545866682
120347,1.9004173482068374
120348,1.9500201060456521
120349,1.9117601568253608
120350,1.9264130224866574
120351,1.9318540635355865
120352,1.8935544825803716
120353,1.8907059339467316
120354,1.9322462888351455
120355,1.918139437756325
120356,1.918005630206921
120357,1.961312679665035
120358,1.9486566110298071
120359,1.8997011492038114
120360,1.8621017361256005
120361,1.8982187943115358
120362,1.9301635378920259
120363,1.908704020453328
120364,1.993231277874957
120365,1.84992479369835
120366,1.9491431738901537
120367,1.9197194484489213
120368,1.9833041438311498
120369,1.8768490225562091
120370,1.9756621801602636
120371,1.8876583481039904
120372,1.9397355958002542
120373,1.9122780375029131
120374,1.9143400552158518
120375,1.8976176617364575
120376,1.9141876273517093
120377,1.9138394785106323
120378,1.924011784208082
120379,1.9038130748612097
120380,1.882641511840294
120381,1.8953868284441309
120382,1.9576198244195642
120383,1.8954125786172062
120384,1.9602891359733148
120385,1.912193243905692
120386,1.9559949063546835
120387,1.9238537167224685
120388,1.8877145586119564
120389,1.9095167316860508
120390,1.8837256757415068
120391,1.9180180246831078
120392,1.941717920360622
120393,1.9725146077508702
120394,1.8699611636340674
120395,1.9156271839091248
120396,1.9512413332033285
120397,1.898418145427679
120398,1.921088446291214
120399,1.886401244976019
120400,1.9277478569948008
120401,1.8856234327238646
120402,1.937966760261102
120403,1.9379248067353787
120404,1.8755770384196595
120405,1.9064026760716528
120406,1.9814148078543503
120407,1.916304693853062
120408,1.9190160459748118
120409,1.9515037356594807
120410,1.9205740725329445
120411,1.9429387457697056
120412,1.920068805080895
120413,1.9221055572716825
120414,1.9216690878968963
120415,1.9180311723276404
120416,1.946801137159729
120417,1.9446028041714947
120418,1.9328831392023555
120419,1.9135047449765863
120420,1.9560071017116742
120421,1.8727959431563173
120422,1.8902961321722935
120423,1.888540819532938
120424,1.8983344955191719
120425,1.9065373825692753
120426,1.9136181236201057
120427,1.8974552812869774
120428,1.9309971362936436
120429,1.9264173671050924
120430,1.8973281346198467
120431,1.935655278360428
120432,1.9015316404543106
120433,1.9288849377510437
120434,1.9453700504244333
120435,1.9416423161845984
120436,1.9713302080965323
120437,1.9348779442488901
120438,1.9032284661324026
120439,1.9303701417246395
120440,1.9074246805029633
120441,1.8917599084887426
120442,1.8859527290292277
120443,1.939170881939501
120444,1.9656269845210474
120445,1.8846838665966832
120446,1.91693557209646
120447,1.9477909811819702
120448,1.9098826353477047
120449,1.9513851936611288
120450,1.872651417654172
120451,1.87825731812364
120452,1.9341101092160933
120453,1.991975861990377
120454,1.9154256006737471
120455,1.9188472628377924
120456,1.9055860521034826
120457,1.9669530176316932
120458,1.9462137383024436
120459,1.8915355798173152
120460,1.8679924967946022
120461,1.9080874377805122
120462,1.9116149969375753
120463,1.8690898405607457
120464,1.9204055021372064
120465,1.8988893736016568
120466,1.923549004663989
120467,1.96936444763807
120468,1.9318967678266703
120469,1.9106184138429414
120470,1.9242275339393542
120471,1.9403137950459926
120472,1.8761004247138795
120473,1.9092339433716308
120474,1.9432789451720671
120475,1.9018802363469007
120476,1.91252292831215
120477,1.899115942694161
120478,1.9047976473867096
120479,1.9574602314385006
120480,1.8505783725620217
120481,1.897449395090221
120482,1.9049689140764394
120483,1.8513645026740444
120484,1.924579454561316
120485,1.9417582227668109
120486,1.857119419592251
120487,1.9127450186639257
120488,1.8901227524824793
120489,1.918294609549375
120490,1.9497449549832402
120491,1.9577717081044888
120492,1.914363407685537
120493,1.8999069081899767
120494,1.9303935638953813
120495,1.9364431468567056
120496,1.8880714609854257
120497,1.8823772161192978
120498,1.9166584187041706
120499,1.9047797992023237
120500,1.8976717792823508
120501,1.963045359886787
120502,1.9392345395168535
120503,1.9058174677299442
120504,1.956481780409395
120505,1.9199694685300859
120506,1.9848849822681054
120507,1.9006004748736065
120508,1.8188689774104445
120509,1.9521794538652344
120510,1.9705520215149532
120511,1.845761895885606
120512,1.8607213367702546
120513,1.8675826571926286
120514,1.8638821288489607
120515,1.8822145810658741
120516,1.897633235238965
120517,1.9075272188056986
120518,1.8917883292508355
120519,1.9059157584608724
120520,1.899678072867329
120521,1.9158016830921056
120522,1.8668525928028745
120523,1.8903700102823124
120524,1.9245426519441908
120525,1.8960880864836525
120526,1.9330176327126989
120527,1.8897880843477213
120528,1.8888795007874595
120529,1.8908288145146166
120530,1.8541712055891066
120531,1.8831908296155706
120532,1.8907368875885928
120533,1.9295352336504892
120534,1.9417083720592445
120535,1.976389686643469
120536,1.8906360485508868
120537,1.8766706500241275
120538,1.9184799254529286
120539,1.8728843810974944
120540,1.8889743266051544
120541,1.9297858195593618
120542,1.9430156677557717
120543,1.8910807943206989
120544,1.857571860875846
120545,1.8995014484317134
120546,1.9852654639149543
120547,1.897255135332556
120548,1.860130676393371
120549,1.916666055992316
120550,1.9374542235152175
120551,1.8725989194680366
120552,1.9509295228297308
120553,1.851667250121099
120554,1.89904159171105
120555,1.8167100121953998
120556,1.903091673383252
120557,1.901381543494889
120558,1.8712251444449564
120559,1.9151408185831231
120560,1.8935791453107222
120561,1.906592582251962
120562,1.893709513333078
120563,1.8851822653268895
120564,1.9379223678830866
120565,1.9074090408130222
120566,1.8927829001773864
120567,1.8497825372612644
120568,1.887135867879791
120569,1.934475764451827
120570,1.8542751919088365
120571,1.9275153775990004
120572,1.8953189609985028
120573,1.8602194211114105
120574,1.9025656457860114
120575,1.8940131756491252
120576,1.8985527405285025
120577,1.933164350328438
120578,1.8869644439700444
120579,1.8959227226415407
120580,1.866079367924303
120581,1.8624878744824866
120582,1.9382770244774352
120583,1.9489805148403658
120584,1.9101124843818804
120585,1.915450574713662
120586,1.9049126219084807
120587,1.9150601953873807
120588,1.8762096771976273
120589,1.9425885380622634
120590,1.909634138792869
120591,1.9009981561703515
120592,1.904187172969439
120593,1.8780022622500852
120594,1.9039489410313932
120595,1.8909319889124816
120596,1.8894492653305472
120597,1.9341330889253936
120598,1.825410053297899
120599,1.8675975081995935
120600,1.8945438271499777
120601,1.8391081324977625
120602,1.8799943222279174
120603,1.913152163550946
120604,1.8841283921062726
120605,1.9422412348492006
120606,1.893186287270075
120607,1.8093843606097988
120608,1.9219807517362488
120609,1.9027989287977343
120610,1.891487787854031
120611,1.8807402989535178
120612,1.8727844950024768
120613,1.8915985351056612
120614,1.931077520170122
120615,1.9058843702574138
120616,1.8835344214296967
120617,1.9039805397871294
120618,1.9311409635335992
120619,1.8523501983967934
120620,1.9547605831414139
120621,1.8957949500808122
120622,1.8700611964738714
120623,1.9091603190464799
120624,1.8920872778690032
120625,1.8723649394368336
120626,1.8950609288372577
120627,1.9220444813859618
120628,1.8293905808386333
120629,1.8815972728269874
120630,1.8771994698233887
120631,1.9090693381051744
120632,1.8882012530868582
120633,1.882717563369808
120634,1.8480047453070216
120635,1.8808349148863317
120636,1.9070264167435695
120637,1.855101226208094
120638,1.9006472855095846
120639,1.8637705713017003
120640,1.8908071294945008
120641,1.8965772915393913
120642,1.913874362977993
120643,1.9277812046810123
120644,1.8614166981752565
120645,1.9299079009448372
120646,1.9249574702931875
120647,1.8785569722764142
120648,1.9057873665703298
120649,1.9009490124530313
120650,1.8968544012081265
120651,1.9097552649644338
120652,1.8668009744250051
120653,1.8149957504865324
120654,1.949630166716548
120655,1.8950141416354225
120656,1.8369533232937154
120657,1.9281125623072186
120658,1.8924886830237422
120659,1.8788963619619834
120660,1.8888118932732354
120661,1.9257012388864538
120662,1.9188116966444388
120663,1.8559059557240485
120664,1.8658899866835819
120665,1.895047072747119
120666,1.9056806136627316
120667,1.8804603783045262
120668,1.890418624195435
120669,1.9000503673199298
120670,1.9251181865725302
120671,1.8862418719382978
120672,1.8875604380607347
120673,1.881128641481789
120674,1.8745852580062488
120675,1.8814946779596986
120676,1.8392670185980549
120677,1.926533640010299
120678,1.9127000815687536
120679,1.863701269563145
120680,1.8968019615020022
120681,1.911333954702116
120682,1.8684150145589
120683,1.8990463957379173
120684,1.8967134544777475
120685,1.9052773517503312
120686,1.8927737868488597
120687,1.8975963224548884
120688,1.8784065157804026
120689,1.890114104040876
120690,1.8800102353985744
120691,1.8767227855085913
120692,1.872854476397422
120693,1.8927142086500537
120694,1.8784794083320757
120695,1.8354576715745894
120696,1.8605540213909904
120697,1.913790017742627
120698,1.8472319583324754
120699,1.8542886972059773
120700,1.8767424391307674
120701,1.8238031763613238
120702,1.89018884255653
120703,1.9488630504809643
120704,1.8275048388495825
120705,1.9240270861425615
120706,1.8638772711572478
120707,1.9439879257871073
120708,1.8673028043868
120709,1.8816226544800478
120710,1.8878733292723608
120711,1.9145339404861181
120712,1.8974500902587241
120713,1.8743711466358652
120714,1.912276285863445
120715,1.9321734810403113
120716,1.8681554398380509
120717,1.889292027921011
120718,1.9070436505585788
120719,1.9396458065448392
120720,1.8863962056329717
120721,1.8712940444334571
120722,1.897697719872205
120723,1.8791533475990794
120724,1.8795451411091624
120725,1.8810674970631018
120726,1.8443071373164401
120727,1.8619999059490395
120728,1.9175137888113882
120729,1.9038630861280905
120730,1.9100431966139138
120731,1.9259022352282278
120732,1.88403292266467
120733,1.9086442738760894
120734,1.8731650510898974
120735,1.8787019980252837
120736,1.8351069239410753
120737,1.8737204847822326
120738,1.8730345604248921
120739,1.9470356334841121
120740,1.8637746412709708
120741,1.859117939698661
120742,1.8692223616695878
120743,1.8967151489811038
120744,1.8807844217270269
120745,1.8562052041890804
120746,1.8918503283489732
120747,1.8695210932593462
120748,1.849668047942757
120749,1.8469593234830148
120750,1.8556473201787431
120751,1.847676329389441
120752,1.8449007716495434
120753,1.7845542688013378
120754,1.8760695053783056
120755,1.8867650573284291
120756,1.8581802034025898
120757,1.8727305717377385
120758,1.8716327307869196
120759,1.852261780382037
120760,1.8886086583367048
120761,1.849154687506436
120762,1.839841829957043
120763,1.856883429261475
120764,1.88176431773662
120765,1.8306684403886122
120766,1.8846336903778862
120767,1.900302055638016
120768,1.9016802892670535
120769,1.9211130602909363
120770,1.8628587399744656
120771,1.834101341221635
120772,1.9216266140466731
120773,1.8773949369139509
120774,1.9228980446529733
120775,1.8256036229126738
120776,1.8917440594922135
120777,1.9264183302741675
120778,1.8493041116779942
120779,1.8446443178503755
120780,1.8815159489560573
120781,1.8990445383777148
120782,1.854017684933312
120783,1.918564146105754
120784,1.862944011421779
120785,1.8932150251135362
120786,1.9133726517550806
120787,1.8900143606630353
120788,1.9135879731360868
120789,1.9055572314264262
120790,1.879923837100586
120791,1.8568301233950721
120792,1.8938737364174543
120793,1.8754744475709841
120794,1.89951995536196
120795,1.85378947852025
120796,1.9152593489367946
120797,1.8406503541920438
120798,1.8456568806183127
120799,1.8603684996916658
120800,1.9055249532948542
120801,1.8262911756853004
120802,1.9080316212422264
120803,1.8652196961972243
120804,1.895283373244614
120805,1.8600741318831797
120806,1.8799792776171587
120807,1.8216488588744668
120808,1.8448610457865726
120809,1.8283932289358897
120810,1.9177368601266345
120811,1.9206691338770598
120812,1.87762048091509
120813,1.8724791559166098
120814,1.8493881464792128
120815,1.8601576835379101
120816,1.8692105820867053
120817,1.8458873297168956
120818,1.8916134342572806
120819,1.8923586128466734
120820,1.8255051974866343
120821,1.8623807904951173
120822,1.8556797289327185
120823,1.8817147250556285
120824,1.9194109698733237
120825,1.8154568230011487
120826,1.8622555643583998
120827,1.864975659008413
120828,1.9100462357788563
120829,1.8489855407773519
120830,1.8508781729851072
120831,1.8418482166373915
120832,1.8947867009328565
120833,1.8810767661636862
120834,1.8453123854425992
120835,1.855570934422328
120836,1.9045393830187158
120837,1.8751982382863537
120838,1.8627730580880508
120839,1.8882878412083886
120840,1.8507956677486304
120841,1.859235831377276
120842,1.8559954002064902
120843,1.9468946058648533
120844,1.865980154499574
120845,1.8885055053843165
120846,1.908937674673868
120847,1.8155934846635688
120848,1.883289116173656
120849,1.890553232146337
120850,1.85869553712849
120851,1.8727615635811248
120852,1.8712749573941072
120853,1.8564369940238965
120854,1.9084554463031966
120855,1.8798428316216302
120856,1.863249683407927
120857,1.8590575130966254
120858,1.8390598955638024
120859,1.892783981452782
120860,1.820795480337278
120861,1.8364038253363792
120862,1.8335338768928797
120863,1.8829960015616276
120864,1.8701168144382356
120865,1.8648791879307691
120866,1.8330264997586327
120867,1.8678304449393666
120868,1.8778131534875036
120869,1.8611182287001131
120870,1.8569547715342096
120871,1.8847638129093636
120872,1.85408938760223
120873,1.8649160291931994
120874,1.8688954863326226
120875,1.9254717221478317
120876,1.8858711762799074
120877,1.8219091428420826
120878,1.8243205759259882
120879,1.8523225742737754
120880,1.8376446655611114
120881,1.9054239758103046
120882,1.8209318580056821
120883,1.8435656616163238
120884,1.8278627898707076
120885,1.8907387571368905
120886,1.8432435580243371
120887,1.906937717701503
120888,1.8627411921138732
120889,1.8900569770779627
120890,1.8707960243900073
120891,1.8405724982499392
120892,1.8206133634622104
120893,1.8464688333360326
120894,1.8705494381325278
120895,1.8708273489436633
120896,1.8841946581528022
120897,1.863366188286585
120898,1.8835366170277168
120899,1.8849645036827207
120900,1.9083229045432095
120901,1.8312570644697024
120902,1.9119603584785574
120903,1.8987671245674236
120904,1.8843124686154282
120905,1.9120205128068244
120906,1.819744161867814
120907,1.8671327823589747
120908,1.8266210272644252
120909,1.8506651473496993
120910,1.8780250337102244
120911,1.8807072177838176
120912,1.8513357388471907
120913,1.885713267604741
120914,1.8310204667779952
120915,1.918580239294065
120916,1.8575630383178354
120917,1.8676023570610185
120918,1.8796073067469006
120919,1.8766485484947837
120920,1.8656184515565861
120921,1.934423414471336
120922,1.902494557062884
120923,1.8535708758789042
120924,1.8668312477507094
120925,1.8712715130291215
120926,1.8715532605538603
120927,1.878584694050008
120928,1.8839305784617368
120929,1.8888586460500503
120930,1.8679094229933297
120931,1.8640024142791418
120932,1.8474639585253523
120933,1.8696326507519065
120934,1.8477340739458792
120935,1.828503661844139
120936,1.8499549426515105
120937,1.818136599049198
120938,1.8907836882997366
120939,1.8821927036749866
120940,1.8899924082028743
120941,1.857093782259095
120942,1.8317935211942151
120943,1.900580098462203
120944,1.8253937411472099
120945,1.9038891386241727
120946,1.8991026196979754
120947,1.8594091284994583
120948,1.8571028177057873
120949,1.8466729709406982
120950,1.8545510885443797
120951,1.922133605459138
120952,1.8554443473990287
120953,1.875999170696013
120954,1.8681135824801682
120955,1.9131257691471775
120956,1.8688629290687135
120957,1.8826681211737661
120958,1.8848608169501817
120959,1.843686127256453
120960,1.8941108213197586
120961,1.9033306371630332
120962,1.858833947630536
120963,1.8581677270398618
120964,1.8487815970209032
120965,1.8944281013385154
120966,1.8744887414258953
120967,1.8873454596707915
120968,1.8734729029492745
120969,1.8628326085141405
120970,1.8557141517171323
120971,1.8616523675752796
120972,1.8622763751809603
120973,1.8364303880605182
120974,1.8835582548353034
120975,1.8899061858861081
120976,1.8977426485861213
120977,1.8859067517814472
120978,1.8876185536585695
120979,1.7531017015778076
120980,1.8269191401251177
120981,1.8552424435167012
120982,1.9088200503012773
120983,1.9027050266538446
120984,1.9123564040103336
120985,1.8584109940983629
120986,1.8821223865891146
120987,1.8630197199801237
120988,1.9106566120568051
120989,1.7760263187059666
120990,1.8730384355374312
120991,1.831836175215629
120992,1.8595193991277985
120993,1.90340035984478
120994,1.876656334510806
120995,1.861255258433872
120996,1.8650632683912516
120997,1.821880189906744
120998,1.9177088891120897
120999,1.8741691450730862
121000,1.8712325529506297
121001,1.9065751930024837
121002,1.849174111088392
121003,1.8667032851556575
121004,1.853519251406344
121005,1.884746595185849
121006,1.8658602028275648
121007,1.8465120466775786
121008,1.863665069678454
121009,1.824994611639663
121010,1.84112975962957
121011,1.8118520268125267
121012,1.8204067980633714
121013,1.906549352535612
121014,1.8700925325994464
121015,1.8475908028053207
121016,1.843551459661305
121017,1.8393357939905102
121018,1.8464869353411044
121019,1.8330834328331034
121020,1.8826904642547238
121021,1.8284199253220583
121022,1.907497027464477
121023,1.866049198328199
121024,1.8346418775234548
121025,1.8393169566346865
121026,1.7903394260378265
121027,1.8410129945805616
121028,1.8852219693495496
121029,1.888362329316209
121030,1.8718138660716908
121031,1.8327351936946308
121032,1.839093286560774
121033,1.8470963132097478
121034,1.8251822761806222
121035,1.8870768565319196
121036,1.8099095886369876
121037,1.8254251661263323
121038,1.830522363531317
121039,1.8680887101931052
121040,1.831303756241604
121041,1.8473582197702272
121042,1.8192122717616923
121043,1.8122499899900812
121044,1.8386013173626283
121045,1.8135265425818057
121046,1.8561887881799986
121047,1.8489872478948595
121048,1.8940168078602948
121049,1.8851074967936705
121050,1.813305567701189
121051,1.8816403429597073
121052,1.8461149636298777
121053,1.8883720770859498
121054,1.8481127173145342
121055,1.7525844346853525
121056,1.8175342130667331
121057,1.8376681442309817
121058,1.8444485437817006
121059,1.8713105701675046
121060,1.8384077704801816
121061,1.8648168387418864
121062,1.8748339390214093
121063,1.8646533085643224
121064,1.7841825557833215
121065,1.8489048219716837
121066,1.8780894020446126
121067,1.8762029863589462
121068,1.8250037199533968
121069,1.8717196628973576
121070,1.8217090137060792
121071,1.9100916152101213
121072,1.7991757745019556
121073,1.8701536832011492
121074,1.8163103917699546
121075,1.8066380681565248
121076,1.8406686538125652
121077,1.8967417722282702
121078,1.8518560361731555
121079,1.8138418571684625
121080,1.8757908495756352
121081,1.8736434958814034
121082,1.8733804049389828
121083,1.8487490492422183
121084,1.8592958136367381
121085,1.8736450464850583
121086,1.8316824662198155
121087,1.8573685582983905
121088,1.8280660836673557
121089,1.8490733591783204
121090,1.8689660388983658
121091,1.8043919600360279
121092,1.794226160204631
121093,1.8721716551938694
121094,1.859973560426291
121095,1.8607204947567997
121096,1.872789274700522
121097,1.8571720390401298
121098,1.8276355259001227
121099,1.8812772065998946
121100,1.8309940925418642
121101,1.8448392151719657
121102,1.7929135856756042
121103,1.8692023623406036
121104,1.8544631549201838
121105,1.825284277547408
121106,1.8517695304464614
121107,1.8299537390208633
121108,1.890570274128255
121109,1.8223591250272426
121110,1.8487731387074091
121111,1.8215477132446476
121112,1.8474588396748732
121113,1.8717367359544463
121114,1.8564395846521236
121115,1.8663518891131232
121116,1.8313433763423268
121117,1.8432447182132783
121118,1.8241867169076016
121119,1.8621811068830836
121120,1.8895043068149087
121121,1.8432371852870038
121122,1.863919893894471
121123,1.8379598467766314
121124,1.8531671800447613
121125,1.820247634231659
121126,1.887096135118845
121127,1.8053984683897026
121128,1.8154758761527099
121129,1.8353436084046602
121130,1.8001551407960004
121131,1.8442255298862025
121132,1.8643670475751468
121133,1.8215151861122651
121134,1.81417344444317
121135,1.8533154129825447
121136,1.851143681155245
121137,1.863786530641579
121138,1.8688045120485595
121139,1.8666135750536392
121140,1.8704604995831111
121141,1.7748626970116967
121142,1.8740620361613147
121143,1.8562575603035543
121144,1.7744023773487099
121145,1.8740790016173026
121146,1.8723704949078024
121147,1.8413332191121312
121148,1.8394443992147311
121149,1.8386268095058045
121150,1.858915375364795
121151,1.8323807295048844
121152,1.8499544388514704
121153,1.8069324805659739
121154,1.8065964174165
121155,1.812346520907461
121156,1.8647468815460932
121157,1.7952668149848234
121158,1.8725548289696732
121159,1.8079136257867217
121160,1.7918560284214984
121161,1.8256462606650872
121162,1.8241092367776026
121163,1.824622690400549
121164,1.8484498533863685
121165,1.840453704006427
121166,1.8083331873672557
121167,1.7838198955760576
121168,1.8491633062584183
121169,1.8589416599567135
121170,1.8242945666316897
121171,1.772654682734236
121172,1.8499096280326357
121173,1.784794332383605
121174,1.851313544165699
121175,1.797576632609705
121176,1.8666239227938402
121177,1.7699369033787538
121178,1.8073200241457419
121179,1.9153336875574174
121180,1.8541814581578493
121181,1.8180877263480486
121182,1.8257641794167654
121183,1.8113051727720944
121184,1.8719454291213284
121185,1.8395434264849622
121186,1.744884162878229
121187,1.8310636823062558
121188,1.8581812020150021
121189,1.8429402793605836
121190,1.8033425298803774
121191,1.850890014412202
121192,1.8010659933803561
121193,1.8577323501285767
121194,1.7792831602771153
121195,1.8453609763931635
121196,1.7873031992124848
121197,1.8344539296431612
121198,1.8269403809561755
121199,1.9122451571139576
121200,1.8751364004974151
121201,1.8021084385684916
121202,1.8089546801583858
121203,1.9019429752247383
121204,1.7920068689560098
121205,1.8688813256186136
121206,1.8160111333080606
121207,1.844175083679935
121208,1.8603732801034174
121209,1.7950153612408832
121210,1.849127435293001
121211,1.839275820946246
121212,1.8323869185087596
121213,1.8985030220360937
121214,1.8172196692890334
121215,1.8953272633835903
121216,1.863765954785184
121217,1.8295616092779994
121218,1.840728426407336
121219,1.8532352766231348
121220,1.8469909762905543
121221,1.81519971287737
121222,1.8267319297664335
121223,1.8106595541889525
121224,1.8436166009647357
121225,1.8059637601884895
121226,1.776354299722606
121227,1.8591860293839524
121228,1.8359240251234357
121229,1.841184883048887
121230,1.8299546595032203
121231,1.8197384652759536
121232,1.7818058536223538
121233,1.823836797496655
121234,1.8107989911860642
121235,1.8102078067959373
121236,1.8587199671441994
121237,1.8789819610612657
121238,1.8094103986307268
121239,1.8412935232270542
121240,1.8317261874613335
121241,1.815111098488865
121242,1.8670343559851141
121243,1.8158009307592844
121244,1.7730496951464845
121245,1.8629687986851915
121246,1.8305900964461748
121247,1.8327398407446236
121248,1.7894111390188294
121249,1.83817196816109
121250,1.828132269067604
121251,1.840733382609155
121252,1.8302688103174185
121253,1.82101645033419
121254,1.8270441513952305
121255,1.854485329355669
121256,1.7926980030741437
121257,1.8945678091740779
121258,1.843342892733405
121259,1.8284931443655765
121260,1.8262958732863561
121261,1.8602396571456166
121262,1.7949054873751915
121263,1.8544765215437096
121264,1.8212042030027968
121265,1.8641755112599225
121266,1.8157674448236545
121267,1.858289712514801
121268,1.8345338424769508
121269,1.8378523405334173
121270,1.8363592086659548
121271,1.8701780821665568
121272,1.821434042337633
121273,1.8166632121592494
121274,1.8268319637733075
121275,1.8959403735758988
121276,1.7856260362902014
121277,1.7941686668492003
121278,1.8135541843961294
121279,1.7940975839932507
121280,1.783570542592102
121281,1.7917886936945397
121282,1.8759947442823042
121283,1.7787489425451286
121284,1.824155522920226
121285,1.818700987352475
121286,1.8195008590644395
121287,1.8108065323746063
121288,1.7922549066954365
121289,1.7767368614422616
121290,1.8162225949982411
121291,1.8222033302545178
121292,1.8338966219368253
121293,1.8251323777528377
121294,1.8415437544141
121295,1.7708202239027204
121296,1.879676068320318
121297,1.8009946371367151
121298,1.8471779349775095
121299,1.8089705331992738
121300,1.836414073172437
121301,1.8389933951243214
121302,1.8753241580076143
121303,1.8670594804684921
121304,1.8445763894642941
121305,1.810214355428248
121306,1.8179390090828875
121307,1.8324878730772742
121308,1.8864231813359806
121309,1.855701481748299
121310,1.746347068370812
121311,1.782169464581215
121312,1.8193509894240651
121313,1.7916736750104612
121314,1.799323335941084
121315,1.7720188641097454
121316,1.9066116343726929
121317,1.7867158809041555
121318,1.8449194267360007
121319,1.8067684391190957
121320,1.8114749976419644
121321,1.8345307241692739
121322,1.8299571132670347
121323,1.7933304264125596
121324,1.878613620044797
121325,1.7850017354869254
121326,1.7950551194107225
121327,1.8314182101836716
121328,1.8597282720916837
121329,1.8032192913174836
121330,1.8607010625222857
121331,1.8246736608894105
121332,1.767853511283642
121333,1.848925644927077
121334,1.8234814029960642
121335,1.9159605329033802
121336,1.8337728528796597
121337,1.8366591475046807
121338,1.7916811533819796
121339,1.8241375290032316
121340,1.7675997233100056
121341,1.8127478554952328
121342,1.852257452536803
121343,1.816281876368418
121344,1.8381977975133634
121345,1.8455958787352653
121346,1.8658207466654686
121347,1.8133834320921056
121348,1.8386488742111757
121349,1.816154683592155
121350,1.823494585458363
121351,1.8132579116128467
121352,1.8560301072706398
121353,1.825842951039086
121354,1.800499173614333
121355,1.8071117936363632
121356,1.7931110725855655
121357,1.82337666790766
121358,1.792066024678567
121359,1.8433918311467332
121360,1.8365131939908363
121361,1.8356672779299987
121362,1.7920640097607154
121363,1.8837164624034335
121364,1.823044650850287
121365,1.7684224975111198
121366,1.8714667750276632
121367,1.8508734657902295
121368,1.7571175389391027
121369,1.8418254561422316
121370,1.864150053805152
121371,1.8147905346070192
121372,1.8194246340351579
121373,1.7795843774937716
121374,1.8337447957080135
121375,1.7789391839211113
121376,1.8208798596583555
121377,1.8298182910074623
121378,1.8280094440505137
121379,1.8558815050122848
121380,1.8735364126816358
121381,1.7981742691274256
121382,1.8261849642279329
121383,1.8107690237214171
121384,1.7785557697252685
121385,1.8594728996880316
121386,1.814319995063233
121387,1.7930301298893745
121388,1.7926129290710182
121389,1.836782633535145
121390,1.8192086351565389
121391,1.7992003169259243
121392,1.8125598687251496
121393,1.8250378933871263
121394,1.769018785817865
121395,1.8249651997266232
121396,1.815030775377501
121397,1.8431907011650537
121398,1.8097395726325323
121399,1.8164080939031697
121400,1.816269123221084
121401,1.7626218705336483
121402,1.8701701564574047
121403,1.7980483244071317
121404,1.7696468050988314
121405,1.8230008629271222
121406,1.838034216309122
121407,1.7822691774182962
121408,1.8360135538859708
121409,1.8498423729501294
121410,1.7485106982455432
121411,1.8244572530242507
121412,1.7995486271494865
121413,1.7510176610899117
121414,1.7723831404560013
121415,1.8351112466866923
121416,1.824117627858765
121417,1.7998265532027002
121418,1.8630935316976078
121419,1.8232332899844041
121420,1.7736640279457514
121421,1.8056169761814729
121422,1.7907405292194065
121423,1.8371066440422106
121424,1.802047739805633
121425,1.8661110252106066
121426,1.7908825679709353
121427,1.8496341322574992
121428,1.8270326417255134
121429,1.8418402938098164
121430,1.7803354390354216
121431,1.8020036591378015
121432,1.8177663565347928
121433,1.8013541927456187
121434,1.8663338323774912
121435,1.8254662614081318
121436,1.769330351040402
121437,1.8050675584725804
121438,1.8412252648698155
121439,1.8019711611127598
121440,1.7755402787002506
121441,1.8161399502995266
121442,1.7965965154139296
121443,1.765249563961715
121444,1.8095335442579237
121445,1.8110626076665899
121446,1.8123501866796052
121447,1.8166668137633417
121448,1.7702702611140544
121449,1.793663742732681
121450,1.854805337854216
121451,1.7766715878151815
121452,1.7921951661041329
121453,1.8540997056961288
121454,1.8008329920284094
121455,1.7766500308910336
121456,1.7678429216091287
121457,1.7814380347917849
121458,1.8639674026572728
121459,1.754199674107543
121460,1.8083704822825573
121461,1.8192253307808675
121462,1.8449014923794198
121463,1.7956493729809853
121464,1.8482714111508245
121465,1.7893101468355077
121466,1.823232964187736
121467,1.7722839240222943
121468,1.7713996251042294
121469,1.8488121448968884
121470,1.8527354578136974
121471,1.8275087289550416
121472,1.8618432100809463
121473,1.8280273422709272
121474,1.782838554301685
121475,1.8877789451652227
121476,1.8388578552538557
121477,1.7576222676996496
121478,1.7345585532524368
121479,1.7658979002753061
121480,1.8325683385748186
121481,1.8334737800311738
121482,1.7872326874716238
121483,1.7773337936792233
121484,1.830717284237673
121485,1.8197287100217834
121486,1.829171175735191
121487,1.8441119903707033
121488,1.812629779655691
121489,1.8300651803503503
121490,1.8057962793556377
121491,1.8253656706393646
121492,1.8520047541508977
121493,1.7731198948583913
121494,1.7930932615663664
121495,1.8180397405302002
121496,1.8390344515023258
121497,1.8124542346419419
121498,1.795953759347745
121499,1.7985926664455716
121500,1.7723939612353665
121501,1.837661586566546
121502,1.7815988785279628
121503,1.8034631521045514
121504,1.8024665544902028
121505,1.775047522350722
121506,1.798186049026292
121507,1.7806617817404975
121508,1.7880231105300568
121509,1.8367611966390849
121510,1.7746401659904125
121511,1.7798609188074859
121512,1.7778537134229622
121513,1.7978581710092798
121514,1.789980604553716
121515,1.8310754675074092
121516,1.8094318782805097
121517,1.822685052626443
121518,1.7703621460631511
121519,1.798663657668362
121520,1.7957640376388884
121521,1.824558829260914
121522,1.7981309230264908
121523,1.8005135667298053
121524,1.8380939657498845
121525,1.7812009232211758
121526,1.7738654388486164
121527,1.7900754640944856
121528,1.7636421074806266
121529,1.8052643453635804
121530,1.8173071692210163
121531,1.8285196493139984
121532,1.8450403415708885
121533,1.7280682522015418
121534,1.7881550188551631
121535,1.8640822325130233
121536,1.7859803910972827
121537,1.8205207390781049
121538,1.7732012489977202
121539,1.81455515090496
121540,1.7695274839821251
121541,1.718170038492914
121542,1.7575011548898654
121543,1.7784161729000791
121544,1.7903014028245725
121545,1.8009834657956278
121546,1.7990607645185412
121547,1.7600346131770481
121548,1.8127676257741365
121549,1.7677151267887214
121550,1.7505767880829213
121551,1.8090862050083543
121552,1.7881018964862674
121553,1.7737899625487819
121554,1.7814584393696284
121555,1.7893970978150122
121556,1.800927431608609
121557,1.8139791452338385
121558,1.806264408619641
121559,1.7631235464263733
121560,1.834165703164181
121561,1.7950374571706669
121562,1.787092653659877
121563,1.8096119998171414
121564,1.8262848602910726
121565,1.7735831679515734
121566,1.7753152360110835
121567,1.7943050430541934
121568,1.8142161327386879
121569,1.7237473559343306
121570,1.7165573666200784
121571,1.807328082442475
121572,1.7525706747286907
121573,1.7415185559475979
121574,1.7840545434804451
121575,1.8166624433710188
121576,1.7948728286119124
121577,1.817509701453974
121578,1.832947652337509
121579,1.7654174946009256
121580,1.8013551970660877
121581,1.8057293171002602
121582,1.788959632851395
121583,1.8247408982739572
121584,1.8077385950164404
121585,1.8179134374052675
121586,1.7772659990865742
121587,1.8216413860194975
121588,1.7802848996234184
121589,1.8616686445128738
121590,1.792686808592146
121591,1.7783786947434272
121592,1.7815813817680097
121593,1.8190485259794755
121594,1.7388047832760856
121595,1.8000159070519985
121596,1.8360787095440005
121597,1.8117407824789036
121598,1.7946191128600373
121599,1.7874504055659575
121600,1.777511888292853
121601,1.7972193198219297
121602,1.7845930655628026
121603,1.7268182505793817
121604,1.794383255948275
121605,1.8128821363761165
121606,1.7871390954772546
121607,1.7977039219815025
121608,1.7550338307639726
121609,1.8265850054502972
121610,1.7421269188147
121611,1.7611879992311865
121612,1.7695554793045862
121613,1.7935632197367968
121614,1.861561199072198
121615,1.7770569284049733
121616,1.7862200967595223
121617,1.7854939149485207
121618,1.7861358124694091
121619,1.788882314630551
121620,1.8014983560782376
121621,1.8052790170628494
121622,1.788846477562839
121623,1.744988416874399
121624,1.7793641991530884
121625,1.8092829834630373
121626,1.7682173960385315
121627,1.7889868345789204
121628,1.864212381821019
121629,1.8511708140246188
121630,1.7599557148674634
121631,1.7780004652384234
121632,1.765592192895096
121633,1.7794177537522078
121634,1.791129789359134
121635,1.781636425152458
121636,1.765728595319694
121637,1.8246024511042653
121638,1.7859398112092324
121639,1.8144118474550686
121640,1.8267282919404366
121641,1.7602995103790777
121642,1.794608146698914
121643,1.8041317995701553
121644,1.8094254149314142
121645,1.7774245221160117
121646,1.800432962596773
121647,1.774996814008125
121648,1.8117907568657072
121649,1.7810059201483017
121650,1.7670669397353278
121651,1.773519123392492
121652,1.7717499200414617
121653,1.7781401224241624
121654,1.7735169588296757
121655,1.7559132187791218
121656,1.7664041129503238
121657,1.8327259567344265
121658,1.834301622829909
121659,1.7835601200718003
121660,1.7932111137055688
121661,1.7971219639336542
121662,1.8011004903487433
121663,1.838646366743097
121664,1.761071725263273
121665,1.773698015206483
121666,1.7745731342597417
121667,1.7791278536987025
121668,1.7847758913306904
121669,1.8470404555053548
121670,1.817209120398724
121671,1.7644575725416125
121672,1.7149447624653569
121673,1.8126698278647775
121674,1.7995918856416784
121675,1.7805739735233292
121676,1.7810595819165176
121677,1.777555947340725
121678,1.8028458853889744
121679,1.767139630515806
121680,1.789366418680349
121681,1.8063623881099446
121682,1.8376400614744757
121683,1.7333750628760123
121684,1.8462376764023578
121685,1.7659048796131942
121686,1.8194654417437208
121687,1.8091124468764406
121688,1.768798824385694
121689,1.842462166595279
121690,1.7616464759027624
121691,1.7990944194745238
121692,1.794175239473746
121693,1.7385052028180699
121694,1.7615510452483198
121695,1.8020912682725492
121696,1.772636931371244
121697,1.807379879608655
121698,1.8083060984442987
121699,1.7659280171130591
121700,1.8149315887740967
121701,1.7871837277324076
121702,1.7905705546130553
121703,1.7907928877719808
121704,1.7700001938639525
121705,1.7746175260861288
121706,1.744979782037617
121707,1.7646227698761152
121708,1.7878310193681124
121709,1.7944884126215024
121710,1.763556684719752
121711,1.7907814925445553
121712,1.7935874194499464
121713,1.8066204586186418
121714,1.7897961936817277
121715,1.7372361116605413
121716,1.7559341258052898
121717,1.8136898982202543
121718,1.7807920567937878
121719,1.7375046799443628
121720,1.7723758991702725
121721,1.8297568498975272
121722,1.8165481405600972
121723,1.7902915880882877
121724,1.764256579775514
121725,1.8192506785321005
121726,1.7474433822904514
121727,1.8085213809331802
121728,1.7904880132898089
121729,1.7418742974991028
121730,1.7167018659115092
121731,1.7247681515503823
121732,1.8609203288926253
121733,1.7590938212588703
121734,1.7930586618502788
121735,1.7721771913405315
121736,1.8001118160789702
121737,1.7670488858721816
121738,1.7599157558095917
121739,1.7625127925390787
121740,1.800470915342633
121741,1.7596140018418691
121742,1.733942173284784
121743,1.8349157347921734
121744,1.83144985317935
121745,1.7970231818706015
121746,1.7393051319635795
121747,1.7364098019215937
121748,1.7573138981822527
121749,1.8096686066775831
121750,1.7928237390768909
121751,1.7234185228245418
121752,1.782698367350529
121753,1.7758515711170417
121754,1.7408351142173126
121755,1.8032111903354648
121756,1.8074833238821446
121757,1.7275251993224263
121758,1.818153643811904
121759,1.7690844177248888
121760,1.7472372776023428
121761,1.7704627796433674
121762,1.7586027835768314
121763,1.7437213197869836
121764,1.8181531213320266
121765,1.7964119943994479
121766,1.8348865177070837
121767,1.810121941685125
121768,1.7964825732072587
121769,1.7717643234881961
121770,1.7768536047662764
121771,1.7660376665168052
121772,1.7997770078976334
121773,1.8138000715119007
121774,1.8051650847545473
121775,1.726564127466151
121776,1.7987920598097566
121777,1.7993517690042191
121778,1.8013874443219777
121779,1.732847562256293
121780,1.7701585182813293
121781,1.7969685040134562
121782,1.7401988055817736
121783,1.7907756303349631
121784,1.8071503785268845
121785,1.7934973809730108
121786,1.8319563735291653
121787,1.7964137064267667
121788,1.7145319387452187
121789,1.7459021487458695
121790,1.742894796231736
121791,1.7937813325213665
121792,1.7978504931410149
121793,1.8104371122645655
121794,1.8089144960745187
121795,1.687070598629344
121796,1.7407689132312851
121797,1.8010237803016693
121798,1.8198724365800203
121799,1.7860849160979722
121800,1.7429767310842474
121801,1.8098376425268252
121802,1.752920257737635
121803,1.763986220124311
121804,1.7527037719992462
121805,1.7971645294890228
121806,1.8515283514315803
121807,1.716777168203762
121808,1.7564825579559808
121809,1.7314797098112786
121810,1.8108326407540998
121811,1.738105351508612
121812,1.7888628370026753
121813,1.7753469086429712
121814,1.782727089688405
121815,1.748468687343571
121816,1.7461811281609159
121817,1.794783776901515
121818,1.736177318220124
121819,1.8341803477789507
121820,1.7202069785593535
121821,1.7944461215135497
121822,1.8299080411276
121823,1.8234396681331928
121824,1.6950211423614776
121825,1.749115996701212
121826,1.7258321687246694
121827,1.7238137031422605
121828,1.7839545731741586
121829,1.7568621817474537
121830,1.8023543462882947
121831,1.7876046759487771
121832,1.7294184421266687
121833,1.8018172927991498
121834,1.7971808600721817
121835,1.76017284079894
121836,1.8138645254587416
121837,1.7820106516691006
121838,1.773898395361355
121839,1.707721156474831
121840,1.8128907563353722
121841,1.815652496091906
121842,1.7271158203471186
121843,1.7918594062993212
121844,1.7187710065836248
121845,1.7948666166888512
121846,1.7747198191522429
121847,1.756521268805141
121848,1.8030953066597157
121849,1.74835644139429
121850,1.7721698550220297
121851,1.7636299712329933
121852,1.7552979217598697
121853,1.7509912193405515
121854,1.7361841930486122
121855,1.7247733442443758
121856,1.7263324406107143
121857,1.7757096795917637
121858,1.7536322621867424
121859,1.7571274185236359
121860,1.780170084341201
121861,1.7709308660178886
121862,1.7629495425315047
121863,1.7930300384926263
121864,1.783889063948932
121865,1.7131972913271205
121866,1.7775840702330978
121867,1.7537068119888308
121868,1.7533387734148733
121869,1.7666576909326381
121870,1.7119000870888843
121871,1.7294391851200568
121872,1.7644878445614642
121873,1.750088256168023
121874,1.788110458316772
121875,1.7491355565335716
121876,1.7844238581600862
121877,1.7741759486294186
121878,1.8320655919154558
121879,1.7585534366900888
121880,1.7813121858488459
121881,1.7746460962667618
121882,1.8056615411223043
121883,1.7421380368400599
121884,1.7671995968762342
121885,1.720735619621819
121886,1.7515514176746283
121887,1.7631736653920733
121888,1.7571903929344712
121889,1.7818830381019615
121890,1.7515505553447375
121891,1.7581077763637964
121892,1.772961328905007
121893,1.7201906191709044
121894,1.6966953924246622
121895,1.79686937686599
121896,1.8051212351513823
121897,1.7771297330638587
121898,1.741382867892225
121899,1.7720852303790489
121900,1.7624791501543273
121901,1.8001891654412132
121902,1.7553068353668602
121903,1.7887933011623516
121904,1.7252097532541943
121905,1.7859610154424292
121906,1.7458543196267626
121907,1.7836065402619108
121908,1.813409220553876
121909,1.7265790237385636
121910,1.794528209104125
121911,1.7498761607325517
121912,1.8064092833122123
121913,1.7553621783631446
121914,1.7796206450502943
121915,1.7418190365052157
121916,1.7832490883478473
121917,1.6882829849496277
121918,1.765469231992819
121919,1.8085152537169509
121920,1.7634438451532768
121921,1.8116192682735914
121922,1.7689983544353693
121923,1.7536170145005094
121924,1.8032827620670626
121925,1.7234849165142703
121926,1.7688337922059147
121927,1.7337312894545287
121928,1.706585438189408
121929,1.791414167614338
121930,1.7148690299810267
121931,1.7532486525464732
121932,1.7977273430003742
121933,1.7220007653491587
121934,1.7370867285894012
121935,1.7960664808652202
121936,1.7476614380670894
121937,1.7687738222942693
121938,1.7595055742916175
121939,1.8038479218676349
121940,1.7645715539177498
121941,1.7804212699913358
121942,1.722678767554222
121943,1.7588430800279256
121944,1.7989278989752062
121945,1.7979812936582886
121946,1.7067484386057432
121947,1.7742946116558116
121948,1.7684155208208765
121949,1.7949277602747087
121950,1.7274831570326612
121951,1.7856859394099172
121952,1.705396085922281
121953,1.7806119095627122
121954,1.746152917717521
121955,1.8185541415666684
121956,1.7296464091662411
121957,1.7587503593201246
121958,1.7600941287839078
121959,1.774674351938858
121960,1.7394548280635667
121961,1.7523925098341953
121962,1.702864478596863
121963,1.7556517763505586
121964,1.7470825037603444
121965,1.7459339690048592
121966,1.7062827330962342
121967,1.817454289099523
121968,1.7954604672668024
121969,1.809412551893219
121970,1.8075984067237927
121971,1.766801542562812
121972,1.7603336176174114
121973,1.7912890772114936
121974,1.7305362882184863
121975,1.764323595030063
121976,1.8116371480951865
121977,1.7309358869628324
121978,1.8110585717341754
121979,1.7220626889321398
121980,1.75632573826907
121981,1.7295144045796902
121982,1.7781691406786497
121983,1.7549379872568511
121984,1.7579813352929188
121985,1.808477011525387
121986,1.775697165447033
121987,1.8002085298605153
121988,1.7802547661636277
121989,1.7487132935444463
121990,1.7576400663555498
121991,1.7707487606957057
121992,1.7855029186559657
121993,1.7693009545256106
121994,1.7852460831399135
121995,1.7894722778484544
121996,1.7781209822697381
121997,1.8078492272829092
121998,1.809344967787056
121999,1.7366308843198304
122000,1.7653463169245658
122001,1.7388929250749865
122002,1.7432949104193027
122003,1.7719238250350853
122004,1.6754563709797397
122005,1.7702338955361796
122006,1.760587860387771
122007,1.7467176907293969
122008,1.8008290766576371
122009,1.7554903132844786
122010,1.7698591778475434
122011,1.7447653149213904
122012,1.8461192959331587
122013,1.78723172285089
122014,1.7278166947870734
122015,1.7775207962009871
122016,1.69793635668665
122017,1.7607447701104304
122018,1.7018593136825915
122019,1.7103699292332402
122020,1.7863567726447072
122021,1.8373648481877785
122022,1.7406502970076514
122023,1.7236906404357852
122024,1.742016628240309
122025,1.707913342612436
122026,1.7778932557711662
122027,1.7475170989927433
122028,1.7579403180840427
122029,1.7522025482067647
122030,1.7078973907427892
122031,1.7581365706835688
122032,1.7006645991564187
122033,1.8088477386867894
122034,1.7677769342717382
122035,1.8076876970245723
122036,1.7992972872386865
122037,1.7436406150668264
122038,1.732412103094339
122039,1.7792756937791585
122040,1.8014478153917608
122041,1.7322058552368846
122042,1.7574261361054355
122043,1.7584395021418386
122044,1.799032106457613
122045,1.7514486623650525
122046,1.8028237862444387
122047,1.7923562681470437
122048,1.7610813821657991
122049,1.773130874593864
122050,1.7207607248775636
122051,1.7157009910771943
122052,1.8026892083863373
122053,1.8141083271749179
122054,1.7210461077867791
122055,1.7225221958512231
122056,1.7289401889987404
122057,1.7545582251216303
122058,1.8033136091647466
122059,1.777596653028477
122060,1.764418775355481
122061,1.725541571001268
122062,1.7482261102775523
122063,1.7550193214187024
122064,1.7391044821016786
122065,1.7444710266534118
122066,1.7663513284770567
122067,1.7835893716637372
122068,1.7596226476241592
122069,1.7371273281605717
122070,1.6779379099407108
122071,1.7463786684141833
122072,1.7888570897262153
122073,1.7572591738098369
122074,1.75884908766531
122075,1.7295534778407509
122076,1.7076336657879094
122077,1.7473108707715914
122078,1.7535365913111165
122079,1.7392341331538776
122080,1.718458214709653
122081,1.7346595262923625
122082,1.7586206805027698
122083,1.791258417012287
122084,1.7118400167844214
122085,1.7432332284682772
122086,1.8134044115204202
122087,1.7522648348827086
122088,1.7600177367036576
122089,1.7203043522902113
122090,1.704022322852339
122091,1.7196584374107493
122092,1.7551076607942457
122093,1.7279287193066148
122094,1.7109331693462546
122095,1.7707959102767767
122096,1.7152406182089053
122097,1.792666446765084
122098,1.7430508440068702
122099,1.6506340454476751
122100,1.7045074207239357
122101,1.7808308955905843
122102,1.7038328747184284
122103,1.76578510381816
122104,1.7932266594759698
122105,1.7509714864159163
122106,1.757133990781351
122107,1.7452663663251236
122108,1.7458233898762199
122109,1.7715166646536995
122110,1.7691758069786256
122111,1.702162398928247
122112,1.722460408829526
122113,1.7235020611910012
122114,1.7109216584626044
122115,1.7112714538121179
122116,1.7305510093880128
122117,1.6943269666782588
122118,1.7164086360959436
122119,1.7077867244464944
122120,1.7253813650242877
122121,1.773993342615402
122122,1.7302187361219676
122123,1.7823823531202614
122124,1.6799338025414645
122125,1.7242224193898779
122126,1.7480766212369463
122127,1.7327728136107967
122128,1.739221361856222
122129,1.7371583406335638
122130,1.729344266596479
122131,1.7474305605353113
122132,1.711479288294813
122133,1.7151606979672205
122134,1.772209456908319
122135,1.7796202857114414
122136,1.7781033996449045
122137,1.7890194472995715
122138,1.7246807685070604
122139,1.8295071828972784
122140,1.7541585369265458
122141,1.7965315949559266
122142,1.7342296033593394
122143,1.7577648316177188
122144,1.8111078928372166
122145,1.7058390208761647
122146,1.725754171171666
122147,1.7454951172438946
122148,1.7286614951198636
122149,1.7007588410302992
122150,1.7394165459045632
122151,1.7561921679005186
122152,1.6684969126881888
122153,1.777570967096016
122154,1.7603402749331205
122155,1.7578086835419304
122156,1.7550705654735195
122157,1.7877584279215644
122158,1.688155026566453
122159,1.7384519927979194
122160,1.684875309657364
122161,1.7083210066427026
122162,1.7466833832776039
122163,1.792619375307899
122164,1.771741130747467
122165,1.7235446376536805
122166,1.7151277173437738
122167,1.7931291310289352
122168,1.8028378738482471
122169,1.773955917851765
122170,1.7256394382612648
122171,1.6841166858871826
122172,1.7545160815774705
122173,1.7563576738280184
122174,1.743536543975355
122175,1.73631859916859
122176,1.7852523719356337
122177,1.8047870994157447
122178,1.7776644529872256
122179,1.720545369109062
122180,1.7190763179563693
122181,1.8258096027513568
122182,1.7708993233385866
122183,1.6802997204229906
122184,1.7554493451494415
122185,1.6808045174903903
122186,1.7150626130291076
122187,1.7757934771627193
122188,1.761736866776876
122189,1.7305350587567125
122190,1.6975589344332116
122191,1.7620341397884722
122192,1.7343275975667793
122193,1.764072740944454
122194,1.7809609820149175
122195,1.7246511530862245
122196,1.682666385936648
122197,1.7584758877629472
122198,1.7001436985794844
122199,1.6871687073832642
122200,1.7296808851650767
122201,1.7557421988027795
122202,1.7277124934013435
122203,1.670564751589576
122204,1.6895366055276606
122205,1.6863212928455014
122206,1.7554723685225218
122207,1.7337982137807038
122208,1.7339232125639488
122209,1.7703093427359615
122210,1.7408076999996065
122211,1.7458865265484456
122212,1.744694671760434
122213,1.7389079367712827
122214,1.7482616557712627
122215,1.759854966024595
122216,1.770079370035689
122217,1.7141569084048243
122218,1.7157778289275278
122219,1.7324344997113998
122220,1.6835071289706294
122221,1.7321618366465956
122222,1.6996166433499222
122223,1.7321910038377288
122224,1.7493477943975555
122225,1.7534066572755225
122226,1.7293567518211816
122227,1.7222477555152442
122228,1.6876654757692087
122229,1.7417946069140202
122230,1.6780284548595465
122231,1.7662163571323097
122232,1.7008877023127034
122233,1.7474687528840966
122234,1.7600312980918773
122235,1.7092658751398213
122236,1.7723126499796524
122237,1.7195468129800582
122238,1.7456952222274613
122239,1.7015974162316865
122240,1.6835804923847109
122241,1.7186964182666327
122242,1.792581595710126
122243,1.743467875568994
122244,1.7039477255164523
122245,1.7168548376394688
122246,1.7769194097901397
122247,1.7505276804801546
122248,1.7342229175524435
122249,1.7357434712780877
122250,1.7505676658697946
122251,1.7242600094157445
122252,1.778577436239716
122253,1.7358732643535877
122254,1.747073835171558
122255,1.7215641195609526
122256,1.7330213275475965
122257,1.7382218734881203
122258,1.7667208837669783
122259,1.7788439846109858
122260,1.7406381863466116
122261,1.7005699080903662
122262,1.7223469510171936
122263,1.7075985512180816
122264,1.706947188532492
122265,1.7113339667291545
122266,1.724608754936683
122267,1.7255042611916187
122268,1.718768373304016
122269,1.7329515829310134
122270,1.766129274657536
122271,1.8066899444921662
122272,1.7327355222160463
122273,1.7558902247779191
122274,1.7182550647719317
122275,1.7365460407214943
122276,1.7592417532693787
122277,1.6985520022704639
122278,1.7181308799950976
122279,1.77614878287922
122280,1.7076928363582868
122281,1.6938292592279767
122282,1.764691842745201
122283,1.7160516889763673
122284,1.7475633730076285
122285,1.726729789732611
122286,1.7016814675371847
122287,1.762256748309062
122288,1.6950606131953483
122289,1.7368279778080422
122290,1.7074116069985026
122291,1.755733796709477
122292,1.7202004545151321
122293,1.6828342315126203
122294,1.711571554365329
122295,1.7164178259773206
122296,1.7513857676651212
122297,1.7604078982891638
122298,1.6832489605320704
122299,1.7183414358556666
122300,1.7647093761799
122301,1.8126459253547136
122302,1.7581663116175674
122303,1.69985553623257
122304,1.704041313541525
122305,1.6845440323218526
122306,1.7195121150232986
122307,1.7412489858866491
122308,1.7292510779520047
122309,1.7060849009141479
122310,1.7482187331820764
122311,1.7026640751950974
122312,1.6942744929497642
122313,1.7585358330009873
122314,1.7037428995265163
122315,1.7489957189784786
122316,1.7082428824715252
122317,1.7040911707902735
122318,1.7408657714786897
122319,1.6996096390198592
122320,1.7153304963428733
122321,1.726102203469184
122322,1.7320529431252376
122323,1.7214244909856293
122324,1.7205595741162503
122325,1.7812352691200746
122326,1.7365798587416446
122327,1.7179346017314505
122328,1.7235011752541765
122329,1.6775657445060577
122330,1.7287854518142571
122331,1.7347140331560738
122332,1.7259600778520443
122333,1.665025301313721
122334,1.7112528976291521
122335,1.7453276346501594
122336,1.784269518596464
122337,1.674062525384581
122338,1.744221227026024
122339,1.7370946561767764
122340,1.7629959352391624
122341,1.70209778772349
122342,1.7829835465083104
122343,1.732219987715932
122344,1.7026430358233045
122345,1.6774591439375968
122346,1.6919169280994835
122347,1.708457936689314
122348,1.7421202849718649
122349,1.7300271509583944
122350,1.6962228378625626
122351,1.735772599867818
122352,1.744584408715624
122353,1.741265983468973
122354,1.6812842851697014
122355,1.6938798113011901
122356,1.702882682289645
122357,1.6612560869112027
122358,1.7752883591112294
122359,1.6981304844485408
122360,1.729447995452766
122361,1.7293987595998268
122362,1.6980778201183444
122363,1.7007695388459223
122364,1.6879175218909717
122365,1.6854409605206526
122366,1.6778985484674165
122367,1.7025912722545309
122368,1.7061256366377207
122369,1.7278478735316445
122370,1.7059463893232578
122371,1.7370258518811705
122372,1.7536809456428353
122373,1.7215922703774755
122374,1.7778910869630082
122375,1.7369907856253803
122376,1.695205193106802
122377,1.7398474148155822
122378,1.6990839369348545
122379,1.7044386289749767
122380,1.665700053772871
122381,1.6683463529192581
122382,1.6801634286422946
122383,1.6626622134542741
122384,1.6877848290183606
122385,1.6704459646779335
122386,1.7169215002307847
122387,1.6949789176492691
122388,1.7558849589900554
122389,1.7517307965665965
122390,1.7736698237087651
122391,1.6877885295794621
122392,1.7434569962379718
122393,1.6728452164025467
122394,1.7296610215185986
122395,1.7441655305225665
122396,1.724605698366055
122397,1.6906162572574714
122398,1.6988731849527539
122399,1.7310082291081343
122400,1.70848824535692
122401,1.6999621786174082
122402,1.7482930311048563
122403,1.734321651479777
122404,1.74793603463442
122405,1.7171865916105016
122406,1.7491643056202664
122407,1.7252793026508977
122408,1.7211013288276351
122409,1.7074444994641826
122410,1.705888782279605
122411,1.707288015905634
122412,1.7030007610054747
122413,1.732466620821979
122414,1.7149050804981143
122415,1.7190238794855393
122416,1.6828891531754968
122417,1.7240108826549538
122418,1.6891030848362305
122419,1.6783960930678554
122420,1.7231138348641646
122421,1.7465826091857977
122422,1.7633627251172852
122423,1.7092399177170075
122424,1.6946299933351079
122425,1.7287993509430692
122426,1.7276679366112566
122427,1.7342902439450476
122428,1.7237423794539783
122429,1.6811669562962337
122430,1.736189027596399
122431,1.688485175796783
122432,1.7100446677368657
122433,1.7194290851708547
122434,1.713493850013352
122435,1.7224382770830542
122436,1.7284670355650245
122437,1.715794137929087
122438,1.7638531035854763
122439,1.7376851591933922
122440,1.7406902084676297
122441,1.7081252025740359
122442,1.7175110848352761
122443,1.6893474825950572
122444,1.7577574836165129
122445,1.7386679852584617
122446,1.7317243148452746
122447,1.7075794613074287
122448,1.716606863767357
122449,1.6972412782882098
122450,1.7629542882699658
122451,1.7254359274977813
122452,1.6442622704843337
122453,1.6502537234567953
122454,1.723260606606189
122455,1.761368724246343
122456,1.7182881106142363
122457,1.698159768039787
122458,1.7089225233123497
122459,1.7175045153260242
122460,1.715795716050475
122461,1.711706545891494
122462,1.717750471907106
122463,1.7014406403173015
122464,1.7660375763630474
122465,1.7156051225552786
122466,1.6699319144582636
122467,1.7690261402008263
122468,1.7329254055937628
122469,1.686519357222309
122470,1.7128289049283842
122471,1.7129918990250212
122472,1.6991030829569704
122473,1.682510414069512
122474,1.6863048355445613
122475,1.7174362448221259
122476,1.7658703988139626
122477,1.7222581558705852
122478,1.7094444640905517
122479,1.7511422071081535
122480,1.7201150480940839
122481,1.677902508744402
122482,1.7005448585807674
122483,1.7040256592601184
122484,1.7134375987540913
122485,1.698444378506392
122486,1.7334361398786708
122487,1.7225881611460505
122488,1.7538366188403023
122489,1.6930072551423483
122490,1.7381804407069836
122491,1.7177109834320492
122492,1.7282009078183382
122493,1.7149813163062784
122494,1.7518383026573021
122495,1.7253601821634337
122496,1.7218750666058877
122497,1.6836987812492612
122498,1.7654115155526968
122499,1.7195843011537622
122500,1.732494074910422
122501,1.6416112653955626
122502,1.7180236900029142
122503,1.6850432664921877
122504,1.71740512801161
122505,1.6706091096040476
122506,1.663959697465867
122507,1.72142526691768
122508,1.7431613547526787
122509,1.6822579309290246
122510,1.734734298054748
122511,1.7180030538554631
122512,1.7294343078996899
122513,1.724139995289859
122514,1.67946749020115
122515,1.63088184944504
122516,1.7314912092122663
122517,1.6806431068276768
122518,1.6712921305735748
122519,1.7377290742632943
122520,1.7486667668386822
122521,1.690686200590074
122522,1.6525546709141357
122523,1.743968440296135
122524,1.6833484236273393
122525,1.7286620076927803
122526,1.6987132529427746
122527,1.736345165518866
122528,1.713280598305126
122529,1.680856927181846
122530,1.699820739013496
122531,1.737448781416008
122532,1.6671212274831178
122533,1.661273805373526
122534,1.7839848825447926
122535,1.7342819509192064
122536,1.7078688540163154
122537,1.72035556817273
122538,1.7551257083584997
122539,1.7212301320701504
122540,1.6960361895227343
122541,1.6622428737883572
122542,1.6822790351771164
122543,1.6672729563927735
122544,1.7364766695365987
122545,1.7118376484812616
122546,1.6992436876782968
122547,1.7176584179640406
122548,1.6897312222576992
122549,1.6864299083322396
122550,1.7037632217553642
122551,1.6603649450739328
122552,1.6820737314850152
122553,1.6768027525760554
122554,1.7270574158161394
122555,1.7323441339237053
122556,1.7418709240103536
122557,1.734038708932349
122558,1.7423864186419455
122559,1.6884229641047324
122560,1.6741506460375308
122561,1.718521097958248
122562,1.7101648152344953
122563,1.6929206216569255
122564,1.6843319763614129
122565,1.6831809649647376
122566,1.6973746220319352
122567,1.6685153308347254
122568,1.719317547185562
122569,1.6820589992340766
122570,1.6787371651189624
122571,1.6899615939439196
122572,1.6991642643271738
122573,1.729444800147333
122574,1.6745916486390346
122575,1.6851198370944687
122576,1.7082082910957839
122577,1.6770443609984234
122578,1.6939375583482756
122579,1.7261642882008095
122580,1.6701114429173884
122581,1.7399353800324395
122582,1.7061832201359384
122583,1.7157150051152885
122584,1.7045087743119347
122585,1.7072496258468841
122586,1.7423301990201148
122587,1.6479499941844367
122588,1.66799584123148
122589,1.67789538651632
122590,1.7039348174111486
122591,1.693834734758148
122592,1.7341407915720837
122593,1.7231850030823916
122594,1.7553372868635941
122595,1.6845670677256912
122596,1.7090982837020527
122597,1.6823575532086417
122598,1.7329433139303958
122599,1.6876182113154425
122600,1.7290957430675402
122601,1.7370890992477177
122602,1.6874761451957818
122603,1.6903051105162206
122604,1.6763144423547587
122605,1.7316692414342478
122606,1.7224512038265507
122607,1.6871960398108374
122608,1.7591250429231693
122609,1.7256288249285596
122610,1.7157696095741006
122611,1.7446774716166378
122612,1.6447627365636197
122613,1.7414795127307958
122614,1.6965423604488532
122615,1.6558514427218827
122616,1.7073684620679856
122617,1.7060290716985258
122618,1.7583582317187596
122619,1.714187635637471
122620,1.7137275830572025
122621,1.7187587278108156
122622,1.7138012312880704
122623,1.7006869126610518
122624,1.6850507362374831
122625,1.638468846914142
122626,1.7181836202497136
122627,1.6452023410619145
122628,1.7034253795705565
122629,1.73969843157943
122630,1.6601326626969068
122631,1.708006967749564
122632,1.6853860290777087
122633,1.7741474482150128
122634,1.7160482360097853
122635,1.652595511251896
122636,1.6630730797281672
122637,1.686117537520895
122638,1.6943052553622202
122639,1.6927207500305852
122640,1.728805069913818
122641,1.6765615049372227
122642,1.654174349496702
122643,1.6803707255505353
122644,1.673914600911737
122645,1.72731891574438
122646,1.6719316711067507
122647,1.7152019081445438
122648,1.7071949872991752
122649,1.7038554106042112
122650,1.6758492110630367
122651,1.679401035368414
122652,1.7060082454624872
122653,1.7469370600403669
122654,1.7421606911536993
122655,1.6783308355122075
122656,1.7245984160267218
122657,1.6970643463549004
122658,1.6845124386141606
122659,1.6978171237815767
122660,1.6674211455325967
122661,1.6693397020054719
122662,1.6888760807837944
122663,1.7022769711811636
122664,1.729498876631076
122665,1.758422920193056
122666,1.7289653734048647
122667,1.676333845559677
122668,1.6579821626531126
122669,1.7305162936783163
122670,1.710803799957057
122671,1.7093262004708822
122672,1.6822020852022423
122673,1.6896206946468402
122674,1.6484687033822627
122675,1.6741367730014707
122676,1.704038806522646
122677,1.6902773834124334
122678,1.6982729897180593
122679,1.6981156262243207
122680,1.7018880427124607
122681,1.6776321000781287
122682,1.7035325922138396
122683,1.7068981143245723
122684,1.6564526777529944
122685,1.7075713543659814
122686,1.648794838684293
122687,1.695239191040465
122688,1.6628030505732834
122689,1.6844574903129383
122690,1.715022710511508
122691,1.7102494922071942
122692,1.6863527385580916
122693,1.6770816599580596
122694,1.67812976243402
122695,1.7142919233846974
122696,1.724962130112363
122697,1.6277941409676584
122698,1.7300316684407613
122699,1.7139646420289785
122700,1.6552182609134836
122701,1.6767824851680868
122702,1.7621984805995745
122703,1.6869982630108866
122704,1.7139911478754015
122705,1.6861393595925696
122706,1.7157071858145398
122707,1.6744040637516524
122708,1.6854657655571639
122709,1.6264566139474443
122710,1.7404826513331981
122711,1.6776994817635031
122712,1.723772649337493
122713,1.7305165962946196
122714,1.678947319673072
122715,1.587775357866454
122716,1.697575203460551
122717,1.6623637431697185
122718,1.6683716378328537
122719,1.7118115240523086
122720,1.707215544231955
122721,1.6455577790370037
122722,1.6925137599768179
122723,1.6587150216426219
122724,1.7337233565363488
122725,1.668840805561744
122726,1.680972165492135
122727,1.6883795101290917
122728,1.6899316473538712
122729,1.6897911594116293
122730,1.6911781035787612
122731,1.734906898361856
122732,1.7109755805606894
122733,1.7465828045120941
122734,1.653919762724225
122735,1.637371929649847
122736,1.7032356650398606
122737,1.6881689705118708
122738,1.7038286400272133
122739,1.7323428169885662
122740,1.6690697870626017
122741,1.6206686138857336
122742,1.7101546076221936
122743,1.7022538423464437
122744,1.6847264999240683
122745,1.6719105203515354
122746,1.7381488864927597
122747,1.6602657933179332
122748,1.6824071595345462
122749,1.656687599668141
122750,1.6525745966856762
122751,1.6822010979187494
122752,1.72078057155067
122753,1.7027249015123282
122754,1.687228626985559
122755,1.6276261915807746
122756,1.7034350645526362
122757,1.6695252783133472
122758,1.7072215768923353
122759,1.6288240768644695
122760,1.6818576754192442
122761,1.6274766579199444
122762,1.7264350269497712
122763,1.7011139634753663
122764,1.6812222349642358
122765,1.6835272139697803
122766,1.6959441505094006
122767,1.6645722437902073
122768,1.7079092222665886
122769,1.687408519451166
122770,1.6622676337268036
122771,1.698435305281631
122772,1.6065469547015758
122773,1.7201425528769834
122774,1.6557308459916278
122775,1.6834099281747181
122776,1.6963355109968887
122777,1.6844937306392642
122778,1.7211643862655368
122779,1.6886678652354163
122780,1.676113203131877
122781,1.6583731301775122
122782,1.7073268668764103
122783,1.6693066301960033
122784,1.7050875460913737
122785,1.7200961797260683
122786,1.690833608039258
122787,1.6539005309002317
122788,1.6322510720918726
122789,1.7162250425695926
122790,1.6815169311362874
122791,1.6788993376121788
122792,1.6580693649738285
122793,1.7081034080013302
122794,1.6542682108817495
122795,1.650941226616103
122796,1.6971757962446126
122797,1.69011755167228
122798,1.655884693307852
122799,1.7108898813116658
122800,1.6872197875375203
122801,1.7690263221064815
122802,1.6418712351165445
122803,1.6927425812362331
122804,1.641574438993391
122805,1.6820273009149216
122806,1.6999726675189404
122807,1.732906185222815
122808,1.7031765476655785
122809,1.6462699002845962
122810,1.709038627674916
122811,1.6735246212083699
122812,1.6779909756282776
122813,1.6995093349256476
122814,1.646723854297217
122815,1.65899074302127
122816,1.710402968953824
122817,1.6905815923171217
122818,1.7292384429405394
122819,1.644982886499493
122820,1.6514174327144535
122821,1.7176382993424497
122822,1.685978454020157
122823,1.6988509891561345
122824,1.6559070393827158
122825,1.6928736321345768
122826,1.670422025670237
122827,1.6438736273596388
122828,1.6687946644741456
122829,1.6693619344414525
122830,1.6745257182090891
122831,1.7326921706094345
122832,1.6659206421298618
122833,1.6923125766440048
122834,1.681366209445482
122835,1.6862914355496694
122836,1.6483031149850151
122837,1.7244908729898258
122838,1.6576448002939426
122839,1.681887493600263
122840,1.6610444829675592
122841,1.6728948772092083
122842,1.706838254319805
122843,1.643753101837188
122844,1.6789254624407093
122845,1.6621706999592198
122846,1.683634186984823
122847,1.7337308091304
122848,1.6937500380320911
122849,1.64558116897805
122850,1.6964336467700838
122851,1.6529526556539036
122852,1.6887327800697796
122853,1.64673182396902
122854,1.6561626215264615
122855,1.6888409895883802
122856,1.7175025037586793
122857,1.7101579465363015
122858,1.6679485903478803
122859,1.6567051262178223
122860,1.6769224537593983
122861,1.6923309363226677
122862,1.6212010406530748
122863,1.7033540321549194
122864,1.679310618905372
122865,1.6940186677564844
122866,1.6857294714901625
122867,1.6459327328737892
122868,1.6609854635644763
122869,1.6443521759334956
122870,1.6501011381862474
122871,1.662004362490934
122872,1.680432295756829
122873,1.7335299841899743
122874,1.704246445982015
122875,1.7055986692639846
122876,1.655875012178122
122877,1.6571723543491303
122878,1.6592360667328196
122879,1.6814643811675807
122880,1.6602789171696497
122881,1.648899897001451
122882,1.6756895960892597
122883,1.65360529955197
122884,1.7082398242009464
122885,1.719255023246115
122886,1.645317739573652
122887,1.7095090916558726
122888,1.6765723691894696
122889,1.6642807484867363
122890,1.6746204549409587
122891,1.6456697680807875
122892,1.686395438429747
122893,1.7277948933622282
122894,1.6726045196280377
122895,1.6211200759033397
122896,1.64092060442418
122897,1.6324123772766186
122898,1.624077799764733
122899,1.6647211382169858
122900,1.750163369423523
122901,1.6247384281133885
122902,1.6885506828215344
122903,1.664575041288165
122904,1.6614349543514022
122905,1.664756241707857
122906,1.6644232052635464
122907,1.6400045699983665
122908,1.6772372038413574
122909,1.667073647311736
122910,1.6571046636684277
122911,1.684854113874199
122912,1.6734398636960608
122913,1.6734510974878662
122914,1.6770378558170196
122915,1.6867458490190106
122916,1.6983113912306542
122917,1.6903219551762283
122918,1.670336803744889
122919,1.673922936662665
122920,1.7109859281920419
122921,1.6806505994236327
122922,1.6493645253150178
122923,1.6628543052447733
122924,1.634336933738158
122925,1.6682694511623093
122926,1.6847546602963133
122927,1.670171587989013
122928,1.7204987844998663
122929,1.6511763007980573
122930,1.7492432778031712
122931,1.708971711722716
122932,1.6718523427126177
122933,1.6339101237215956
122934,1.6183010641510875
122935,1.70669488467836
122936,1.6382239034307065
122937,1.7461774579731866
122938,1.6473334497702838
122939,1.702954240392487
122940,1.6790387787700585
122941,1.6897345603377438
122942,1.6893570468288714
122943,1.7235200919398266
122944,1.6639390954081636
122945,1.6619850859003324
122946,1.6839148736604035
122947,1.7032683008896132
122948,1.6655862211637418
122949,1.6652138802694856
122950,1.6826933998226505
122951,1.6506629256260057
122952,1.6861257630825532
122953,1.626975691173701
122954,1.6707725633485166
122955,1.6962328220795604
122956,1.664209583336629
122957,1.654258196407524
122958,1.7314857871867475
122959,1.6630569407454125
122960,1.7050187521110902
122961,1.7034921897537805
122962,1.7364174036821154
122963,1.6921930993621195
122964,1.6969189926955308
122965,1.6553874581485815
122966,1.660100088865793
122967,1.6092631381756535
122968,1.6122493877670308
122969,1.6501069443494465
122970,1.6815796586735012
122971,1.6234651421576936
122972,1.6662682210640345
122973,1.6662081641082076
122974,1.587143852315513
122975,1.642077892717662
122976,1.693329582404862
122977,1.6096220837431472
122978,1.6803773117702496
122979,1.6465002396827821
122980,1.6760730726632278
122981,1.6675801922240743
122982,1.694276012773759
122983,1.6638718201929277
122984,1.6753380815499872
122985,1.715956507846006
122986,1.7058183968563563
122987,1.7080668142673203
122988,1.670449501411703
122989,1.6762145117167992
122990,1.685237252438631
122991,1.6695028380317598
122992,1.6442962401037993
122993,1.6803942274938442
122994,1.6896126270950846
122995,1.6577619335666312
122996,1.6262207683610348
122997,1.6696049833883688
122998,1.6521390467826107
122999,1.6585257940793547
123000,1.6957505299838025
123001,1.7101516334428728
123002,1.612544346521317
123003,1.7327775690085807
123004,1.6838530074999416
123005,1.742554684210262
123006,1.6710656779127946
123007,1.6441084199620835
123008,1.6656770692823217
123009,1.658970135212793
123010,1.6682437722532473
123011,1.6456279518410806
123012,1.7129443983285142
123013,1.641920576840106
123014,1.629201251603281
123015,1.6630307844375614
123016,1.6862606572754621
123017,1.632958627583851
123018,1.6778393316593638
123019,1.662785467564446
123020,1.6255125877702719
123021,1.635671065735625
123022,1.6528764605748105
123023,1.6511611041337504
123024,1.6946993738769507
123025,1.6831126998480201
123026,1.6283842693456299
123027,1.6612287838814168
123028,1.6907932015029872
123029,1.6647667345192252
123030,1.6662530454095588
123031,1.6758181162142896
123032,1.6655542384091215
123033,1.649200025316729
123034,1.6456265303965725
123035,1.639522153643546
123036,1.6854477867304107
123037,1.663462548255613
123038,1.6455679769906912
123039,1.6784636112788467
123040,1.636476094694519
123041,1.6651256127064984
123042,1.6535216477285701
123043,1.6383145984464431
123044,1.6776686496252375
123045,1.611165148228876
123046,1.6262469293536994
123047,1.6870970913690913
123048,1.670233680732612
123049,1.6814796093358637
123050,1.6972289286157018
123051,1.6758395768120107
123052,1.7169660057793903
123053,1.6638169145090387
123054,1.6380744135914111
123055,1.7036784646377898
123056,1.6466712676010142
123057,1.6930192217801676
123058,1.6357198234237602
123059,1.6693672285181644
123060,1.6560283344266928
123061,1.6175464737666707
123062,1.6305118676693149
123063,1.672909153841944
123064,1.6360054145145326
123065,1.7127268679457854
123066,1.6516716216154153
123067,1.7111960156659496
123068,1.648610223881688
123069,1.6725326530697695
123070,1.618974554489253
123071,1.6869303990733373
123072,1.6424909302908945
123073,1.6659805246764747
123074,1.6370376524804255
123075,1.6999736002259382
123076,1.6349761332855985
123077,1.649574314563975
123078,1.6756628448741593
123079,1.6916280844603546
123080,1.5708718069692726
123081,1.7171940992514982
123082,1.6504223077602107
123083,1.6370535567598343
123084,1.664079268805101
123085,1.658048147396116
123086,1.6179356455908103
123087,1.6600055448053732
123088,1.668406850928493
123089,1.6587940879058778
123090,1.6470505960253308
123091,1.6822526773934459
123092,1.6958422583663049
123093,1.700268666325869
123094,1.658221390650594
123095,1.661097280771516
123096,1.624277036648763
123097,1.6681300057577686
123098,1.656884350878786
123099,1.6566796907156127
123100,1.629329709071068
123101,1.5829120468674927
123102,1.5995350402438073
123103,1.665167879809947
123104,1.70259462322384
123105,1.6298213609254537
123106,1.6828988731561723
123107,1.7023251260281524
123108,1.5836673072384726
123109,1.6510571727655723
123110,1.6813790692084523
123111,1.7070429028670617
123112,1.6517599586833072
123113,1.6825872531682644
123114,1.5949895507333596
123115,1.6666913466265472
123116,1.6501837442080067
123117,1.684144470514221
123118,1.6166552966542715
123119,1.7018388282561216
123120,1.6808343279570739
123121,1.6477225155432487
123122,1.6936854907307033
123123,1.7063171438085405
123124,1.5901355332923262
123125,1.5981281376013046
123126,1.6854367168803084
123127,1.617462924030752
123128,1.708915345492666
123129,1.6559508441144233
123130,1.6590428577420622
123131,1.652629116056175
123132,1.6784822687664485
123133,1.6786166699997291
123134,1.6195384100208505
123135,1.6795815560031886
123136,1.63348559000956
123137,1.5970006481824008
123138,1.6512731267750467
123139,1.64185433351628
123140,1.6849304572763644
123141,1.6342278448859189
123142,1.7269900505926568
123143,1.6397658934184935
123144,1.6602469017537302
123145,1.682126005017149
123146,1.6605808991469129
123147,1.6360901544301327
123148,1.6609906750975303
123149,1.6613978774194031
123150,1.6487651722715315
123151,1.6444964388726835
123152,1.6809796181752374
123153,1.7185947464546196
123154,1.652755933628667
123155,1.6269711063333445
123156,1.664314135734188
123157,1.6336990686272221
123158,1.636293296559783
123159,1.6381806438291462
123160,1.648226851758922
123161,1.6380450837167833
123162,1.6592078546105749
123163,1.6093123636030322
123164,1.6341049158455145
123165,1.6294806433034439
123166,1.6555771427378265
123167,1.636790545575209
123168,1.6313592530847165
123169,1.6650393398150538
123170,1.6783802632151845
123171,1.6367709262600119
123172,1.6617811627694634
123173,1.6839822696067037
123174,1.6326147764441061
123175,1.6835020981305386
123176,1.6091577017125784
123177,1.6714138651244845
123178,1.6380381557219783
123179,1.6487059810167426
123180,1.6653611186914608
123181,1.641376283382078
123182,1.6392706303996252
123183,1.6526671576079974
123184,1.7125563543990074
123185,1.6594170069789451
123186,1.6332098245569926
123187,1.6408473586734325
123188,1.6059836469302555
123189,1.6352767854877979
123190,1.6365152960538187
123191,1.65470992498586
123192,1.6686133183510228
123193,1.621540844262472
123194,1.6846669918852144
123195,1.6730221731849808
123196,1.6614186279302599
123197,1.6326616412756954
123198,1.639830113581977
123199,1.6492463390186372
123200,1.6262102579231064
123201,1.651186585043803
123202,1.6121171000548828
123203,1.6145834370654653
123204,1.6616677718446957
123205,1.682778678820603
123206,1.6928358446311984
123207,1.6137585088491766
123208,1.6419849235200308
123209,1.655895683090159
123210,1.6702045517558133
123211,1.591519143120447
123212,1.6275682935102986
123213,1.6907455946991412
123214,1.6531175857812934
123215,1.67164794924165
123216,1.6662319003419577
123217,1.6610371109567188
123218,1.6497513045185417
123219,1.602322169743577
123220,1.7299905468421335
123221,1.6516264821998412
123222,1.615924957422003
123223,1.6016081406573195
123224,1.5963463831681577
123225,1.6693092790856112
123226,1.6493423683031965
123227,1.6438731633094261
123228,1.6759773075039772
123229,1.6669606528571927
123230,1.6655993369348134
123231,1.6171447685924674
123232,1.6537735486632996
123233,1.6715662003552298
123234,1.6514983907175702
123235,1.6437221570211509
123236,1.6601499252680196
123237,1.608269551610106
123238,1.6115138091304892
123239,1.6268171823747974
123240,1.6180512978853505
123241,1.599472513751623
123242,1.6576557509395713
123243,1.622494332561399
123244,1.624777033008491
123245,1.6561804473669273
123246,1.6296654131221517
123247,1.6348147457017794
123248,1.6302774423201674
123249,1.6408523958025842
123250,1.6312178126481853
123251,1.6361584169173378
123252,1.625087956391181
123253,1.6633778497810523
123254,1.6052439086096262
123255,1.6561965470613569
123256,1.6071650071221397
123257,1.641301032716144
123258,1.6427307287862194
123259,1.6552782095939689
123260,1.6415602098196855
123261,1.6741997065094687
123262,1.6227491232440097
123263,1.6228327594071514
123264,1.6723278642855068
123265,1.6817882739275691
123266,1.6973316727564998
123267,1.6675867181704043
123268,1.6504907812448182
123269,1.6461168475052979
123270,1.6352233914285028
123271,1.6733417812570304
123272,1.6156925226395484
123273,1.6492752086235232
123274,1.6106569954928174
123275,1.65682711540045
123276,1.627367985726297
123277,1.6416765613035726
123278,1.7017056454660788
123279,1.6332465806894279
123280,1.649596331217309
123281,1.5965700236946052
123282,1.6349841553713775
123283,1.623813788075806
123284,1.663525890387506
123285,1.6123579930296543
123286,1.6736876923924118
123287,1.5556733091035508
123288,1.6615974328815748
123289,1.6652302576519176
123290,1.6503084168617055
123291,1.6250926061378201
123292,1.657600551637277
123293,1.610233169765857
123294,1.60261430735087
123295,1.6217876473720056
123296,1.6355172080339213
123297,1.686165938886387
123298,1.6480340942238116
123299,1.6860514703745477
123300,1.6133708414747008
123301,1.687510354574176
123302,1.6433922802048802
123303,1.6065051613548589
123304,1.6027424102265526
123305,1.6440622272219767
123306,1.6192382846503253
123307,1.6096577961236511
123308,1.5974273363374139
123309,1.6025568956324905
123310,1.6133992903717047
123311,1.7012461599982847
123312,1.6017083789304438
123313,1.5899918306611147
123314,1.6353289225879442
123315,1.6226769796824918
123316,1.6428131207984542
123317,1.6140982549071623
123318,1.6553268407160648
123319,1.6863267282110477
123320,1.6175169780719552
123321,1.655758475491431
123322,1.6152905630259777
123323,1.5887065483315865
123324,1.7251043640549315
123325,1.7009558033809091
123326,1.609702717117987
123327,1.650599187270583
123328,1.6804898345864492
123329,1.6460430517299307
123330,1.6523228436722728
123331,1.6317669222198594
123332,1.6636092093083958
123333,1.6316173071078137
123334,1.6233950740796177
123335,1.6199194866408841
123336,1.5641458422221808
123337,1.664654348702928
123338,1.6252212806130553
123339,1.6181882776656216
123340,1.625549645362691
123341,1.648023592709996
123342,1.6369118862314307
123343,1.595812293571126
123344,1.6195512822038016
123345,1.6115607111436148
123346,1.6512672773639627
123347,1.6432953439070235
123348,1.6344364904617013
123349,1.6549388277776214
123350,1.61578733836566
123351,1.668520385654971
123352,1.6238522117483483
123353,1.654331679920081
123354,1.6540435894977654
123355,1.6878477163054921
123356,1.6055582013656455
123357,1.6217587099113349
123358,1.6529854752310367
123359,1.610365320561939
123360,1.6586526888426807
123361,1.6484155692189273
123362,1.633223514766483
123363,1.5897083646349188
123364,1.6346667942648139
123365,1.6142515366813097
123366,1.6377252971175298
123367,1.6685398278289294
123368,1.6538696391652699
123369,1.67982827570841
123370,1.6111493844880969
123371,1.583238904903171
123372,1.57906167923921
123373,1.6358219707967656
123374,1.6574122055735088
123375,1.6119370019071046
123376,1.6200056172106851
123377,1.5794870290530232
123378,1.6464962526826517
123379,1.6378075201576257
123380,1.62540521192671
123381,1.6149901133142646
123382,1.5915380006792883
123383,1.6291496786564919
123384,1.6739104827093718
123385,1.6359284457717607
123386,1.605348623632914
123387,1.5743226891395112
123388,1.6046304517236285
123389,1.5989033935315733
123390,1.587443089102058
123391,1.6222569627783356
123392,1.591206274572244
123393,1.5987923704518812
123394,1.5630138438285175
123395,1.641987204935296
123396,1.5930364462429183
123397,1.6072903361168658
123398,1.6161623989104965
123399,1.6287217819750166
123400,1.6336008155103157
123401,1.6300037387158395
123402,1.6309620000580303
123403,1.6396010289169056
123404,1.6328880233246144
123405,1.5864792564626489
123406,1.6131881969868498
123407,1.6759866441251863
123408,1.5983671354496534
123409,1.5740601667129754
123410,1.6048144769299009
123411,1.6092503692344233
123412,1.6141181030095082
123413,1.6471830270165535
123414,1.6569886138233363
123415,1.6053588939522612
123416,1.6280478657657538
123417,1.661208902011039
123418,1.6236535312073503
123419,1.6386959551164635
123420,1.6087819018307838
123421,1.629886911649162
123422,1.5840282065565914
123423,1.648724653656237
123424,1.6473187256831103
123425,1.5973836629495732
123426,1.7056302775667895
123427,1.6212041223232634
123428,1.624074959097979
123429,1.5865815406447528
123430,1.6333732712923377
123431,1.5858515763400025
123432,1.6350405059193758
123433,1.6851735713709026
123434,1.6066412125286504
123435,1.60570849947118
123436,1.6051263314081468
123437,1.6432992960763713
123438,1.6406916193504641
123439,1.663827100904825
123440,1.6389609550707098
123441,1.6195800701787328
123442,1.5934265890313841
123443,1.6487894998941823
123444,1.6290749880278512
123445,1.6687809300553327
123446,1.6194379683469224
123447,1.5707835799507126
123448,1.6548236777586005
123449,1.5801123476156733
123450,1.6303306209987811
123451,1.6876375523091496
123452,1.6237126293482531
123453,1.6226412682440163
123454,1.6034411406192408
123455,1.6374344219890147
123456,1.6308844839574546
123457,1.6477034530838008
123458,1.618784997133353
123459,1.5945061933585023
123460,1.629347730359106
123461,1.674412514615499
123462,1.6222570813488948
123463,1.6896069964974214
123464,1.6559121275416373
123465,1.639661636891606
123466,1.6184204244929732
123467,1.5860784862922999
123468,1.6426385261224714
123469,1.650333254148651
123470,1.6183244514005668
123471,1.659421376042207
123472,1.642838962007098
123473,1.646368430229812
123474,1.5750315261512746
123475,1.6543188348596995
123476,1.6517805122373164
123477,1.6026587997414612
123478,1.6086575728305352
123479,1.595521569369028
123480,1.6074559872363554
123481,1.6099186932670915
123482,1.6086782396146997
123483,1.6243513137105166
123484,1.5789863060076228
123485,1.6224471768943385
123486,1.6297801028807173
123487,1.6234867800261492
123488,1.6294512047360892
123489,1.5678449217600268
123490,1.618016318105686
123491,1.5868723570667038
123492,1.586028331895982
123493,1.6369503438368485
123494,1.59821295248692
123495,1.648985099217598
123496,1.6263102048259188
123497,1.5478991762534664
123498,1.6072479905308823
123499,1.655085238078843
123500,1.6120042482299075
123501,1.6238963174249574
123502,1.5850807059696235
123503,1.599038603661366
123504,1.6021726819920992
123505,1.6382299898793586
123506,1.6209707986731017
123507,1.669049628489757
123508,1.6178505910200314
123509,1.5866143071341248
123510,1.6223276944991065
123511,1.6479548488592881
123512,1.6503207962677153
123513,1.6454622060611006
123514,1.6030797352428972
123515,1.6317695366100893
123516,1.5962718606636077
123517,1.7003374017364126
123518,1.5954720387415842
123519,1.646908415285468
123520,1.631571088749392
123521,1.6148370687284637
123522,1.6309312776289504
123523,1.5662928082709413
123524,1.6327899360864273
123525,1.6889794600424692
123526,1.6466559052539755
123527,1.643372146374121
123528,1.592606849265979
123529,1.61965201527087
123530,1.656452324862545
123531,1.5838916644998757
123532,1.6538061801076882
123533,1.5952466973741544
123534,1.5757001447728338
123535,1.658020101490624
123536,1.6305246684837502
123537,1.6241410895905568
123538,1.6556789079654395
123539,1.5812212667286034
123540,1.544033549918076
123541,1.6427024305656204
123542,1.6105043249965292
123543,1.585822488309611
123544,1.5894337883541105
123545,1.6433730580760684
123546,1.6228219430263973
123547,1.582521903175435
123548,1.5796644177324293
123549,1.6217795997340319
123550,1.618411391655406
123551,1.5645239252898104
123552,1.5974526160018876
123553,1.6079127487556375
123554,1.6365309316940404
123555,1.65712298917395
123556,1.580430978252006
123557,1.617258541369851
123558,1.5979891678171476
123559,1.6688334550553794
123560,1.6187536170053902
123561,1.583647711349781
123562,1.6524180872800243
123563,1.5619558558287003
123564,1.6172611158527705
123565,1.69854241121758
123566,1.6287405385719165
123567,1.6205341874394608
123568,1.6148152704361372
123569,1.6593443704065807
123570,1.6621946782288735
123571,1.6123617863933342
123572,1.6917222148663962
123573,1.624637925001457
123574,1.61250134967403
123575,1.595180418766497
123576,1.5800111579866227
123577,1.6303002821153303
123578,1.5942833030213077
123579,1.5804261010578156
123580,1.578480487729846
123581,1.6339426862202269
123582,1.633022220119861
123583,1.5962669387478399
123584,1.6653915629311085
123585,1.617274653615949
123586,1.5888316231532436
123587,1.6180526633646328
123588,1.6185376317137283
123589,1.6078294320852802
123590,1.5802668301079323
123591,1.5903424132007227
123592,1.6357770251457522
123593,1.570384001341072
123594,1.5826046295295115
123595,1.5765167048825572
123596,1.6005069080610919
123597,1.650290578395669
123598,1.5643816275130382
123599,1.6417831982067943
123600,1.663375390102596
123601,1.6530555991540312
123602,1.6013245360079371
123603,1.6326538549485252
123604,1.6305933408717002
123605,1.6253719610399777
123606,1.5892560594110663
123607,1.6090387938106798
123608,1.5983154543585099
123609,1.5983234866199252
123610,1.5669124533919088
123611,1.6222428140514569
123612,1.580682622888184
123613,1.6289874417718857
123614,1.626726664632402
123615,1.59098657781639
123616,1.5713781051461042
123617,1.6218760556498675
123618,1.6288406829292177
123619,1.6013679965225527
123620,1.621666100194146
123621,1.5723159018938464
123622,1.580297632069556
123623,1.6284216344843543
123624,1.5995305804843705
123625,1.6173444968634134
123626,1.584293005739259
123627,1.5852164329159244
123628,1.6229734673506413
123629,1.6333985187376634
123630,1.6001056429532812
123631,1.6148489070165641
123632,1.5923937744874972
123633,1.5889353351312057
123634,1.5819989474515899
123635,1.5802019382741934
123636,1.587462815576713
123637,1.5954971084993033
123638,1.6606402522259693
123639,1.6529188471106306
123640,1.5923034466041075
123641,1.6576332639739073
123642,1.6047127468489621
123643,1.6228668788991607
123644,1.5701704846942253
123645,1.5701021810863527
123646,1.5886632646864922
123647,1.5766920372662498
123648,1.6233499660940165
123649,1.5746729841344884
123650,1.6296697116807808
123651,1.6041498471158209
123652,1.5928705630070679
123653,1.6014920794655771
123654,1.5581941139137243
123655,1.5852387205479859
123656,1.6209038116063732
123657,1.6313033861102226
123658,1.6153043196957104
123659,1.6482859173386055
123660,1.6121407615097836
123661,1.5565945303843405
123662,1.6244361849211437
123663,1.6067877873183765
123664,1.6037909868547275
123665,1.5945490253343741
123666,1.6082587981440302
123667,1.611937611928818
123668,1.6340673019589096
123669,1.5734569549294735
123670,1.6493307860447426
123671,1.5948885164691853
123672,1.6323569233451474
123673,1.5701457945833883
123674,1.6082967225973763
123675,1.6021439209314428
123676,1.543611065058312
123677,1.5676581226235524
123678,1.583668229036342
123679,1.6272696421580592
123680,1.5876297824526544
123681,1.580338736246924
123682,1.589598599516298
123683,1.615744972652845
123684,1.5906297488928358
123685,1.577335248378307
123686,1.6632410019115043
123687,1.6263750529162204
123688,1.6167093751274315
123689,1.629494895342107
123690,1.581762888566384
123691,1.53886187259578
123692,1.6270522882474088
123693,1.6014919849661966
123694,1.6186078713071985
123695,1.6120012716003882
123696,1.6164032632712635
123697,1.6273695569408668
123698,1.6238219727568908
123699,1.579049846952153
123700,1.6054507222701495
123701,1.5696463308596647
123702,1.5951662055147968
123703,1.6310830928839246
123704,1.6066485616985773
123705,1.605726376983252
123706,1.5060741236284318
123707,1.6006746553757147
123708,1.5556483665586642
123709,1.5934748838102344
123710,1.5715176161583169
123711,1.577542179636818
123712,1.6475036380642645
123713,1.6829080377340073
123714,1.5615139774855553
123715,1.6040146362800511
123716,1.6169141882268796
123717,1.644652188503608
123718,1.645595708687833
123719,1.6215255531515134
123720,1.641690580542921
123721,1.5848372961048245
123722,1.5822676518380043
123723,1.5751521805317565
123724,1.5909695947059852
123725,1.6360718464459718
123726,1.5809421305963778
123727,1.5708434464319783
123728,1.6367153874060594
123729,1.622995984506338
123730,1.6144584982650028
123731,1.5863579021335783
123732,1.5310374564214055
123733,1.633216612602142
123734,1.5816341966786043
123735,1.5620139065337828
123736,1.5861977976989985
123737,1.5952719601503886
123738,1.596328810080564
123739,1.66052374023923
123740,1.5643884834067818
123741,1.599505291712667
123742,1.594210955800078
123743,1.5552062829643025
123744,1.5750534873968653
123745,1.663860895675298
123746,1.5848370595705275
123747,1.5428716219815537
123748,1.6174032079174916
123749,1.6242384361654183
123750,1.5813048044986764
123751,1.60555832569692
123752,1.555823185120424
123753,1.647326260760999
123754,1.5859151599423904
123755,1.5311825263817047
123756,1.581016788353981
123757,1.600459192410557
123758,1.562949324657381
123759,1.5425084903688928
123760,1.55414777242626
123761,1.537728708487577
123762,1.585613168280018
123763,1.589847493737026
123764,1.6029740218485184
123765,1.5992359279366914
123766,1.5690918815777402
123767,1.5655787097742797
123768,1.5763473296203405
123769,1.6668754792304081
123770,1.6072181908238525
123771,1.535500762991585
123772,1.6277694256249338
123773,1.5498529184950995
123774,1.5932562659223557
123775,1.6345491986502156
123776,1.6129137296547809
123777,1.6044159011913424
123778,1.605860891842638
123779,1.593384860688469
123780,1.6532290799475857
123781,1.6067170944044586
123782,1.5697780153727645
123783,1.5724123728238981
123784,1.5875445767110477
123785,1.560880958013988
123786,1.5859841019555603
123787,1.5952307920591937
123788,1.5375645253061543
123789,1.590978005638819
123790,1.5950305441208539
123791,1.535020696766483
123792,1.6067007012319552
123793,1.5758848901721085
123794,1.6588022384854304
123795,1.5608025699737786
123796,1.5781975177891658
123797,1.5879884549526926
123798,1.6061598320757322
123799,1.6032452040965597
123800,1.6036450840392669
123801,1.565444587344039
123802,1.567176434869808
123803,1.635469418929461
123804,1.604364091264188
123805,1.5520985063688504
123806,1.5873337436898514
123807,1.6245360818459575
123808,1.5467925120879253
123809,1.5733622042507456
123810,1.6270350591386313
123811,1.6430344525795053
123812,1.5772073234013708
123813,1.5898387302868295
123814,1.5764442407045782
123815,1.5842348075949573
123816,1.6630581602446068
123817,1.5802516937884408
123818,1.6141730954913323
123819,1.6152952000078882
123820,1.4944060653575573
123821,1.5515205949987614
123822,1.5556322985930922
123823,1.597408600275934
123824,1.5734221802065318
123825,1.6130681079769926
123826,1.566207366934709
123827,1.5462359288019867
123828,1.5691101653124877
123829,1.5617544044700484
123830,1.6408442992091319
123831,1.6222848367272353
123832,1.5816254327692358
123833,1.5439734521587765
123834,1.565735987460578
123835,1.5687667097580718
123836,1.571643080693582
123837,1.5199430369660831
123838,1.590033910690531
123839,1.5851075005270732
123840,1.5685420799272785
123841,1.6234358206102193
123842,1.622945054391652
123843,1.5593055469921295
123844,1.6125422945204444
123845,1.5634131000277107
123846,1.6216151643411023
123847,1.581669509348613
123848,1.630868429679591
123849,1.6123541563548702
123850,1.57709218960886
123851,1.5869080495180612
123852,1.5981978240294301
123853,1.5431090036698856
123854,1.608714125065001
123855,1.6470096144278616
123856,1.5673135529923463
123857,1.565592253816102
123858,1.6455301122682064
123859,1.5488589279143568
123860,1.5965826564480146
123861,1.537796865104676
123862,1.5480849584340883
123863,1.6128668486990516
123864,1.5997358239234412
123865,1.5258546789153826
123866,1.5398674316170857
123867,1.6372625855586724
123868,1.5650630786397963
123869,1.6081596262999076
123870,1.5472841227801624
123871,1.529416543694971
123872,1.5970364494577731
123873,1.605828266625733
123874,1.5628023502656723
123875,1.5155248966344885
123876,1.6328564707598523
123877,1.5852478333851776
123878,1.588607844622353
123879,1.6234960480063396
123880,1.5702814284846391
123881,1.6265839307247563
123882,1.576347390759201
123883,1.5684858754779847
123884,1.5840956118341099
123885,1.570802402381021
123886,1.6109057179421353
123887,1.6228521763463848
123888,1.591375059036533
123889,1.6313277628495906
123890,1.6136495657671988
123891,1.557446338185608
123892,1.5648662370641024
123893,1.5871334274122038
123894,1.586173652670803
123895,1.5668765285529933
123896,1.5603056271155322
123897,1.5636596975376995
123898,1.5841985280068978
123899,1.546826229136647
123900,1.560791324616292
123901,1.6130476637210787
123902,1.6193350123312247
123903,1.5956528495550553
123904,1.5874012463866305
123905,1.6218495528585724
123906,1.5845791790841628
123907,1.5595696809075557
123908,1.5837831050244198
123909,1.5784781708093696
123910,1.5653596315333327
123911,1.5572770589730054
123912,1.5899183766291205
123913,1.609439232670591
123914,1.6297865326010805
123915,1.6391038525752883
123916,1.5760999694442155
123917,1.5948061364614743
123918,1.5889176273226444
123919,1.6066244021642533
123920,1.6133904957093135
123921,1.5733934524816153
123922,1.532069522465279
123923,1.6009039234917004
123924,1.6469304600544532
123925,1.5806249320098897
123926,1.6508173960307313
123927,1.5520397420406735
123928,1.595192119398314
123929,1.5600351272476105
123930,1.5893585406955577
123931,1.5853375911049734
123932,1.5747744595521866
123933,1.6109010107503614
123934,1.591573833606267
123935,1.5693794435512616
123936,1.574763347118341
123937,1.5714297666584185
123938,1.6035530885620817
123939,1.5722327962724632
123940,1.5542977764472694
123941,1.5887406287651629
123942,1.5428687294432128
123943,1.5531854286801843
123944,1.574877227353853
123945,1.5957383776934744
123946,1.6042644265685706
123947,1.5966091457324325
123948,1.534537175078265
123949,1.5512362092968843
123950,1.5792974688039678
123951,1.5723821419549553
123952,1.5775759652946102
123953,1.5501027777429646
123954,1.547410622057897
123955,1.5880139843584549
123956,1.553243640003017
123957,1.556058909991094
123958,1.6146406670900648
123959,1.5790377020760227
123960,1.5670248095246166
123961,1.5415416786165412
123962,1.5722875304394912
123963,1.566982625488699
123964,1.5676957615772888
123965,1.630743728384548
123966,1.628697732931742
123967,1.5928138509718917
123968,1.6553502079714897
123969,1.539711960693914
123970,1.5580928590392304
123971,1.5667900692674845
123972,1.5843391755031695
123973,1.534741378073246
123974,1.574737232328762
123975,1.5755957854165337
123976,1.5837809106010055
123977,1.5760209160659298
123978,1.5081631392952064
123979,1.6102960459369011
123980,1.5411936706245952
123981,1.573488073111243
123982,1.5352383600358561
123983,1.6135948574365309
123984,1.547980165983649
123985,1.5563019443593828
123986,1.5496489855871458
123987,1.6259681098286871
123988,1.588451943476649
123989,1.5702113457144904
123990,1.5831219973683517
123991,1.578474498811097
123992,1.5566830427753973
123993,1.6314238147931341
123994,1.6073928241834203
123995,1.5739729074226867
123996,1.5623293802375222
123997,1.5765581036537972
123998,1.5618506703692387
123999,1.5942791973809667
124000,3.0307856841344347
124001,3.0613973289959437
124002,3.02669761044616
124003,3.003552186650236
124004,2.950682605942391
124005,3.014948197665779
124006,2.934884492322998
124007,2.9688160335877125
124008,2.9624167816071196
124009,2.962821776192991
124010,2.9046416548377043
124011,2.946765050426069
124012,2.907102245747713
124013,2.9422064443260774
124014,2.899378053633086
124015,2.87305662897766
124016,2.90668344060398
124017,2.8628473402573658
124018,2.913295893303842
124019,2.901954379346692
124020,2.884667583396417
124021,2.8689769807570484
124022,2.850234369398814
124023,2.874230756359341
124024,2.860499233911349
124025,2.906901126983063
124026,2.8381321938761475
124027,2.8142457350270913
124028,2.8159150224710934
124029,2.7984914126399074
124030,2.8227310697257213
124031,2.842230408691672
124032,2.830457761501717
124033,2.8043741717707475
124034,2.765029724493724
124035,2.7920851827734814
124036,2.7772353370154863
124037,2.8039446017670966
124038,2.8279555007647206
124039,2.7730633696880567
124040,2.7243910348767924
124041,2.7854009297788225
124042,2.7666510535076623
124043,2.759912548686274
124044,2.7304879124343366
124045,2.7665801776792134
124046,2.728504003861086
124047,2.6947294031994473
124048,2.711152862172137
124049,2.724878630380562
124050,2.711535948662665
124051,2.7015297331723267
124052,2.6814341016891494
124053,2.713426647539288
124054,2.5856879727275497
124055,2.673267713518616
124056,2.694719752274309
124057,2.670709440693263
124058,2.632304908279129
124059,2.651336942536079
124060,2.6687869929123487
124061,2.6750194337122535
124062,2.6551120984496306
124063,2.6138142726601825
124064,2.6266844585126394
124065,2.5948358185614446
124066,2.576179595236877
124067,2.614292426993767
124068,2.6249302665267464
124069,2.578857280876973
124070,2.6032326664716106
124071,2.616371903543831
124072,2.567335323240456
124073,2.577334100365583
124074,2.5956295084919474
124075,2.5921600665415094
124076,2.59655895181112
124077,2.577504833608475
124078,2.554583399142857
124079,2.551170684425458
124080,2.5925400538096386
124081,2.5381372157753295
124082,2.5350506757974425
124083,2.5306275419343054
124084,2.5222638307752456
124085,2.5400445127827678
124086,2.534357279267855
124087,2.5035739141184603
124088,2.555696211601266
124089,2.486421310802966
124090,2.5255111659561704
124091,2.5304088917335834
124092,2.5009467728831702
124093,2.5150847544141803
124094,2.5184448891506723
124095,2.5260439405518404
124096,2.5253661204179125
124097,2.4397808742857388
124098,2.4289096332524465
124099,2.5133583281344274
124100,2.5109030283892446
124101,2.4631083604772495
124102,2.5265723963641933
124103,2.475173325994069
124104,2.5045533090683434
124105,2.4732460269920304
124106,2.506479369248665
124107,2.4459088061207037
124108,2.4274505359618574
124109,2.4027844847431252
124110,2.474115398519681
124111,2.4563516956704023
124112,2.3986531329218503
124113,2.4365171130609267
124114,2.470314549558157
124115,2.420893553307468
124116,2.42249391633552
124117,2.395233857872272
124118,2.4412887839146986
124119,2.3703131683870837
124120,2.39729206451534
124121,2.4282686516525254
124122,2.3761064715803517
124123,2.4063305150782806
124124,2.408682335055695
124125,2.4103221397189407
124126,2.4157591843400477
124127,2.3199088383516275
124128,2.361805907509426
124129,2.3407402133378756
124130,2.336687459088254
124131,2.422340763369815
124132,2.2728270169131957
124133,2.3715547879893357
124134,2.321267774709991
124135,2.3506970210753595
124136,2.3464215674934454
124137,2.3750829760556913
124138,2.344043622120529
124139,2.393028177391296
124140,2.3047287651445565
124141,2.3406564112234634
124142,2.3037730465103468
124143,2.345425263528847
124144,2.311734370329238
124145,2.2944994208231217
124146,2.3070637216218794
124147,2.295800156051776
124148,2.3024306828822936
124149,2.2771324677189537
124150,2.3085896298629347
124151,2.328075811453618
124152,2.3007668018088587
124153,2.294396312741181
124154,2.3280005821918213
124155,2.266691818737831
124156,2.2697993816353916
124157,2.3088792207944007
124158,2.302258448705719
124159,2.2658538551618483
124160,2.304087062164078
124161,2.30638653223668
124162,2.2709219563780603
124163,2.248330807829935
124164,2.273816687393682
124165,2.254812863303336
124166,2.2982333046493624
124167,2.210724231908738
124168,2.219014662018957
124169,2.2264215478233402
124170,2.2666520108562658
124171,2.2706617719726716
124172,2.2687213180274357
124173,2.211738144768387
124174,2.294959816384082
124175,2.2376458448974033
124176,2.235646312751046
124177,2.21514514908912
124178,2.237576481512448
124179,2.2181308155383905
124180,2.206967857545725
124181,2.2407897059579596
124182,2.203625218469997
124183,2.1890062758994837
124184,2.194327520241786
124185,2.2781690556799803
124186,2.24737659311716
124187,2.2614920596789423
124188,2.178026237224586
124189,2.179489094694666
124190,2.2360171618066427
124191,2.169785948128125
124192,2.1542453313962127
124193,2.173160501422367
124194,2.1806958670030525
124195,2.17669984875487
124196,2.203075868231365
124197,2.182358252096544
124198,2.121505223871006
124199,2.162561259909989
124200,2.176032245558136
124201,2.143680716393346
124202,2.1800629809537777
124203,2.1386679016061683
124204,2.1350065979856647
124205,2.1767639024851397
124206,2.1694070138925134
124207,2.1935780139999435
124208,2.108066292981939
124209,2.139806441713245
124210,2.1630079029400093
124211,2.164525552307507
124212,2.151799816587658
124213,2.083501935549177
124214,2.1705218043915906
124215,2.1332242039236955
124216,2.1480046860271083
124217,2.1420005667469857
124218,2.080279483157406
124219,2.1767100369096744
124220,2.081075679639377
124221,2.1410152908496234
124222,2.1095334599617424
124223,2.0803352920153473
124224,2.1535107479592437
124225,2.1242212882038047
124226,2.1195602058513514
124227,2.1565949985279373
124228,2.1535392095009005
124229,2.1096065600919185
124230,2.18868959616943
124231,2.114200926648335
124232,2.1060530020855026
124233,2.103617354645943
124234,2.1387665312420236
124235,2.0849548341798623
124236,2.1319447236684463
124237,2.078926962626513
124238,2.1307049251474437
124239,2.0968196883319905
124240,2.103784914724537
124241,2.1258504050024873
124242,2.056668331637011
124243,2.087862856787512
124244,2.0975407364020042
124245,2.07859380891727
124246,2.0691214849800694
124247,2.100786611522522
124248,2.1290839390697887
124249,2.093943648747116
124250,2.0665854921790836
124251,2.0816163548026116
124252,2.0089553701456513
124253,2.0272359987454047
124254,2.0377033139906247
124255,2.0819356872541013
124256,2.097792451354582
124257,2.0423819121589832
124258,2.0546570253758447
124259,2.0667515719674685
124260,2.0903322394042605
124261,2.0332404053331508
124262,2.051192542554954
124263,2.08280687485052
124264,2.0625478121152607
124265,2.1086102565156204
124266,2.023170448479939
124267,2.0996794790513404
124268,2.048609063426137
124269,2.124806335570278
124270,2.0130176740655092
124271,2.081990113004521
124272,2.039629503634824
124273,2.1064484930318415
124274,2.045307832368282
124275,2.0270675330673913
124276,2.0404332558590275
124277,2.0434924316094336
124278,2.025275167210874
124279,2.0712572180051234
124280,2.0171927941498886
124281,2.044008012038262
124282,2.0562117117347025
124283,2.0245453432596907
124284,2.036850341354373
124285,2.0470366955681243
124286,2.067163970455078
124287,2.0149466543427215
124288,2.028164847401997
124289,1.9986110390079397
124290,2.0428074582476263
124291,2.0234967087368823
124292,2.0057008522262203
124293,1.9600697836741463
124294,1.9973419209898646
124295,2.005836901167206
124296,1.9931472339635126
124297,1.9673887629579172
124298,2.0495305405489894
124299,1.9708384286227196
124300,2.002951095828351
124301,1.9953589369630462
124302,2.0324494715641688
124303,2.0120800608337945
124304,1.9695830712004407
124305,2.0248447682164903
124306,1.96736251461331
124307,2.025239287074151
124308,2.0242541531272176
124309,1.9979880920368247
124310,1.9989486667524141
124311,2.0079336598934017
124312,1.9942389545604093
124313,1.964260013902238
124314,2.02450742583471
124315,1.9770307082669052
124316,1.9651342154675682
124317,1.9493775978805021
124318,1.9845994101493387
124319,1.9939748640581447
124320,1.952746700918609
124321,1.9724495926169587
124322,2.010786485813832
124323,1.973664999185078
124324,1.9497032530114542
124325,1.9477921116029469
124326,1.9490973670424867
124327,1.9283108973218275
124328,1.9530994765186314
124329,2.0116350694275713
124330,1.9650167436447814
124331,1.9588940228773195
124332,1.9834546766544192
124333,1.9978251852431375
124334,2.000773875904902
124335,1.9905069180422925
124336,1.9281487845408356
124337,1.9758326633242471
124338,1.949538585339262
124339,1.9588774396541615
124340,1.9368428450685202
124341,1.947937134446619
124342,1.9694203442802738
124343,1.947546481540364
124344,1.9700728163004793
124345,2.004632488040941
124346,1.9167785917162017
124347,1.9275126392270052
124348,2.016937459786803
124349,1.941872508720114
124350,1.9865712400867757
124351,1.9023040629921837
124352,1.9847390665519655
124353,1.9328068841353407
124354,1.88603150472383
124355,1.9426088420142187
124356,1.942854706644715
124357,1.9490471914067373
124358,1.9397779626681912
124359,2.0214562943178636
124360,1.9231451382178573
124361,1.9461665713710021
124362,1.9333736104456194
124363,1.9173473460725372
124364,1.9479459559803596
124365,1.9109401466608995
124366,1.9885572547137123
124367,2.0160888882427392
124368,1.95092735476491
124369,1.9362391422469074
124370,1.9477888882963206
124371,1.939546889860107
124372,1.9450810485138137
124373,1.9860111683557302
124374,1.9882181962841612
124375,1.9537675869404256
124376,1.9238097284473317
124377,1.9358357839909475
124378,1.9232906261965144
124379,1.891989020410859
124380,1.9641195630541386
124381,1.937349844868384
124382,1.903190603962456
124383,1.8759484956876897
124384,1.8963724811370113
124385,1.8953644934307325
124386,1.96886981451919
124387,1.9526841174617744
124388,1.8750305991648144
124389,1.9534930544890647
124390,1.8911077618862957
124391,1.952848170148396
124392,1.920874279574035
124393,1.9299888641788017
124394,1.9006602478264403
124395,1.8354881873438238
124396,1.905094684979305
124397,1.9294345086964566
124398,1.9106822484796264
124399,1.9157500062382853
124400,1.8972558392572847
124401,1.906175459176322
124402,1.8927611548607794
124403,1.8955653603357105
124404,1.8779005789115382
124405,1.9171523297178699
124406,1.9564982899832672
124407,1.9112772856728701
124408,1.872063868511324
124409,1.8821375241006133
124410,1.925175598778185
124411,1.9181220539646013
124412,1.9300053767577379
124413,1.878182779528759
124414,1.9825589833464479
124415,1.9278587882453941
124416,1.898609022306301
124417,1.8812006563164398
124418,1.9106432878733706
124419,1.924569117916857
124420,1.9318680843352887
124421,1.88545954080501
124422,1.9047079725561769
124423,1.8943436181296913
124424,1.9204941977167265
124425,1.9320641891982702
124426,1.8994264681071715
124427,1.894035834642957
124428,1.8637608486871875
124429,1.9499505861658255
124430,1.9139977741503529
124431,1.9574586313620361
124432,1.9152276208823922
124433,1.8631917300318475
124434,1.8985102781371508
124435,1.8704437832799359
124436,1.874176850609411
124437,1.883739226797304
124438,1.923835431633516
124439,1.8673041933891579
124440,1.8958851664195695
124441,1.9733699136590772
124442,1.8590740356200142
124443,1.8212430482943547
124444,1.8950945978192877
124445,1.9260795086202005
124446,1.8896925591358733
124447,1.8630710542184228
124448,1.8909809117031835
124449,1.9087780600721413
124450,1.9054453756281249
124451,1.9016963063072676
124452,1.88620749943438
124453,1.8977539753394217
124454,1.9012508632717684
124455,1.8837171388020912
124456,1.8664541268303445
124457,1.9040856681344702
124458,1.8642258709072492
124459,1.881855724198948
124460,1.8122295914768463
124461,1.8690914202031286
124462,1.879370275739026
124463,1.9418066475713578
124464,1.9248614880645871
124465,1.8621086844722743
124466,1.8865002372652704
124467,1.8607677184280564
124468,1.8758046565333915
124469,1.9102804883557762
124470,1.8217507830971917
124471,1.841857019344305
124472,1.9016168560709439
124473,1.901656274526889
124474,1.8657575705409837
124475,1.84459757283001
124476,1.9218663912663427
124477,1.8696877600856463
124478,1.8698179434098807
124479,1.8875314400784875
124480,1.8422022713890351
124481,1.811681627560286
124482,1.8960452205388074
124483,1.9270523088706035
124484,1.8822543486787244
124485,1.8130457899200931
124486,1.8869152418561033
124487,1.875602752798378
124488,1.8896505009576212
124489,1.841816450545272
124490,1.8515105943277623
124491,1.87851037698093
124492,1.8510427534529
124493,1.7882232650568455
124494,1.8618335197904614
124495,1.8365642256127126
124496,1.8688021186290265
124497,1.865251872380951
124498,1.9052660477076335
124499,1.889079303979276
124500,1.8421884905180603
124501,1.8188509991292283
124502,1.914738790606786
124503,1.8616502058925184
124504,1.85250310330824
124505,1.9030943324292975
124506,1.86038708552599
124507,1.8793260749873753
124508,1.8502396183714325
124509,1.813549573007591
124510,1.8508527916696589
124511,1.8515329605642215
124512,1.8858940263750268
124513,1.7840382051917176
124514,1.8687921896360957
124515,1.848843814697781
124516,1.840165429313741
124517,1.8903608623652752
124518,1.8642263137675155
124519,1.7666725221632031
124520,1.8399083203867985
124521,1.8851259359435657
124522,1.821923969676798
124523,1.8649454817201085
124524,1.8247727945695729
124525,1.9027802736799724
124526,1.8290388138417522
124527,1.835878287214339
124528,1.8782791601862034
124529,1.8921996296705472
124530,1.8684729018827533
124531,1.9009938749836766
124532,1.8394717712791329
124533,1.8271222159188978
124534,1.8660605240638775
124535,1.77772938530005
124536,1.8722093694158912
124537,1.8616791404665047
124538,1.8423345776210514
124539,1.8851418000621771
124540,1.870540540373619
124541,1.8707991505441122
124542,1.814132282087523
124543,1.899345839326943
124544,1.8509413406599025
124545,1.830890167416594
124546,1.81965106145718
124547,1.856957678998643
124548,1.8541213247981334
124549,1.8048123114798422
124550,1.8055829766526699
124551,1.8529604652000415
124552,1.8151422057635065
124553,1.872671121191785
124554,1.7957117599241943
124555,1.901635926889879
124556,1.8637226426551976
124557,1.837749249472519
124558,1.8473324297373395
124559,1.8224698757308824
124560,1.835950993306158
124561,1.8216642606196096
124562,1.8515722308382334
124563,1.8672756534031358
124564,1.7843062254877198
124565,1.8518242860652372
124566,1.840604435105926
124567,1.8431926722956475
124568,1.828411374660989
124569,1.7665681589241058
124570,1.834668131445307
124571,1.845370613883414
124572,1.8350217734228584
124573,1.8583523225922125
124574,1.8481957081208222
124575,1.869898830557987
124576,1.7595012315522702
124577,1.7829382246050645
124578,1.7981882155333773
124579,1.8279639872057276
124580,1.8892904302282174
124581,1.7858590998233423
124582,1.8806640527186251
124583,1.8108534754707069
124584,1.8084283398164462
124585,1.7433911783178988
124586,1.8514598202908088
124587,1.7985425909351147
124588,1.7845589999551021
124589,1.8272708651100624
124590,1.8391695317733834
124591,1.8663610174866423
124592,1.8146358449184081
124593,1.8088513942870776
124594,1.9190983914314834
124595,1.7975951564736956
124596,1.7707495073190973
124597,1.8670365121114667
124598,1.83379547002496
124599,1.8265005912942993
124600,1.855652590252044
124601,1.7841517825966209
124602,1.802837559001292
124603,1.811157599977607
124604,1.8051980356332722
124605,1.8309564109020713
124606,1.8406254670847628
124607,1.8096692098735934
124608,1.7958775748827878
124609,1.83795622459865
124610,1.8447593761690901
124611,1.864614760723675
124612,1.8148708608390147
124613,1.8201695032479557
124614,1.853752590299703
124615,1.8521168031418564
124616,1.8488787449435853
124617,1.8459809029399201
124618,1.8469313773656626
124619,1.8332177437604564
124620,1.8248279079063427
124621,1.8369345879164523
124622,1.8368174137104478
124623,1.8488620354160916
124624,1.7781921030397843
124625,1.8128271044666482
124626,1.8589172175058608
124627,1.847976021721753
124628,1.838779934986365
124629,1.8129115994726435
124630,1.8485374258616276
124631,1.8500150535502031
124632,1.8141077665282026
124633,1.8324921615530725
124634,1.827940444137834
124635,1.8133195201626675
124636,1.8585537998643915
124637,1.8024837968532346
124638,1.8203297998004904
124639,1.8006463230002765
124640,1.8373483345176544
124641,1.7910657489373951
124642,1.8147025609726706
124643,1.7911110246452837
124644,1.8139997761467792
124645,1.8176578384243927
124646,1.8450269007753877
124647,1.8836178805075692
124648,1.826808316526724
124649,1.7880915498299135
124650,1.8230831508038539
124651,1.8520922190527318
124652,1.8086533796981348
124653,1.7984506461042957
124654,1.832221568800366
124655,1.838008855625823
124656,1.8271995658801259
124657,1.8533258192214337
124658,1.8091254500431604
124659,1.8454289244233744
124660,1.8206485665165624
124661,1.8372557821895115
124662,1.8751910953250077
124663,1.8351779653704283
124664,1.8418663349664566
124665,1.82760191052826
124666,1.8534374776593183
124667,1.7617289940032008
124668,1.8416780719573747
124669,1.8591886288454407
124670,1.8891922884364358
124671,1.838557147725151
124672,1.7747464847072365
124673,1.8826329420604566
124674,1.8207479604956744
124675,1.839190288829902
124676,1.8207148631563008
124677,1.83826608183376
124678,1.875829053381918
124679,1.8382988942566774
124680,1.7715691371916757
124681,1.8532930653971071
124682,1.8218122708770075
124683,1.79922069009587
124684,1.8348349737972929
124685,1.8748818535084082
124686,1.7373629995040223
124687,1.7504780743190869
124688,1.763631499261095
124689,1.8217717026448068
124690,1.7993722196643833
124691,1.8342466540788804
124692,1.8560492578286938
124693,1.7978317636735475
124694,1.807417019702498
124695,1.7645192552619149
124696,1.804304810229504
124697,1.848313837558136
124698,1.818254502066946
124699,1.7868692866585714
124700,1.7940734420294895
124701,1.827086650211878
124702,1.8329056446669316
124703,1.8679837120650422
124704,1.8334155136329608
124705,1.8329109042664813
124706,1.8080931227739958
124707,1.77598001301324
124708,1.7943800391701576
124709,1.779494564757323
124710,1.807641623013999
124711,1.833367563655317
124712,1.7526082644693763
124713,1.834018998418579
124714,1.7712579717716372
124715,1.7794762041002106
124716,1.7481712332807149
124717,1.8018571327425046
124718,1.806966653086434
124719,1.7815420413459144
124720,1.8439454967930673
124721,1.7878946288067539
124722,1.799472586888781
124723,1.769078445016651
124724,1.7915113003784946
124725,1.8544072618451246
124726,1.7895712261809478
124727,1.8333790794556726
124728,1.7904257485417407
124729,1.8108767698473744
124730,1.827524461575515
124731,1.847649907774202
124732,1.7725593403448126
124733,1.7980943069943476
124734,1.8260831331271254
124735,1.751228671427557
124736,1.8201489885359363
124737,1.767568189058212
124738,1.8552396796967734
124739,1.900472384085091
124740,1.7994213921969333
124741,1.8193469610249677
124742,1.7420920899172223
124743,1.7697509636446065
124744,1.8677274432849926
124745,1.8373462823199758
124746,1.7644265575609273
124747,1.7713693749324457
124748,1.8399697242070614
124749,1.795596413658009
124750,1.7764060496848428
124751,1.7707534090123476
124752,1.7750243187888919
124753,1.7955601482505923
124754,1.8421275602245768
124755,1.7839388943998962
124756,1.805233398627632
124757,1.8171784521099532
124758,1.8496216612300858
124759,1.8304516836078168
124760,1.868799066991936
124761,1.8047923506442496
124762,1.7963996897124312
124763,1.8112569260820894
124764,1.82125944987751
124765,1.8049716545149397
124766,1.829149968339533
124767,1.7878621311232088
124768,1.8158327045106566
124769,1.841283331725908
124770,1.7969724452770042
124771,1.7793314929104527
124772,1.7845168612772546
124773,1.8050368165260322
124774,1.783311681713634
124775,1.8549645856495716
124776,1.8139806675283514
124777,1.8295113287912457
124778,1.7877413850996828
124779,1.822725877270169
124780,1.7726554336305216
124781,1.8530580101560987
124782,1.807740054217047
124783,1.814627363135929
124784,1.8685020627213056
124785,1.7898296527451985
124786,1.7833547847528428
124787,1.7851631171958047
124788,1.8519091402359078
124789,1.8091404428486888
124790,1.7926869057404096
124791,1.8235685281447933
124792,1.8326283886675936
124793,1.8350722817702834
124794,1.828948046894114
124795,1.888978231178746
124796,1.81738948187278
124797,1.7944979322939378
124798,1.8233496523419435
124799,1.7886933177685973
124800,1.803863490855308
124801,1.8003169262377063
124802,1.7998742903180602
124803,1.8371849902311501
124804,1.816801077721792
124805,1.7798593106511362
124806,1.752740153835119
124807,1.8034984959401166
124808,1.7795310501365438
124809,1.7892883281849252
124810,1.8123028794138287
124811,1.7900158406037592
124812,1.7921330218479932
124813,1.8277286395128358
124814,1.8003475264648743
124815,1.775593307924971
124816,1.8261025118241705
124817,1.8592277825186634
124818,1.7985208413665772
124819,1.8392210794344739
124820,1.816833724490784
124821,1.8439332279693454
124822,1.780322052549767
124823,1.7849079429499033
124824,1.8038173042426093
124825,1.8004341237590902
124826,1.739765947977587
124827,1.7930026218656936
124828,1.789493652926815
124829,1.7612117668223342
124830,1.8142385693365766
124831,1.8132387466690907
124832,1.8381343305503004
124833,1.7796543049087772
124834,1.7664826926446457
124835,1.7851288484990622
124836,1.7663253521933966
124837,1.7824022311630483
124838,1.8306117413916112
124839,1.807536131308269
124840,1.7993740778265495
124841,1.8115746080203057
124842,1.8046477008798
124843,1.8138832294572456
124844,1.746320253609578
124845,1.842987836745627
124846,1.8210155931363876
124847,1.7993277070522564
124848,1.7698335531798395
124849,1.8387930939667412
124850,1.8519735322347375
124851,1.7901159587890567
124852,1.7668673364826384
124853,1.7818674653948086
124854,1.7956335476099317
124855,1.7983008017062072
124856,1.7815609432720751
124857,1.8052970519203795
124858,1.7702160009316508
124859,1.7944028136409798
124860,1.8132382681218888
124861,1.7943261690455308
124862,1.7753520170238022
124863,1.8371763734617104
124864,1.8172616691622987
124865,1.8230026303156757
124866,1.7832784236427761
124867,1.8161595859589972
124868,1.7921338703648497
124869,1.8182837899113582
124870,1.7745805722046661
124871,1.7883757178749076
124872,1.8205055025622183
124873,1.801778414827563
124874,1.768771882774396
124875,1.759399501148443
124876,1.7945666857865146
124877,1.7918792186426753
124878,1.8145824043846979
124879,1.8100001527318745
124880,1.859135895317266
124881,1.82378233939259
124882,1.7839976141073326
124883,1.7860510748561726
124884,1.7909030404477064
124885,1.8209705564509178
124886,1.76291126094762
124887,1.7768430528383325
124888,1.7940298638945003
124889,1.8189981384847442
124890,1.7996044169595946
124891,1.8150022404464208
124892,1.8017667599894285
124893,1.8174776422363514
124894,1.769356863548353
124895,1.776510856014619
124896,1.8241076845831228
124897,1.8120184093826712
124898,1.7563618087602895
124899,1.7479168670938854
124900,1.8240022231079174
124901,1.8235110862797381
124902,1.8564056832938307
124903,1.8332185143840365
124904,1.8122337002844868
124905,1.7960005478097634
124906,1.8351715120346472
124907,1.7772810662754097
124908,1.8117496548877197
124909,1.8435913676247733
124910,1.7567416840099612
124911,1.8428259582107844
124912,1.781711554356117
124913,1.8005029742297334
124914,1.8216363383399874
124915,1.7692846682549317
124916,1.8161964012813638
124917,1.825800008859456
124918,1.7920985105034486
124919,1.7617135396298835
124920,1.7985919012873848
124921,1.8547469024053476
124922,1.8140246789157408
124923,1.8471672487212751
124924,1.8197179750015435
124925,1.7870832178857157
124926,1.8007135620962316
124927,1.7609691649636634
124928,1.775029875911324
124929,1.7309278796489966
124930,1.815966154441887
124931,1.8394961213821015
124932,1.8394111041816505
124933,1.7778659074702885
124934,1.8618171977287077
124935,1.7767510970332492
124936,1.8130136334987461
124937,1.820535453361613
124938,1.8163404417846227
124939,1.8331849161469655
124940,1.7344613152980544
124941,1.7906259325480642
124942,1.7872243950150728
124943,1.7772000124683578
124944,1.7975703151305193
124945,1.8062814141530175
124946,1.7792870196909254
124947,1.794061189417785
124948,1.7517964116819011
124949,1.7729172847459047
124950,1.7864602276101016
124951,1.8396710433871803
124952,1.8057518154877399
124953,1.7546420246677619
124954,1.8419614139694434
124955,1.8336703631161062
124956,1.8106678225883457
124957,1.7777529863584385
124958,1.7688107650103102
124959,1.781380813716571
124960,1.789748879490213
124961,1.804337143975667
124962,1.821803527510661
124963,1.8368740345556
124964,1.8555599937818554
124965,1.8096064942964887
124966,1.761717427822036
124967,1.7851076736661382
124968,1.7998315759134145
124969,1.7414150259646568
124970,1.783488009369086
124971,1.770408618278006
124972,1.8188019592833455
124973,1.7602430188183593
124974,1.7845264326196457
124975,1.7850823065577839
124976,1.7630281625914543
124977,1.798619035255611
124978,1.7916177362965124
124979,1.7972188786143832
124980,1.8117285412412694
124981,1.827154792008071
124982,1.8177583071205865
124983,1.8209025018434875
124984,1.837368500865203
124985,1.7940015824157876
124986,1.815268705175588
124987,1.7590229381656655
124988,1.7614749129041587
124989,1.8287170467551142
124990,1.7987573859267803
124991,1.7887674058264857
124992,1.7805750242167282
124993,1.8265948161564816
124994,1.8205569732704265
124995,1.776899530135648
124996,1.7880070629961238
124997,1.8239676363075967
124998,1.847019450879609
124999,1.8152214294982738
125000,1.8100864509365477
125001,1.7902917798167741
125002,1.868368162178911
125003,1.8201051913235264
125004,1.8021948499111757
125005,1.7751096990039124
125006,1.7375964475348542
125007,1.7641997970254648
125008,1.7616277098213617
125009,1.7602822720973927
125010,1.780305351509293
125011,1.790038032525365
125012,1.7809983145658799
125013,1.7474696478674214
125014,1.8184428715372605
125015,1.7907749482383244
125016,1.836423741986791
125017,1.780868013874584
125018,1.8168955948910357
125019,1.788770973694418
125020,1.7248900778363319
125021,1.8332790153000258
125022,1.7747487422206514
125023,1.7690315892477484
125024,1.765355467441585
125025,1.8147288591138218
125026,1.8538628525508571
125027,1.7856057725244077
125028,1.8202879394229872
125029,1.8181984508453524
125030,1.7644162001324013
125031,1.8327787573772414
125032,1.797384380310643
125033,1.799031056258858
125034,1.7905554104977328
125035,1.770643477602381
125036,1.816347950183993
125037,1.839632698373837
125038,1.8265727512685912
125039,1.7881866381318532
125040,1.7941255963103833
125041,1.819689419860518
125042,1.811813991387664
125043,1.7577401083583963
125044,1.7975604689497513
125045,1.7702616288216153
125046,1.7693926672600675
125047,1.7708657904630276
125048,1.7619793839094984
125049,1.8180105085245235
125050,1.798273215604946
125051,1.7584015877706787
125052,1.7474216550576767
125053,1.7916680710287853
125054,1.7656385231975102
125055,1.7355826231241174
125056,1.79853813864615
125057,1.7862602619626484
125058,1.8320666017646354
125059,1.7818786187510232
125060,1.7794249467687022
125061,1.7913160465036568
125062,1.8174918659161772
125063,1.8705837165571757
125064,1.7760887807716117
125065,1.834766811707291
125066,1.8050322534797842
125067,1.7964669905325719
125068,1.7978085794719405
125069,1.810662978178661
125070,1.7619400881689475
125071,1.7522829035412555
125072,1.8089590194973055
125073,1.8026387193554894
125074,1.8048143247450055
125075,1.8110955267733597
125076,1.7790805887921979
125077,1.8259352187135303
125078,1.8046244432092755
125079,1.732136131878127
125080,1.795574881089052
125081,1.7785362014873989
125082,1.8165518246981507
125083,1.7378035452164429
125084,1.7959154448022927
125085,1.8323650336587642
125086,1.797948220807643
125087,1.7840100762158706
125088,1.7836959409600004
125089,1.7989917534669841
125090,1.8393990291764182
125091,1.8105114487541396
125092,1.7719523457485935
125093,1.7952379758160097
125094,1.775599352721058
125095,1.8172839213861636
125096,1.8101649147797099
125097,1.7878451061052936
125098,1.79891743073987
125099,1.7519870891314906
125100,1.7734958680051038
125101,1.804127345007958
125102,1.7953211106727673
125103,1.7880198680641717
125104,1.7718676426086706
125105,1.8098758896221967
125106,1.773085199467183
125107,1.8068351372048013
125108,1.8493532885914143
125109,1.7497722518861223
125110,1.8014431260830697
125111,1.824424453747177
125112,1.800798234080461
125113,1.7655556579686977
125114,1.7792317462940066
125115,1.7774187455900152
125116,1.7747831754782413
125117,1.787199618643722
125118,1.8441689553585852
125119,1.8025444016018526
125120,1.7852417124635729
125121,1.7461340182606084
125122,1.7855261431749907
125123,1.7713167151628146
125124,1.8310174439012596
125125,1.7682994259793436
125126,1.77721910948359
125127,1.8382400529771097
125128,1.8006619309433651
125129,1.8117864133310575
125130,1.7947011123679484
125131,1.7770453337864547
125132,1.7976342634351306
125133,1.831918567439001
125134,1.8296409908050084
125135,1.8055524258592137
125136,1.816746130642486
125137,1.814614106960824
125138,1.7667334913525405
125139,1.7754777067175183
125140,1.7843394709304516
125141,1.7848676917077029
125142,1.8337892975764376
125143,1.8302602627488231
125144,1.773332272725488
125145,1.7612061941666524
125146,1.8243314505025827
125147,1.7554031820087745
125148,1.8208764985440458
125149,1.7681638882062318
125150,1.825735763664656
125151,1.7898858871105565
125152,1.8073970100221555
125153,1.8071623902947933
125154,1.8243271759890416
125155,1.8254972742103863
125156,1.750315177657098
125157,1.7708459472517535
125158,1.7740377281540507
125159,1.8030843003784947
125160,1.7775586874678864
125161,1.8108305734032806
125162,1.8144804987948737
125163,1.7578755184388306
125164,1.83478742149108
125165,1.7539747529155887
125166,1.7772242524870798
125167,1.8143251803739187
125168,1.8140230518326026
125169,1.7950121335234195
125170,1.7999679417245107
125171,1.7406219617249137
125172,1.7553514382715443
125173,1.812518447302108
125174,1.7998510339935685
125175,1.7159287756882668
125176,1.790216156506945
125177,1.7493457255066414
125178,1.8051700907495287
125179,1.77006020090075
125180,1.7883802931342234
125181,1.7933471504388654
125182,1.8356568564180562
125183,1.7630018996523262
125184,1.766511026127345
125185,1.8052007457697805
125186,1.7716023951327082
125187,1.8175686036741445
125188,1.7599396212043323
125189,1.8071671463224912
125190,1.7986285079139053
125191,1.758912673417636
125192,1.7660707822485735
125193,1.8052890176136769
125194,1.7764783118131582
125195,1.7769920176500758
125196,1.7830924606597585
125197,1.7890051060679255
125198,1.803133112517217
125199,1.783983224496074
125200,1.7660996408392993
125201,1.7441528559116186
125202,1.7766894342357544
125203,1.7847489476830407
125204,1.7843322734605027
125205,1.7977346677699537
125206,1.8061500947739693
125207,1.7968270077014037
125208,1.8088898546484324
125209,1.7777602617085095
125210,1.8497046510624338
125211,1.7533548109672759
125212,1.7900127847283733
125213,1.787213160085258
125214,1.7817327005779262
125215,1.7967664523904259
125216,1.7593673710768523
125217,1.7734130584114214
125218,1.8324561290525747
125219,1.7438155277915528
125220,1.8055722699816787
125221,1.783567054966394
125222,1.8324287516864104
125223,1.7762680602129977
125224,1.7262027731373217
125225,1.7783891133425922
125226,1.7695292834235545
125227,1.8066917384550296
125228,1.745781787256916
125229,1.7567814505316774
125230,1.8015020427263886
125231,1.807519705137789
125232,1.780824120717593
125233,1.7949199994567653
125234,1.82970319245675
125235,1.7840812891800837
125236,1.807280969248638
125237,1.7793467710031554
125238,1.730034966088061
125239,1.8261112425707264
125240,1.8251027486098679
125241,1.7633003055786753
125242,1.765338830998459
125243,1.7492099114209778
125244,1.828867730376608
125245,1.7706848857326738
125246,1.7690262503979697
125247,1.7886659634299025
125248,1.764082840454932
125249,1.777747311282726
125250,1.8053907006553012
125251,1.8163137219868064
125252,1.76893616456215
125253,1.7613868143914453
125254,1.8072753415485212
125255,1.8012558897566369
125256,1.8253284211066603
125257,1.8299310602138656
125258,1.7501233794788902
125259,1.8166208587260442
125260,1.803207906897939
125261,1.7538210475593699
125262,1.7189113226938681
125263,1.8065859024463014
125264,1.8593824266169634
125265,1.754185458242252
125266,1.8300913281991813
125267,1.7332818071486638
125268,1.8091577106664436
125269,1.7919831905346844
125270,1.755437616777805
125271,1.7783422880176245
125272,1.7633196685167205
125273,1.730185907480087
125274,1.7482548801747841
125275,1.7870822395359975
125276,1.8059894914976498
125277,1.8045827924222224
125278,1.8581787408599202
125279,1.749681803441102
125280,1.780848107651554
125281,1.7694057052763388
125282,1.698172630927514
125283,1.7859857396218193
125284,1.8579854564904816
125285,1.7810595077045606
125286,1.7793977197791813
125287,1.7302028118217712
125288,1.809567432503029
125289,1.7539914328008883
125290,1.823527239880205
125291,1.773127966735432
125292,1.77638312495651
125293,1.762228614962208
125294,1.8180703251224837
125295,1.7327735166522356
125296,1.7679173967114645
125297,1.8344050989708793
125298,1.7529721817012724
125299,1.8340019782447197
125300,1.7759853913120458
125301,1.8333795852815435
125302,1.7515122287628238
125303,1.7697820655888463
125304,1.803182904924216
125305,1.822708653996677
125306,1.7848165789303532
125307,1.7996050608303331
125308,1.714186260986189
125309,1.7372929005050068
125310,1.8251836926684963
125311,1.7834814196821092
125312,1.7865438508548823
125313,1.776287242290213
125314,1.764549895303333
125315,1.7660855347019828
125316,1.8386978938054954
125317,1.7761080122147557
125318,1.8050917281410714
125319,1.8140729323016067
125320,1.8019973355447703
125321,1.7580692580731245
125322,1.745073075000116
125323,1.8249720564119682
125324,1.8581110374251861
125325,1.792606294573083
125326,1.8021137026763123
125327,1.7390030908978957
125328,1.7874728315034072
125329,1.755528460236361
125330,1.7683553989860519
125331,1.7866061334210603
125332,1.7694575403441446
125333,1.7338548449360398
125334,1.739403489698082
125335,1.7429860402104747
125336,1.7609598154413448
125337,1.7366568936011675
125338,1.749876244345985
125339,1.7748602192004206
125340,1.7622113159824806
125341,1.744367456848406
125342,1.7439276871803624
125343,1.745040228296125
125344,1.77039459536759
125345,1.7954613372294257
125346,1.8090001292073634
125347,1.7639731953835749
125348,1.7486170270650898
125349,1.8246965724802324
125350,1.789700198361504
125351,1.7110724483439796
125352,1.7844009007237112
125353,1.8681191976129126
125354,1.7929779616089487
125355,1.808961030623253
125356,1.8159042102137855
125357,1.7408868917397902
125358,1.768621754229648
125359,1.8096334001705183
125360,1.8229993478195603
125361,1.836246647373429
125362,1.7818157500627647
125363,1.7436511437580313
125364,1.7479731925981319
125365,1.8110110091406866
125366,1.825430422324434
125367,1.7961474637043018
125368,1.7593452783882144
125369,1.7178469201682478
125370,1.7719435430033077
125371,1.7956827207345119
125372,1.7989024275709924
125373,1.8129812538005636
125374,1.7702391083393643
125375,1.7127095980235734
125376,1.825100311894831
125377,1.7807004896547112
125378,1.753551184278619
125379,1.8213774141010204
125380,1.7917970255849411
125381,1.7630634380843244
125382,1.8109869578161166
125383,1.8406178450857797
125384,1.8593112849490785
125385,1.7919342244718273
125386,1.7763525583207562
125387,1.7570546833191207
125388,1.8300483306417463
125389,1.7499653778696014
125390,1.8514592565464112
125391,1.7635691814446623
125392,1.7622670413182724
125393,1.789404183097257
125394,1.7567058139532221
125395,1.7590565317717406
125396,1.822657411666441
125397,1.782246241540673
125398,1.804129138179928
125399,1.7848059465889314
125400,1.7893712271317315
125401,1.7566799008438385
125402,1.8127650272283506
125403,1.7558909728851368
125404,1.8013845154074652
125405,1.7436782396743822
125406,1.7714375958427082
125407,1.821929949385725
125408,1.7709755020406985
125409,1.77340282410421
125410,1.774863100060106
125411,1.8014865103372697
125412,1.7768018901083789
125413,1.7805584554364042
125414,1.7858666684858322
125415,1.7803700960819202
125416,1.7453987512535738
125417,1.7572696872001896
125418,1.748449509045616
125419,1.801754244210272
125420,1.7781791954310475
125421,1.821161738666723
125422,1.759572115168956
125423,1.7454836456253653
125424,1.7762867092644754
125425,1.8453901167023674
125426,1.7686995917977724
125427,1.7842417068060363
125428,1.7930798073054153
125429,1.7344126829899025
125430,1.8032276049608356
125431,1.8253343796294959
125432,1.7564326401636592
125433,1.7422395855466004
125434,1.7637746221333037
125435,1.774866383945602
125436,1.7424009341318987
125437,1.775108347324818
125438,1.8065158165786432
125439,1.731569627200378
125440,1.748303999944474
125441,1.7362152889436238
125442,1.765527394050488
125443,1.8004215212226422
125444,1.8055760092951814
125445,1.7827370357850878
125446,1.7868706063475925
125447,1.8217850573364152
125448,1.7776955917390447
125449,1.7567181652748596
125450,1.8138204596243133
125451,1.7576495482215915
125452,1.7522384965431057
125453,1.7629587870793235
125454,1.7635666639454197
125455,1.7567997556614712
125456,1.8195153231513088
125457,1.7963393075801233
125458,1.7488960509613019
125459,1.7641206747213924
125460,1.8039447728497695
125461,1.7961690911232717
125462,1.7602297279801593
125463,1.798417639534939
125464,1.7781643201646897
125465,1.8099734934557459
125466,1.801423908717331
125467,1.7916847897871135
125468,1.7980664548214236
125469,1.751797183105628
125470,1.7843673206632733
125471,1.766534859366168
125472,1.7357541878368639
125473,1.7704426883845354
125474,1.821708776899991
125475,1.759450963035367
125476,1.808845785255053
125477,1.7692780973885212
125478,1.7403956026900662
125479,1.80297063404543
125480,1.7655166714056558
125481,1.8543810756708075
125482,1.832875646027087
125483,1.7377108488717385
125484,1.7767477213240226
125485,1.8353176555792428
125486,1.7157003711850702
125487,1.7973919724544956
125488,1.7892373227019185
125489,1.744759009085521
125490,1.793555571349687
125491,1.72940549627926
125492,1.7676014051511084
125493,1.7838079128638682
125494,1.7684706530788263
125495,1.7578594571570725
125496,1.7507885536506174
125497,1.8151526209509683
125498,1.8638367612971598
125499,1.7527495043251038
125500,1.7656471599276127
125501,1.7619299837899463
125502,1.8139452006280825
125503,1.8095956915573304
125504,1.7295456254946882
125505,1.7821856930608713
125506,1.8228012534253641
125507,1.785066667368762
125508,1.787612625157753
125509,1.7967138552526272
125510,1.8100346509112628
125511,1.7598668992922384
125512,1.798520208173602
125513,1.793627155747766
125514,1.8121899534213552
125515,1.737739699594466
125516,1.7737018383033045
125517,1.7604318748136984
125518,1.7231218049677972
125519,1.8224736605165408
125520,1.8244525789818227
125521,1.7894281816545794
125522,1.7096869944648019
125523,1.7869145339726402
125524,1.764273577285777
125525,1.7686495525677377
125526,1.8083205976188834
125527,1.815090125523035
125528,1.7783684224790417
125529,1.7501768178156556
125530,1.7923741059903073
125531,1.8149632345859552
125532,1.7549968133164844
125533,1.7745429988712715
125534,1.7847153713719346
125535,1.790199046947604
125536,1.8091556726443014
125537,1.7501174698707207
125538,1.7894958869642819
125539,1.7587978118257446
125540,1.7884797308224782
125541,1.7506950317905055
125542,1.744230315832684
125543,1.787092208230363
125544,1.7314739553594405
125545,1.773781754912448
125546,1.7541656339320508
125547,1.7947646745027612
125548,1.7733881820971922
125549,1.788801940403937
125550,1.7961575588533265
125551,1.7856379386781605
125552,1.7691914665362312
125553,1.767330432065565
125554,1.745748399128633
125555,1.7651799499636234
125556,1.8203663013810214
125557,1.7394062881688346
125558,1.7797036590123565
125559,1.7780078577901277
125560,1.8002143358435527
125561,1.7452702937554359
125562,1.8021408395302296
125563,1.776838015128885
125564,1.7800025444577352
125565,1.759836281793144
125566,1.7913711820895368
125567,1.7386843000090868
125568,1.7611181167800374
125569,1.8057082821377788
125570,1.778749291895357
125571,1.7803701483875105
125572,1.7755785882939101
125573,1.7750213167936686
125574,1.772040828700818
125575,1.759967224531106
125576,1.7956223847725643
125577,1.7668569294188265
125578,1.7599133641364733
125579,1.7872166232671176
125580,1.7513148930553037
125581,1.7909049252439446
125582,1.8062842301860798
125583,1.8084108134610168
125584,1.8108510643395421
125585,1.7839063767311352
125586,1.7758642041561004
125587,1.7611809876976916
125588,1.7747969450580041
125589,1.7953337949609922
125590,1.7692590364361591
125591,1.8375209156340588
125592,1.7623840831297033
125593,1.7917443150338759
125594,1.733350352049657
125595,1.8026057951544319
125596,1.7611388626278301
125597,1.7083294561571034
125598,1.7866693529813982
125599,1.785898827043369
125600,1.7388156575791751
125601,1.753372947121337
125602,1.7720674796411866
125603,1.79969022226116
125604,1.7994719453205468
125605,1.76553918956897
125606,1.7408042917227422
125607,1.7898361972463868
125608,1.714832646199155
125609,1.728374766898526
125610,1.732776546989926
125611,1.7597195768775593
125612,1.7691877253194332
125613,1.8086655735355448
125614,1.7248392110185258
125615,1.7809694408352443
125616,1.780213192582619
125617,1.732899088554866
125618,1.7835160119209779
125619,1.747113881794121
125620,1.7744499410194938
125621,1.8008172098403967
125622,1.7543782358692657
125623,1.711901278342008
125624,1.780484029389534
125625,1.7729625948808885
125626,1.7552262579411606
125627,1.7373865193007831
125628,1.7523430918299239
125629,1.7899129413103556
125630,1.8561507289501868
125631,1.7733049070953402
125632,1.793916168872472
125633,1.7794895205800834
125634,1.7677411580147804
125635,1.7913020654602023
125636,1.7569533686700325
125637,1.7703049727631355
125638,1.8003367724691022
125639,1.8047810086337128
125640,1.8293073163398417
125641,1.7826366036728405
125642,1.740169885529536
125643,1.7904290664935865
125644,1.7801724841687983
125645,1.805097110998152
125646,1.7906163125660965
125647,1.7494404289304333
125648,1.7957346104548169
125649,1.7984363003412311
125650,1.7528313927085055
125651,1.7420224599984189
125652,1.7891901203117275
125653,1.797713556831665
125654,1.8071277401897725
125655,1.8228409650320838
125656,1.7513381190950528
125657,1.8164491354198455
125658,1.7787181221763944
125659,1.7672628676519235
125660,1.7645294212063445
125661,1.741478521520636
125662,1.7197106617619242
125663,1.8008315148117642
125664,1.7181509593429427
125665,1.7521848211591602
125666,1.7727891054849068
125667,1.8282464808585301
125668,1.7842006297610102
125669,1.7327814072777163
125670,1.7585699423108958
125671,1.8305416904078995
125672,1.7895706794107176
125673,1.759560256019335
125674,1.787182669573236
125675,1.7556311259634583
125676,1.7558331064194845
125677,1.8050077720063207
125678,1.7551336963155357
125679,1.7200014799347225
125680,1.83888506702459
125681,1.7434797194867033
125682,1.8237034572027326
125683,1.7732651294586703
125684,1.7563949528985445
125685,1.7606680908770322
125686,1.7853612253651154
125687,1.7494373472152156
125688,1.7554594355396869
125689,1.716922416406429
125690,1.8031097089951347
125691,1.724820881939605
125692,1.771717469805685
125693,1.7504969695902879
125694,1.7769182581525242
125695,1.8342793999087177
125696,1.7770037328488562
125697,1.7977822288830838
125698,1.7796843438143015
125699,1.7770216560060876
125700,1.7663251709948875
125701,1.8065301003568883
125702,1.776257222630245
125703,1.832311154497672
125704,1.7512725202439294
125705,1.7715899903839851
125706,1.7517417515916929
125707,1.758606879506167
125708,1.7259458103065115
125709,1.7478528370704944
125710,1.8262489959571666
125711,1.7417081762218793
125712,1.7934189150035797
125713,1.771822159258542
125714,1.782359522791428
125715,1.823412944063045
125716,1.7227809259129423
125717,1.7868091149367542
125718,1.7882324001915337
125719,1.7818603062481244
125720,1.8178437625551804
125721,1.7696748802486555
125722,1.7617788198225401
125723,1.7665746936331184
125724,1.7362366816904276
125725,1.7597457517950026
125726,1.7665947808529947
125727,1.7790723502603356
125728,1.7722249074644039
125729,1.7873592823189395
125730,1.7523931077724417
125731,1.7943663665181457
125732,1.8069786056632338
125733,1.7460620165615943
125734,1.7315901514884113
125735,1.785342991951236
125736,1.7789221896415162
125737,1.8001418595371832
125738,1.7760366186940626
125739,1.774440551291841
125740,1.7762902138798478
125741,1.7400852675908054
125742,1.7404191363322863
125743,1.8195641608192914
125744,1.7670568313641455
125745,1.790736720322611
125746,1.7821008580095326
125747,1.7656589414637704
125748,1.7243740066875082
125749,1.7631889084865766
125750,1.8010564498831703
125751,1.7550636701512214
125752,1.7646897174566205
125753,1.7970262976152223
125754,1.794959037010995
125755,1.759541958481395
125756,1.7656798203043775
125757,1.7653844147744104
125758,1.7697590082978372
125759,1.8196685058793922
125760,1.751490718519089
125761,1.7290590015465712
125762,1.801672437959966
125763,1.7739345724576139
125764,1.8249390232043834
125765,1.7499484628214819
125766,1.764433665992765
125767,1.7799814172969826
125768,1.7885524849742012
125769,1.7635971875120544
125770,1.8059453687616083
125771,1.7623687743909875
125772,1.7897940159429229
125773,1.8002146387491014
125774,1.7992973689614427
125775,1.7582335161060154
125776,1.7480325052191097
125777,1.7888860238178947
125778,1.7649818209085908
125779,1.7852187352346476
125780,1.8034187146314276
125781,1.7216746446046791
125782,1.7706363792715483
125783,1.7918549253385176
125784,1.8144645405093462
125785,1.741007781589413
125786,1.7686625536622707
125787,1.8047820712252192
125788,1.7657786915639786
125789,1.8174482290877683
125790,1.7460368435044349
125791,1.7610345895650938
125792,1.7798710510976115
125793,1.773952938279037
125794,1.7402971008784034
125795,1.7430425331382138
125796,1.7967728735434205
125797,1.8006726067600778
125798,1.7749307979424598
125799,1.733220833081081
125800,1.8579207660573398
125801,1.7599008456151943
125802,1.7988561554546734
125803,1.784552799990398
125804,1.764610274442542
125805,1.7228120950240926
125806,1.705501552880273
125807,1.8304015562331144
125808,1.8219279449926433
125809,1.7652665449883023
125810,1.8025674905775309
125811,1.758731235224006
125812,1.8091326979106128
125813,1.7835282124979124
125814,1.7953484612248265
125815,1.7539142447050415
125816,1.781182162490854
125817,1.7597277031258545
125818,1.797108531974269
125819,1.775023580111884
125820,1.7461956763872557
125821,1.7380344577212472
125822,1.7942297216018857
125823,1.7285600890801442
125824,1.803408368534479
125825,1.7824414897346224
125826,1.8237923974514192
125827,1.7518274822623805
125828,1.763151501972285
125829,1.750640416694498
125830,1.8148588441651137
125831,1.7535789805483173
125832,1.7360989112581742
125833,1.779387796417135
125834,1.7893609434860434
125835,1.7828599262209166
125836,1.8334026111057065
125837,1.7461101971838786
125838,1.7854643026879469
125839,1.7899570142847934
125840,1.7589299202839395
125841,1.7872999626351729
125842,1.7842548478582174
125843,1.7646339337266945
125844,1.8042171283130968
125845,1.712228173986796
125846,1.8150718502090406
125847,1.7710802864301771
125848,1.8058963369534342
125849,1.7664013459780816
125850,1.7673906986718706
125851,1.732064304363698
125852,1.7325347924611945
125853,1.7274807251121391
125854,1.7944218264005452
125855,1.825666370280642
125856,1.7911148961457681
125857,1.8339486724120655
125858,1.7401768550845418
125859,1.7737199477482075
125860,1.7303959053949747
125861,1.7604763074706116
125862,1.7322956975447539
125863,1.7735894078567813
125864,1.800400803145589
125865,1.7602371073831038
125866,1.7838175302415116
125867,1.817115785824687
125868,1.8064639461374734
125869,1.7519323815822383
125870,1.8057500790486816
125871,1.7766480233883648
125872,1.7733701227751932
125873,1.7764121668662998
125874,1.7456439635167758
125875,1.749317199194955
125876,1.7784135513754333
125877,1.7852535703815464
125878,1.7902812824196173
125879,1.7533797786679615
125880,1.7992448720084708
125881,1.758776980201122
125882,1.822022605034389
125883,1.7062900332978275
125884,1.757620692275691
125885,1.7620315485360838
125886,1.8208598980542907
125887,1.7980744395540362
125888,1.749282328050336
125889,1.7519449398085327
125890,1.7842390372976302
125891,1.7945308525283044
125892,1.8176988538458705
125893,1.818967410977593
125894,1.7939445491962376
125895,1.7257001524522704
125896,1.7723354280709842
125897,1.777617020318391
125898,1.716795165076724
125899,1.7915268699358442
125900,1.7644445109202604
125901,1.7822642421378856
125902,1.7577400495546975
125903,1.8077853966105966
125904,1.7617654973282537
125905,1.7781998194598534
125906,1.7405431865547296
125907,1.7803656959065872
125908,1.752805084802358
125909,1.7336680169127776
125910,1.7858634615526183
125911,1.7628824024087366
125912,1.7476603979776353
125913,1.7808020157106716
125914,1.7753931257304867
125915,1.805278053749777
125916,1.761713936161152
125917,1.7865127874766582
125918,1.7602504605803275
125919,1.7420257414421976
125920,1.7878235222961958
125921,1.805267497899615
125922,1.728540092756285
125923,1.802038418314568
125924,1.7895313128142651
125925,1.752146907975175
125926,1.7077990246911694
125927,1.762851152676049
125928,1.7615777728265807
125929,1.743483904764006
125930,1.7529502036671956
125931,1.7477430493240884
125932,1.7337625271826358
125933,1.7929982738576253
125934,1.7414698070357264
125935,1.77028536096312
125936,1.809025760555087
125937,1.7899676156980868
125938,1.778853058543896
125939,1.7946155121656198
125940,1.755924389755819
125941,1.7542614291163605
125942,1.6987707521996775
125943,1.7545501694400572
125944,1.7790472642217605
125945,1.786196519083139
125946,1.7682251939400908
125947,1.829898139344242
125948,1.8530620806092295
125949,1.765248156997799
125950,1.7716105516861556
125951,1.7730728211354725
125952,1.7677288367929902
125953,1.8390873737437832
125954,1.803055241097289
125955,1.7761565504210897
125956,1.7404327560923254
125957,1.7633404101233003
125958,1.7218856292777738
125959,1.775384730492182
125960,1.8090448424016112
125961,1.7686239138825635
125962,1.815195218836101
125963,1.7675259074256122
125964,1.7725706594134152
125965,1.8326825080657028
125966,1.7668050242176594
125967,1.7886490254066119
125968,1.787016467386752
125969,1.7469694612748894
125970,1.78088481078916
125971,1.7645125083874587
125972,1.7761702424576722
125973,1.782097253380988
125974,1.7437851417444092
125975,1.762194894256115
125976,1.7350973586195886
125977,1.7791509728255324
125978,1.798884936005776
125979,1.79072035524743
125980,1.780463453181604
125981,1.8104685864557581
125982,1.7990058067175714
125983,1.8040933600956333
125984,1.7876491789157276
125985,1.7798793924824
125986,1.7245898646959255
125987,1.8185796810354946
125988,1.7781099122314705
125989,1.75959392701163
125990,1.7684410123764585
125991,1.7598693156936986
125992,1.743834434024524
125993,1.8145366251566235
125994,1.7095951061013488
125995,1.7734762393131764
125996,1.829818213481764
125997,1.7829362388876675
125998,1.7658207701197985
125999,1.734484751774907
126000,1.7122515872239568
126001,1.7864887550702249
126002,1.7992462286578654
126003,1.7864912567725915
126004,1.753117561305254
126005,1.7848615409755886
126006,1.7335186779884675
126007,1.764251757485725
126008,1.7562909473849762
126009,1.7762789084252288
126010,1.731398953669774
126011,1.793363553605091
126012,1.7546609601387513
126013,1.7794884620642584
126014,1.7567878572503437
126015,1.785859057578184
126016,1.8106027779079619
126017,1.7806675999439339
126018,1.7172479772867884
126019,1.78427689546
126020,1.7926912489192874
126021,1.771002963708505
126022,1.7174106939489577
126023,1.779034069731237
126024,1.746470791371926
126025,1.764860485249521
126026,1.7479117651480995
126027,1.7608064930744332
126028,1.796899487704472
126029,1.7714622744559436
126030,1.7415693374241368
126031,1.7619408100460703
126032,1.7303362398147588
126033,1.7645344849721576
126034,1.7753506898935045
126035,1.7699584736389067
126036,1.739189341191165
126037,1.7704105594419433
126038,1.8102865935961319
126039,1.752095940617486
126040,1.7330437924015167
126041,1.7937702827906767
126042,1.7169727402885944
126043,1.7329726544876485
126044,1.7745876060581594
126045,1.7272162272191431
126046,1.7859922420253236
126047,1.7481174156674741
126048,1.7180063811281576
126049,1.7628627426554144
126050,1.8196330104806204
126051,1.7320547070552723
126052,1.8160780421032807
126053,1.7854220929515026
126054,1.7863504071002951
126055,1.7801277910498474
126056,1.7168003131779186
126057,1.7657614025119421
126058,1.7638523429552013
126059,1.7570352594566552
126060,1.8182934089341551
126061,1.775431662953998
126062,1.7924414158694386
126063,1.7297520601333813
126064,1.7565421753692838
126065,1.737051724719949
126066,1.7900045942451364
126067,1.7941650899382926
126068,1.7820720906936234
126069,1.7316477887756478
126070,1.6850029764199739
126071,1.7736165105026318
126072,1.7921310864457538
126073,1.7412121474622677
126074,1.7222071799362337
126075,1.7909800183596802
126076,1.7692630372786815
126077,1.7685060185079617
126078,1.7826709428053398
126079,1.7673761040466247
126080,1.7554002358543945
126081,1.783545978636299
126082,1.790739099835278
126083,1.7689807367613515
126084,1.7462230238117658
126085,1.7906585085151108
126086,1.8057187638620216
126087,1.7626539050425307
126088,1.752395894724719
126089,1.83328668668133
126090,1.718379379694269
126091,1.7750928626030704
126092,1.8083185259253576
126093,1.82203179945792
126094,1.8048400292493938
126095,1.7945028905317784
126096,1.7984350106357905
126097,1.712044570520115
126098,1.7787707873517455
126099,1.7535584452459059
126100,1.8030419442562118
126101,1.8117212618976462
126102,1.7654988532400744
126103,1.7865059293861107
126104,1.7975824958125164
126105,1.7640787375340186
126106,1.7779451229363483
126107,1.7827358468962091
126108,1.7983772501238349
126109,1.7594684490369452
126110,1.7709577452267162
126111,1.7471360657891397
126112,1.7490935003280341
126113,1.7283360182433964
126114,1.7881825290434388
126115,1.7587510606481138
126116,1.737523331143823
126117,1.7939899553788063
126118,1.7792976578535664
126119,1.7662202056965004
126120,1.7720996271869909
126121,1.7482071765573024
126122,1.7111407251833737
126123,1.7814589364858342
126124,1.7636806212929494
126125,1.821124511865797
126126,1.7611137511925057
126127,1.758618467571318
126128,1.720021311386677
126129,1.7720679091656648
126130,1.7706062809513152
126131,1.7807785438592247
126132,1.7261106284635384
126133,1.7222545895933086
126134,1.7348373435834517
126135,1.7848613060810437
126136,1.7093913673304
126137,1.803716678068059
126138,1.7606069903036963
126139,1.7401489054587242
126140,1.8084653538796696
126141,1.7317060001805726
126142,1.7427189433781816
126143,1.7963143820199563
126144,1.8184245812732123
126145,1.76784851922644
126146,1.7217622320597141
126147,1.6952849422345193
126148,1.748774264544326
126149,1.7718670822805667
126150,1.7566250722411023
126151,1.7472702075056221
126152,1.789241165117079
126153,1.7828880545469388
126154,1.7660167111922624
126155,1.7650634013616342
126156,1.7482213169776852
126157,1.8092889193333626
126158,1.7841630589702469
126159,1.78768845043143
126160,1.7880439091191849
126161,1.7740203421532652
126162,1.8023528655087033
126163,1.7605523388230173
126164,1.7937157736910472
126165,1.7359022268069821
126166,1.8115481448273203
126167,1.7195606738345985
126168,1.7232581889318566
126169,1.7682818519292882
126170,1.772286171795353
126171,1.7768147183824639
126172,1.768277746560135
126173,1.7573756270560763
126174,1.7196374240885124
126175,1.7634337828854183
126176,1.7653949099326356
126177,1.7609661739008753
126178,1.8027317050305982
126179,1.793118443755202
126180,1.8237463737819284
126181,1.7766260051277178
126182,1.787581132534079
126183,1.7781876747040555
126184,1.7549108801681272
126185,1.797844934351716
126186,1.7657880822913417
126187,1.797041198854292
126188,1.770522642428264
126189,1.758263522470172
126190,1.7867324422890984
126191,1.703450725770739
126192,1.7791001026595599
126193,1.7913659373356383
126194,1.7515518926434213
126195,1.7429825705829125
126196,1.802069185105658
126197,1.8198003098348148
126198,1.6708428052893562
126199,1.7516892110050395
126200,1.7707280518610975
126201,1.78203676163333
126202,1.7985698380674313
126203,1.748611070825654
126204,1.7288244263008186
126205,1.759218156777823
126206,1.7410403609550245
126207,1.762102222928843
126208,1.7446444769684684
126209,1.8035951706556006
126210,1.7966787592673146
126211,1.7557484414049573
126212,1.7156053522740127
126213,1.7311682383858062
126214,1.7753641560598963
126215,1.7560923580153733
126216,1.7721783171320913
126217,1.7765040006018575
126218,1.7357384441726569
126219,1.7618648449671617
126220,1.7505084986175112
126221,1.729992868298031
126222,1.7435149203626714
126223,1.7243410959208854
126224,1.7849464404361894
126225,1.798918620881696
126226,1.8270311864098554
126227,1.7996682089372598
126228,1.7824233143784813
126229,1.755136133062516
126230,1.7055757442960913
126231,1.75815956010153
126232,1.7857532951160446
126233,1.8256085118041394
126234,1.810555307391343
126235,1.7794634284310205
126236,1.7942292689115602
126237,1.8123538977344793
126238,1.734800427689648
126239,1.7705204811757385
126240,1.739702239198274
126241,1.725555008428607
126242,1.8101456239415903
126243,1.7293962751405678
126244,1.7588181682466562
126245,1.7627772216227875
126246,1.788161056371526
126247,1.7919114150702287
126248,1.7468318596861852
126249,1.7046238727083423
126250,1.8289956325408745
126251,1.7975727965576291
126252,1.8016470388909398
126253,1.7154287168063735
126254,1.7983598033394654
126255,1.7482806657451586
126256,1.7754812902265278
126257,1.7404414092246914
126258,1.7827094000287285
126259,1.7835753020782354
126260,1.7982457053311083
126261,1.7196051467256057
126262,1.7324177881463088
126263,1.7066210588347108
126264,1.7557821181057216
126265,1.7745981548573226
126266,1.7964958570498812
126267,1.757893115555283
126268,1.76272754041573
126269,1.7366864344447168
126270,1.7190372387389092
126271,1.7555530413180205
126272,1.7771593946028985
126273,1.7739884268973534
126274,1.790230633062777
126275,1.7984650971604517
126276,1.7426610832178566
126277,1.7457895319676586
126278,1.7478123798073928
126279,1.7923790873399958
126280,1.7337197717642139
126281,1.7748971168447267
126282,1.738456997371834
126283,1.77852453561817
126284,1.7677089987419805
126285,1.818088853578808
126286,1.7635600668602314
126287,1.7952150186520328
126288,1.7441057996787375
126289,1.7573515162440014
126290,1.7412199817351441
126291,1.7425375633281075
126292,1.7193652522740066
126293,1.789098913753989
126294,1.7686719393009815
126295,1.775676219112639
126296,1.752394420663358
126297,1.7655277383066215
126298,1.7401166530381311
126299,1.765200083465058
126300,1.7729563623783882
126301,1.723830494611974
126302,1.7743357369211545
126303,1.7022979193273384
126304,1.7504566285522551
126305,1.7785042436820357
126306,1.7208295329760495
126307,1.7442120268476577
126308,1.7253065090066855
126309,1.6883914624460052
126310,1.737542012315676
126311,1.7699625708277735
126312,1.7590841825315249
126313,1.6910757770374507
126314,1.7523300995796807
126315,1.7516252441912654
126316,1.7841414172061185
126317,1.7558873553173266
126318,1.7876842197260137
126319,1.7966793565748396
126320,1.7486459896126376
126321,1.7715612725555148
126322,1.7708281085555644
126323,1.7014166458003286
126324,1.7182245371347593
126325,1.7971385097853945
126326,1.7610419275709286
126327,1.7755085998832953
126328,1.7402401236922271
126329,1.7890900035812851
126330,1.7371714803504466
126331,1.7567573605665319
126332,1.7839228369639972
126333,1.7534190467286837
126334,1.7314004404616283
126335,1.794087177190296
126336,1.808126990241822
126337,1.7815406151916249
126338,1.753564616236103
126339,1.7580598927868296
126340,1.7572099246200072
126341,1.7678479260410482
126342,1.7620975861862915
126343,1.7883364809258058
126344,1.7368386446276727
126345,1.7497071809526492
126346,1.7694083435457073
126347,1.708824126781871
126348,1.704675799948931
126349,1.782303470880348
126350,1.7639618590262802
126351,1.7817186623106063
126352,1.7316314829914543
126353,1.776477504463184
126354,1.7629145024348558
126355,1.7870629984450674
126356,1.7263395858313817
126357,1.7325353280887574
126358,1.7113097228645984
126359,1.7407854892961057
126360,1.7786092161059108
126361,1.7885492638072482
126362,1.755659030994988
126363,1.8240154396722628
126364,1.7430006061806533
126365,1.8115636529753891
126366,1.7400619065813512
126367,1.7856409941180906
126368,1.7443010343936025
126369,1.7059489866623945
126370,1.7131670571626088
126371,1.7111859991318674
126372,1.7964279535231271
126373,1.6939446882477724
126374,1.7335955379724917
126375,1.751483534360409
126376,1.7466469755997305
126377,1.7119676478914714
126378,1.7325426466358882
126379,1.789005934627893
126380,1.7170667358214193
126381,1.7544811610852922
126382,1.780578832383711
126383,1.7510983346141218
126384,1.7706207136733072
126385,1.759763379861137
126386,1.7583838200115294
126387,1.762487366502334
126388,1.741421919419107
126389,1.7710263113222384
126390,1.7729984919507151
126391,1.7437434818988544
126392,1.753098780661386
126393,1.6921474368425387
126394,1.7682660004791884
126395,1.7468461332127083
126396,1.7535025002067017
126397,1.7192604946505785
126398,1.7406439820581174
126399,1.7824382650388786
126400,1.7902382520672626
126401,1.7876880348567092
126402,1.7321720286163678
126403,1.7705833007983605
126404,1.7840200321436057
126405,1.7956799732427893
126406,1.7779431105154138
126407,1.7537391077708617
126408,1.7885371429255248
126409,1.7947027620462093
126410,1.745332525494053
126411,1.7575662351335632
126412,1.7581496572581754
126413,1.7200782965516164
126414,1.7576062808277046
126415,1.748675217520664
126416,1.764592640071648
126417,1.799252739419131
126418,1.784616136607925
126419,1.7899113404341553
126420,1.749968718315281
126421,1.8022058788529487
126422,1.765461990086859
126423,1.7943226524316949
126424,1.7229701281474086
126425,1.7111581037345207
126426,1.7804305865403265
126427,1.7045233777489688
126428,1.7203095196842104
126429,1.7457533242059755
126430,1.7876399925368194
126431,1.731990800232173
126432,1.778404686123654
126433,1.7156036415282039
126434,1.7295317534485928
126435,1.7481417302708429
126436,1.753330476875769
126437,1.7911676520844328
126438,1.8064463514492624
126439,1.7665274469423284
126440,1.7755390004614207
126441,1.7684667563830263
126442,1.7506706059934118
126443,1.786158688493236
126444,1.7181871744881505
126445,1.7290432276877148
126446,1.7389482771872358
126447,1.7083679063027732
126448,1.8024990992800682
126449,1.7620170720959576
126450,1.7790839568915393
126451,1.7920763256506025
126452,1.769505499336305
126453,1.7801047052457062
126454,1.756719288888555
126455,1.7143284095787834
126456,1.78571881339431
126457,1.7559038260376245
126458,1.7703793164894375
126459,1.7308941654281609
126460,1.8083394664843102
126461,1.7060261199011446
126462,1.7732750339290653
126463,1.7386839759043395
126464,1.7656529516504993
126465,1.7911288982347233
126466,1.7194685547726452
126467,1.7819970914402596
126468,1.798425368135637
126469,1.7104688873233214
126470,1.783512500223461
126471,1.7837911908787945
126472,1.7500354607979796
126473,1.7076922367773235
126474,1.7235500773174166
126475,1.7711876669344837
126476,1.7003998863768952
126477,1.7651555935490935
126478,1.7869043898298982
126479,1.7709157163985203
126480,1.7719160533823943
126481,1.7595560364216405
126482,1.7413949142860834
126483,1.7324420707833967
126484,1.775888399313864
126485,1.792007662415365
126486,1.7537029538342181
126487,1.7694258103985796
126488,1.7621638269198812
126489,1.8020914523175209
126490,1.744998158270819
126491,1.741350993696295
126492,1.728347983891437
126493,1.7307243343643837
126494,1.6882653982892737
126495,1.7924064806435147
126496,1.810254054585068
126497,1.7583340335623905
126498,1.8141240183087457
126499,1.7413581885638554
126500,1.7040236528196557
126501,1.702688962185545
126502,1.7962405230190748
126503,1.7406822447435302
126504,1.8023296762284375
126505,1.7180477056067183
126506,1.7039952606233653
126507,1.6951506378152539
126508,1.8165148536473879
126509,1.7636929997660469
126510,1.759478667986025
126511,1.72134533546064
126512,1.7411540200495796
126513,1.7115573102517434
126514,1.7892163969988422
126515,1.7572310508164055
126516,1.7637469652797384
126517,1.8148483191683287
126518,1.7753649019311568
126519,1.7081235546135993
126520,1.6805789642601918
126521,1.783846676344722
126522,1.7463911338203058
126523,1.7722962494338041
126524,1.8085349234128847
126525,1.7741821949347187
126526,1.7252006973740588
126527,1.7390659322253583
126528,1.7318325062576057
126529,1.770870880074244
126530,1.7614462151644548
126531,1.7944235864676963
126532,1.72306359079019
126533,1.7926013019979157
126534,1.7884048816699831
126535,1.7672345667492115
126536,1.7791561828045352
126537,1.7573578318478733
126538,1.7339130380494616
126539,1.6756892146514302
126540,1.7617885484904288
126541,1.7815368497214834
126542,1.7933364950751467
126543,1.7477611030242142
126544,1.7636273212347495
126545,1.75035359004844
126546,1.788080078761397
126547,1.7253558921480177
126548,1.76750521741997
126549,1.789490694076042
126550,1.7219683443302767
126551,1.7151609031279542
126552,1.7939380948169765
126553,1.761623161253641
126554,1.7518547676455654
126555,1.7150297581090792
126556,1.7569640590056457
126557,1.787151693739619
126558,1.7603428626935813
126559,1.721721408760188
126560,1.7983083505645492
126561,1.781504491838238
126562,1.7433640808570905
126563,1.7514585387852026
126564,1.7386051706666275
126565,1.7152216443297355
126566,1.7482712603877237
126567,1.8172001855128712
126568,1.7507448199123008
126569,1.7919328650569653
126570,1.709997963479131
126571,1.7575273311557882
126572,1.7943178297807059
126573,1.7555232376861822
126574,1.757764956710048
126575,1.7750512071102076
126576,1.7187806343602596
126577,1.733345992476988
126578,1.7464443834521777
126579,1.769748391688801
126580,1.8285256098496663
126581,1.7101487625968255
126582,1.820615111475579
126583,1.7778432443034184
126584,1.7603760939013382
126585,1.7643159287269112
126586,1.7501216798804813
126587,1.8191295222721449
126588,1.779684930593422
126589,1.706652542571008
126590,1.7447671694764262
126591,1.7554396782502548
126592,1.7313488967274668
126593,1.7409181830885094
126594,1.7905319416318926
126595,1.7486605942693056
126596,1.7194114404821834
126597,1.765240774285405
126598,1.7176718551843306
126599,1.7535457531181937
126600,1.745635152912645
126601,1.700661885813808
126602,1.7729490513384036
126603,1.70044799040061
126604,1.7100661423500711
126605,1.7200759816451336
126606,1.7542044724573307
126607,1.748833938234901
126608,1.7693881008196204
126609,1.7296929870831426
126610,1.7285362007777947
126611,1.7637231724186937
126612,1.804175433249834
126613,1.7311656916713425
126614,1.7756636734885793
126615,1.7801611173087293
126616,1.7639345312840846
126617,1.8095974167694953
126618,1.7891070527272823
126619,1.7284208927884048
126620,1.666829683334236
126621,1.7378650735172814
126622,1.7768967848008863
126623,1.7427309976812018
126624,1.7763075138311606
126625,1.6889254383669732
126626,1.762437206003604
126627,1.7603694846037943
126628,1.7571189177371762
126629,1.7273480434236632
126630,1.7497174492744991
126631,1.721550569587487
126632,1.7926944356318713
126633,1.7613789539945484
126634,1.7449905670616346
126635,1.7603732231930698
126636,1.7314194024095648
126637,1.7507605492486595
126638,1.711305709012076
126639,1.7597565226489398
126640,1.7568869185179516
126641,1.7684605035208616
126642,1.7303353348580843
126643,1.7374824872385017
126644,1.7255808908114358
126645,1.7752384530109624
126646,1.7722245505578131
126647,1.7213937059796733
126648,1.7634259138564676
126649,1.7250934567420946
126650,1.7344810405607172
126651,1.7189758452412938
126652,1.7488307537673624
126653,1.7417892536051232
126654,1.743895729230574
126655,1.7668344005039613
126656,1.7472130233529406
126657,1.7768278693190165
126658,1.7234824531761632
126659,1.7409185435682493
126660,1.8004939944824636
126661,1.7676961087599796
126662,1.756184812584692
126663,1.7802377020394422
126664,1.763996808833478
126665,1.7426845294317106
126666,1.7241253913081906
126667,1.7986488387932662
126668,1.7957812266369024
126669,1.756894244839644
126670,1.7895322431168974
126671,1.7128621642083564
126672,1.7598695271768359
126673,1.7626098207708578
126674,1.7450392976796338
126675,1.7803616199244385
126676,1.7520503092025568
126677,1.7102286073973243
126678,1.7983063455666553
126679,1.7739676462366252
126680,1.7116081562881151
126681,1.7430067134035443
126682,1.739677585743801
126683,1.742903574067471
126684,1.7430055148825419
126685,1.7238196899489417
126686,1.745091020804667
126687,1.7714693283993033
126688,1.7451494799773577
126689,1.7630048307821655
126690,1.73467005235241
126691,1.7571370211559587
126692,1.7946232567935914
126693,1.769983448147287
126694,1.7961683034456721
126695,1.7726391639006416
126696,1.7278020516927879
126697,1.7446838150105193
126698,1.7006578635569793
126699,1.77667459370863
126700,1.7076705989882432
126701,1.7745936949078218
126702,1.7234135259194014
126703,1.7385704784613285
126704,1.683896149932483
126705,1.7422855528694872
126706,1.7957223158252995
126707,1.7542493117447304
126708,1.7280251854102613
126709,1.773193151358678
126710,1.7918085929049117
126711,1.7697419589232057
126712,1.795481489244226
126713,1.7638363738987626
126714,1.753536019422989
126715,1.7465456351830697
126716,1.7647606976555086
126717,1.769192359703919
126718,1.7769877352643195
126719,1.7294487959906775
126720,1.7742411252167716
126721,1.7491659625277838
126722,1.7499946397463577
126723,1.7700614178999425
126724,1.7326614232866764
126725,1.6903385630518677
126726,1.7110425177114692
126727,1.7476658206939173
126728,1.7767080682865353
126729,1.7763206605924802
126730,1.7911044329702275
126731,1.7713112494456402
126732,1.8246852084405165
126733,1.7842313950073974
126734,1.7647742806533548
126735,1.7438926463090012
126736,1.7309933271320856
126737,1.7973794718479363
126738,1.7646342375182071
126739,1.6836499834338172
126740,1.7655243238026896
126741,1.7486395866092712
126742,1.7528730714994583
126743,1.7449575053098947
126744,1.7448756796055735
126745,1.7438670699886032
126746,1.749237416570785
126747,1.7520162014991405
126748,1.7485101480128664
126749,1.7512703707164683
126750,1.7531618670829772
126751,1.7132744957785564
126752,1.7570292592051329
126753,1.7786900858137151
126754,1.7775103626162287
126755,1.747346909914281
126756,1.7711932813556106
126757,1.7204465698160007
126758,1.7768117013866715
126759,1.7500697927565434
126760,1.718904873843625
126761,1.7258222705545816
126762,1.7345727027149311
126763,1.7693550967233138
126764,1.716071724124192
126765,1.7466089504122413
126766,1.7448447184286333
126767,1.7300371099734486
126768,1.8030162096068283
126769,1.776982352035097
126770,1.7741349748593158
126771,1.7577472009079442
126772,1.776802747990619
126773,1.7487405939500555
126774,1.693733378434269
126775,1.7147857248744387
126776,1.7609665551690816
126777,1.772924798136766
126778,1.79455520254484
126779,1.7686219303382207
126780,1.7294540754194485
126781,1.7481627782164055
126782,1.7990964393210496
126783,1.7654405051235251
126784,1.779361923543181
126785,1.8125208477683403
126786,1.8040984946433045
126787,1.7225714772459217
126788,1.7091184785809217
126789,1.7897622817927195
126790,1.721595042671209
126791,1.776579148778313
126792,1.7804700510443854
126793,1.7593959215447157
126794,1.7419674116985082
126795,1.783288676050433
126796,1.712687933969497
126797,1.7893333064809742
126798,1.7679639387658743
126799,1.833137167762681
126800,1.7700572835177844
126801,1.7628249484238667
126802,1.7382949412023452
126803,1.7401136594440205
126804,1.6701722240985017
126805,1.7679627256405661
126806,1.7838260940169028
126807,1.7921341197136063
126808,1.7474842659761192
126809,1.7258877817813696
126810,1.775560750116317
126811,1.760780305488413
126812,1.793928690390564
126813,1.7671538317599929
126814,1.7686478293707477
126815,1.8315918829795539
126816,1.7565870952337976
126817,1.7331875480436407
126818,1.7713182983498157
126819,1.738506082018735
126820,1.7168045548716313
126821,1.6936966681461123
126822,1.7250794417261057
126823,1.7462653452177315
126824,1.792931984023646
126825,1.7691331507595962
126826,1.7755125612125857
126827,1.7683238211013441
126828,1.7766314004387052
126829,1.7507762198215149
126830,1.726060029813311
126831,1.7759364998632072
126832,1.7676777852096088
126833,1.7138534053995584
126834,1.7767909866795941
126835,1.7756703439640804
126836,1.779140016735072
126837,1.7715157830062993
126838,1.7399268607345937
126839,1.7679812662582093
126840,1.7677673111678656
126841,1.7453026334186452
126842,1.7469840727828423
126843,1.8056233801840793
126844,1.7595682235850494
126845,1.7032455582391546
126846,1.7790269887151977
126847,1.8202501832154254
126848,1.7765498413442837
126849,1.693375818152837
126850,1.751081671696967
126851,1.7804612489553608
126852,1.725614922969692
126853,1.7603020324777598
126854,1.78018393650146
126855,1.7561856782481573
126856,1.713186192662306
126857,1.8095222699955213
126858,1.7697437231322937
126859,1.7388247601253164
126860,1.7287634836951733
126861,1.7814214154305126
126862,1.7491009347247
126863,1.6974742399621112
126864,1.7767132556033665
126865,1.7782074040278855
126866,1.731169053746797
126867,1.7108010204770445
126868,1.7810923802754244
126869,1.7317666201728348
126870,1.711628010720505
126871,1.7363582746790807
126872,1.7192532704665
126873,1.709727185626833
126874,1.7400249214986288
126875,1.7375248146951574
126876,1.7602169742477907
126877,1.7335060039289545
126878,1.793389903365399
126879,1.7186675433584928
126880,1.6671535326398872
126881,1.7176942827045636
126882,1.7520348831139891
126883,1.7055839495029228
126884,1.7186372472206333
126885,1.7358802543608136
126886,1.729278123857427
126887,1.7654640576121559
126888,1.7209847544201229
126889,1.7608313215943594
126890,1.7376179786015757
126891,1.755671818582908
126892,1.793311716731279
126893,1.7456907681388916
126894,1.7029578323637586
126895,1.8000724955045544
126896,1.8020989039403643
126897,1.7613343685320257
126898,1.7563354863090006
126899,1.7432687503320847
126900,1.7631160737782592
126901,1.7178292218291598
126902,1.7794130261965546
126903,1.7423207782702577
126904,1.6907362297812214
126905,1.7647078609274436
126906,1.7423417565255486
126907,1.7814878694608733
126908,1.7220267426073954
126909,1.7535707638202762
126910,1.7444373044138572
126911,1.747370467987489
126912,1.7462126254915293
126913,1.788690318405768
126914,1.8022257210194477
126915,1.7647385582035786
126916,1.7589232787334943
126917,1.7760161853985168
126918,1.740675129614378
126919,1.7370901352343346
126920,1.7561937066983644
126921,1.8316015133272894
126922,1.700668127513158
126923,1.7265133571872957
126924,1.7154254050518782
126925,1.7458106381057104
126926,1.7097096718620184
126927,1.778773124780802
126928,1.784208218799903
126929,1.77240321972676
126930,1.7696492673554987
126931,1.713892938945145
126932,1.804167434474924
126933,1.75776417157216
126934,1.7709942858292196
126935,1.7580473702025476
126936,1.7330070273566096
126937,1.7185403124310012
126938,1.7421151784313895
126939,1.7443582468205328
126940,1.7815234500752186
126941,1.7316851269153435
126942,1.758452587013549
126943,1.764313969729952
126944,1.7547508083538466
126945,1.7249571572674958
126946,1.7109816785823715
126947,1.7561709280359932
126948,1.741245792860463
126949,1.758257931912315
126950,1.7508912285689815
126951,1.6968408836804016
126952,1.7670499845479168
126953,1.7456392659038438
126954,1.7713766804222528
126955,1.724301470297139
126956,1.7281546661386964
126957,1.687168969214178
126958,1.7524177212546752
126959,1.7323120305708395
126960,1.7498230687616927
126961,1.6999855800356467
126962,1.7729523410817276
126963,1.7168359917897096
126964,1.787262683042991
126965,1.7353289715494096
126966,1.7402453938147728
126967,1.776914029868768
126968,1.749122222652513
126969,1.7596834565169432
126970,1.749498856732443
126971,1.7621502668776747
126972,1.8226068783233593
126973,1.7220513412602985
126974,1.7606641168707897
126975,1.76862719358585
126976,1.7072583216955435
126977,1.723547837399966
126978,1.8105776487483636
126979,1.7312779064144568
126980,1.792574570648871
126981,1.719520300811553
126982,1.7659723104898464
126983,1.750800122852057
126984,1.8272005148567216
126985,1.7556105598525171
126986,1.774485412474839
126987,1.7011996865949222
126988,1.773708811469237
126989,1.7512450160766715
126990,1.7426819125838346
126991,1.7274395027182057
126992,1.7488648066292969
126993,1.7501091659807675
126994,1.7390530810720943
126995,1.6923826328503615
126996,1.761959585025396
126997,1.7805605269347144
126998,1.7567847585107597
126999,1.7248149695533506
127000,1.8268754308904653
127001,1.752773858311822
127002,1.7197980722215482
127003,1.766884065840423
127004,1.7515290451189436
127005,1.7372879353618527
127006,1.7812935977394673
127007,1.7133051256322795
127008,1.730593732379989
127009,1.797534605364007
127010,1.7582412294381615
127011,1.7782585595011577
127012,1.745389422420097
127013,1.7933038291431296
127014,1.7300210764827066
127015,1.8030496811004006
127016,1.7597843524157044
127017,1.7465319011228022
127018,1.7440944593292054
127019,1.7502388400588869
127020,1.7354023185745335
127021,1.6881394273869745
127022,1.6930204781310934
127023,1.7622103852118418
127024,1.7036839788345544
127025,1.6729834358062392
127026,1.7730122919091065
127027,1.7876567529339673
127028,1.7636775331255212
127029,1.7199936885251361
127030,1.6826808667585273
127031,1.6958635021388784
127032,1.7366247947231859
127033,1.7226151931965241
127034,1.7493516455351716
127035,1.758559895069871
127036,1.7805740336741538
127037,1.7313986129518522
127038,1.7991204713537579
127039,1.7913761323248376
127040,1.7302889669315231
127041,1.7316553942903092
127042,1.786003942859575
127043,1.7591929279404588
127044,1.7711129992278167
127045,1.783829556315799
127046,1.7590361126862475
127047,1.7476126268087997
127048,1.7614955875714784
127049,1.7488519584090982
127050,1.7296418440557566
127051,1.7089097544389806
127052,1.7501685289631457
127053,1.6746995310748105
127054,1.7369403101467515
127055,1.717740167340543
127056,1.7819046340263307
127057,1.7595960042090724
127058,1.7853248221761056
127059,1.7781707501812059
127060,1.7648575366941706
127061,1.7169989579917515
127062,1.7354342539460648
127063,1.7442715165071545
127064,1.7517172768113534
127065,1.7527884589165859
127066,1.7582340157759888
127067,1.7567319553025909
127068,1.7464184422355415
127069,1.7057826381122752
127070,1.6906348826619875
127071,1.7234922680878075
127072,1.7661676423426949
127073,1.7464539078805728
127074,1.7696400076054881
127075,1.764136748377144
127076,1.7748750862105676
127077,1.7651502512950765
127078,1.8387422391306991
127079,1.7329139885938099
127080,1.7708880304970869
127081,1.7143314719898923
127082,1.7908042734420437
127083,1.7598515488778435
127084,1.715947615383555
127085,1.723620704180617
127086,1.7539230121463212
127087,1.719147988071917
127088,1.7653250685342547
127089,1.7825118414966148
127090,1.7719923108193556
127091,1.7422333781362904
127092,1.7786039685501882
127093,1.709979557562525
127094,1.7668101137138117
127095,1.7005306202215738
127096,1.7163255554486712
127097,1.8070287481932328
127098,1.7340652371184289
127099,1.7815699472657256
127100,1.7043376479035774
127101,1.7079364849633096
127102,1.8084830201702509
127103,1.756005240860915
127104,1.7134737121893246
127105,1.8189470278837683
127106,1.7896129992859577
127107,1.7352042298283115
127108,1.7647686552845605
127109,1.747609642273677
127110,1.7580192122232194
127111,1.7616704145613424
127112,1.749157411472545
127113,1.7392364986852689
127114,1.7499669517909604
127115,1.747672889749161
127116,1.7122706755267008
127117,1.7425221063882905
127118,1.7655498298842793
127119,1.7122927164356045
127120,1.7953090887801997
127121,1.7477764477321895
127122,1.7690830746341886
127123,1.747250138980889
127124,1.754291397556287
127125,1.7212238213966613
127126,1.794677532106201
127127,1.7739538674894917
127128,1.782884697547489
127129,1.7269512202766653
127130,1.757484414862192
127131,1.8063657691682469
127132,1.7752221062329243
127133,1.7583883140637682
127134,1.745713083460712
127135,1.717869573433072
127136,1.6959496184114364
127137,1.7412708887994162
127138,1.7256967407481096
127139,1.740212045328719
127140,1.722194249945343
127141,1.759071994696345
127142,1.7966708416906698
127143,1.7542359234198939
127144,1.8117347522388942
127145,1.7231723143677642
127146,1.689396548094606
127147,1.7027803493877136
127148,1.7612712079811594
127149,1.7962089861144896
127150,1.769170008280881
127151,1.7528426043604242
127152,1.7242714426325676
127153,1.746141041717012
127154,1.7589099555549825
127155,1.7599067497334073
127156,1.6977505200986485
127157,1.690239587023878
127158,1.7559116890228958
127159,1.7346362218917952
127160,1.7896991625613492
127161,1.7877763274018736
127162,1.7761431300776178
127163,1.7047928346866215
127164,1.7121793733366315
127165,1.7754198021022978
127166,1.7562486101360293
127167,1.7694469270625723
127168,1.7183411542184297
127169,1.732632333583968
127170,1.784403978124807
127171,1.770110830380634
127172,1.7339346802629019
127173,1.7249724615985746
127174,1.7052868132715544
127175,1.7218297626087702
127176,1.8021951694045981
127177,1.7228596869297907
127178,1.7784236851430277
127179,1.717354809759383
127180,1.7628930016563067
127181,1.6834370841255413
127182,1.739701496474335
127183,1.7041364123684732
127184,1.7405727992953175
127185,1.7617570771729587
127186,1.765931322866264
127187,1.725356090499171
127188,1.737702141267047
127189,1.773134151037397
127190,1.7535305494421767
127191,1.7794484687937926
127192,1.7384090449692804
127193,1.7160541481690648
127194,1.7238411601937953
127195,1.7643087395731802
127196,1.7239902713535342
127197,1.735172335340822
127198,1.7611548181018302
127199,1.7389186588138226
127200,1.7303464856232722
127201,1.728191925147324
127202,1.7543131873265498
127203,1.7344949350759424
127204,1.7450772913776653
127205,1.74044107032389
127206,1.7668972091265434
127207,1.7486604317165881
127208,1.7289791128293175
127209,1.7849679866223054
127210,1.7131582802310907
127211,1.7556904587461168
127212,1.7668467084915964
127213,1.7684966674745966
127214,1.7364138838514058
127215,1.719251193305975
127216,1.7149891105925088
127217,1.672004975894766
127218,1.7031126389884303
127219,1.7341929075192943
127220,1.7002993127458819
127221,1.7487722391672227
127222,1.7013005621739417
127223,1.6940138056587615
127224,1.7516688117197516
127225,1.7525377124562722
127226,1.7298345920445493
127227,1.7740996827926372
127228,1.7554208642268316
127229,1.71906427603038
127230,1.736118860952862
127231,1.7833892948845251
127232,1.7197900155707124
127233,1.772671544705707
127234,1.764671145303967
127235,1.736611067520497
127236,1.7206364540439485
127237,1.758261403766201
127238,1.7387003501048723
127239,1.782145145087212
127240,1.7685805840496243
127241,1.6969923100995932
127242,1.77583017047371
127243,1.7318380992770281
127244,1.7096845305477362
127245,1.7618203619587285
127246,1.706650536361602
127247,1.7379820179879673
127248,1.7498707990914444
127249,1.7504977895172484
127250,1.7577539672639086
127251,1.6930573909676796
127252,1.7217968192995288
127253,1.7248759631650437
127254,1.717759878188152
127255,1.713814226952465
127256,1.774424249035926
127257,1.7319510151257245
127258,1.7935450441534366
127259,1.7181961795169771
127260,1.7148434185262864
127261,1.7578149352401016
127262,1.7243150319054008
127263,1.715549135610137
127264,1.719676741107503
127265,1.7581889860592903
127266,1.7488345717890672
127267,1.7509944738538021
127268,1.777093874225815
127269,1.736335337212363
127270,1.735113112707807
127271,1.7203719057556692
127272,1.7875642893639607
127273,1.7208555952925426
127274,1.7615128030398657
127275,1.7872826329021363
127276,1.7493680626195443
127277,1.7384814939919548
127278,1.7790003778365002
127279,1.7692631097057152
127280,1.7798188566905715
127281,1.706848032741013
127282,1.7880461681797652
127283,1.7543433873800802
127284,1.7604776009010998
127285,1.7659283742634253
127286,1.7933976301590302
127287,1.7088366992640711
127288,1.7314931519959533
127289,1.7409783980788356
127290,1.7767312432191817
127291,1.7300294106654541
127292,1.7935883710396758
127293,1.7660512873689478
127294,1.7734567793812994
127295,1.6861796333333388
127296,1.770902499274954
127297,1.7111552949377635
127298,1.690752037008157
127299,1.7639715373948963
127300,1.7675114147653146
127301,1.7238227131536923
127302,1.6958422193556622
127303,1.7043445820318572
127304,1.7593012953819218
127305,1.7007539510797707
127306,1.808513311871771
127307,1.72095303995767
127308,1.7380747932709202
127309,1.734512745989989
127310,1.7292796317525487
127311,1.730085137775519
127312,1.7710454984675752
127313,1.723931774749763
127314,1.7160942775539814
127315,1.7544143048500331
127316,1.7480518616295433
127317,1.7344868431440514
127318,1.7979891021812162
127319,1.7176516161708677
127320,1.7172812533795487
127321,1.7179959799348716
127322,1.7568220642957835
127323,1.7143260338812973
127324,1.6882626237010399
127325,1.7215387096317118
127326,1.7270695271800602
127327,1.7085171699477963
127328,1.7903341898088736
127329,1.7428962129828587
127330,1.716024481121646
127331,1.754313112508672
127332,1.6948422336340203
127333,1.7656362659048526
127334,1.7176505288928263
127335,1.7512202124356868
127336,1.7839253679015732
127337,1.6999269962912011
127338,1.7217858284323055
127339,1.7892580312108513
127340,1.7561937691719554
127341,1.7325175458202118
127342,1.7362610659984912
127343,1.743152647284786
127344,1.7444223043750167
127345,1.7039032249342196
127346,1.722289844772594
127347,1.7407911732257146
127348,1.7545317798905316
127349,1.7200940238527558
127350,1.7078543789054197
127351,1.7731713201133885
127352,1.7746236363133727
127353,1.7501021048918506
127354,1.791297249428887
127355,1.7598210136604553
127356,1.7482029091191171
127357,1.7463748905795824
127358,1.719977766802205
127359,1.6896780043212356
127360,1.7520958006785605
127361,1.743952989019071
127362,1.7203028315848143
127363,1.7643062509995049
127364,1.7571378611502333
127365,1.7064238917533243
127366,1.736269438964332
127367,1.7116495195193917
127368,1.7780661277551217
127369,1.7315241910354209
127370,1.7384895977288986
127371,1.6886440838987415
127372,1.7014465287149012
127373,1.762394455157177
127374,1.6881501958422105
127375,1.7413324766606268
127376,1.7622484215979917
127377,1.6975566797316803
127378,1.6960972877443525
127379,1.80577065348873
127380,1.7376248488592911
127381,1.7311398993773837
127382,1.7439202334941568
127383,1.7204915910466074
127384,1.7747546234145186
127385,1.7975909390503932
127386,1.7394332697113746
127387,1.7276335523883601
127388,1.7179091414362007
127389,1.7366323726933501
127390,1.6947929802264414
127391,1.7923841811529857
127392,1.7314771742624733
127393,1.7364693002157332
127394,1.752711176478613
127395,1.6802093732200498
127396,1.72850211913667
127397,1.7188035447650434
127398,1.7754963463888156
127399,1.7257698250350764
127400,1.777350151958033
127401,1.7191777286430412
127402,1.680396351758337
127403,1.7503145527950672
127404,1.7584172898065398
127405,1.702871841516695
127406,1.6838689205815223
127407,1.7256545759000315
127408,1.768933280290797
127409,1.728536835088009
127410,1.7931231826712464
127411,1.774753505460277
127412,1.730963690636
127413,1.737110897369537
127414,1.7464926561948797
127415,1.7355571585713758
127416,1.7438802809348173
127417,1.725918400240135
127418,1.719399153284876
127419,1.7127016656083431
127420,1.6964631275133089
127421,1.72675999955223
127422,1.7788183693619728
127423,1.7937185731069405
127424,1.7625258501224617
127425,1.7430392128393815
127426,1.7610436377313448
127427,1.712908787404476
127428,1.737232016322732
127429,1.7333483873467785
127430,1.7408510590504453
127431,1.7880833739147262
127432,1.7769352968602758
127433,1.7304717657591133
127434,1.7723312830303188
127435,1.705776265937188
127436,1.7414992202088988
127437,1.746956751015667
127438,1.7165240408382105
127439,1.6631255759331542
127440,1.6859375289030176
127441,1.732965441505476
127442,1.7366089865848298
127443,1.7534726358225778
127444,1.7630318992232505
127445,1.7318886083188683
127446,1.7036191327800394
127447,1.7678288118708
127448,1.7511973128026566
127449,1.758790336330165
127450,1.8169188659088396
127451,1.7771931652566277
127452,1.7573007574016033
127453,1.7526199992665363
127454,1.7168248351265356
127455,1.7702023857416727
127456,1.7396378130269672
127457,1.6929933683271043
127458,1.7077999336350238
127459,1.8040492466564244
127460,1.7093820314804247
127461,1.773044626728856
127462,1.7490632140097757
127463,1.691835506229096
127464,1.7526280280545257
127465,1.734942686725218
127466,1.730730123734128
127467,1.767161480407812
127468,1.7796302299828857
127469,1.7225113236377676
127470,1.7655056271030891
127471,1.7879947317596396
127472,1.7758701810855686
127473,1.759225863828982
127474,1.7064216640073633
127475,1.734375091371218
127476,1.7334058519719244
127477,1.7437474467662497
127478,1.7915279582551837
127479,1.7100315904943706
127480,1.7376237187687529
127481,1.8110834467836823
127482,1.773799792893806
127483,1.6931921906113736
127484,1.749619050613441
127485,1.6670604990399702
127486,1.7562433857353477
127487,1.7358796978266295
127488,1.7462047292615983
127489,1.7180605841924619
127490,1.7445198167906997
127491,1.8033232203403913
127492,1.777973571565355
127493,1.7342618916127759
127494,1.712009399021044
127495,1.7300950833582944
127496,1.7287437664340644
127497,1.7229879971177016
127498,1.7277788999742505
127499,1.7176498485042027
127500,1.6855854781622595
127501,1.723805993345271
127502,1.7427841475950152
127503,1.7009177090927725
127504,1.7436504834612179
127505,1.7431427697980886
127506,1.7643076428205124
127507,1.719827818665395
127508,1.7347319880553596
127509,1.7100213011255996
127510,1.790001636966157
127511,1.683558954829572
127512,1.7044850843072732
127513,1.734464376363098
127514,1.7307587650072314
127515,1.753098361407969
127516,1.827381176316613
127517,1.7028880741933619
127518,1.7602165966185364
127519,1.7830113991085539
127520,1.749225735580391
127521,1.7049887188260548
127522,1.7630341476876994
127523,1.765203899625341
127524,1.7404792640670301
127525,1.7575358714601317
127526,1.7134299860168158
127527,1.7768842185014955
127528,1.7080862286202632
127529,1.7097097851703005
127530,1.6785396190501014
127531,1.7439116603196927
127532,1.681902836775056
127533,1.7661258065530148
127534,1.751702268621988
127535,1.673993568008696
127536,1.7406885902574136
127537,1.6760370316783402
127538,1.7287725433275212
127539,1.7831697451826414
127540,1.7180071397426178
127541,1.7365713329844943
127542,1.7701202648266294
127543,1.723944395180864
127544,1.6984325993868445
127545,1.736729604247239
127546,1.7786924389102992
127547,1.7984089308628728
127548,1.7115906276185235
127549,1.6948433095316529
127550,1.751178261864286
127551,1.762842575068338
127552,1.7714898436951296
127553,1.7917389235860552
127554,1.760451941162211
127555,1.774530852801778
127556,1.7108404751921182
127557,1.771061431019249
127558,1.7552099397495609
127559,1.7470170845280766
127560,1.715714945577649
127561,1.7131640809515154
127562,1.765672323370492
127563,1.7331205113974042
127564,1.723143270902606
127565,1.7083718543248851
127566,1.7558365044392683
127567,1.7708843271073316
127568,1.7213429142830208
127569,1.7947957911527241
127570,1.7509129690120997
127571,1.7492346552930729
127572,1.685015957322093
127573,1.682981459847778
127574,1.7389640320458348
127575,1.7500007749715623
127576,1.7474975110651636
127577,1.7329259576720357
127578,1.7413350238509553
127579,1.7357574544983503
127580,1.7241280528116907
127581,1.720810256542715
127582,1.6779871221529608
127583,1.7305974419482286
127584,1.764129130452786
127585,1.7024252533885278
127586,1.7452577326613385
127587,1.7262830815272476
127588,1.7115776052014853
127589,1.7129462538058253
127590,1.7272136553548372
127591,1.7465349816005775
127592,1.7764986924898158
127593,1.7418034649393883
127594,1.7475563305575728
127595,1.729957024017901
127596,1.7565126391532626
127597,1.7506452345446122
127598,1.7247873757763859
127599,1.725306417407
127600,1.722529648335854
127601,1.7249530893054437
127602,1.74886567847431
127603,1.7308317838003509
127604,1.7290385962631014
127605,1.7123704591219038
127606,1.7300425763685716
127607,1.7681897035980816
127608,1.7591677118283984
127609,1.7791415083499442
127610,1.7483519657869042
127611,1.7603181491177682
127612,1.7462867116200647
127613,1.7395409541496596
127614,1.7789668207647127
127615,1.7281435238603595
127616,1.7284322827581418
127617,1.7392036851096166
127618,1.7194436268690034
127619,1.720246453079355
127620,1.682883043646722
127621,1.6984900217296914
127622,1.7483828288409484
127623,1.701335721937076
127624,1.7932411708004352
127625,1.70545134088569
127626,1.71848925395008
127627,1.739097290568481
127628,1.7539126451002007
127629,1.7775602458658586
127630,1.7585154625085748
127631,1.7561799270163243
127632,1.740820345761683
127633,1.7179180094307924
127634,1.738773653063564
127635,1.7812556693598254
127636,1.733137155644609
127637,1.7437884445959009
127638,1.7363034459524491
127639,1.752278071993186
127640,1.7210283238273072
127641,1.7445739499828095
127642,1.7556986152931966
127643,1.7477811468788083
127644,1.7391157561301112
127645,1.7415304070032775
127646,1.7469823301398733
127647,1.7506094694857772
127648,1.7636651969352668
127649,1.7673500089093495
127650,1.7132581335394155
127651,1.6882450869683279
127652,1.7288780522676328
127653,1.7883045025441011
127654,1.781944617177335
127655,1.757489357821533
127656,1.6884454424837794
127657,1.7706977912875326
127658,1.7513289175993147
127659,1.7159652440802506
127660,1.7784186044672832
127661,1.7872715281590439
127662,1.7546034578553895
127663,1.7398181577398963
127664,1.7118166497979044
127665,1.7320267286863082
127666,1.7434819515042699
127667,1.6990597504688822
127668,1.7919625646923893
127669,1.7187856845554463
127670,1.7694639258144313
127671,1.7686956468940584
127672,1.771246670128696
127673,1.737766283679985
127674,1.76636621969117
127675,1.7092623055192018
127676,1.6943315063817814
127677,1.7443374189235983
127678,1.746544851568245
127679,1.756958903417046
127680,1.7190867784774704
127681,1.7132692624499846
127682,1.7488971624742062
127683,1.7017672294355854
127684,1.7606686158173361
127685,1.8079245714445062
127686,1.7284356708353426
127687,1.7352801403601301
127688,1.7423394055058088
127689,1.7476770643005783
127690,1.7098968525695608
127691,1.7337101511387698
127692,1.7745354412187064
127693,1.7619746780553047
127694,1.7232224427147995
127695,1.7005398188945757
127696,1.744993443381965
127697,1.7075064299438723
127698,1.7513542445778782
127699,1.7263342523522631
127700,1.7434259984599298
127701,1.8085793584603025
127702,1.6909282936392884
127703,1.7510207862227452
127704,1.6889921538428976
127705,1.7403582305357794
127706,1.7246958485872455
127707,1.7490273352614163
127708,1.7425520651793553
127709,1.7302198839371576
127710,1.713823546689218
127711,1.767934741058353
127712,1.7701512474961163
127713,1.7400687262366572
127714,1.7739972213055035
127715,1.7059474622618922
127716,1.7273069731242638
127717,1.737074668196899
127718,1.7748274095960048
127719,1.7159355963688545
127720,1.7540976395487256
127721,1.7343172056019267
127722,1.7631357735837996
127723,1.7607817597996398
127724,1.7203726809974185
127725,1.664214941784198
127726,1.782442899724079
127727,1.7412600379987528
127728,1.7569291566708867
127729,1.7083203818242012
127730,1.747998685737329
127731,1.7079401944619979
127732,1.7160011935723205
127733,1.744190127059135
127734,1.769503117878734
127735,1.717036311938
127736,1.7535826127857148
127737,1.7644146179198001
127738,1.7518913539626142
127739,1.7549501117058361
127740,1.7722802756031475
127741,1.7222113188719406
127742,1.7050279885608421
127743,1.7068737254695234
127744,1.7192118121020155
127745,1.7572890753831407
127746,1.764624140046025
127747,1.734639047562519
127748,1.7285385402070754
127749,1.708000042917278
127750,1.732400472198655
127751,1.7580546602615506
127752,1.7190066669894024
127753,1.785674571265172
127754,1.7880949642917863
127755,1.7446047389399069
127756,1.710367731929639
127757,1.7643051189759063
127758,1.7044344477916764
127759,1.756859230359234
127760,1.7707153634170911
127761,1.7251046110104862
127762,1.767674892176219
127763,1.718381656573334
127764,1.7319475370851394
127765,1.6742108006998544
127766,1.7713276219174863
127767,1.7832076764694982
127768,1.7059374552827693
127769,1.7593571298473536
127770,1.7460885746788393
127771,1.7276708386570216
127772,1.6990763610416602
127773,1.7274211723928221
127774,1.6610101161466408
127775,1.7666043393311737
127776,1.714819041408937
127777,1.7446117075403509
127778,1.7341047557587874
127779,1.771656150319205
127780,1.740986983793462
127781,1.7708401067222799
127782,1.7531522562173447
127783,1.7529817308053433
127784,1.8015370762161673
127785,1.7567132540978427
127786,1.706493486557877
127787,1.7664036482466479
127788,1.7234109470699692
127789,1.7549509604531592
127790,1.7838808165099491
127791,1.7526387746349348
127792,1.748215168175163
127793,1.7395874433480432
127794,1.7283666860291873
127795,1.7611866111740113
127796,1.7448227353207066
127797,1.7495739200539029
127798,1.7691257019106965
127799,1.7618240010396726
127800,1.7538330432434368
127801,1.711419708874482
127802,1.724385761022533
127803,1.6926633971774703
127804,1.7450034998905641
127805,1.729261993169728
127806,1.7124718410935997
127807,1.7173474293884619
127808,1.7475527101961523
127809,1.7572747497771533
127810,1.7920096034891735
127811,1.7087512561993343
127812,1.7269124804318134
127813,1.6984841448567545
127814,1.740471853414541
127815,1.6973466052858184
127816,1.7066323967908132
127817,1.7780956531053442
127818,1.7202646561720778
127819,1.7797585771158784
127820,1.7192188607448735
127821,1.7046838396136055
127822,1.683936242256742
127823,1.7358450144157653
127824,1.764506742033687
127825,1.7564174128231336
127826,1.7044676237407055
127827,1.7650860272267617
127828,1.6839683539305048
127829,1.7266314186162013
127830,1.7438491104056573
127831,1.7500894516743115
127832,1.731040978112902
127833,1.7401454191017534
127834,1.750050865636043
127835,1.742376657456441
127836,1.7611386231225343
127837,1.6904486831274177
127838,1.6808608904037023
127839,1.6858207292188934
127840,1.7459160444035964
127841,1.7221673583742747
127842,1.722844495266182
127843,1.6957732892934854
127844,1.7274788099633973
127845,1.7392507232268954
127846,1.7431406574600186
127847,1.682976516019687
127848,1.7827622437718786
127849,1.668180703015204
127850,1.70262801512757
127851,1.7390890867306878
127852,1.726206605227816
127853,1.754812561222278
127854,1.77620567085628
127855,1.7070682398213926
127856,1.7459376720138484
127857,1.77240207811242
127858,1.7480062829933938
127859,1.7580906487668153
127860,1.7362507392524573
127861,1.7336452396253126
127862,1.7371920547848967
127863,1.6793004643476053
127864,1.7223210728182574
127865,1.6980828047314143
127866,1.804336104742041
127867,1.7777771154770312
127868,1.7009350536514314
127869,1.746568121490152
127870,1.7095158884674526
127871,1.7190760051601963
127872,1.740432877443126
127873,1.7268373802662529
127874,1.7181466152185425
127875,1.6992177428825475
127876,1.7072126494049205
127877,1.7256558956581864
127878,1.769776974575693
127879,1.7683578189771654
127880,1.7387081683947163
127881,1.7521668692430619
127882,1.744267774781638
127883,1.770731851338005
127884,1.7408683305035328
127885,1.6940575146851231
127886,1.7504507058188126
127887,1.753749054375594
127888,1.6962720220352416
127889,1.7670165476037674
127890,1.7170023837626023
127891,1.711030238609144
127892,1.749164174672202
127893,1.7501479123246706
127894,1.7393291092182384
127895,1.7625261661349438
127896,1.7374548013750992
127897,1.7109956334940306
127898,1.737471832375296
127899,1.6738331034703449
127900,1.7386593453066592
127901,1.7500620767292996
127902,1.721716675704013
127903,1.6912395514800866
127904,1.754187094448056
127905,1.7304247901884013
127906,1.7898117694917126
127907,1.7136868679567485
127908,1.703058814386583
127909,1.7601486193880689
127910,1.7218007832716964
127911,1.712254764686633
127912,1.6836907779715216
127913,1.7402552451912656
127914,1.715688400628587
127915,1.816888361937733
127916,1.719621159040734
127917,1.7300082455987924
127918,1.7412624072539304
127919,1.7431296293750436
127920,1.7078563947905083
127921,1.7134861450140764
127922,1.7546849339597768
127923,1.6884068352862749
127924,1.7140327237763298
127925,1.7352601034513562
127926,1.6845789436265015
127927,1.7728757464823393
127928,1.7280310799248069
127929,1.7474052840369314
127930,1.7388380200727462
127931,1.7464132149977987
127932,1.693389004195093
127933,1.7459764210454751
127934,1.7562219917040567
127935,1.699780831729003
127936,1.7750425001428967
127937,1.7463744699264487
127938,1.7813557914302427
127939,1.723510155197231
127940,1.7357748392475505
127941,1.6947483481231964
127942,1.7223294214997495
127943,1.7286331525871594
127944,1.7873743155258486
127945,1.7811615477415308
127946,1.7105663629149122
127947,1.729817253467079
127948,1.7487084075892245
127949,1.7466858001028336
127950,1.682556669226867
127951,1.7527350597695905
127952,1.717712883131767
127953,1.7405828762953486
127954,1.7312298317368688
127955,1.7111166302006309
127956,1.6919307943333555
127957,1.7469978470817946
127958,1.7929237349258476
127959,1.7132762215280408
127960,1.7447095690804768
127961,1.7849714018269982
127962,1.7336042409753816
127963,1.721014939156194
127964,1.7270901487234802
127965,1.7533872357247575
127966,1.740596343638397
127967,1.7454485444169723
127968,1.7344916255804568
127969,1.7632706883878968
127970,1.7611324623449096
127971,1.7631069766009189
127972,1.7144818913461024
127973,1.7637484312959057
127974,1.71786833130757
127975,1.7353888945208011
127976,1.6740293163165922
127977,1.7496727522439197
127978,1.7193860714006828
127979,1.7469980361516584
127980,1.7621880897379139
127981,1.7242364163720032
127982,1.7189833219757913
127983,1.719108446552829
127984,1.7124334214573749
127985,1.7364980011346345
127986,1.7441666009540828
127987,1.6838752072855128
127988,1.700506296829955
127989,1.6977647960216373
127990,1.7424990154110656
127991,1.7614328946586348
127992,1.6962461984178787
127993,1.745910083420399
127994,1.7396698879916561
127995,1.72985528862812
127996,1.77501371073273
127997,1.7445937657578574
127998,1.7329440354664805
127999,1.787700801178858
128000,1.7024980872108142
128001,1.7226153392047299
128002,1.6717027008615122
128003,1.7290205717146032
128004,1.7316835819770497
128005,1.7226746928437342
128006,1.7228292716760818
128007,1.7396166866353484
128008,1.706503436916585
128009,1.7601977042220949
128010,1.7458629187081784
128011,1.8011241481834688
128012,1.7229652811522855
128013,1.7168083478728735
128014,1.6887851583779003
128015,1.7137534406035866
128016,1.750644183244174
128017,1.7778102948695194
128018,1.7043358518810405
128019,1.7009784721120684
128020,1.6970205526243791
128021,1.7435244856408676
128022,1.709372741262814
128023,1.7625318051019507
128024,1.7548009539056275
128025,1.7274564876294127
128026,1.6672605632891335
128027,1.8012876097067567
128028,1.772066408614558
128029,1.7498924927923638
128030,1.7575170932465833
128031,1.7374940347214256
128032,1.6948975298284128
128033,1.7291383562281233
128034,1.726575518079736
128035,1.7147082342267244
128036,1.7242485404037504
128037,1.736850167679064
128038,1.7335866881575277
128039,1.7177175808583915
128040,1.799842535790945
128041,1.7180766261695004
128042,1.71129176900102
128043,1.7203343804558613
128044,1.6530921816106392
128045,1.6667290120850295
128046,1.690452330119711
128047,1.7400957232905747
128048,1.681507078453981
128049,1.7963362367455118
128050,1.715526633284718
128051,1.6913309412932274
128052,1.7670987561152438
128053,1.7154269366759651
128054,1.779877429042356
128055,1.6977362226349428
128056,1.6826285192813706
128057,1.683016227082364
128058,1.7594791903670235
128059,1.7048056872962896
128060,1.680310195962466
128061,1.734803603263019
128062,1.7283569500990046
128063,1.7301152660603254
128064,1.7326784692579207
128065,1.783126262078149
128066,1.7010163017112536
128067,1.7098245326321917
128068,1.741848588073951
128069,1.6910964208427355
128070,1.7286238464049746
128071,1.6994390609247485
128072,1.7135469783851425
128073,1.7612759921428494
128074,1.6998039774928402
128075,1.7095526226014945
128076,1.7567588768629916
128077,1.6884908607543627
128078,1.7471332137034667
128079,1.6991121211593028
128080,1.7191582538788948
128081,1.7264367581226945
128082,1.760271708341568
128083,1.723771524135999
128084,1.7502525931263206
128085,1.716137642581985
128086,1.7511705702804607
128087,1.7010324631892004
128088,1.6934320744606668
128089,1.6824794004396004
128090,1.746072899612269
128091,1.7273514551474198
128092,1.705130927430621
128093,1.715572440402638
128094,1.7232503804513373
128095,1.6925851419378282
128096,1.7064675904224307
128097,1.7493579118718134
128098,1.6752671142331539
128099,1.7289679276209724
128100,1.7165429189873094
128101,1.742190314210049
128102,1.709230119606614
128103,1.7484049978442606
128104,1.693622340571037
128105,1.7443169896089872
128106,1.7574397670251625
128107,1.7234909380351457
128108,1.7461396807157485
128109,1.7808862941282722
128110,1.793768978857083
128111,1.7412389545445606
128112,1.7464776335026386
128113,1.7497609481504475
128114,1.7792745601453237
128115,1.6884505833220584
128116,1.6780827341945408
128117,1.7450036433762535
128118,1.6967894718643717
128119,1.729261754916328
128120,1.7020134600575891
128121,1.735508387158558
128122,1.7232100314083154
128123,1.7445360381501818
128124,1.7536547010122234
128125,1.7106139090102415
128126,1.744104740977321
128127,1.7143142668256528
128128,1.6851015157919205
128129,1.7284326219752573
128130,1.7618209841931536
128131,1.7206195665935802
128132,1.746390004590754
128133,1.6676908097712613
128134,1.759724586120319
128135,1.7534720689422676
128136,1.7683995849304925
128137,1.7793341640680607
128138,1.7143505854881782
128139,1.745768035075595
128140,1.7284789075660756
128141,1.6990982596360014
128142,1.7758355486772235
128143,1.6731848551636523
128144,1.7181926556283866
128145,1.6918028704639256
128146,1.7649441788719544
128147,1.7746022149966572
128148,1.736067133956232
128149,1.7108070411987812
128150,1.7068840769380327
128151,1.7211644386345561
128152,1.7561764167753666
128153,1.713917686120526
128154,1.7482926832192223
128155,1.7972764586744143
128156,1.757205923877148
128157,1.7816702649233336
128158,1.7126107678496783
128159,1.7277508301497722
128160,1.7467445394532937
128161,1.6894992208016997
128162,1.8089518146171348
128163,1.702750738964153
128164,1.7593921458530013
128165,1.7351440747037536
128166,1.7238332154227793
128167,1.7121136899770208
128168,1.6757573308651232
128169,1.7519067183758934
128170,1.7495287232984036
128171,1.7107984695299576
128172,1.7377016697075165
128173,1.744135952534955
128174,1.7486812841375268
128175,1.7243142559236622
128176,1.7503394385101285
128177,1.7672842817524206
128178,1.7068518807880775
128179,1.653254067423618
128180,1.70595854162088
128181,1.7474716814780893
128182,1.7075247513629253
128183,1.7595237340769097
128184,1.727391480412648
128185,1.7221471655068106
128186,1.692488449955076
128187,1.639013294490359
128188,1.709513062462442
128189,1.760315893200319
128190,1.6966682424623463
128191,1.7237548862727177
128192,1.7394418232487403
128193,1.7278938993119428
128194,1.7336626993595377
128195,1.6891691205354034
128196,1.7372861806081583
128197,1.7093961202316081
128198,1.7013040323042898
128199,1.7828235366734224
128200,1.7097807610439155
128201,1.68484597584877
128202,1.7499129716741362
128203,1.7236768927423425
128204,1.773499931675231
128205,1.7487348296531955
128206,1.6881990775563824
128207,1.730436223757073
128208,1.7500599357036999
128209,1.7417368890262326
128210,1.7005409184453013
128211,1.7396302694311232
128212,1.7354468814687425
128213,1.7412364478520246
128214,1.729623872649208
128215,1.690994556634961
128216,1.7503930519270823
128217,1.7424804016202744
128218,1.7091588717065833
128219,1.7703835740530922
128220,1.7342492701887144
128221,1.7426842965170566
128222,1.6776671700212447
128223,1.7226045804266228
128224,1.7253824314686135
128225,1.7192813595064957
128226,1.7244099238683226
128227,1.7461341766244565
128228,1.7174635272260825
128229,1.7112693633977583
128230,1.7580955359313795
128231,1.7337058370072593
128232,1.6946448466560347
128233,1.7088308081246977
128234,1.7326047032290381
128235,1.7184479983521388
128236,1.6994212795005035
128237,1.671209380585975
128238,1.6861277146537597
128239,1.7736149362912714
128240,1.7882745441883297
128241,1.672381467702207
128242,1.71106160807362
128243,1.6944484724491975
128244,1.6799305374486937
128245,1.7523843030804578
128246,1.6786317060093736
128247,1.6761977006303876
128248,1.6972019386329724
128249,1.7535552427758256
128250,1.703093319245077
128251,1.6756982419822044
128252,1.6992309401156542
128253,1.761230943934968
128254,1.7516778582970394
128255,1.747874276627652
128256,1.6765257244478216
128257,1.7399107996494383
128258,1.7313793298814397
128259,1.6636766619403613
128260,1.7344446446937647
128261,1.6902614379488428
128262,1.7612237720792594
128263,1.707501970651122
128264,1.6886666070829373
128265,1.7367669311361493
128266,1.6810883453757401
128267,1.7095725158720665
128268,1.739293597821504
128269,1.6868376154387232
128270,1.6449513055880305
128271,1.7638356651780016
128272,1.6772646187303664
128273,1.6906367587516433
128274,1.722491981283899
128275,1.6839452417884815
128276,1.727040317421628
128277,1.7842861432203883
128278,1.7000466744389116
128279,1.7768419511099398
128280,1.7354672731436067
128281,1.7063441208813312
128282,1.7402005163478662
128283,1.71459223741315
128284,1.7217819980599705
128285,1.7425713906246407
128286,1.7630016553629235
128287,1.7455028983386662
128288,1.7040276204790115
128289,1.738227912855809
128290,1.7279936670950558
128291,1.7359890238984668
128292,1.7374182432235548
128293,1.7194092400806764
128294,1.7215754197561863
128295,1.7592984664179607
128296,1.7238569922603355
128297,1.720524864435752
128298,1.7166630265372518
128299,1.7294616261655889
128300,1.728879044255781
128301,1.658336978154209
128302,1.763345814680438
128303,1.744223279523615
128304,1.7293885487670495
128305,1.7113559458373624
128306,1.7406618037652506
128307,1.6977727285714128
128308,1.6764924342812804
128309,1.7014824363553465
128310,1.7286619255608715
128311,1.6944328218851104
128312,1.6915732684530274
128313,1.7649081312897246
128314,1.7301174790220772
128315,1.7024702593040033
128316,1.7640681037836656
128317,1.7433599993471924
128318,1.7170000303095894
128319,1.700717690752547
128320,1.7136390018639458
128321,1.6898628744491264
128322,1.668918999824793
128323,1.7299495227744626
128324,1.732618068026359
128325,1.7426591336524928
128326,1.72819525737888
128327,1.7181171890583784
128328,1.7703125497814534
128329,1.6848224528114009
128330,1.7510296935908913
128331,1.7188609395009593
128332,1.709111482976346
128333,1.7157749187039328
128334,1.7438581915738998
128335,1.688776630425712
128336,1.7372655764196763
128337,1.761292114315166
128338,1.7767837342504105
128339,1.7223767077516003
128340,1.7257007336811103
128341,1.7081146827611375
128342,1.7167560323594275
128343,1.7147536169909325
128344,1.6951549098930165
128345,1.6880462345922855
128346,1.7119496464879667
128347,1.7691003441009843
128348,1.7644311792226928
128349,1.7437823611033305
128350,1.7275525132656764
128351,1.6925216517159356
128352,1.7160280266948158
128353,1.7384916747228263
128354,1.717584411041691
128355,1.7348606780563405
128356,1.7189089221305522
128357,1.6857202708928047
128358,1.7437333033442874
128359,1.7048525535613543
128360,1.7649811109620261
128361,1.68310499021564
128362,1.7198514488872474
128363,1.7173071298452098
128364,1.7160036556261307
128365,1.6863299207417672
128366,1.7070264621757114
128367,1.6878715737279486
128368,1.7223916007500382
128369,1.7618378891999191
128370,1.7517840769155375
128371,1.756517842934718
128372,1.689375999831694
128373,1.7614594793615386
128374,1.7561815038924082
128375,1.7385881117232787
128376,1.7361371418157183
128377,1.7285800696474614
128378,1.7272594644102741
128379,1.7329078667103988
128380,1.706332930455991
128381,1.743825674612947
128382,1.7904451518586681
128383,1.750073506432431
128384,1.7016527720231691
128385,1.7645879231288406
128386,1.7366436634759816
128387,1.7257336887563488
128388,1.6814410249358893
128389,1.7408142871099945
128390,1.7680664975543705
128391,1.778222446000078
128392,1.727718186277674
128393,1.7266249868917354
128394,1.7244461597563387
128395,1.7244834257794333
128396,1.713758851824253
128397,1.7479961663728993
128398,1.7370420195253522
128399,1.7185606870296268
128400,1.7754963081047785
128401,1.7359269500986276
128402,1.6885545231261923
128403,1.7651887905977401
128404,1.7398221874782451
128405,1.7352697903750753
128406,1.6703217992108836
128407,1.755736063489075
128408,1.7398609036647217
128409,1.749919070470149
128410,1.7938758158972237
128411,1.6947041099661495
128412,1.741271055501363
128413,1.7110915630702443
128414,1.7541813255041223
128415,1.785996612919985
128416,1.759450701804496
128417,1.7686674779477638
128418,1.7375646771954634
128419,1.7376457316975906
128420,1.7022935535253478
128421,1.6798192836070915
128422,1.7351489269560725
128423,1.748147389082503
128424,1.692189251347937
128425,1.720859297903735
128426,1.7447348292980078
128427,1.7466696163424815
128428,1.777040891960843
128429,1.710738043312231
128430,1.699338121206709
128431,1.7154912562157947
128432,1.753663841780449
128433,1.7673352124386807
128434,1.6807887065278881
128435,1.6947087064856157
128436,1.7332242212784805
128437,1.7426102805998356
128438,1.713670101492187
128439,1.7404703048012335
128440,1.7238826724459284
128441,1.7182958670003956
128442,1.7195058308369076
128443,1.735385476562384
128444,1.6954657690873702
128445,1.7425633142773578
128446,1.7094429819883357
128447,1.6982651240240076
128448,1.679108091337381
128449,1.694970221329582
128450,1.6911287198092546
128451,1.7238066027030605
128452,1.7230172124821874
128453,1.675549734085799
128454,1.7532257912482747
128455,1.6931052421971744
128456,1.698275081666212
128457,1.7061687033067319
128458,1.8130223484260461
128459,1.7332981875502924
128460,1.7204786079341448
128461,1.7573804533964978
128462,1.716443366805976
128463,1.7396690387570297
128464,1.6829594146550406
128465,1.6825149725429618
128466,1.6803154937550193
128467,1.7249170571370938
128468,1.728307270653681
128469,1.7441047415039423
128470,1.6771247817803951
128471,1.6454959736973407
128472,1.6896861718495682
128473,1.7433005225583258
128474,1.68118131664691
128475,1.7706135149825277
128476,1.6969218789996867
128477,1.7284277465692806
128478,1.679253146949638
128479,1.7279711283086268
128480,1.767016363878694
128481,1.6477987310838014
128482,1.7066117953069133
128483,1.7582885565396007
128484,1.6961403139820752
128485,1.6734625943263965
128486,1.732381224506965
128487,1.750959085978415
128488,1.646548138296788
128489,1.7690507911869113
128490,1.667320993781824
128491,1.7091881872694215
128492,1.7319118142305985
128493,1.7151068708796153
128494,1.7661070177969886
128495,1.6865174782976344
128496,1.7238540162852296
128497,1.7547327859689836
128498,1.7226854437916719
128499,1.7000992732237419
128500,1.7480606267023513
128501,1.7357196088243534
128502,1.7316301896021995
128503,1.6740180744158397
128504,1.6622978940453383
128505,1.7780021294966164
128506,1.7370411061684266
128507,1.7346518144020584
128508,1.657402100370226
128509,1.7354052221303546
128510,1.7469316220257005
128511,1.7442886384110605
128512,1.7431539340679032
128513,1.663315348252261
128514,1.7560831961386734
128515,1.7272887484201656
128516,1.6907184990489472
128517,1.716805726781966
128518,1.712513655155354
128519,1.7530958494538327
128520,1.6999402519340454
128521,1.7502147781412467
128522,1.684208363057298
128523,1.7208569452135474
128524,1.7035322505799546
128525,1.7835622823262864
128526,1.6811849206786607
128527,1.6882116199705837
128528,1.7527813619070676
128529,1.7287688393409602
128530,1.689270778377444
128531,1.717449186430443
128532,1.7826688627723644
128533,1.7267187799011954
128534,1.6923361846659395
128535,1.7164006068736133
128536,1.6856000208779325
128537,1.7403144353715667
128538,1.7072125568317802
128539,1.7612920551428326
128540,1.6814043652936979
128541,1.68482346516967
128542,1.7082770919344978
128543,1.7222350194073506
128544,1.6987143155244506
128545,1.711454107400634
128546,1.7176077265952057
128547,1.7493367654000915
128548,1.6548275323384867
128549,1.6798664629632285
128550,1.7721826381832584
128551,1.7353387068896697
128552,1.6736595435061121
128553,1.6911991692231123
128554,1.7051696186524685
128555,1.701700506245759
128556,1.7249457196538323
128557,1.7620835485248085
128558,1.7240415815445973
128559,1.7023657278382867
128560,1.6693200573330718
128561,1.7497640978282536
128562,1.7277531375843862
128563,1.7181360345962633
128564,1.6992116088680824
128565,1.699808792403479
128566,1.7250623150575761
128567,1.720365005505517
128568,1.639068110429299
128569,1.7157137641533764
128570,1.6907584882100082
128571,1.7180852783936995
128572,1.6805413631367543
128573,1.7134717013094394
128574,1.6676441608583283
128575,1.669098871181581
128576,1.6866414574593613
128577,1.6997038370084836
128578,1.7022146556566071
128579,1.6880769902134158
128580,1.702718075682003
128581,1.7265426671480968
128582,1.725213911500005
128583,1.7240184838114672
128584,1.6900356714242688
128585,1.7411325365447834
128586,1.6906471702925094
128587,1.720534832295654
128588,1.6869697326041508
128589,1.7361457141632883
128590,1.6964865913702778
128591,1.7053290275240283
128592,1.735580461855266
128593,1.6846933521805367
128594,1.6958406139603062
128595,1.7793031453491572
128596,1.7307312593083244
128597,1.6552074322495975
128598,1.69136246664878
128599,1.7266455826733964
128600,1.7150966505078753
128601,1.7432787588771148
128602,1.75963373200745
128603,1.6944505144464843
128604,1.7164040447041666
128605,1.6944172596754892
128606,1.7203617024869382
128607,1.710128323376048
128608,1.728463256805183
128609,1.673789963826229
128610,1.7285874666886087
128611,1.7091287465078142
128612,1.7014619051514694
128613,1.7243321260673115
128614,1.7596978952695015
128615,1.703615166952147
128616,1.7188312598461024
128617,1.6781202193437117
128618,1.7049586494628233
128619,1.7924541653830421
128620,1.7111730403055558
128621,1.6702327690097312
128622,1.7045526614360964
128623,1.6788564415427396
128624,1.6755808123913194
128625,1.697261662352831
128626,1.7162307244146888
128627,1.6872637991220931
128628,1.7210406950577786
128629,1.7046444765268307
128630,1.6796822879974849
128631,1.6834442304048753
128632,1.6919580659824196
128633,1.7022278024297708
128634,1.7220545484639986
128635,1.746823717559792
128636,1.6840599414178228
128637,1.6963147763610542
128638,1.720593871536822
128639,1.7687928838535163
128640,1.6890244040481739
128641,1.7000165694560398
128642,1.7363195165644343
128643,1.7373978925289555
128644,1.7634510878456382
128645,1.6980659490672099
128646,1.7692011997736559
128647,1.693342654014897
128648,1.7076224384358367
128649,1.7193948765070621
128650,1.7333699750578075
128651,1.7145811449457762
128652,1.6753121785907625
128653,1.6799028511591292
128654,1.7222699387151041
128655,1.7204455844896185
128656,1.7410500996834009
128657,1.7282676902851646
128658,1.741989269441433
128659,1.675670422669309
128660,1.6754599327740916
128661,1.7057924585019981
128662,1.7563978921567485
128663,1.7324317333671042
128664,1.7042270663049865
128665,1.690290001975012
128666,1.7277744540703055
128667,1.6689481069693657
128668,1.6899009762522914
128669,1.720793402478944
128670,1.7513510171403033
128671,1.733164857985233
128672,1.7189493557578106
128673,1.7562536257608468
128674,1.7166126748062194
128675,1.685659895582254
128676,1.7060907856258511
128677,1.7294307516688716
128678,1.7247123642135986
128679,1.6791186870446935
128680,1.713505538352678
128681,1.7105908553269353
128682,1.6722977552182827
128683,1.7107381948687193
128684,1.7347250397485627
128685,1.6880710861178865
128686,1.7714473141571527
128687,1.7494397804180646
128688,1.7534099651607358
128689,1.7440940412243708
128690,1.6808108924817107
128691,1.7375553730238513
128692,1.6968677355358606
128693,1.756836476400116
128694,1.735412037288895
128695,1.715296161272748
128696,1.7017314279498843
128697,1.7519927460348028
128698,1.695257258744505
128699,1.6885732506250823
128700,1.749975919158635
128701,1.714703778611835
128702,1.755182417271696
128703,1.7115885648378961
128704,1.729146987614346
128705,1.7245908413524593
128706,1.7408021999240864
128707,1.7039558345545474
128708,1.724951061835645
128709,1.7536141085593142
128710,1.7217125269730609
128711,1.7292582990526748
128712,1.7173798985464634
128713,1.7104283790990935
128714,1.7526613919714864
128715,1.6768063545956082
128716,1.6714797015996452
128717,1.7203443700178644
128718,1.724626305402958
128719,1.6648147389737615
128720,1.6973969294458915
128721,1.7279001633652566
128722,1.710730983813497
128723,1.707930329590684
128724,1.7086851716351603
128725,1.7253328042705083
128726,1.6903398754380863
128727,1.7099357432608353
128728,1.6873820979547052
128729,1.736743323665244
128730,1.6990657101306599
128731,1.68216925454226
128732,1.7091886368080003
128733,1.6937836034202798
128734,1.7598950087434357
128735,1.7574671018402557
128736,1.645640271803431
128737,1.668702089628842
128738,1.7108390399742222
128739,1.6988206654873284
128740,1.6748586983659048
128741,1.7122332879100624
128742,1.6734734228946242
128743,1.7227052096725726
128744,1.763367871074448
128745,1.665358759322055
128746,1.6976510809606067
128747,1.7088901876092912
128748,1.6902363332581773
128749,1.685134774158346
128750,1.7129080180957499
128751,1.7388713822082678
128752,1.7018130069473731
128753,1.6791393630046194
128754,1.7474018188559182
128755,1.7096009020368421
128756,1.7434140790151362
128757,1.7402338463421314
128758,1.7121298516958454
128759,1.7027814671579014
128760,1.7131367396659103
128761,1.6883377984422134
128762,1.7146975925767063
128763,1.7799034763834256
128764,1.7272110989643563
128765,1.735818523111086
128766,1.7189307950898918
128767,1.7223523371910845
128768,1.7131840435742145
128769,1.7649040260755575
128770,1.7047301396392642
128771,1.7419203134896635
128772,1.7177698229038458
128773,1.686887852698547
128774,1.7461024869654171
128775,1.7096129960571183
128776,1.7216569891046978
128777,1.7126847299497534
128778,1.7210686760345142
128779,1.7209400585631696
128780,1.7213360885491602
128781,1.7512205966613874
128782,1.7200158611086294
128783,1.739268753740351
128784,1.675065635515217
128785,1.7185117515008088
128786,1.7053153498840237
128787,1.6898201150446313
128788,1.7494086175605388
128789,1.7062207526074282
128790,1.6803909488568216
128791,1.7350216864073869
128792,1.7420546951178608
128793,1.730182940265583
128794,1.7241812917523158
128795,1.741349805208422
128796,1.7209997640723695
128797,1.6895518366504871
128798,1.7011048894068588
128799,1.7333814604574702
128800,1.730258193446683
128801,1.6671265559152106
128802,1.6705665349178744
128803,1.6556823202622386
128804,1.7128349494894186
128805,1.6857196729509651
128806,1.7296323582937654
128807,1.7000883574534476
128808,1.7789580044893676
128809,1.727401129398277
128810,1.7431203808561262
128811,1.7062574044611691
128812,1.7277062867438882
128813,1.7411830296268882
128814,1.7369419123450873
128815,1.673797307249138
128816,1.7294321784453042
128817,1.7285568717142663
128818,1.7526734816616862
128819,1.7161801289850487
128820,1.6634591290544438
128821,1.7140637224780244
128822,1.6697183257061237
128823,1.6858080415044123
128824,1.7256695760964953
128825,1.6744953206589686
128826,1.744055802927258
128827,1.7062049412239635
128828,1.7025451436241275
128829,1.7326487184702253
128830,1.7253673035481443
128831,1.7454805733300325
128832,1.639053336388161
128833,1.6550447720444155
128834,1.7204941997297998
128835,1.6769393784006181
128836,1.7022599047870586
128837,1.6627570623589578
128838,1.7660815868462023
128839,1.6548057244493515
128840,1.7188036115255545
128841,1.7993364878011806
128842,1.670209258134443
128843,1.6700012115876974
128844,1.7335250020936928
128845,1.7261324911820652
128846,1.67138751515713
128847,1.7703852697082305
128848,1.6687674888047102
128849,1.7686039864059326
128850,1.6838722492788742
128851,1.665917162786283
128852,1.718922928126149
128853,1.6983570580171246
128854,1.7376861126481733
128855,1.724634883643247
128856,1.70458975206041
128857,1.6609569184991282
128858,1.7561445160581697
128859,1.7247404720853983
128860,1.7538961728888398
128861,1.6654478536485937
128862,1.7678977528634285
128863,1.7241525569395446
128864,1.745347876220039
128865,1.6791211600051519
128866,1.7539294137535526
128867,1.7361269011550498
128868,1.6863493751337804
128869,1.7621007811090323
128870,1.753472142081263
128871,1.700499394877622
128872,1.7334935291387006
128873,1.6986946968550825
128874,1.701994915795626
128875,1.6901432933163731
128876,1.7155742338195212
128877,1.740021368833979
128878,1.6867128545744368
128879,1.7080723305669911
128880,1.7484796057396252
128881,1.7464432261083098
128882,1.7323296680948221
128883,1.6876445996106397
128884,1.7097888246486332
128885,1.7280816072280059
128886,1.6927687544675505
128887,1.7212265775601248
128888,1.6626851815528418
128889,1.6876096666920803
128890,1.7135826638659717
128891,1.7065421854572325
128892,1.7520195592278953
128893,1.7409270060416762
128894,1.7052778162296234
128895,1.6706914166604818
128896,1.7924389786660846
128897,1.7311835920303225
128898,1.7329529095965037
128899,1.7006265042066182
128900,1.6730534877641017
128901,1.71906032027224
128902,1.7164609597123721
128903,1.7020490293855237
128904,1.7376524639485937
128905,1.6999439531112202
128906,1.7501302697102605
128907,1.7063288274448665
128908,1.77301865960722
128909,1.6862272688715807
128910,1.7232243555826365
128911,1.690413728821244
128912,1.6910301542422619
128913,1.689863220509576
128914,1.7746699461820474
128915,1.6988308823983824
128916,1.6646007130971656
128917,1.7505998521364903
128918,1.7173174759491334
128919,1.6945035630093477
128920,1.699467659324407
128921,1.6862710212765488
128922,1.70188938798672
128923,1.70435098130812
128924,1.6914458231443068
128925,1.7287601994841548
128926,1.7268330541178776
128927,1.7309257367489967
128928,1.7319605383160743
128929,1.6411413430118285
128930,1.6914168509759608
128931,1.7306814777332644
128932,1.7340700134297502
128933,1.7296488976429936
128934,1.729225753606185
128935,1.7070305203647065
128936,1.6820819870978587
128937,1.7190804685079628
128938,1.713860722194951
128939,1.6969813170274346
128940,1.7113645095515093
128941,1.7543516378950754
128942,1.7259685057700043
128943,1.6464903139547433
128944,1.7416414509367701
128945,1.6922221553525953
128946,1.7160304407421112
128947,1.7027490919557602
128948,1.720378437730282
128949,1.7308570124882308
128950,1.7092393306933045
128951,1.691775968062042
128952,1.7147086028824603
128953,1.7097287584539336
128954,1.7282922546149937
128955,1.6757325901646007
128956,1.6471811050453165
128957,1.672369408434607
128958,1.6991513033416585
128959,1.687136807249142
128960,1.6748218012266582
128961,1.7183821810862512
128962,1.7229815581880803
128963,1.6995487251679018
128964,1.732351849043007
128965,1.6929357683198414
128966,1.7032125278487267
128967,1.7193008329341424
128968,1.7627151480455598
128969,1.7399611932239911
128970,1.7178857402413528
128971,1.7213224445068285
128972,1.7066763267668543
128973,1.7176234182632493
128974,1.6614014313873047
128975,1.6950610924232197
128976,1.6616681541873566
128977,1.7454466338189307
128978,1.6975273786506957
128979,1.7049687288935942
128980,1.7065571611610306
128981,1.6581944541839682
128982,1.7606611842046953
128983,1.7354231561699898
128984,1.7400375541070352
128985,1.732584473495378
128986,1.7213818125860414
128987,1.6996145060096288
128988,1.7290923422278381
128989,1.6966687843592643
128990,1.6909901810483081
128991,1.7354915980470815
128992,1.765000428255507
128993,1.7534938770582267
128994,1.6504798730942538
128995,1.6882253144506332
128996,1.7323005663908162
128997,1.670560381513372
128998,1.679171239211507
128999,1.6931171663111377
129000,0.05281044601744348
129001,0.10187256837223665
129002,0.09109076735999419
129003,0.05261382091442056
129004,0.040809479820939805
129005,0.13249730305650645
129006,0.04516887652406149
129007,0.06863320972370306
129008,0.09202499631013952
129009,0.08296405243281249
129010,0.10778154985159136
129011,0.04341696749382331
129012,0.09775987672995276
129013,0.0943911591258906
129014,0.06443107305144598
129015,0.05032479707429687
129016,0.11513230554301966
129017,0.06897988049458513
129018,0.03840692110819419
129019,0.03131942363848137
129020,0.11977351658711596
129021,0.12173281747029112
129022,0.10136299984529686
129023,0.09535449715198395
129024,0.00994851163719837
129025,0.11262753031823435
129026,0.10723593624084324
129027,0.06530455911416115
129028,0.0790935238575183
129029,0.1399066976533051
129030,0.06136908328464013
129031,0.08630316170833163
129032,0.05842982646199055
129033,0.11262306314324806
129034,0.05453531232389148
129035,0.09889626301889738
129036,0.0029447763977922814
129037,0.09046216294920552
129038,0.09039179091580322
129039,0.0933896638677427
129040,0.10689878490907452
129041,0.11519806753699405
129042,0.09354954939596438
129043,0.10670669111357647
129044,0.12574014785062235
129045,0.11416845267011533
129046,0.07208176422347295
129047,0.09349172135613715
129048,0.09716487285390253
129049,0.12487069084282791
129050,0.07749571984720814
129051,0.08070721337471631
129052,0.11975916589565994
129053,0.10731446543621047
129054,0.12933834087762336
129055,0.1435647262659806
129056,0.13547192687622855
129057,0.0834944660898096
129058,0.08806094564142863
129059,0.08690078447193554
129060,0.08298780166334144
129061,0.09612058199872987
129062,0.13670943222193982
129063,0.09031921371617661
129064,0.0785861783722081
129065,0.11629942320101973
129066,0.10352116064559658
129067,0.14527424819529736
129068,0.1356022040205573
129069,0.10733486300790834
129070,0.11537820658466745
129071,0.04823162045714865
129072,0.08611410333838927
129073,0.14888906754156364
129074,0.08369001244912665
129075,0.11213575016051758
129076,0.06790117653077436
129077,0.05768417758658087
129078,0.08161939038951867
129079,0.03317225337288092
129080,0.11143074944766466
129081,0.1296705407460373
129082,0.0797507302093495
129083,0.12404331415675317
129084,0.08289884474284014
129085,0.059359531624803744
129086,0.09487806296108085
129087,0.11688341808893034
129088,0.10998036839073039
129089,0.08725229683002096
129090,0.08722754623529988
129091,0.13909496634634283
129092,0.04750230317819083
129093,0.137795476923191
129094,0.12274886514115238
129095,0.056354761138563685
129096,0.12231530983498393
129097,0.11951487129587858
129098,0.13667842717069967
129099,0.11555278055476137
129100,0.11155443180324158
129101,0.07505608108429318
129102,0.09366044817860374
129103,0.146257213550389
129104,0.1137208323069584
129105,0.12422333997000148
129106,0.030149187312399225
129107,0.174539597010476
129108,0.1049771970221644
129109,0.1202598567858853
129110,0.07052269668828232
129111,0.14670372621514857
129112,0.12492154765328219
129113,0.10773858160876582
129114,0.13329408370448081
129115,0.14357389357866823
129116,0.1204832895801681
129117,0.08874316663916038
129118,0.10311364400964357
129119,0.12008426285232213
129120,0.09277020375125028
129121,0.07338157915288722
129122,0.0886882280335643
129123,0.12523991722898783
129124,0.13276183124139468
129125,0.15857983476117393
129126,0.10035863523731056
129127,0.12966791944956643
129128,0.07137793536177048
129129,0.08164756337662929
129130,0.11570050743893817
129131,0.07937952706700416
129132,0.0938522441882856
129133,0.12497268723939124
129134,0.19982358336717493
129135,0.12831651793420285
129136,0.1280688803186493
129137,0.16689420402017727
129138,0.12455283673278696
129139,0.1516779093771084
129140,0.09243140235525107
129141,0.09255329369563246
129142,0.1423955814180362
129143,0.10354944823490614
129144,0.14198097984314467
129145,0.1445018887117861
129146,0.08712417699664049
129147,0.14475958562001345
129148,0.16104333385150965
129149,0.12944505323523198
129150,0.10846826057074391
129151,0.11881934767307151
129152,0.13123425730495855
129153,0.11359832886046542
129154,0.12453341840708604
129155,0.17782873740824384
129156,0.13360494730453978
129157,0.12509288193348203
129158,0.1501910331427077
129159,0.12663906967146818
129160,0.10517304835614033
129161,0.10603589850519964
129162,0.09935485097455644
129163,0.0909145295428413
129164,0.15630535746138377
129165,0.11175090676601189
129166,0.12896444350968622
129167,0.08360760341183152
129168,0.13884555348469813
129169,0.1155936508397211
129170,0.13475052746075356
129171,0.15352264663103343
129172,0.12716057479952364
129173,0.09533667907336574
129174,0.08815013670203839
129175,0.16505489668438061
129176,0.08748774487481084
129177,0.11683553780931505
129178,0.1737937835183646
129179,0.1015355493902387
129180,0.11435105012576954
129181,0.11484805618450487
129182,0.16615637292873575
129183,0.11943037118390998
129184,0.132883394359871
129185,0.1549128024291127
129186,0.13353450521909638
129187,0.09842742642547199
129188,0.12387644456556907
129189,0.1384100656007526
129190,0.1805769744463097
129191,0.09264945385255595
129192,0.12050208312051013
129193,0.12893264758849046
129194,0.17894331344007341
129195,0.16015062594885895
129196,0.07082791229384562
129197,0.1086896695140991
129198,0.12973327099539222
129199,0.10849803259464283
129200,0.13613717275227533
129201,0.11982795950611697
129202,0.07445348389631476
129203,0.09146153747324068
129204,0.09124351308651757
129205,0.10004582430951911
129206,0.15524596910222213
129207,0.16090907869425558
129208,0.13039601914379845
129209,0.13225512791957247
129210,0.13959332549425787
129211,0.12996758724051707
129212,0.10561307647592826
129213,0.14389936522419833
129214,0.16507352511553786
129215,0.12889573350526268
129216,0.12933063733954703
129217,0.12226379567551236
129218,0.13083690559269492
129219,0.1601272925008242
129220,0.0954943359324419
129221,0.18811826930662248
129222,0.11874567961314264
129223,0.11764041895344478
129224,0.1421959778200583
129225,0.11247636275747447
129226,0.13956272282512594
129227,0.061907068696168646
129228,0.15686558804155543
129229,0.11560209440935612
129230,0.11565042826535056
129231,0.07364371604302503
129232,0.1283967202864992
129233,0.10421410367279081
129234,0.13745627055026782
129235,0.16206048754461533
129236,0.1265844036877446
129237,0.1752211109672514
129238,0.14149735520285558
129239,0.11743797413829675
129240,0.06994373390555697
129241,0.10540036973487935
129242,0.14934620738514498
129243,0.09057162762641725
129244,0.08955087277272115
129245,0.13587385509398206
129246,0.10307550249014771
129247,0.14096928340253578
129248,0.14385283597111548
129249,0.0994251034395958
129250,0.0977659079959492
129251,0.16815844725989992
129252,0.09511699697682695
129253,0.13263153999974125
129254,0.15516845733927867
129255,0.11330617400852025
129256,0.12639774649194935
129257,0.16335761382209654
129258,0.16744269675692086
129259,0.12123509250273211
129260,0.17894431571450756
129261,0.11636128840942225
129262,0.12361956942405253
129263,0.1112805764085179
129264,0.15450275230939192
129265,0.11044967826150179
129266,0.14548926666293763
129267,0.11517176393811332
129268,0.15450512738361333
129269,0.13920469088134063
129270,0.12279581912005944
129271,0.14071877789816523
129272,0.1481503043958583
129273,0.11308389472783212
129274,0.11129226496798547
129275,0.11041951898484906
129276,0.13218777356467148
129277,0.1076651208867214
129278,0.14204669469074294
129279,0.1399823108302679
129280,0.14819049333314036
129281,0.1413667170975433
129282,0.11915001297968437
129283,0.15693626321544024
129284,0.0997147450261332
129285,0.16156922078400252
129286,0.20030023074263276
129287,0.07353388369082922
129288,0.15683485400577296
129289,0.091550224425124
129290,0.10252142995752042
129291,0.15658021411308637
129292,0.14554306212706533
129293,0.17048821666778474
129294,0.11889041125313923
129295,0.1608055644760007
129296,0.14290997100003072
129297,0.16584906507860242
129298,0.12665855360752656
129299,0.11278408848057485
129300,0.16355471848879674
129301,0.151751388010623
129302,0.1259627208687666
129303,0.11470980963238635
129304,0.0802748972327168
129305,0.13567675247365535
129306,0.14008349962138986
129307,0.1842861877442451
129308,0.165181557701978
129309,0.062240992986129146
129310,0.1457017042570824
129311,0.08793506100381618
129312,0.13989959097652832
129313,0.09459854342757709
129314,0.08893025302863118
129315,0.09704095906694203
129316,0.0996885997184783
129317,0.13907468333179618
129318,0.1053216880371348
129319,0.16609466117736593
129320,0.15683197249919087
129321,0.18450588340750282
129322,0.13898964825426569
129323,0.15645064442210166
129324,0.12273289772505402
129325,0.12593155725643343
129326,0.11473329041932204
129327,0.1351721151946908
129328,0.12981511501627505
129329,0.1190078546676632
129330,0.09098463095518983
129331,0.14170901521810575
129332,0.20282506934642533
129333,0.16167341639714
129334,0.09587447102865237
129335,0.1554684595260074
129336,0.10914351334872918
129337,0.09817681053485192
129338,0.12281122270240852
129339,0.14193905745896154
129340,0.10515224067792835
129341,0.09485513523346104
129342,0.16300445728460136
129343,0.11517765452734041
129344,0.12687733287767805
129345,0.1394463688933299
129346,0.12531179110624957
129347,0.10754454906371254
129348,0.09900359887927465
129349,0.12403372010419283
129350,0.13169774242146665
129351,0.08497467220401425
129352,0.1513366963455832
129353,0.09123183425481134
129354,0.11230308686921289
129355,0.14827465752722713
129356,0.12618560251809513
129357,0.12473820716019668
129358,0.13734536066770167
129359,0.0971699315433194
129360,0.10536773509287756
129361,0.16704564100426247
129362,0.13566684928841286
129363,0.13518464285182466
129364,0.11896793299582173
129365,0.11466600794548067
129366,0.0956448924156538
129367,0.1092963257574357
129368,0.078852193300498
129369,0.15709703639084985
129370,0.13812529004627105
129371,0.10470690521700408
129372,0.16331116100743165
129373,0.10139478698482138
129374,0.09308116964703331
129375,0.17873592439451616
129376,0.12885261410440005
129377,0.17408668888858517
129378,0.10236566369883011
129379,0.15484277137147548
129380,0.1345922553844947
129381,0.16636979449001038
129382,0.13222414799437676
129383,0.15850500422563313
129384,0.1487401013280319
129385,0.11871851122494251
129386,0.09897432850363734
129387,0.15915607821343558
129388,0.12153857936610071
129389,0.14057089725551275
129390,0.11792713822891537
129391,0.20053336086218781
129392,0.11806559811151336
129393,0.12583577047045075
129394,0.08154928332852501
129395,0.15447515325664482
129396,0.11970974145621455
129397,0.14094089547429425
129398,0.1751905580455478
129399,0.10706822445291904
129400,0.1763651042023054
129401,0.13813075490634946
129402,0.12570775313913285
129403,0.1310302305077051
129404,0.1444071621324242
129405,0.11236026710630305
129406,0.12037037235860064
129407,0.14509656298170262
129408,0.13216132186133037
129409,0.18574254794096226
129410,0.09830393533917853
129411,0.15520554787975238
129412,0.15407101284464805
129413,0.09719262951635656
129414,0.11466070070166061
129415,0.11975981184927456
129416,0.15722219624441003
129417,0.12931950518797983
129418,0.08222408185177188
129419,0.17059106215706238
129420,0.09467266955178169
129421,0.16886252567468665
129422,0.07655306500519696
129423,0.13996984456603323
129424,0.06646219800338528
129425,0.09421714251860644
129426,0.12117589793848432
129427,0.11253242153883372
129428,0.13240481596419407
129429,0.15167998315960624
129430,0.17667230451107033
129431,0.07193398293390184
129432,0.16763204659353725
129433,0.0896045468596195
129434,0.1845565740116524
129435,0.14155031519747993
129436,0.08813681840905495
129437,0.1084254586174247
129438,0.14652076630046398
129439,0.11358484455115563
129440,0.1440806909280557
129441,0.09008110471885339
129442,0.13132477355692054
129443,0.14798104871960785
129444,0.10249838896715566
129445,0.1341634960706124
129446,0.16466175334103236
129447,0.12812875492818035
129448,0.11423994671119346
129449,0.08675258967769992
129450,0.13426311100222835
129451,0.15823807591812963
129452,0.09916652809917918
129453,0.1006438653568206
129454,0.1059491379829865
129455,0.14249885245539842
129456,0.16566751149806866
129457,0.1340809324038887
129458,0.1298760632769997
129459,0.11503563864182456
129460,0.12038444979118787
129461,0.13868902002710148
129462,0.11114651316214229
129463,0.1234619139377072
129464,0.13674384951646043
129465,0.11518463493072131
129466,0.12919316052943225
129467,0.1681542696685228
129468,0.10980402937334774
129469,0.1441447909601812
129470,0.13070016687891
129471,0.1523410084936832
129472,0.11884326919663192
129473,0.11043161200216153
129474,0.09119138665573334
129475,0.13694875226141334
129476,0.12759298114795775
129477,0.11959135337383074
129478,0.19897158464196782
129479,0.09545619453500107
129480,0.09482214642685916
129481,0.12489070139505024
129482,0.0881188500574305
129483,0.18575168028988934
129484,0.17647826780122233
129485,0.1342436204996897
129486,0.14165907479510714
129487,0.13944893741997422
129488,0.19051309588995927
129489,0.12781881626005073
129490,0.09897628558899764
129491,0.14879839915930107
129492,0.15133664046018533
129493,0.17248271155759604
129494,0.07204095685464532
129495,0.13669929990474863
129496,0.18226950185224225
129497,0.10663030504543823
129498,0.1284494944114432
129499,0.15463407473414048
129500,0.2160480296134355
129501,0.17435121956995947
129502,0.11592308014181177
129503,0.08703347869062042
129504,0.09792474844656074
129505,0.10805100815352171
129506,0.12496377444620237
129507,0.1531521121085777
129508,0.12979260810338966
129509,0.0847779581544941
129510,0.086842930735711
129511,0.17673385665346164
129512,0.1512141951835436
129513,0.10903399568262258
129514,0.08592985899087605
129515,0.1718335704892424
129516,0.1218147154540139
129517,0.11164117720781946
129518,0.13982339181173845
129519,0.13819931320618298
129520,0.13397884896523618
129521,0.12810046012315515
129522,0.12041299138442026
129523,0.0832809313845588
129524,0.12179046625904255
129525,0.15311431090559385
129526,0.16849050029177892
129527,0.15013067444175873
129528,0.11135594608406532
129529,0.1290429608395905
129530,0.14715397062891625
129531,0.13137976374375546
129532,0.11659451840375246
129533,0.17514035313283172
129534,0.15320573834895143
129535,0.09876846671716741
129536,0.09861801802367741
129537,0.13783442364127574
129538,0.15685935300539106
129539,0.11371670617173694
129540,0.14735228735104186
129541,0.10416851260094846
129542,0.09442862206648073
129543,0.14224870115707552
129544,0.1534069192248159
129545,0.1450148710648582
129546,0.2075035031770753
129547,0.1190401572979595
129548,0.07684014826949037
129549,0.10264441744446898
129550,0.10533383749919552
129551,0.13485135780446444
129552,0.16332647952203366
129553,0.19198060643443696
129554,0.07059949661916676
129555,0.150386763767222
129556,0.10532106874894502
129557,0.1668178756425463
129558,0.12300999679826048
129559,0.1467496699374987
129560,0.09140634493225568
129561,0.07008054131230847
129562,0.124757985746627
129563,0.14152652829277917
129564,0.12250833657807916
129565,0.14017000487139125
129566,0.077593001319513
129567,0.12633743702120975
129568,0.12062962178746293
129569,0.12020336779759536
129570,0.09041912050043721
129571,0.14404411487879556
129572,0.11377527644634812
129573,0.1565437018647747
129574,0.12744757653527272
129575,0.17638588450653817
129576,0.1284696899100258
129577,0.11381379416467968
129578,0.1066156974421934
129579,0.13174510580510496
129580,0.17394906612833647
129581,0.10540238252008968
129582,0.08796396962214859
129583,0.1529373446576553
129584,0.13383324227085952
129585,0.14902171231822464
129586,0.13427840300956131
129587,0.11676892437532316
129588,0.08772600476754594
129589,0.17523295915155943
129590,0.20025541506118463
129591,0.13760927247878105
129592,0.15628281224776203
129593,0.12863684219929788
129594,0.15857064264624854
129595,0.12530526844494905
129596,0.15386770270196415
129597,0.1397994598203814
129598,0.1029812640107185
129599,0.1358461217672107
129600,0.15091800341586795
129601,0.13339748544012783
129602,0.13888992049697
129603,0.13704931598245376
129604,0.10718723781606718
129605,0.08439796934568158
129606,0.11510040647900403
129607,0.16264212967373742
129608,0.16570118117666244
129609,0.134395680635526
129610,0.1393155241924726
129611,0.1608247049539568
129612,0.1067048465392119
129613,0.14021346879526436
129614,0.1469120799580056
129615,0.14896477653681145
129616,0.11817278990461086
129617,0.12479631778223407
129618,0.15889627792335867
129619,0.14292933452209672
129620,0.14021291698186802
129621,0.12332445604849702
129622,0.059023059718653015
129623,0.11628994926033002
129624,0.14710720386866702
129625,0.09874358562575236
129626,0.10943084944262393
129627,0.13031429516896595
129628,0.21750751017261222
129629,0.10294072307113195
129630,0.131328200872487
129631,0.10551208101087711
129632,0.13615214248033117
129633,0.146195372648354
129634,0.09778164338130667
129635,0.10653612078483579
129636,0.12679860219439454
129637,0.10115789294740402
129638,0.035985906922014435
129639,0.1692347634760369
129640,0.15226779115928785
129641,0.15615337863396822
129642,0.08951781045759974
129643,0.14493475644485665
129644,0.16605374213627677
129645,0.15423469770070236
129646,0.15009193144091576
129647,0.10375827366056305
129648,0.17065213847234745
129649,0.0928112474766466
129650,0.12103090589921706
129651,0.1395374377725043
129652,0.12215866139152164
129653,0.12987972495474362
129654,0.14999796264378146
129655,0.15510910532830802
129656,0.06964752543213693
129657,0.14279939815653736
129658,0.04065878567625865
129659,0.09109925718326306
129660,0.10298416551525802
129661,0.12177329499346697
129662,0.11003170315302774
129663,0.137557371564668
129664,0.13336238583353702
129665,0.11719963511160336
129666,0.13911302800959544
129667,0.2185076374398334
129668,0.10577096285413558
129669,0.11017000266207137
129670,0.10401000078608932
129671,0.17022672057001012
129672,0.11893158835498831
129673,0.10815993061169203
129674,0.12199934376240547
129675,0.13113210636104633
129676,0.10092925711186235
129677,0.17720834945162606
129678,0.16427363765495898
129679,0.15262503271055652
129680,0.07946617315837802
129681,0.1411929197417936
129682,0.14174984006444172
129683,0.16058027140339123
129684,0.11020973322950445
129685,0.1436034427607097
129686,0.09191231217542037
129687,0.13397253117895241
129688,0.12915004973955344
129689,0.07473074645577649
129690,0.10612720101266061
129691,0.19983447056438156
129692,0.1361087294706278
129693,0.13639429901689976
129694,0.09198872229183444
129695,0.17282534193406468
129696,0.135152683939621
129697,0.11975201346853602
129698,0.19110522314859593
129699,0.10687059102903138
129700,0.16658335279326492
129701,0.11038469962888804
129702,0.13180757263678808
129703,0.07729950770881933
129704,0.12710444374850813
129705,0.1165683254188539
129706,0.15452993134334314
129707,0.13782566629339765
129708,0.07786487121559585
129709,0.10449473032270207
129710,0.07820265940198506
129711,0.0971795941048522
129712,0.055547368512038564
129713,0.08655704291033234
129714,0.09145597904529967
129715,0.13659759001987445
129716,0.12683081214541034
129717,0.11611207373170931
129718,0.16269249540531203
129719,0.17260464268182235
129720,0.13557238769515942
129721,0.15870968623421888
129722,0.14054767964695433
129723,0.11570655678259063
129724,0.1412899644346521
129725,0.13452367189446884
129726,0.1277624521349067
129727,0.12504092425130747
129728,0.10215035380610375
129729,0.12236048529277556
129730,0.07992082448535967
129731,0.14461293142279624
129732,0.16544256984897043
129733,0.0846233941701181
129734,0.10179942404891977
129735,0.10011172526098541
129736,0.13842890531758056
129737,0.1083236737500503
129738,0.15247684649577387
129739,0.08478301482582998
129740,0.11199215198495704
129741,0.13238969738753792
129742,0.18373970163409326
129743,0.13184424509516712
129744,0.11032021230140862
129745,0.166493954029041
129746,0.1150052708031437
129747,0.1845673768777386
129748,0.1415005406626439
129749,0.12055633123956573
129750,0.07272632373753882
129751,0.15366039237151022
129752,0.12847811602151665
129753,0.11080806494536016
129754,0.12112909880536263
129755,0.09677921176307977
129756,0.1422937246829431
129757,0.21450498514547126
129758,0.09889336223682765
129759,0.13486504535508342
129760,0.07669718973406599
129761,0.1423177356818659
129762,0.09157870805269017
129763,0.11590841079389927
129764,0.15343765379683771
129765,0.08225856328255406
129766,0.15926378087938026
129767,0.12215861533250291
129768,0.13685012111966083
129769,0.09964378934662767
129770,0.09459277813694278
129771,0.13206193960928542
129772,0.16761703980610762
129773,0.15656090399447067
129774,0.09024513487383742
129775,0.11759205849325123
129776,0.12688110682493184
129777,0.13525514270187267
129778,0.17621479878080537
129779,0.12822993880647088
129780,0.06748698379053927
129781,0.16188875087540672
129782,0.1260787898337784
129783,0.10819586896579063
129784,0.18038398054304172
129785,0.09778404606587297
129786,0.1481540178116975
129787,0.1516012542281698
129788,0.09039955099640398
129789,0.12858694573197188
129790,0.06111484050682092
129791,0.11031121141100164
129792,0.10213466980952483
129793,0.11091910531621077
129794,0.17372811216970238
129795,0.09765023289635576
129796,0.1231536852421013
129797,0.17598882248138614
129798,0.12918945464750248
129799,0.09615779266984482
129800,0.15862500920494474
129801,0.10159544898041503
129802,0.17849513839580916
129803,0.10401528263910689
129804,0.1581205103200817
129805,0.1279237125982957
129806,0.14380286340206894
129807,0.13247645640951747
129808,0.14310122454326396
129809,0.14145162629579294
129810,0.13442580161176126
129811,0.12106754365308431
129812,0.12256841139672982
129813,0.16744174190807104
129814,0.12692834928505342
129815,0.18382042938457044
129816,0.11786931173899773
129817,0.08288467986161108
129818,0.121590126520972
129819,0.17174281498044708
129820,0.21334174771592318
129821,0.180043624538398
129822,0.10583679342775973
129823,0.11142457105277855
129824,0.10703043501450929
129825,0.09711121481980266
129826,0.09925439731495625
129827,0.1399048183863581
129828,0.143456293230373
129829,0.1281046422108916
129830,0.15977624496283857
129831,0.17262110540944456
129832,0.19109499976977984
129833,0.13115455948213142
129834,0.11130093852074488
129835,0.12339684569575939
129836,0.10115580265118054
129837,0.13917949011218417
129838,0.09610569611052258
129839,0.1701283666037379
129840,0.15343323577161055
129841,0.1613361290596682
129842,0.131721576169782
129843,0.13254991792853332
129844,0.09391722000141701
129845,0.0610597598265062
129846,0.14645207448790942
129847,0.0848153846660836
129848,0.1326359583992522
129849,0.08591350209469595
129850,0.11083520391158101
129851,0.16338500561467692
129852,0.06775839748876485
129853,0.11830833868986126
129854,0.15552523464362483
129855,0.1169256943441023
129856,0.17402452822624345
129857,0.11280430148311606
129858,0.09480885657809332
129859,0.11953742909352848
129860,0.16851695474164344
129861,0.09697671217095867
129862,0.13547440415180406
129863,0.12841238992238446
129864,0.12938864592460644
129865,0.12927914173215543
129866,0.10405477373781963
129867,0.15881535102330832
129868,0.11559230501202641
129869,0.12019659333861812
129870,0.13150495425369152
129871,0.10171422098823629
129872,0.10518229230011633
129873,0.12919933186879767
129874,0.07035436789301083
129875,0.13438014385185285
129876,0.13175817922447292
129877,0.15152714494947458
129878,0.11786074388050455
129879,0.11992011685266751
129880,0.11904330354038256
129881,0.1673787495202462
129882,0.06779151670158709
129883,0.07300746860959942
129884,0.10452628814248871
129885,0.14477613361979338
129886,0.13785811861858935
129887,0.09951082496351668
129888,0.11964460507176461
129889,0.1329288867718915
129890,0.10209398310946376
129891,0.09925861245299003
129892,0.11508720271398956
129893,0.14679930888479129
129894,0.09631354387161652
129895,0.12114127254283788
129896,0.10813503128549792
129897,0.14243942251519576
129898,0.08044588545970963
129899,0.1364175526203967
129900,0.09704405833378228
129901,0.15474695486150036
129902,0.15359452745111304
129903,0.11703705555249048
129904,0.16915282307544338
129905,0.10310725180046455
129906,0.15699847030639974
129907,0.11729482267258663
129908,0.10922197485298549
129909,0.20617877404185966
129910,0.1436430460792918
129911,0.1496147487588378
129912,0.11090319298967424
129913,0.17323275542593652
129914,0.0665103172487647
129915,0.11785717430279066
129916,0.13186897445417042
129917,0.10944340545789569
129918,0.18453018339143315
129919,0.15695868374125194
129920,0.10429077081239255
129921,0.17640648146225943
129922,0.11791291987608579
129923,0.12170557046052553
129924,0.10538655387863774
129925,0.1275280687386655
129926,0.11460989541690206
129927,0.12677667298729284
129928,0.1498165277255419
129929,0.11959110085972156
129930,0.12556576458239307
129931,0.08627294376396301
129932,0.1486730223762754
129933,0.09098993174059694
129934,0.09105715003723515
129935,0.1879310505486549
129936,0.08879955011110921
129937,0.11043911655857779
129938,0.11234495054812685
129939,0.12217383211649252
129940,0.17540735778075964
129941,0.10047110360793163
129942,0.08721932505955275
129943,0.12578057505536974
129944,0.0701087619814798
129945,0.12068835057120596
129946,0.14195266806309245
129947,0.15519602702329638
129948,0.118161884416599
129949,0.1338489315438067
129950,0.1167865529574507
129951,0.17070232526286655
129952,0.07919740432407804
129953,0.16048681624315714
129954,0.13480169226983948
129955,0.09282578735142759
129956,0.07072675170392098
129957,0.13580668547615513
129958,0.14150198213506143
129959,0.14137534053708428
129960,0.1463554766330185
129961,0.07016886048114077
129962,0.11657649899446967
129963,0.17353961747932686
129964,0.16871354591098908
129965,0.10305816764548649
129966,0.10263720913273643
129967,0.17349109574857544
129968,0.16201238005100507
129969,0.11892881827192092
129970,0.0983517539516589
129971,0.11773251074676003
129972,0.15607423302599055
129973,0.10129769154766559
129974,0.1301144263796764
129975,0.12348429930918951
129976,0.15900706118441083
129977,0.07800166307004544
129978,0.16631167655530602
129979,0.13019377016092182
129980,0.06629345597105721
129981,0.11262942392499574
129982,0.0816695077591616
129983,0.053671571467056714
129984,0.13664551507185319
129985,0.10877635153641096
129986,0.09316748619754425
129987,0.11509699298161294
129988,0.09084864730441541
129989,0.17298002399955054
129990,0.13230474512078538
129991,0.15426041547722888
129992,0.15399647071939082
129993,0.10223502831789068
129994,0.12080347047518497
129995,0.1366729580203875
129996,0.13038127119452234
129997,0.15656304310522598
129998,0.12294732085768695
129999,0.1647136854379245
130000,0.1389230410723391
130001,0.1382731115054486
130002,0.1026483281032297
130003,0.12281984101611881
130004,0.12679615317192633
130005,0.0891599685443287
130006,0.13110376477194258
130007,0.13750371145846124
130008,0.08094663415049588
130009,0.10077641522890603
130010,0.15802299383833796
130011,0.14868011874720777
130012,0.10088128445664857
130013,0.12592788241739372
130014,0.12077569270286585
130015,0.10326280244701841
130016,0.13575108018884383
130017,0.12476496575297016
130018,0.11628945147237613
130019,0.18904189470036326
130020,0.14095283326290917
130021,0.09449906857839259
130022,0.15500087756086767
130023,0.09009875442648714
130024,0.11441096607524552
130025,0.033643664259617054
130026,0.10971507221374438
130027,0.1478230623308559
130028,0.08189926600957605
130029,0.09683639574738145
130030,0.1733703508018408
130031,0.1302720598123533
130032,0.12189566605963768
130033,0.10592176761924778
130034,0.09804616202163696
130035,0.13252389816022075
130036,0.13423348019467835
130037,0.12912232389136458
130038,0.15085898352955046
130039,0.13535144431954135
130040,0.12681588889696296
130041,0.06993882110392613
130042,0.08607956944426387
130043,0.16122185516499146
130044,0.0959187006191901
130045,0.08605197343182266
130046,0.1385368507483808
130047,0.1075671106002397
130048,0.18728468782141056
130049,0.1504754000686574
130050,0.09368444391265761
130051,0.11903044522984295
130052,0.11728130612756904
130053,0.1469017945653756
130054,0.11488085302053266
130055,0.10183249202596537
130056,0.1064366862830456
130057,0.11925176728385428
130058,0.12707407962454034
130059,0.09454645514869356
130060,0.1327936303698394
130061,0.11874862739910243
130062,0.11025748952958311
130063,0.1321604717191466
130064,0.17957186396468555
130065,0.13263432663043548
130066,0.065205378139384
130067,0.13329429120209144
130068,0.14262084426131974
130069,0.14219450421866228
130070,0.15448319214814665
130071,0.09597467118173876
130072,0.12444708691654888
130073,0.1323337171490506
130074,0.17125797583163924
130075,0.12275092703456172
130076,0.10583489361982805
130077,0.09310241996146525
130078,0.10929161813755271
130079,0.11322406704222203
130080,0.1001623899309458
130081,0.07621617253827886
130082,0.10632481735026246
130083,0.12050501554646816
130084,0.13218216331570334
130085,0.1154559826218231
130086,0.1012955663656718
130087,0.13958503099711936
130088,0.07475334410470538
130089,0.10632153575939558
130090,0.12666335909295845
130091,0.15444994381981372
130092,0.16055437607562256
130093,0.09898478056846162
130094,0.08337693094444004
130095,0.14876376976563238
130096,0.09406126158273347
130097,0.08047567586176124
130098,0.12624351376838452
130099,0.139522878871637
130100,0.08659709162831186
130101,0.13610633887269097
130102,0.140939373231092
130103,0.12783667936006923
130104,0.13408773272622931
130105,0.08396309116666023
130106,0.10243888647382322
130107,0.0784058996928225
130108,0.10817127879414755
130109,0.15826503084718108
130110,0.13359774245635792
130111,0.09184977223756238
130112,0.12952199823455635
130113,0.09353701413582102
130114,0.12000085832666586
130115,0.15387033352148266
130116,0.20386803301941794
130117,0.12655923179898548
130118,0.125624056743896
130119,0.16902458982639446
130120,0.13531822837458451
130121,0.11682691754064779
130122,0.12727034917625552
130123,0.13238787930859108
130124,0.16534868396361307
130125,0.13976015892940144
130126,0.09757707395349788
130127,0.1151704862154038
130128,0.1467639182544933
130129,0.08847184405558617
130130,0.11984095031939762
130131,0.1260325262826361
130132,0.06765759002590405
130133,0.16061167628380207
130134,0.12936279412746396
130135,0.12214540996321381
130136,0.04464070566406242
130137,0.13721876529378485
130138,0.15859653808978444
130139,0.14768524020714055
130140,0.09689722766244092
130141,0.1277483826007806
130142,0.12246935522397304
130143,0.08328042974765909
130144,0.08250371448101085
130145,0.14639244100901638
130146,0.10537080390547782
130147,0.09342344067627009
130148,0.11594102356572038
130149,0.16140211316814124
130150,0.14034316260074203
130151,0.047099321307828984
130152,0.17222139498770758
130153,0.06815005519331563
130154,0.09054865755721492
130155,0.12578388821505476
130156,0.07601816427541931
130157,0.13976468170640302
130158,0.058830414445621676
130159,0.1344231654139098
130160,0.12957025336890457
130161,0.13710899203471638
130162,0.14066897125402064
130163,0.1181681688715528
130164,0.07224694751018082
130165,0.12066887021483946
130166,0.09313344894172891
130167,0.13599948862921926
130168,0.13912700889587773
130169,0.14884607273280254
130170,0.11565042916545136
130171,0.08433794118142557
130172,0.08727316639635549
130173,0.10682260285261132
130174,0.16374122048140047
130175,0.12736704119230105
130176,0.0944545320805853
130177,0.10718562608052314
130178,0.07547375869318924
130179,0.11661398971387579
130180,0.12039685787376951
130181,0.09481571118566869
130182,0.11561952931154994
130183,0.14463221915440178
130184,0.06234588771289327
130185,0.11464409697162999
130186,0.11770657898808755
130187,0.10943273918892939
130188,0.11563434952391509
130189,0.1291079255503181
130190,0.13824744158214103
130191,0.09747734520326096
130192,0.12586979694163003
130193,0.1353721105012653
130194,0.13713004435376416
130195,0.1139196713062053
130196,0.10793288453718705
130197,0.09492104439147507
130198,0.12519324443199004
130199,0.111057347412853
130200,0.10042467239088138
130201,0.09887454443545907
130202,0.132341499962166
130203,0.08759455929511614
130204,0.08161043044365096
130205,0.12495610499595054
130206,0.137534551374434
130207,0.12595904343053443
130208,0.06425210655850067
130209,0.23952096134908787
130210,0.10873176924489021
130211,0.10237302531422383
130212,0.09143878833405678
130213,0.07402545547455845
130214,0.10744173052733781
130215,0.13538510093755984
130216,0.14610156533253352
130217,0.09945945575000567
130218,0.13764373677896416
130219,0.1229240235678419
130220,0.08774021786832467
130221,0.09945043395445394
130222,0.09605206811773491
130223,0.1702751322420911
130224,0.13906784897659097
130225,0.1360944863058215
130226,0.09568281018563748
130227,0.12292558673971467
130228,0.10699157777132057
130229,0.06930307618434528
130230,0.06871360226332691
130231,0.08184962201650833
130232,0.11690506430848628
130233,0.1308551952319607
130234,0.1407480847002536
130235,0.13487295015247414
130236,0.14628020087745291
130237,0.07142683021815126
130238,0.09299472256515579
130239,0.08000169087607129
130240,0.13036491076062154
130241,0.16107233591280357
130242,0.12073256387944957
130243,0.12593310123278306
130244,0.1280905908389416
130245,0.09002001316763311
130246,0.12744965539032274
130247,0.1240280105964801
130248,0.14140713410595837
130249,0.13229575642984778
130250,0.06913737337570572
130251,0.11620913540262197
130252,0.10852346961615644
130253,0.13906587652391972
130254,0.1643356368513175
130255,0.06539632391156558
130256,0.09904119099613728
130257,0.09048502252704863
130258,0.12522933288871788
130259,0.11779267433320137
130260,0.10495232225649047
130261,0.1645863466868964
130262,0.1163897037195362
130263,0.16438318681120345
130264,0.09844196675615834
130265,0.10681549539719809
130266,0.12766728045384054
130267,0.14857040328433666
130268,0.11823683917783823
130269,0.10564799315893263
130270,0.11385325370115601
130271,0.11763248665397821
130272,0.11652095634004082
130273,0.08971095913484747
130274,0.12118970528433698
130275,0.11824573365295736
130276,0.08669948749016124
130277,0.14813707056622433
130278,0.11936743389157341
130279,0.11133311026581484
130280,0.15504278229287216
130281,0.13464850467966827
130282,0.05577715376668355
130283,0.1012081080394561
130284,0.08678802379605291
130285,0.12531168277590343
130286,0.1071373267320648
130287,0.092222619955268
130288,0.10398483357735566
130289,0.13465548073687564
130290,0.12851506123408146
130291,0.1328062640776873
130292,0.1499181707019379
130293,0.13685130218691813
130294,0.1417306069067499
130295,0.10812109015939185
130296,0.12811388932013176
130297,0.07523972368999614
130298,0.10078017613194896
130299,0.12696689616877377
130300,0.0825175867148297
130301,0.09663904069631653
130302,0.07832824519729961
130303,0.09211715765368735
130304,0.13155306086030275
130305,0.12221447471794768
130306,0.12518395657331302
130307,0.10989571633651084
130308,0.13589664634405632
130309,0.15029507702587558
130310,0.10480742275326088
130311,0.11622497599648372
130312,0.12286534188439463
130313,0.16611320223398218
130314,0.12294650372827529
130315,0.09317487779180708
130316,0.1548289346281916
130317,0.07435781607810502
130318,0.07827233583797272
130319,0.1344151500964996
130320,0.17548418295756624
130321,0.13897666986336918
130322,0.07738809686624201
130323,0.07480271104422961
130324,0.12762926044069675
130325,0.0888760764640157
130326,0.042626146500171005
130327,0.107546136681435
130328,0.14199881487640337
130329,0.14543272681482994
130330,0.1502220424852824
130331,0.10241677509393252
130332,0.09623468934732368
130333,0.10935506311866851
130334,0.12885884792903488
130335,0.13672899453265644
130336,0.0906262411011943
130337,0.10324318674217439
130338,0.09912948147007994
130339,0.10708111257145203
130340,0.10907328552798867
130341,0.09088279791408982
130342,0.15026652990474682
130343,0.1323385693309218
130344,0.14645474683597942
130345,0.16009139407269665
130346,0.07867713409202208
130347,0.09288389150850886
130348,0.07975325175185058
130349,0.14844383533159458
130350,0.09457495766142639
130351,0.12786300931451325
130352,0.15777448379785752
130353,0.14538890248705355
130354,0.17543959523428046
130355,0.09680452335622058
130356,0.13738295281975746
130357,0.11874968201607562
130358,0.12912872005282783
130359,0.11645622715596876
130360,0.10502705530223311
130361,0.10869383352315393
130362,0.1316452184220231
130363,0.12821390378614986
130364,0.1103228616322825
130365,0.11768348713391909
130366,0.12599025167114333
130367,0.09882623477364162
130368,0.1572411156234396
130369,0.12420843910896387
130370,0.10870662669212167
130371,0.11858874842219892
130372,0.10694350915117248
130373,0.03356432662493859
130374,0.1036295042038365
130375,0.12516412593382817
130376,0.10353281519759425
130377,0.10633605539044437
130378,0.11081081866542795
130379,0.12382579714968386
130380,0.04574483072245367
130381,0.11785588706140142
130382,0.12641746982364416
130383,0.15354850648677887
130384,0.08760422960250432
130385,0.14481684018737614
130386,0.15998540086585172
130387,0.056876744150069214
130388,0.09022807571638428
130389,0.11484108896807933
130390,0.09790681295684955
130391,0.11675718024861449
130392,0.08857410890519415
130393,0.1580264450202422
130394,0.06806452868165212
130395,0.08277958173683575
130396,0.088527400183989
130397,0.15177925544021464
130398,0.097365161729905
130399,0.08105638499220902
130400,0.11917406428050703
130401,0.06842888128721517
130402,0.14359972080836617
130403,0.13672393024317303
130404,0.07596037108033525
130405,0.16915741187485694
130406,0.058863656701519225
130407,0.09907006421638546
130408,0.09865584917816242
130409,0.09773666172557018
130410,0.08082144115001252
130411,0.13395455390507915
130412,0.09875024946595812
130413,0.12991445825100453
130414,0.1508552974944654
130415,0.0908382780807672
130416,0.11717672430842593
130417,0.11230688095739186
130418,0.10754252587938422
130419,0.09865655341901447
130420,0.12052770599652349
130421,0.10659070992401265
130422,0.14967016962272617
130423,0.11573062433840203
130424,0.12099696399508393
130425,0.1660779236162162
130426,0.08277624007041731
130427,0.1262117973011351
130428,0.12429761963169417
130429,0.08884375621705502
130430,0.07912415843117201
130431,0.10277550993891506
130432,0.14981788326230674
130433,0.12957250588312616
130434,0.0952330609983284
130435,0.14382035508778437
130436,0.06468902899650528
130437,0.14576270079134532
130438,0.14070628641591185
130439,0.10729545222921193
130440,0.08286616921296788
130441,0.10033285062002889
130442,0.12649708004787374
130443,0.09023859929762407
130444,0.1066960057700442
130445,0.12111765481123182
130446,0.11498277577162022
130447,0.11214611569169901
130448,0.21778674502581888
130449,0.11365078899426963
130450,0.18919427191273955
130451,0.12849192990839223
130452,0.20106935984821955
130453,0.1407127608802593
130454,0.1402356700972538
130455,0.12042030591510194
130456,0.08611549816192257
130457,0.06104750099792169
130458,0.12596949381182676
130459,0.12324360343731612
130460,0.13197254810788822
130461,0.12352785698164703
130462,0.12715077854510634
130463,0.1539265858810292
130464,0.11818573489143061
130465,0.13170182696407323
130466,0.17754243922934804
130467,0.09149012763131675
130468,0.10427909975413482
130469,0.12767465485484955
130470,0.14737282787238792
130471,0.10548996704184728
130472,0.14216330118137388
130473,0.08211457091637345
130474,0.07508849183526202
130475,0.08247663431616165
130476,0.0944400037009726
130477,0.17431094285819906
130478,0.046053942555147415
130479,0.11342285814063788
130480,0.12533697767825244
130481,0.09153121383819693
130482,0.10709865510848429
130483,0.10467021115888127
130484,0.10555971300796162
130485,0.14376381949955547
130486,0.14904599504657695
130487,0.12801325877806047
130488,0.14840017977273376
130489,0.13667286070321794
130490,0.11014346614784887
130491,0.16607181559991552
130492,0.10964408053327027
130493,0.04931631756290733
130494,0.06194760768652943
130495,0.14649550642894052
130496,0.12270379833684508
130497,0.12839338888235638
130498,0.149163035355718
130499,0.0796899051781634
130500,0.09582146847761401
130501,0.08983449141684158
130502,0.15361410659415176
130503,0.11325966959947893
130504,0.14627104884631525
130505,0.1517502320684402
130506,0.08050358234901188
130507,0.08783822687818386
130508,0.10218396788316553
130509,0.1530273590529398
130510,0.09440400364217269
130511,0.17505682052977506
130512,0.12282693843435882
130513,0.1602863047794205
130514,0.11707158264735626
130515,0.15449946412638033
130516,0.12256241583958294
130517,0.08135041582954307
130518,0.10735976989430389
130519,0.13735709533557863
130520,0.16065733905388907
130521,0.09638436362043637
130522,0.07801859210007697
130523,0.11836387732903739
130524,0.09432074014677702
130525,0.13663543739832493
130526,0.111290755486736
130527,0.12497198587612375
130528,0.1291676893724415
130529,0.09394269481221028
130530,0.12079954931542293
130531,0.11293807807351794
130532,0.125425427332077
130533,0.0614190723179852
130534,0.16992310389746806
130535,0.10530984179755531
130536,0.1257040036542076
130537,0.1464723807307028
130538,0.10445057025111942
130539,0.10933422096586048
130540,0.08045249677550975
130541,0.07351196608906549
130542,0.11672652760593302
130543,0.15050290592321913
130544,0.17584579875872713
130545,0.15845679981307362
130546,0.09445993414931224
130547,0.1269421623065689
130548,0.1007967383216733
130549,0.17110969984388738
130550,0.10476189313614126
130551,0.1053539043352804
130552,0.10495885059098427
130553,0.1480484775261096
130554,0.08849293204653283
130555,0.12660772112616225
130556,0.08548486772225594
130557,0.05724744029912681
130558,0.1505457673490611
130559,0.14721439374065043
130560,0.14726333468934175
130561,0.13159863866049465
130562,0.0755185259810025
130563,0.10614811730785009
130564,0.14770392222658169
130565,0.06142500104514258
130566,0.16505701285462407
130567,0.12142911867763803
130568,0.12450746022123585
130569,0.12513340113006355
130570,0.11614891675294069
130571,0.08091098532659587
130572,0.12089812582401377
130573,0.08472372957139573
130574,0.10997134943707997
130575,0.13344338905982955
130576,0.1477976020372163
130577,0.1288388108324568
130578,0.11618367585111904
130579,0.13504573864688746
130580,0.1362549570382358
130581,0.11456486452153411
130582,0.0748209159091375
130583,0.13804404253648042
130584,0.0957950414187716
130585,0.1225443050527589
130586,0.11108237153878191
130587,0.14710913781100302
130588,0.13770181166154952
130589,0.12252923873125848
130590,0.14054581160547241
130591,0.09797182419264742
130592,0.07626747932460506
130593,0.10199159605351557
130594,0.08693156405235625
130595,0.08648259155949482
130596,0.17000956195946146
130597,0.046811914990084094
130598,0.07830593817746259
130599,0.16595350340634973
130600,0.08163464835399796
130601,0.11254442479329538
130602,0.10544378458354224
130603,0.13762723108514482
130604,0.13080431453265212
130605,0.057244552862166787
130606,0.11316476068293287
130607,0.1436303133701755
130608,0.10928417997393619
130609,0.119907802785838
130610,0.07109095384374121
130611,0.15187420891729211
130612,0.08958239071504145
130613,0.10483625246873036
130614,0.1383302147123051
130615,0.08555491838679373
130616,0.09967565253457167
130617,0.09703652013465477
130618,0.08987581817376042
130619,0.13351767115504118
130620,0.14353611841091102
130621,0.08757564865374053
130622,0.11395306655958685
130623,0.11995361331345777
130624,0.08856863899300182
130625,0.10835748456113445
130626,0.0876613990701679
130627,0.13901350184633904
130628,0.06798457924565736
130629,0.10250578368317192
130630,0.14084690763256788
130631,0.12488582765561508
130632,0.1255143361838634
130633,0.12952963055378444
130634,0.08243346906062518
130635,0.10567910636921136
130636,0.10210372990770276
130637,0.15607507432864093
130638,0.13526860296110357
130639,0.09769535060355637
130640,0.06802997688303032
130641,0.08409883256482605
130642,0.09940425656714805
130643,0.10762436789661704
130644,0.08100467445365886
130645,0.14046372796071424
130646,0.08248186184893123
130647,0.13059544497956294
130648,0.16786961823580063
130649,0.12319182710151799
130650,0.08205872349859672
130651,0.09378753707592467
130652,0.09790102501976529
130653,0.10506448861516722
130654,0.07438591263440833
130655,0.1372422811867579
130656,0.07675236398795715
130657,0.10203663355480541
130658,0.12309109630780783
130659,0.0903784593710088
130660,0.19932667820227162
130661,0.09198194321682746
130662,0.1570604401936998
130663,0.13111044199004002
130664,0.07711079060232243
130665,0.11271698853939457
130666,0.12095827972124967
130667,0.08555947408726094
130668,0.08948215283272133
130669,0.11288858771580255
130670,0.07732253454010019
130671,0.1365357714155201
130672,0.0931803918378786
130673,0.11722909714199137
130674,0.06580568679255648
130675,0.03861598774062644
130676,0.11815320884075223
130677,0.10972054815954074
130678,0.1187982724613439
130679,0.1158743917166925
130680,0.1512266134129734
130681,0.08802949988485419
130682,0.10895105489810296
130683,0.08096628950974268
130684,0.04399146388167742
130685,0.1268906709253544
130686,0.11828137644125944
130687,0.08336356076266405
130688,0.13381057632786375
130689,0.15673290084045316
130690,0.11252052830998767
130691,0.0851557664318256
130692,0.11670046244698948
130693,0.06913362375399532
130694,0.14249524463932636
130695,0.09806085189928741
130696,0.13929683448925675
130697,0.09454496138080576
130698,0.10107213211479435
130699,0.03840284601532981
130700,0.07278737353156539
130701,0.07538182802002029
130702,0.15515539695669872
130703,0.07928990109885956
130704,0.11334960510569833
130705,0.09827214795359215
130706,0.11660339778163097
130707,0.1561254128983939
130708,0.11942523492304122
130709,0.07180653031755327
130710,0.07963221308411625
130711,0.12242095854825552
130712,0.11762987650544778
130713,0.17214280113507618
130714,0.11263627421726735
130715,0.1043739937499605
130716,0.07857670057500898
130717,0.07007944608281712
130718,0.08823949206074076
130719,0.10281888933462874
130720,0.11818093497676566
130721,0.09535899396390038
130722,0.11829897779129038
130723,0.0830225934726784
130724,0.09938691255574447
130725,0.14677173603585705
130726,0.11811882271423389
130727,0.10675593567614805
130728,0.09419134100841006
130729,0.11040781821832894
130730,0.12479968246577511
130731,0.03163589809077606
130732,0.1305398175260423
130733,0.1430754695708264
130734,0.12739171700483634
130735,0.12729791273848481
130736,0.13534375916281996
130737,0.10928363008892385
130738,0.12205173147015456
130739,0.13769646487070847
130740,0.05648225960346029
130741,0.15992024586620338
130742,0.0810793081909036
130743,0.06407885147082362
130744,0.07356014337787521
130745,0.12456257024412941
130746,0.09460780088085839
130747,0.14822142479011782
130748,0.09018380294488881
130749,0.14557331285659328
130750,0.12515832225614054
130751,0.0721149734672066
130752,0.0618331277806416
130753,0.18300509515763685
130754,0.06467708437954252
130755,0.09742726145981064
130756,0.12621856888497834
130757,0.0739246508165612
130758,0.10438106086565913
130759,0.07920806829596513
130760,0.06484060029352053
130761,0.08430367712127962
130762,0.1524690965781092
130763,0.12143028259361106
130764,0.10042147105152142
130765,0.07880060175304776
130766,0.08040944758760271
130767,0.0989521523854544
130768,0.1226527322300103
130769,0.08807027917941426
130770,0.09672195081162223
130771,0.0962911083842804
130772,0.09608762107416544
130773,0.09700562786478525
130774,0.12450658304486283
130775,0.0945008287004562
130776,0.15247938860109375
130777,0.14788134116834722
130778,0.08262917125905143
130779,0.07387440977684584
130780,0.15609416128893286
130781,0.04850611359185879
130782,0.061858236642592414
130783,0.1049725665930185
130784,0.10568818503348058
130785,0.13788192253080545
130786,0.1312901692645141
130787,0.08995418551405297
130788,0.11072340581278982
130789,0.056823651658065924
130790,0.07758632220556225
130791,0.10572060319457172
130792,0.10701662719556403
130793,0.09504132979211662
130794,0.11701060559147858
130795,0.11512940201529435
130796,0.08913190410421576
130797,0.10173713454361888
130798,0.06157639267162071
130799,0.07001654941066071
130800,0.0971721076661342
130801,0.10151544116551038
130802,0.11964314383664673
130803,0.05380173129020991
130804,0.16892750564073325
130805,0.1179210442499568
130806,0.1402854544281097
130807,0.11710661811244338
130808,0.10330794986135922
130809,0.0476836951218191
130810,0.14440635140198765
130811,0.13478218851401513
130812,0.07082897626979981
130813,0.122574853804074
130814,0.18305146118654328
130815,0.14463290513281954
130816,0.10579332293217669
130817,0.11631249373579614
130818,0.09009210800813311
130819,0.1035643556769949
130820,0.16498506818369782
130821,0.13735784253396305
130822,0.1384123191851594
130823,0.12481354256333639
130824,0.06106699828240944
130825,0.0917929190529822
130826,0.09801564774034922
130827,0.10328853404493955
130828,0.09187714198053648
130829,0.10606958816512133
130830,0.09976454060863106
130831,0.06056407077995308
130832,0.0610091600933814
130833,0.0973995206539342
130834,0.11088321932253337
130835,0.13674899423639697
130836,0.1251139269321114
130837,0.11476811074037703
130838,0.10101360173860797
130839,0.08835664645776516
130840,0.11528916013033805
130841,0.11850449082347414
130842,0.1689458233885368
130843,0.10127727483118595
130844,0.0773391257235819
130845,0.09963122151425216
130846,0.1206343984261595
130847,0.07757055900715933
130848,0.12103249161957978
130849,0.04034626725751367
130850,0.13196490252002938
130851,0.134713020762871
130852,0.08643163383954376
130853,0.13583272821626316
130854,0.11142004669332854
130855,0.10296544261342083
130856,0.05249731469518022
130857,0.09677269333304299
130858,0.14283228912752027
130859,0.12657228795988595
130860,0.12787057120804207
130861,0.09803768420586215
130862,0.10746495466200254
130863,0.08607535085063063
130864,0.07086469603289543
130865,0.03551085139190385
130866,0.12388092039765614
130867,0.09411814796919596
130868,0.10598552590625882
130869,0.09211359634471868
130870,0.15726064352398292
130871,0.1153394984897914
130872,0.09896636381893716
130873,0.1003406821155319
130874,0.18441993240492088
130875,0.1593574994449987
130876,0.11468209902879344
130877,0.13410359141076794
130878,0.1418560534077543
130879,0.11020018290977349
130880,0.159840935476522
130881,0.07901577743568075
130882,0.13932719010332573
130883,0.10845285292254694
130884,0.062013142018486796
130885,0.10764643433123339
130886,0.08992592373725858
130887,0.08789717499416336
130888,0.0985277462218304
130889,0.10825059131443691
130890,0.059456857605850226
130891,0.1420439272963237
130892,0.13151060310032928
130893,0.1409590369842915
130894,0.14410310253169595
130895,0.08481340027625382
130896,0.07878628726556214
130897,0.0889009455346379
130898,0.1139031656772047
130899,0.10748424752556839
130900,0.12495362766119862
130901,0.06932923932104529
130902,0.05887878696896852
130903,0.09159690365951505
130904,0.076177209472286
130905,0.0892730438651749
130906,0.1381514965708628
130907,0.12647332275052064
130908,0.136107875745859
130909,0.10168738576920734
130910,0.10396757692730861
130911,0.0847536548550287
130912,0.06617569705042803
130913,0.11301066697280204
130914,0.05258269153078986
130915,0.040630531725565494
130916,0.10795799498642919
130917,0.10246310206565984
130918,0.15903231869489437
130919,0.10466952294718322
130920,0.10708637626174307
130921,0.10732876772813396
130922,0.08382821589619958
130923,0.12302322469263863
130924,0.09760980124184987
130925,0.0879286080084275
130926,0.051756318730202276
130927,0.10869902838260247
130928,0.09790592291381571
130929,0.14869131567915234
130930,0.0905638142292158
130931,0.08659767848826756
130932,0.15248489644311825
130933,0.12008486290961892
130934,0.04027036192935181
130935,0.1366262362136773
130936,0.06761178034526091
130937,0.11006951163674382
130938,0.056882537891341615
130939,0.1320845857637858
130940,0.07714374259109916
130941,0.10727709098350409
130942,0.06219787728269941
130943,0.14253221808810587
130944,0.06943192260023798
130945,0.07213348619638069
130946,0.10313905399992461
130947,0.06631185131339049
130948,0.07943670611737681
130949,0.1197233560663673
130950,0.10063139911242125
130951,0.10228560884075205
130952,0.10035830987320891
130953,0.16855288261339982
130954,0.13586472314698134
130955,0.13579504338987983
130956,0.11864379452635042
130957,0.10825969316283747
130958,0.07278473715893755
130959,0.11057572703077025
130960,0.09727460127757463
130961,0.1323482995061718
130962,0.10283486854459142
130963,0.07865478517999683
130964,0.12673320243008263
130965,0.07316425622793848
130966,0.03414936372463488
130967,0.11360539991394783
130968,0.14863762255846175
130969,0.08097026686947949
130970,0.12846619629211212
130971,0.2020655112392153
130972,0.08438718526900833
130973,0.09323012351109687
130974,0.10822301978190722
130975,0.12457062775553018
130976,0.09332181721923571
130977,0.10708999297392983
130978,0.14577068623669057
130979,0.09841191893168724
130980,0.08049837950843318
130981,0.10150499974592617
130982,0.12582106896445439
130983,0.09370881061511288
130984,0.09311155973831932
130985,0.07008372182269385
130986,0.10335723367967782
130987,0.10501184811275462
130988,0.1030577738223653
130989,0.10555738511684928
130990,0.0961829408819929
130991,0.0862691173990022
130992,0.12106027981348776
130993,0.07422507646512105
130994,0.13090813292161407
130995,0.06666841735624238
130996,0.1453713914667637
130997,0.1440853127905467
130998,0.09667597167976098
130999,0.016189268123255704
131000,0.07945009289728798
131001,0.12004024555475462
131002,0.14150378391294463
131003,0.12654449910963503
131004,0.04783985766192394
131005,0.10845449668106211
131006,0.10647896638012563
131007,0.13412177190371688
131008,0.0804521988908192
131009,0.0667806627968997
131010,0.08415611376471344
131011,0.05948136894922734
131012,0.07017202619401564
131013,0.0834354883357004
131014,0.11861449732851395
131015,0.1533651617585066
131016,0.1366496608043359
131017,0.14438137962665804
131018,0.08917592729509441
131019,0.11659473788892138
131020,0.10746734151542914
131021,0.12713525014894878
131022,0.08687221730434022
131023,0.12656906523545883
131024,0.15649743314812686
131025,0.11019497778732688
131026,0.13227472665311923
131027,0.10882195584926553
131028,0.10388888934575587
131029,0.16417623465661768
131030,0.10635532919161865
131031,0.08551402492649293
131032,0.06165371691778197
131033,0.1412111146459524
131034,0.14863473590514792
131035,0.11844090711748614
131036,0.1313267955722884
131037,0.13653244770608158
131038,0.15262076468904626
131039,0.07541381061597727
131040,0.06360027531335394
131041,0.055043586176812924
131042,0.06586385102711392
131043,0.0818130519134631
131044,0.09124583168941941
131045,0.11641604316325119
131046,0.11747801216751086
131047,0.07619407464559597
131048,0.15971494891102156
131049,0.0936324682807457
131050,0.05453254396922781
131051,0.10661341101446623
131052,0.11193315053794538
131053,0.09245770997353137
131054,0.1643694290140472
131055,0.09321655273135152
131056,0.10357894638405754
131057,0.1543303116187859
131058,0.12810017564576104
131059,0.07383471680422038
131060,0.10069638222123939
131061,0.05869450356836367
131062,0.13178305939903398
131063,0.12636021338693992
131064,0.06456807640662329
131065,0.11408893118685205
131066,0.10376230342380269
131067,0.13816760282705387
131068,0.13311898872918537
131069,0.12216958699464918
131070,0.12444994393687998
131071,0.09459384931481124
131072,0.0835605963322828
131073,0.11621240465782148
131074,0.13219362647477625
131075,0.13713708225938664
131076,0.12098369627136114
131077,0.11924653263393986
131078,0.05453216070619396
131079,0.09390214947143824
131080,0.05463964499702475
131081,0.1423295807634488
131082,0.11460710621344021
131083,0.10144814153325432
131084,0.13435562007366708
131085,0.16103879314623343
131086,0.07733241921930056
131087,0.11329282760365644
131088,0.09800629955208531
131089,0.1179733809215564
131090,0.10064115362896468
131091,0.12715524994165056
131092,0.10977239352904686
131093,0.11106275960427432
131094,0.11310190367028343
131095,0.08231211094686003
131096,0.15422733448492765
131097,0.11064812581374578
131098,0.10234401724447763
131099,0.12317034728473042
131100,0.07848529819467034
131101,0.09454504127083474
131102,0.07601354086654213
131103,0.1107448263588462
131104,0.09129888379640744
131105,0.12292080016839886
131106,0.07842723233551094
131107,0.04361869129198405
131108,0.15172921757490715
131109,0.08652272730182796
131110,0.10521663475728738
131111,0.061537757640883976
131112,0.11747433857929272
131113,0.06298055813911908
131114,0.07252178127191031
131115,0.07781657638425762
131116,0.05470471097617986
131117,0.12275544864289326
131118,0.10057822972182642
131119,0.10852471174597489
131120,0.08144536219279142
131121,0.07712791605796222
131122,0.0424506395544872
131123,0.05486795793548484
131124,0.08444398829266231
131125,0.11521999045717632
131126,0.09646563137553466
131127,0.11421901849621258
131128,0.11379908484127092
131129,0.09846152755937365
131130,0.06074708027776134
131131,0.09360835823711101
131132,0.11587505552169577
131133,0.06579367414541798
131134,0.15095386487384857
131135,0.11165415840608624
131136,0.08713713981393924
131137,0.09382785180940593
131138,0.10262999050049808
131139,0.12178935635405753
131140,0.12058656559136338
131141,0.09291818621208132
131142,0.05930631835174639
131143,0.09364056892841854
131144,0.08727665213727612
131145,0.13834249398180326
131146,0.08368008992178176
131147,0.09327673360803453
131148,0.07707711856761576
131149,0.07606299236016198
131150,0.14447262793382473
131151,0.06451151332730067
131152,0.061940494561542096
131153,0.09255305661817269
131154,0.06414653575526491
131155,0.11260954892165254
131156,0.06880721563099812
131157,0.06399389453842813
131158,0.07806646596202493
131159,0.10919912316198277
131160,0.050103938566875714
131161,0.08017618983828168
131162,0.06030681973941686
131163,0.0868228962608683
131164,0.07701229928009767
131165,0.11096616333891296
131166,0.11586969733979802
131167,0.10738429075475474
131168,0.09926054826024992
131169,0.14462000859407897
131170,0.0681022603739131
131171,0.11596173433487857
131172,0.10413477363664883
131173,0.028815302715377217
131174,0.1315167736998914
131175,0.1340315608503496
131176,0.1175841933859833
131177,0.06007431580209287
131178,0.1011789634336854
131179,0.12937683716881532
131180,0.025290438570577417
131181,0.10644911729635105
131182,0.09182890528257258
131183,0.09482302005838407
131184,0.11691895458335536
131185,0.13567158066336332
131186,0.0923121049408316
131187,0.08584106736536193
131188,0.12118651141718492
131189,0.1331342060003991
131190,0.09119009881250055
131191,0.10920964074345975
131192,0.1389326557742731
131193,0.14243291072992106
131194,0.12467091119109615
131195,0.11366449790381207
131196,0.05248215156551758
131197,0.0720592870623687
131198,0.12016138733566742
131199,0.08151354488298918
131200,0.09951391028459719
131201,0.10848717644799166
131202,0.10311347810602656
131203,0.13542217721934477
131204,0.12643144740105755
131205,0.1033695446313342
131206,0.12178318925777332
131207,0.09794424693717915
131208,0.06660834764994669
131209,0.06540994609242741
131210,0.17417398613344853
131211,0.1320837093659843
131212,0.08311330342623774
131213,0.13048213180701507
131214,0.07620314964294085
131215,0.08918597330102271
131216,0.13519830109381206
131217,0.06698772994846637
131218,0.09588336023001631
131219,0.12135233830075853
131220,0.08815284941724684
131221,0.08732269185992532
131222,0.10470184272706413
131223,0.1368669512512826
131224,0.10633344111199525
131225,0.13102957751570354
131226,0.07335225196755353
131227,0.12322415030788791
131228,0.10368967443031701
131229,0.08376342311684276
131230,0.08599981505227267
131231,0.10092048935743213
131232,0.07917088479871706
131233,0.06956472275475832
131234,0.09396375573297464
131235,0.06302053348123783
131236,0.103145579926494
131237,0.10319791736749387
131238,0.09842840843400527
131239,0.07921570649923493
131240,0.05481576554644561
131241,0.08825329609333102
131242,0.09290701411900569
131243,0.06232112852262634
131244,0.07194162379753449
131245,0.09067873534398325
131246,0.09097101614816963
131247,0.05570454259441299
131248,0.044132633226120474
131249,0.15203609033425527
131250,0.09846022086803886
131251,0.10094865553669848
131252,0.11101512017607236
131253,0.09444088682411148
131254,0.08947896209316131
131255,0.16680742887634437
131256,0.08369082976007725
131257,0.10888855289397176
131258,0.11356948275478528
131259,0.10073364603951619
131260,0.1462990853298397
131261,0.0821162540611756
131262,0.10110354991878887
131263,0.09954606103755992
131264,0.1467862419626661
131265,0.12801768007671388
131266,0.12907397942868537
131267,0.13546843239044135
131268,0.10588005605973427
131269,0.04601214305716711
131270,0.07261321740951691
131271,0.05124688680649244
131272,0.08051451003491719
131273,0.13751224079199614
131274,0.0991030388655843
131275,0.07915292575542035
131276,0.0930096569997986
131277,0.10021117770564608
131278,0.09068806106193457
131279,0.08064624247360715
131280,0.09201982183590933
131281,0.044038859526961176
131282,0.06624823967500136
131283,0.03252119852962004
131284,0.14309092348447433
131285,0.14629169667547745
131286,0.09909595060977888
131287,0.08485410917080269
131288,0.09475710668473332
131289,0.08486404417691662
131290,0.13344401537814385
131291,0.10897098081014103
131292,0.06871962729563078
131293,0.11883231064661184
131294,0.13820684772879852
131295,0.11108596316885463
131296,0.15772723525100482
131297,0.12247150683219943
131298,0.08963377931008076
131299,0.1202196194254684
131300,0.09591614805435023
131301,0.09493226686642593
131302,0.03884395835594228
131303,0.14040119732790515
131304,0.10315800152285648
131305,0.10030133002825228
131306,0.062337131794270605
131307,0.09680244340022057
131308,0.12949226622119545
131309,0.07870518643868699
131310,0.09589352343449657
131311,0.10839901960497127
131312,0.04771819208471932
131313,0.12747589830954117
131314,0.1179103854291496
131315,0.14163250231821645
131316,0.08693703999093068
131317,0.08007646939955432
131318,0.07379765858439845
131319,0.0920951367674788
131320,0.10045144969418929
131321,0.07400424053405438
131322,0.12717408934271418
131323,0.04921593890937541
131324,0.09497564734819088
131325,0.10042618230018495
131326,0.1394722384377158
131327,0.060552764795796514
131328,0.08484572828979697
131329,0.12230213100868668
131330,0.12632649634227805
131331,0.13381364632586562
131332,0.0841078242725022
131333,0.07945659427920082
131334,0.07528595379101372
131335,0.12049408520506323
131336,0.04134814789880599
131337,0.04313034368583591
131338,0.13288228221042092
131339,0.09802986129336619
131340,0.08645267899826344
131341,0.08630219850830018
131342,0.11826411406112516
131343,0.03757430294109832
131344,0.12330067613182992
131345,0.10580638978978024
131346,0.03234693218582878
131347,0.044492333035664716
131348,0.10578488281551884
131349,0.06567690228477718
131350,0.02945093086413883
131351,0.0425600770782121
131352,0.13621866713890962
131353,0.09750958953076258
131354,0.0651563522175323
131355,0.11932906915309631
131356,0.12653845799155294
131357,0.08016257370668212
131358,0.06160607252499999
131359,0.08749212751224551
131360,0.1351129004629366
131361,0.1282568100189569
131362,0.12954119245627146
131363,0.126345786547612
131364,0.08206997434970764
131365,0.14685155148811516
131366,0.07158419188405146
131367,0.0875772632692796
131368,0.13489427817051236
131369,0.0877592786451736
131370,0.10433930840567698
131371,0.08476153369593596
131372,0.14998246464825754
131373,0.06697517885470686
131374,0.11842899273358798
131375,0.13152123189542267
131376,0.07426234829632922
131377,0.09281486847375041
131378,0.07560534853648362
131379,0.12456136895486904
131380,0.08072911261664678
131381,0.1381324595983828
131382,0.06292454365855571
131383,0.12167065429735985
131384,0.12308733131494953
131385,0.09611504195631358
131386,0.07784001354101627
131387,0.05905772954427062
131388,0.10062406663267895
131389,0.07159637578913688
131390,0.057342176547754954
131391,0.11354536845370862
131392,0.08533328068141441
131393,0.10745868549507887
131394,0.10152820450706151
131395,0.07311885590840303
131396,0.06877490361022723
131397,0.10092321699158839
131398,0.07515007410802362
131399,0.13701285392734952
131400,0.09524576745439478
131401,0.12658330016123204
131402,0.11341644670810345
131403,0.11987057039501892
131404,0.14040460947276107
131405,0.08109505322942127
131406,0.08292144166846134
131407,0.09711510261430766
131408,0.12733414745605295
131409,0.08445391786318904
131410,0.07919744665209162
131411,0.13862543152039275
131412,0.06652840649806002
131413,0.1137599877792737
131414,0.10127204323332058
131415,0.1445307213614789
131416,0.07467446092223648
131417,0.11325982760109614
131418,0.12557104211231582
131419,0.12303444716620504
131420,0.08020209124265593
131421,0.0950444875426128
131422,0.1456993045251921
131423,0.13720830938863604
131424,0.1039985176292948
131425,0.09826105848455813
131426,0.06558548031086103
131427,0.08917924700777236
131428,0.0986937733480047
131429,0.09489970435321658
131430,0.12083939825799792
131431,0.1261152580399353
131432,0.10135827349308534
131433,0.1128821557673442
131434,0.09067310036222322
131435,0.09593204283087925
131436,0.079807189642361
131437,0.10491566525482217
131438,0.044260500089308936
131439,0.1053584197246687
131440,0.14566049016564436
131441,0.08824646287359272
131442,0.05743956669983455
131443,0.040051198060624835
131444,0.11758771274860846
131445,0.05450649360766575
131446,0.09101775651443131
131447,0.07862408690744188
131448,0.08062026407963842
131449,0.11143250194837112
131450,0.14220659098440258
131451,0.11254079899604576
131452,0.0759641653096121
131453,0.10836256323077154
131454,0.08036749942080558
131455,0.08892058044872772
131456,0.1275764354429846
131457,0.08737144483883494
131458,0.1266539656779227
131459,0.10856364577250108
131460,0.08151017480228351
131461,0.07706988613556083
131462,0.11535167794767759
131463,0.11742413307407804
131464,0.08175175928264679
131465,0.11025659238796708
131466,0.11544685531633582
131467,0.10850123305858612
131468,0.07383099194829744
131469,0.07994370810874935
131470,0.06338091669033749
131471,0.06506136126084727
131472,0.14233800081598136
131473,0.13045589904811014
131474,0.07927364253819985
131475,0.0736466549869779
131476,0.09649809308877273
131477,0.08897554213945497
131478,0.09842489172689997
131479,0.11501441972533355
131480,0.11435215812821484
131481,0.15491583712122958
131482,0.05959165336889071
131483,0.11661507329477269
131484,0.07739972550652838
131485,0.15230328543829783
131486,0.08266345075359278
131487,0.06234635212844635
131488,0.04263166161482709
131489,0.05741862101112182
131490,0.11441749380167088
131491,0.13833572045679451
131492,0.10266072290084531
131493,0.0770109296720311
131494,0.12692050988452203
131495,0.11523656230696608
131496,0.1478859799173894
131497,0.06382234489142848
131498,0.11575662085801115
131499,0.143348177988951
131500,0.10784416753445918
131501,0.07856403654824266
131502,0.1141786742744507
131503,0.03631058053817819
131504,0.10793465423642933
131505,0.028473082333082128
131506,0.11514286206316755
131507,0.09959517270151855
131508,0.07723393157737854
131509,0.07016704842932871
131510,0.08062541329662978
131511,0.11690982888340543
131512,0.029036656145518924
131513,0.09178374093701204
131514,0.13596891553255017
131515,0.11084889324875179
131516,0.09925651141218751
131517,0.02634057267183068
131518,0.12725770747548107
131519,0.12505126898027857
131520,0.09450344631940737
131521,0.08502711829452529
131522,0.13011561365528834
131523,0.13253241825273226
131524,0.08339886377359322
131525,0.1019446020173764
131526,0.10591621594148844
131527,0.1349420641644581
131528,0.09201905768067031
131529,0.11405866591909761
131530,0.06010656529428835
131531,0.078112939661845
131532,0.1175500833737812
131533,0.1517315553644198
131534,0.0776987747694248
131535,0.0838063992209827
131536,0.069808253678865
131537,0.09542302539159817
131538,0.1335514061540239
131539,0.0722789697037817
131540,0.10279689191937799
131541,0.10094719859265831
131542,0.10705880036443273
131543,0.10818611119857063
131544,0.09151460600981932
131545,0.1070730118607326
131546,0.0806005710491069
131547,0.0641503876158338
131548,0.1465403028389748
131549,0.09128166649112777
131550,0.0558565838028237
131551,0.03492997134838327
131552,0.10180345167367674
131553,0.05540410287599083
131554,0.0825969717169447
131555,0.07308533962742934
131556,0.06886492988739076
131557,0.05463089084500737
131558,0.1010762947583843
131559,0.13691616717507982
131560,0.10569823107164368
131561,0.1602647066080151
131562,0.07358429383794768
131563,0.10444828665714603
131564,0.09911987002764466
131565,0.04168076249953622
131566,0.05836827820817654
131567,0.0516489830010004
131568,0.012391574081622295
131569,0.0928109654750569
131570,0.08421231009342356
131571,0.08637261403393265
131572,0.10197922281827712
131573,0.04441313701046427
131574,0.10135453316063785
131575,0.1245642303241883
131576,0.05515250589622005
131577,0.08154895497518706
131578,0.07386196475896717
131579,0.06432231802324714
131580,0.07829582066817767
131581,0.07898496081016672
131582,0.09282516840555713
131583,0.029181862916879298
131584,0.10853854354501362
131585,0.11988259636852173
131586,0.08160133688869625
131587,0.10383257361291774
131588,0.043540083222729294
131589,0.13019274004131423
131590,0.08696720914986542
131591,0.0589065128270702
131592,0.10067955519978143
131593,0.07053470371171665
131594,0.09180532988443495
131595,0.12773373118300302
131596,-0.005753308064099127
131597,0.08048716593911945
131598,0.09197472653315637
131599,0.12561112925453438
131600,0.08801243426898427
131601,0.08853033411517838
131602,0.08963068213456639
131603,0.08553278481383698
131604,0.10590940305066311
131605,0.09518002319838806
131606,0.07793867968107926
131607,0.09137126904834443
131608,0.10795150242213616
131609,0.08306817824188895
131610,0.06476385374241325
131611,0.09356868881400152
131612,0.07428899528153415
131613,0.08756250792833084
131614,0.06543434263807776
131615,0.06915924153616584
131616,0.07677279348841326
131617,0.12900647542966648
131618,0.09674868364431835
131619,0.0422443077404363
131620,0.07756835054759406
131621,0.09970747796846062
131622,0.10252191954722467
131623,0.07180135973939694
131624,0.0802740059791507
131625,0.1441976720202663
131626,0.03823152048440143
131627,0.11389496868776283
131628,0.05428434398829037
131629,0.0723948379500018
131630,0.12380477052300172
131631,0.07954888792486013
131632,0.0691533415708352
131633,0.12923155602185266
131634,0.08586409599418922
131635,0.06602841283752156
131636,0.07542545110143294
131637,0.10002107602233345
131638,0.1284721831306552
131639,0.1279855100291806
131640,0.03671185746934943
131641,0.09766864390134762
131642,0.08760766624483086
131643,0.08508726076063984
131644,0.09647484903926361
131645,0.105165505894866
131646,0.06936232751374319
131647,0.15910771573897775
131648,0.1116418393291769
131649,0.10331185346918031
131650,0.10877048902790595
131651,0.12615878647258955
131652,0.09378782238126306
131653,0.08074377212825
131654,0.08940727703677069
131655,0.10859671774873868
131656,0.06306304165259188
131657,0.09756110386834876
131658,0.09459473609470187
131659,0.10356670854338965
131660,0.09154201858453016
131661,0.06116739752267991
131662,0.09377889973774967
131663,0.03371145909087584
131664,0.07997910877470744
131665,0.07566998920561561
131666,0.09399336071736637
131667,0.07380448190754628
131668,0.1372664576499743
131669,0.09375185677505886
131670,0.08718342774801745
131671,0.12092481661377658
131672,0.09987464442773006
131673,0.06130013332803034
131674,0.12807184276194528
131675,0.08645558550636762
131676,0.10777788338921185
131677,0.11811106575656655
131678,0.1032155709677102
131679,0.0750737928934943
131680,0.053007434166195314
131681,0.10753912567135136
131682,0.048644531134192516
131683,0.0703941859178248
131684,0.09573210047833886
131685,0.09957909725670908
131686,0.14924198085221624
131687,0.0918442304361809
131688,0.10853247895491472
131689,0.13635629404277666
131690,0.09832742667855068
131691,0.10348144107878088
131692,0.09845910834956305
131693,0.0730656036182477
131694,0.10635768670617336
131695,0.08059549856723332
131696,0.1537931231107573
131697,0.11612701452167223
131698,0.06217345596541077
131699,0.06860537852287354
131700,0.07315626679374694
131701,0.10197335029276156
131702,0.047661566543484836
131703,0.0975995377551292
131704,0.10654491584567811
131705,0.0619042394461619
131706,0.057563925075718635
131707,0.09617176952665069
131708,0.08454099994468599
131709,0.11635879262457252
131710,0.08846085653061118
131711,0.06292965959745911
131712,0.11088083105673646
131713,0.07669113273075409
131714,0.11567706973907664
131715,0.09684922517535825
131716,0.0997355753626331
131717,0.06116698216399116
131718,0.06776166518151679
131719,0.07070247721216649
131720,0.0394854958283635
131721,0.1258905923406026
131722,0.019031606918151367
131723,0.10977630411027715
131724,0.1377333004677438
131725,0.1617001699063781
131726,0.07966745175536873
131727,0.12310407644653767
131728,0.0855679958426073
131729,0.11954179078316998
131730,0.14169846758364996
131731,0.06790637052480493
131732,0.05717813905988261
131733,0.08430713424052297
131734,0.11641766763631174
131735,0.0742874310922314
131736,0.1038362522108478
131737,0.049938579945408616
131738,0.0969585493667257
131739,0.05564783516014393
131740,0.13844951113083084
131741,0.12004946429682756
131742,0.10749787720011385
131743,0.12088922160411089
131744,0.10542215476601553
131745,0.08718375394103559
131746,0.11854113130949519
131747,0.1303608796982274
131748,0.06036268902239064
131749,0.06314149248895576
131750,0.09950057746193954
131751,0.0771603164001809
131752,0.06162139683984569
131753,0.09649923635430932
131754,0.08233347919992465
131755,0.0733032860380779
131756,0.09110118577819734
131757,0.07189805451016969
131758,0.0752234019408145
131759,0.14182631709392915
131760,0.11070578278533952
131761,0.05006028986791111
131762,0.030453431380882717
131763,0.05690726145281781
131764,0.07204520558690122
131765,0.10260177580559965
131766,0.12765470442459442
131767,0.10770797120816518
131768,0.05121717710228599
131769,0.05862139483480908
131770,0.12220889784774201
131771,0.10764741207356471
131772,0.1484192648390684
131773,0.038656237899756814
131774,0.0909384666821469
131775,0.10272784428554368
131776,0.005046332144993865
131777,0.06577363584835862
131778,0.06654815023461597
131779,0.11295596286500455
131780,0.09860272617341978
131781,0.09397945474011356
131782,0.0750411501826513
131783,0.06465443984044845
131784,-0.0012623006569388584
131785,0.09682086994385238
131786,0.07260729359893087
131787,0.10193649015902531
131788,0.09225253427468762
131789,0.0868593559696225
131790,0.07145010784259813
131791,0.05781456673899249
131792,0.10146851310157724
131793,0.11796531200392077
131794,0.08668951531326664
131795,0.03340438032492281
131796,0.05657915431374151
131797,0.11301855823134666
131798,0.12677593268932957
131799,0.06993138100465625
131800,0.06694394831294753
131801,0.017379699628200657
131802,0.02884800131023401
131803,0.08889622723911418
131804,0.03835234168792722
131805,0.08332084733954738
131806,0.0708510671568365
131807,0.13534615404512454
131808,0.12226079143862445
131809,0.08508912131478849
131810,0.12790396732640158
131811,0.08763963371514845
131812,0.06900686343375362
131813,0.11870061876381291
131814,0.10452375555848925
131815,0.037094596663033635
131816,0.04205499781413534
131817,0.05835185664481464
131818,0.12390227480883315
131819,0.09225360626298196
131820,0.10508055217538186
131821,0.10496743914569633
131822,0.0754231032168931
131823,0.02513012396255937
131824,0.07313830636374855
131825,0.09412331315599168
131826,0.05732251557865986
131827,0.12480980203018488
131828,0.07825601215737206
131829,0.09435334325677887
131830,0.06656048309882671
131831,0.09491338262369528
131832,0.09603200755860115
131833,0.09428525243419907
131834,0.04587342725124227
131835,0.06610063285424543
131836,0.1319280298499002
131837,0.09406588387322477
131838,0.12361701239010649
131839,0.10996066559603668
131840,0.053216148751069905
131841,0.0738446210658824
131842,0.07908582274761845
131843,0.14499051614171116
131844,0.09066852790213106
131845,0.0782361957785031
131846,0.13182193373576848
131847,0.09971942104952683
131848,0.11577869303805285
131849,0.11705076040676149
131850,0.13978099332381472
131851,0.05979053897400751
131852,0.11212109183466064
131853,0.12690386404146997
131854,0.12917774661680115
131855,0.06065452683921588
131856,0.11887526967918263
131857,0.07255995665844772
131858,0.10402360457319969
131859,0.12323870393225668
131860,0.11057205667957319
131861,0.08132238353477679
131862,0.07515854181996204
131863,0.08444053963988223
131864,0.06127520062791578
131865,0.04875774035932521
131866,0.08954452443858196
131867,0.07365481066522939
131868,0.1335631535950082
131869,0.04928555633708854
131870,0.1014620297993897
131871,0.07811372273536865
131872,0.07227890792987086
131873,0.09208310576562911
131874,0.09551849583668838
131875,0.0910264570159817
131876,0.124364197087539
131877,0.05440264651318267
131878,0.08795808018933345
131879,0.100123757163868
131880,0.06316373300715881
131881,0.0910500086289756
131882,0.07791263295999779
131883,0.11024562835029539
131884,0.05562896417655366
131885,0.06862816732376392
131886,0.1122054359041377
131887,0.1017019023828246
131888,0.10017706787471511
131889,0.031297205143503586
131890,0.12319533734443087
131891,0.11144153786101418
131892,0.0509313379798796
131893,0.05412042562719098
131894,0.05537511822702919
131895,0.06577113691513861
131896,0.07521543065800539
131897,0.07874512583766796
131898,0.09902697907168795
131899,0.06321931243526695
131900,0.12232236088680401
131901,0.04276080360302057
131902,0.053462579343537896
131903,0.11608787650505352
131904,0.05996517705588985
131905,0.1112418044821432
131906,0.09086447751222186
131907,0.08281058420884367
131908,0.12757088030087305
131909,0.12497907627374308
131910,0.10277033508135719
131911,0.0639130268535413
131912,0.14487306199321331
131913,0.1221020189624398
131914,0.0672776911632989
131915,0.14712945104636824
131916,0.09344290311962565
131917,0.15594904384293964
131918,0.08154353132394217
131919,0.1006088098048939
131920,0.09863771769911972
131921,0.10012057357331205
131922,0.053414923819674505
131923,0.13949738435687697
131924,0.08748248196035453
131925,0.09693393987957716
131926,0.025873236422682425
131927,0.12133603449403717
131928,0.1030850658885136
131929,0.05987867911970371
131930,0.11948042913450849
131931,0.10523750108821105
131932,0.10207384131781873
131933,0.09738032033142927
131934,0.037841685335063
131935,0.10788299838877698
131936,0.08072979065596601
131937,0.05065813996977368
131938,0.1703711323164653
131939,0.11095527292926927
131940,0.13863983801905444
131941,0.09563023055237552
131942,0.1068610646582322
131943,0.07027844902844935
131944,0.14651736921977387
131945,0.08615702978862416
131946,0.06418975949821537
131947,0.09920474619818985
131948,0.16276709420908814
131949,0.12928524540008215
131950,0.07622710801106825
131951,0.07748284720811323
131952,0.07742779962695945
131953,0.10179899582945945
131954,0.0623661739291797
131955,0.058177662057925225
131956,0.09031386964422691
131957,0.07667008743944845
131958,0.09195120772449894
131959,0.12323958120035278
131960,0.08571874186718806
131961,0.11310017620677199
131962,0.09261453790041846
131963,0.07325630414852416
131964,0.10886957568684491
131965,0.14201872943624888
131966,0.13330757836815016
131967,0.06216041356437396
131968,0.0806790647415212
131969,0.06925307663441513
131970,0.1317328795320098
131971,0.12482264068979593
131972,0.07039727503215701
131973,0.11232403611633857
131974,0.10661422507032592
131975,0.1438329111380967
131976,0.07655612531702644
131977,0.0970512174004908
131978,0.12200694186403167
131979,0.09476020081428493
131980,0.12412908997014299
131981,0.11051946417567209
131982,0.13703760317808003
131983,0.11722648580747086
131984,0.0471124522032801
131985,0.07586798197965747
131986,0.05633009968569563
131987,0.09249027604137522
131988,0.13121432092993535
131989,0.09298106313113103
131990,0.07541115989434817
131991,0.07701277991469048
131992,0.07883838050531893
131993,0.14188020317036748
131994,0.08106658005976405
131995,0.09508152854744215
131996,0.10763138183312906
131997,0.1384460047195279
131998,0.10751924522142994
131999,0.08792495854408774
132000,0.01136562328177139
132001,0.09140098503438988
132002,0.040851935348981974
132003,0.04042190669829866
132004,0.12672691815616843
132005,0.07762870069600133
132006,0.07169039799081381
132007,0.1271371930388632
132008,0.13588596763113148
132009,0.09959234139576995
132010,0.03887132521608441
132011,0.1105429460938231
132012,0.10003927372123173
132013,0.0820855357628836
132014,0.08689328044089026
132015,0.050169644261164235
132016,0.036242389044196764
132017,0.04496181763459698
132018,0.05054954971985308
132019,0.06037772865054468
132020,0.12326451628591806
132021,0.0842326774913217
132022,0.10919811994335878
132023,0.07526172105641873
132024,0.08438948692362214
132025,0.10470023322338666
132026,0.13881780698588925
132027,0.08951903106188189
132028,0.1294470758920832
132029,0.012208794803975409
132030,0.06768365481677263
132031,0.12193208531142097
132032,0.15312830930004767
132033,0.12656305442883553
132034,0.09812468920545017
132035,0.1434650579067379
132036,0.10045415856952053
132037,0.13054641804726558
132038,0.13413623018275306
132039,0.07566461514059358
132040,0.0564509617491243
132041,0.07047740845549966
132042,0.0811701535533384
132043,0.04020873421591607
132044,0.1374359131311015
132045,0.10641037116166645
132046,0.13034457057254978
132047,0.07793445628286147
132048,0.1477192810061233
132049,0.08071988309772166
132050,0.08916705932376219
132051,0.07893823965190828
132052,0.05604096879151224
132053,0.09802685266503917
132054,0.031124953830240353
132055,0.07855557110289092
132056,0.10822917028491133
132057,0.13864865107913435
132058,0.13576015691736573
132059,0.10381082806083931
132060,0.12883128974861047
132061,0.12858718005648256
132062,0.0806118987324697
132063,0.09966374530765451
132064,0.008438613608929238
132065,0.09274983719633477
132066,0.07697679480429025
132067,0.04462118394019301
132068,0.11100504552540526
132069,0.13637103436358078
132070,0.07233583003492824
132071,0.04025832784507349
132072,0.09781482525110914
132073,0.09405975296509766
132074,0.06172367179677363
132075,0.036647573662172875
132076,0.028226026927908564
132077,0.06637370555144877
132078,0.04769822086503097
132079,0.050137014500876494
132080,0.10198419248905075
132081,0.06604106372203715
132082,0.05002897783872178
132083,0.1284568392782449
132084,0.05842745085018247
132085,0.08033935522407584
132086,0.10171040432352198
132087,0.0818561981948967
132088,0.1071407145533391
132089,0.08969641802020949
132090,0.11914321546876849
132091,0.14372972139506845
132092,0.11474927651486651
132093,0.06630207766349569
132094,0.08401835614118992
132095,0.12649796817663714
132096,0.09476749864081055
132097,0.06048380165874377
132098,0.09936951099021982
132099,0.09161852549393089
132100,0.07634378566360858
132101,0.06259084262899048
132102,0.13270725480503837
132103,0.09118792927288688
132104,0.13613387703454682
132105,0.05561794802355105
132106,0.09494132346365562
132107,0.059281918516256624
132108,0.10116184751688444
132109,0.11689700430966142
132110,0.10236707699854593
132111,0.07325543414821835
132112,0.086748973518817
132113,0.08448132215180976
132114,0.08730578213680167
132115,0.08700898193668152
132116,0.10521781666955565
132117,0.10345805955264673
132118,0.08817073305117036
132119,0.1261622698014306
132120,0.1190149634942656
132121,0.08695715303781378
132122,0.13061129655823583
132123,0.04170843693915007
132124,0.04512165334664072
132125,0.06475977639928714
132126,0.07880543459960923
132127,0.10112506070875232
132128,0.08611927078436421
132129,0.1245346813142193
132130,0.08415966831208038
132131,0.12165695276929536
132132,0.0682215573265505
132133,0.10575673319801562
132134,0.03888696419247192
132135,-0.0056029065272328316
132136,0.11776168571576638
132137,0.0744154755232451
132138,0.09531487130956101
132139,0.05150610154906255
132140,0.08043724849066185
132141,0.11927137752902092
132142,0.09064790373539673
132143,0.08002181051614872
132144,0.12051748220960366
132145,0.09588760690357087
132146,0.07042257601224039
132147,0.1718237964494057
132148,0.10188720900500936
132149,0.13535355917321526
132150,0.08530172387196944
132151,0.1229203243154153
132152,0.06836048714912193
132153,0.10779361181775471
132154,0.06035754795389067
132155,0.1313223199642503
132156,0.12367863160363674
132157,0.11906239444104144
132158,0.10065182108920727
132159,0.12389986390964125
132160,0.08336439104883502
132161,0.09200171320221277
132162,0.06494942367948295
132163,0.05454083282336961
132164,0.061888964721287486
132165,0.10487783032477678
132166,0.07914198553815038
132167,0.09723816823963419
132168,0.09684924318244387
132169,0.09183794067602327
132170,0.09296836264468462
132171,0.042406092851068417
132172,0.067569855584357
132173,0.12460970611652747
132174,0.07236493366055122
132175,0.13192444990650298
132176,0.1459508308972946
132177,0.02452482426871888
132178,0.10583211750398966
132179,0.04500639138830516
132180,0.05174013040312096
132181,0.11600339726347153
132182,0.10539212652785297
132183,0.09150647548553831
132184,0.11906111451007265
132185,0.10973491453150314
132186,0.04578808641910194
132187,0.09302835190124886
132188,0.02964992077134744
132189,0.07254223790666889
132190,0.08766882559738574
132191,0.10675033998462796
132192,0.04217737822242234
132193,0.08168983112808863
132194,0.08976276722764691
132195,0.05252495441661429
132196,0.09547034596965709
132197,0.061859614585148576
132198,0.04291171248865283
132199,0.041864573190166725
132200,0.06225436183532221
132201,0.06997412184999482
132202,0.0811652178660315
132203,0.08256438365377369
132204,0.14143455749937556
132205,0.09574943307165121
132206,0.07129594437421519
132207,0.10398562091062247
132208,0.0907719441348835
132209,0.08979028715041996
132210,0.1047117008071258
132211,0.09119097965885371
132212,0.13342126994929446
132213,0.09289654124228497
132214,0.07880877912218993
132215,0.08462200248193527
132216,0.024094267252246497
132217,0.10254776784972248
132218,0.06207714136130667
132219,0.15849357573566927
132220,0.09835560445953107
132221,0.08197468791142298
132222,0.09561272725156914
132223,0.11774745455055388
132224,0.07631360784593896
132225,0.08297160741011102
132226,0.10189516652840551
132227,0.10579690643622283
132228,0.054056577542370185
132229,0.11659305507786105
132230,0.1124038787105327
132231,0.07651848990541565
132232,0.08954365191435124
132233,0.07394978474740052
132234,0.04308477751209071
132235,0.11383867086589519
132236,0.05370337933689799
132237,0.08744260113655916
132238,0.0590317481458065
132239,0.05140452298673863
132240,0.09127504189901083
132241,0.02779102631606182
132242,0.15571609278276727
132243,0.017985548143900534
132244,0.0790915528006056
132245,0.08424185902787044
132246,0.01780679357643765
132247,0.08958233257916295
132248,0.09560429143701556
132249,0.03773710539772706
132250,0.07264564528021158
132251,0.039368952082967416
132252,0.0763190192843779
132253,0.0664213447188886
132254,0.008622105420974024
132255,0.11101472642086238
132256,0.0912712524901568
132257,0.07262469808635441
132258,0.09448361931935514
132259,0.07766481885397847
132260,0.07151283461406605
132261,0.08446410452913355
132262,0.05921120962958479
132263,0.11689231522323068
132264,0.11624967302637701
132265,0.047904854048589164
132266,0.08501324114164031
132267,0.08994843103754376
132268,0.12140973897130047
132269,0.0856476854987588
132270,0.08071802593037136
132271,0.0874314450575581
132272,0.06755024668877999
132273,0.09867264559640823
132274,0.12229194335393954
132275,0.05082719600852743
132276,0.0438578024997243
132277,0.07729557757142007
132278,0.0455233254218419
132279,0.10120515453678859
132280,0.1380873173676534
132281,0.10001251964275254
132282,0.09392745567885558
132283,0.09388155527927303
132284,0.0841035908056875
132285,0.09082630909795035
132286,0.05341508275888236
132287,0.08180143981155064
132288,0.07289326146597955
132289,0.11583810126760885
132290,0.11630069603060735
132291,0.11989567577789073
132292,0.08362264073345323
132293,0.06071089524506254
132294,0.1399352477829035
132295,0.04237858002515829
132296,0.048051238542160334
132297,0.08382008343749607
132298,0.11519641612780421
132299,0.10091876488797913
132300,0.13529753514738904
132301,0.10208641446091771
132302,0.07636583127304823
132303,0.04948180422350215
132304,0.08860571091978611
132305,0.1286516273949224
132306,0.10949034454075121
132307,0.10356500481228917
132308,0.05000497403634265
132309,0.11104648536340825
132310,0.05167846002842661
132311,0.03631120106203936
132312,0.10842202546276494
132313,0.055547273479606474
132314,0.09063645190578275
132315,0.06753481990021437
132316,0.06610180391342371
132317,0.05860101468961005
132318,0.0628540886174629
132319,0.09731104844108031
132320,0.10118838863566763
132321,0.09641373340276836
132322,0.045882184636383216
132323,0.024191567156215933
132324,0.08897772626154368
132325,0.09968029411067594
132326,0.11120340665862825
132327,0.08043052429395783
132328,0.08009048256748807
132329,0.09072865062583907
132330,0.06147415843212205
132331,-0.012473336507068791
132332,0.09709605993519341
132333,0.09894136412404866
132334,0.04701356779472122
132335,0.11265237046944239
132336,0.1345731957546211
132337,0.05811684646556445
132338,0.08541695055972542
132339,0.1201632334050014
132340,0.08371842937948344
132341,0.07969387211171147
132342,0.054608769485382694
132343,0.07279047543476194
132344,0.0675353202829666
132345,0.10746900490833187
132346,0.10021212330621951
132347,0.09061365927051004
132348,0.022032842538514417
132349,0.10927963279028201
132350,0.08709622412321341
132351,0.08977161223184808
132352,0.0852450969044444
132353,0.11111888698186995
132354,0.08446216837682476
132355,0.060151049371707864
132356,0.10531755449331834
132357,0.12031212485925022
132358,0.02919643690142342
132359,0.09934105476236345
132360,0.10543934640558282
132361,0.06501523814960342
132362,0.06668974619748187
132363,0.0826102938360574
132364,0.1248737626236815
132365,0.07959601823374586
132366,0.11430441744533845
132367,0.09933634542729793
132368,0.09423155603741341
132369,0.12719456430547854
132370,0.12978385219160032
132371,0.11289265839061466
132372,0.03295157377198317
132373,0.08465322827089185
132374,0.06879912888393577
132375,0.03567351763060556
132376,0.047742973728846345
132377,0.11590523122786395
132378,0.09186071443910734
132379,0.0859536716816463
132380,0.028794298634743018
132381,0.06560791818130637
132382,0.09206736223156721
132383,0.07016548568107638
132384,0.0975935270394413
132385,0.05031607908855335
132386,0.025654967406014993
132387,0.10300416294989073
132388,0.09258155256672089
132389,0.07558148322625763
132390,0.10242592177505092
132391,0.03626840238843017
132392,0.09282838562940882
132393,0.02121290240661334
132394,0.12760491844333988
132395,0.06261671980783963
132396,0.04092209893798663
132397,0.06560968801635954
132398,0.0648371681556337
132399,0.08078722626549567
132400,0.10425954815134901
132401,0.017107567356432665
132402,0.07440859528170267
132403,0.10750906122426265
132404,0.03066155996950827
132405,0.09328547764889163
132406,0.053470471478351295
132407,0.07922835489555036
132408,0.08409456393900128
132409,0.1054725751377967
132410,0.08938406351058682
132411,0.09011857053997036
132412,0.09172246640323677
132413,0.002561977642828464
132414,0.12096303164071603
132415,0.04867970081879774
132416,0.09760901711907213
132417,0.08447096748063238
132418,0.07408557593649195
132419,0.09733865168853978
132420,0.051944868320455806
132421,0.11562335418026323
132422,0.06684479142195407
132423,0.049508415899987036
132424,0.11136212734263015
132425,0.06743225460949388
132426,0.05261649802205462
132427,0.11280791087330043
132428,0.1095132616652883
132429,0.07868193835930169
132430,0.08600189353740109
132431,0.092395328864156
132432,0.14232508137506544
132433,0.11374382233535871
132434,0.048968425988919345
132435,0.07356408912353596
132436,0.06155501801438656
132437,0.08383751600440313
132438,0.05172669166754497
132439,0.04661838648465302
132440,0.07669184207433467
132441,0.09978387226644878
132442,0.06747186437946501
132443,0.0462905623264044
132444,0.11493620246770134
132445,0.1047770554045667
132446,0.08088008169769707
132447,0.00947885718679331
132448,0.08467105665248459
132449,0.09897911107668049
132450,0.04722312424505411
132451,0.04352652634123968
132452,0.05060575501193034
132453,0.05436016256432111
132454,0.06298528353341432
132455,0.06934783180617324
132456,0.11213490326596612
132457,0.08983226719622366
132458,0.12953398152429627
132459,0.1229993139862463
132460,0.05400540871420334
132461,0.10442450766287993
132462,0.07834845151974942
132463,0.11632167207850196
132464,0.0644535122175388
132465,0.07486786902659238
132466,0.06834156547866077
132467,0.1374555238117541
132468,0.09318596792631478
132469,0.0770947824849624
132470,0.12409879995157591
132471,0.08739241386823957
132472,0.06455035922254959
132473,0.05869385467911255
132474,0.09175829566563169
132475,0.09415119849667943
132476,0.014928196327197177
132477,0.08655722904375744
132478,0.07877804856220304
132479,0.0797419929503186
132480,0.10834392524665759
132481,0.05525983675222318
132482,0.08932320063086487
132483,0.06799741439466149
132484,0.08109427636782619
132485,0.10866169871273337
132486,0.028369958740644526
132487,0.04741192314535006
132488,0.01960099782148835
132489,0.09981870215735321
132490,0.06769033591739991
132491,0.024254664455279164
132492,0.06266047427884759
132493,0.11872282885795804
132494,0.07556179850264919
132495,0.06143918004344322
132496,0.03199128094923399
132497,0.09779202092591921
132498,0.1254238297727111
132499,0.12000487628879203
132500,0.060106023999716957
132501,0.09630347893509099
132502,0.03665822741128877
132503,0.06971173884885773
132504,0.056535599899523684
132505,0.0528905485787996
132506,0.08386309380003473
132507,0.1451394157966209
132508,0.14504256829111914
132509,0.07567293029189817
132510,0.07011575918322642
132511,0.014542850986333608
132512,0.14989117960764053
132513,0.083179713117754
132514,-0.027278656044127644
132515,0.13109885653648495
132516,0.04545014625869431
132517,0.07450879587624949
132518,0.11303489933586243
132519,0.02624926127595801
132520,0.0915926459688901
132521,0.15943551769621594
132522,0.01278277753664929
132523,0.0807284822206577
132524,0.02281737168206259
132525,0.09080512420475559
132526,0.06961162450009199
132527,0.05958936681295651
132528,0.09724057307047604
132529,0.16977658380832011
132530,0.12555674924040153
132531,0.0825865187858926
132532,0.06430329792688136
132533,0.06474962990087405
132534,0.1411878788559961
132535,0.10781756470875922
132536,0.07497448793864492
132537,0.07896791222246567
132538,0.07547510547636242
132539,0.10359722574013203
132540,0.08891768963608339
132541,0.06749789675228465
132542,0.04697485288190785
132543,0.05621868937334126
132544,0.05461819944637605
132545,0.06901103213356921
132546,0.09888980778663234
132547,0.015203798742475239
132548,0.06658747793475163
132549,0.09779547377161779
132550,0.12109919960469248
132551,0.06393943793752645
132552,0.07081021471022261
132553,0.04106459678844347
132554,0.09129749013324566
132555,0.11587748611828955
132556,0.07056687609588515
132557,0.09827353136220436
132558,0.09212203547090561
132559,0.05696287367683717
132560,0.06806960785677982
132561,0.10973522424389952
132562,0.07427745875680233
132563,0.1120871926811319
132564,0.13947364201966259
132565,0.09982713147580687
132566,0.07829729412184892
132567,0.12856644049635405
132568,0.10147192855721343
132569,0.08790191556159548
132570,0.11488900755276887
132571,0.06967236079204449
132572,0.09206388495034624
132573,0.050449037022378546
132574,0.07443181973272364
132575,0.053349559185050265
132576,0.08733469967759291
132577,0.11635400647754215
132578,0.03231324400641753
132579,0.05560932638033324
132580,0.06309410008726482
132581,0.05224970121314346
132582,0.04856591481737378
132583,0.09733917294155672
132584,0.09280357900259883
132585,0.08863670932285515
132586,0.0865018128905469
132587,0.1368232649340965
132588,0.08527935989001714
132589,0.09640785053027927
132590,0.04377584747935516
132591,0.1327760087743478
132592,0.1180281973982849
132593,0.0711685518461061
132594,0.04925624341006674
132595,0.045034554253825534
132596,0.06325448214349604
132597,0.07149023220069908
132598,0.07502297858342827
132599,0.10407226198780917
132600,0.10123297295749689
132601,0.14833097863386718
132602,0.06589501731488917
132603,0.07442711818964039
132604,0.06483139607393258
132605,0.0826546271594087
132606,0.09894746180223381
132607,0.02529727224751087
132608,0.08831105143383373
132609,0.04470032984627237
132610,0.10800127700090804
132611,0.06063461355115101
132612,0.110720354136116
132613,0.02716605378424298
132614,0.08547324188471295
132615,0.054194524366503974
132616,0.12233244106971183
132617,0.03204850656740933
132618,0.047290768032172505
132619,0.07060944749914891
132620,0.08959945129453833
132621,0.08221463094011495
132622,0.04174269892363078
132623,0.034511216918546785
132624,0.05489673611277459
132625,0.13423997594292816
132626,0.12584837437566743
132627,0.0879067629603742
132628,0.007557565491076265
132629,0.12826318815017124
132630,0.08157806350644084
132631,0.05059743829318432
132632,0.07274100105243904
132633,0.05216807523672015
132634,0.012277784842777709
132635,0.11391210305845195
132636,0.09399684246158015
132637,0.06936497646971046
132638,0.10671794716017563
132639,0.15208175717516764
132640,0.11796960384786162
132641,0.10612547129865864
132642,0.04302608784880338
132643,0.10905895990228875
132644,0.11268574005889143
132645,0.06077396018973332
132646,0.09153657466422584
132647,0.0813633375126351
132648,0.0982212679142668
132649,0.06010662634247786
132650,0.07073405854952554
132651,0.08944637486129922
132652,0.06622957411042926
132653,0.08871614919359103
132654,0.07599280677193179
132655,0.053338997482326456
132656,0.07577943809411598
132657,0.08558522098097056
132658,0.07225896924700308
132659,0.03967960534288996
132660,0.12252058700998485
132661,0.04516549840408772
132662,0.12060598142241334
132663,0.08277952995122319
132664,0.06311029596972614
132665,0.10371491639585736
132666,0.08198190631364746
132667,0.09840527765260998
132668,0.039012032570521014
132669,0.011615665240602202
132670,0.08873266209100432
132671,0.1025959879154234
132672,0.07495913793004723
132673,0.07512565685170046
132674,0.09700426477539387
132675,0.012721362822614588
132676,0.07822632950965575
132677,0.09981412905965804
132678,0.061702101245798446
132679,0.0811556271410664
132680,0.08419311547671939
132681,0.08403820947050472
132682,0.06512694063875879
132683,0.07961729650893906
132684,0.10493159797958704
132685,0.06526582612136445
132686,0.051316144880593315
132687,0.09237119995123091
132688,0.0947479659322345
132689,0.06811986048004685
132690,0.08711018753676116
132691,0.0954745786308846
132692,0.11576576505618744
132693,0.05876442974591524
132694,0.07888263897805313
132695,0.12215865982442317
132696,0.03978188154605386
132697,0.0631971210465089
132698,0.10012846749221258
132699,0.0271271921561895
132700,0.12402045472881001
132701,0.05875603638397908
132702,0.05935241256066371
132703,0.07289445681656397
132704,0.09819215370947568
132705,0.10152868138265686
132706,0.1153244026624243
132707,0.061816721947642636
132708,0.08758863292875577
132709,0.01777150372084353
132710,0.05377545536070795
132711,0.08682509407754789
132712,0.05985865512524412
132713,0.07386821823891558
132714,0.029367420448086747
132715,0.11391810858886567
132716,0.11955339253070643
132717,0.10742596500832136
132718,0.015910400435970966
132719,0.12778593732614735
132720,0.1136975722150382
132721,0.0646619302641167
132722,0.06574355864737177
132723,0.07868807776782262
132724,0.1035006722733706
132725,0.07922868877644368
132726,0.03905412961281532
132727,0.10070003788005094
132728,0.011374436840215565
132729,0.061081185418313394
132730,0.09200090088214753
132731,0.028584919537470277
132732,0.06699144971504466
132733,0.04550826538577252
132734,0.08525755592665545
132735,0.10866220010082345
132736,0.05812207039577717
132737,0.05434862646304553
132738,0.09244653989517121
132739,0.07422309669531922
132740,0.07315360751312036
132741,0.024137150949225826
132742,0.039710584405218505
132743,0.050481738590402545
132744,0.08522788624670251
132745,0.11846319008416765
132746,0.08351175798720527
132747,0.05533320821265385
132748,0.07606364887425031
132749,0.0522429593480475
132750,0.06406880763689879
132751,0.11179043073931633
132752,0.08785283153412614
132753,0.10143595456701746
132754,0.12072294455844722
132755,0.11086741821558062
132756,0.07753556186248486
132757,0.08448154666082452
132758,0.09064937801354495
132759,0.09271855430625466
132760,0.11197020129257775
132761,0.07731365080994508
132762,0.09435111584009058
132763,0.0696106222418024
132764,0.06947703602354698
132765,0.015011289513504243
132766,0.10765124517864774
132767,0.12905657798838815
132768,0.0625526780312998
132769,0.04247584017200262
132770,0.0683632922958365
132771,0.08174785789152639
132772,0.12660501442380034
132773,0.10450403103667527
132774,0.07009457700441678
132775,0.11572741356836244
132776,0.09739943108808823
132777,0.09329869154201596
132778,0.041100191160741664
132779,0.1275493491860574
132780,0.06135580092287541
132781,0.11737322025307406
132782,0.05199652314005264
132783,0.12261335676810481
132784,0.10099162897475258
132785,0.08640167746404738
132786,0.12221094767733068
132787,0.06730902762300531
132788,0.07195784070381807
132789,0.08921511033483319
132790,0.15735584321234508
132791,0.049542148389615355
132792,0.05436483097574675
132793,0.10118925888400937
132794,0.08007478300195883
132795,0.05688034409409898
132796,0.03543772079609616
132797,0.053845901022435555
132798,0.11111790130231713
132799,0.07404108001937088
132800,0.0908053023499106
132801,0.07531312090327494
132802,0.11032702188107654
132803,0.10678386096838997
132804,0.04128491997237592
132805,0.07100110394952079
132806,0.06585960486866305
132807,0.08827660454402343
132808,0.1011922317189039
132809,0.06130578550403701
132810,0.09479765179302123
132811,0.048852172799199726
132812,0.06590189330812324
132813,0.09393146099305974
132814,0.04440384118638414
132815,0.11623050016436146
132816,0.1599290478342063
132817,0.08293440557010813
132818,0.11149098061882742
132819,0.110918208346693
132820,0.033727370343760193
132821,0.06753876711852821
132822,0.10834738661165508
132823,0.06814172999098173
132824,0.05208243886965422
132825,0.09004439884367059
132826,0.07565448893839673
132827,0.043777498458134015
132828,0.1141226299651362
132829,0.006806499642452515
132830,0.09052102405892884
132831,0.06109230343530884
132832,0.09054275019372897
132833,0.07462282464968324
132834,0.054952866769870753
132835,0.06910784755995766
132836,0.07691549370757599
132837,0.06957717198559142
132838,0.07403813654943381
132839,0.14396255566208932
132840,0.1070264627807954
132841,0.01964027170598282
132842,0.11304769034184328
132843,0.014665697485091708
132844,0.0812630155017106
132845,0.09218531821022505
132846,0.12526095761458775
132847,0.0483498046979112
132848,0.09477194165912803
132849,0.08895998302577424
132850,0.10748967831659884
132851,0.0891231450537051
132852,0.07669243219083467
132853,0.07207294453696406
132854,0.13516121450565052
132855,0.07716374768115508
132856,0.0944314049730435
132857,0.05609464648438045
132858,0.08549066682855043
132859,0.08473067798667917
132860,0.09029557827044994
132861,0.027304044421717452
132862,0.11617093533503847
132863,0.09167013984202847
132864,0.073512867869157
132865,0.06951054351652268
132866,0.08539269893223168
132867,0.07742873433122276
132868,0.038433508080243046
132869,0.12755519345683136
132870,0.09170689086310235
132871,0.08815584735784707
132872,0.06027758696940177
132873,0.08607907127162032
132874,0.09150894093821443
132875,0.10954193516833409
132876,0.06251658820593035
132877,0.10784965455847173
132878,0.07610177283739762
132879,0.08785212780930876
132880,0.02716362420325065
132881,0.07648621768060403
132882,0.08190322443332222
132883,0.08636144719960184
132884,0.06676326811887166
132885,0.03785717338091292
132886,0.054237328997905246
132887,0.023680464451887283
132888,0.115982064838913
132889,0.06398299437005522
132890,0.04545706366065924
132891,0.12994599524611555
132892,0.017677727640982938
132893,0.044858924951449386
132894,0.10928533213728217
132895,0.05220583903908939
132896,0.09790647197033908
132897,0.08120447503933852
132898,0.09725581916730083
132899,0.10558966868674677
132900,0.07654505067034344
132901,0.052112520214820046
132902,0.10454143477278255
132903,0.07636872372518695
132904,0.09734744085994182
132905,0.0674550916214133
132906,0.02556290942930639
132907,0.1065202548259644
132908,0.06904681439358416
132909,0.04691183476911943
132910,0.028164863976868987
132911,0.02993108315631663
132912,0.056146494374090763
132913,0.06016418261945855
132914,0.0767740609411861
132915,0.0433319950717937
132916,0.12615058743517918
132917,0.07896655318373343
132918,-0.003114661383448819
132919,0.09116132074496255
132920,0.03379924297600611
132921,0.07802769434327421
132922,0.05629962157889899
132923,0.0831715955848003
132924,0.028881559031871763
132925,0.06232881032954599
132926,0.04076764990102381
132927,0.08804826333155938
132928,0.11416616581549041
132929,0.024573388081058786
132930,0.10451789176429574
132931,0.09114845284297982
132932,0.0316904432413928
132933,0.11962258276643134
132934,0.05203137813382673
132935,0.13658162839437693
132936,0.05509710142879966
132937,0.08465291026464254
132938,-0.002703200059797184
132939,0.03187907093366976
132940,0.11937489931528339
132941,0.08910280852927688
132942,0.10280683490232898
132943,0.09139575700065836
132944,0.0930454787005993
132945,0.06935204113856211
132946,0.0496960239283407
132947,0.05994046039013752
132948,0.06492300314939775
132949,0.06909722029171916
132950,0.04361470234398111
132951,0.08265092023546365
132952,0.07233374747654311
132953,0.0815374487541307
132954,0.08211538140668928
132955,0.05442536307568239
132956,0.1154047459201584
132957,0.1026055260506262
132958,0.07107489064707617
132959,0.11989245833478117
132960,0.04039886893823203
132961,0.07686814802370116
132962,0.0590836830099128
132963,0.06988114882948214
132964,0.05872679490359567
132965,0.08271939367057667
132966,0.11849141043991984
132967,0.04063556050961303
132968,0.08784786567288659
132969,0.06927444278081824
132970,0.08534145962217625
132971,0.05361547323550213
132972,0.060423591666341224
132973,0.06795881474502175
132974,-0.004076575679041627
132975,0.09665426422860166
132976,0.08076916171619677
132977,0.10788157613059694
132978,0.04319639585481014
132979,0.07408204851467592
132980,0.09744326775145765
132981,0.1258381910302976
132982,0.09596225093054431
132983,0.05522266304921851
132984,0.046606790172704936
132985,0.06235856425567346
132986,0.09301723726345827
132987,0.10329594410904928
132988,0.10688871928628982
132989,0.07725578483525689
132990,0.06993526781317086
132991,0.05297687673355299
132992,0.13072139963651597
132993,0.0804653629454066
132994,0.1607718374462102
132995,0.1287157206117634
132996,0.05534520186009326
132997,0.0657602602617208
132998,0.07308817626168859
132999,0.039258119702206905
133000,0.06658074675401976
133001,0.03969170306844154
133002,0.09263665018621042
133003,0.07281460707849696
133004,0.0769068852270383
133005,0.06040844378561683
133006,0.06747162567132725
133007,0.044068792158893144
133008,0.06751486177323579
133009,0.07655463654171293
133010,0.08240764670656031
133011,0.031129141571333514
133012,0.06457000513619696
133013,0.06292299161643695
133014,0.1139174930307173
133015,0.05166061243180338
133016,0.07667156234482397
133017,0.10838234171370417
133018,0.1244989225333216
133019,0.10412571515801797
133020,0.07717429512157221
133021,0.04216985717815402
133022,0.07690635808394704
133023,0.07013814909302735
133024,0.05039534027581467
133025,0.07107749112651077
133026,0.047242258227459005
133027,0.04575353125208931
133028,0.08414802768877741
133029,0.0917821365024633
133030,0.08710277505956991
133031,0.1025386771509603
133032,0.09509672112609409
133033,0.05059157089520748
133034,0.07552929170207033
133035,0.02244925030790306
133036,0.09938259814207091
133037,0.12761689870383136
133038,0.05957587723280411
133039,0.103274196321246
133040,0.05671512151664645
133041,0.08894797704984271
133042,0.09168179370961718
133043,0.08424768526199096
133044,0.09999017399191737
133045,0.039869168047745006
133046,0.08790895663622099
133047,0.10220888595168029
133048,0.046318604893701265
133049,0.032648783762243394
133050,0.06387826376926509
133051,0.09632546187420205
133052,0.05086545776239207
133053,0.09088591826569843
133054,0.07906957202362457
133055,0.04026905327395345
133056,0.07576979249336718
133057,0.0952920874693117
133058,0.11788396182475144
133059,0.08226706259274143
133060,0.06885484135463606
133061,0.11681891452111876
133062,0.07173720699860228
133063,0.09642704802666247
133064,0.08436676392009836
133065,0.07550009389186245
133066,0.1393085967215032
133067,0.05542112329857665
133068,0.05696530398728064
133069,0.05658407247761429
133070,0.0889812861062827
133071,0.028434748996396822
133072,0.10290589161544567
133073,0.09275278676166096
133074,0.0792458572722098
133075,0.06131391587996034
133076,0.09619103996504799
133077,0.04369747378465029
133078,0.07085212142234645
133079,0.055383923816733995
133080,0.032048011182460784
133081,0.05220648294521562
133082,0.057905727362563185
133083,-0.028884296329625164
133084,0.08954426784487901
133085,0.08795576495469663
133086,0.07466737668875165
133087,0.10715112409778516
133088,0.06014431444868671
133089,0.07775320668186869
133090,0.11079153505733769
133091,0.0658655306237497
133092,0.1040272096478336
133093,0.09954843812081064
133094,0.07658865588571685
133095,0.07670322640097549
133096,0.05822913001769966
133097,0.1334271967986532
133098,0.09823010112933854
133099,0.06897730399554869
133100,0.07686971546974697
133101,0.0724190983467852
133102,0.03461748415570977
133103,0.09091922967235413
133104,0.0997514372700474
133105,0.0988685446663081
133106,0.09059754841094979
133107,0.12162794623481066
133108,0.07944789668083992
133109,0.05109753035701615
133110,0.12117086926870943
133111,0.13837369943665256
133112,0.021119588557779317
133113,0.05339766985525596
133114,0.10513844969479041
133115,0.02800132957475107
133116,0.059349229973552665
133117,0.06668320017817153
133118,0.03310395726594077
133119,0.08859965076416776
133120,0.02666288932354309
133121,0.08333708145328529
133122,0.13871660340598163
133123,0.03997561312654707
133124,0.08617628970468498
133125,0.08635212224851459
133126,0.09080983861970258
133127,0.09426143627536593
133128,0.04398338042286376
133129,0.08351605996757143
133130,0.1088048310849685
133131,0.05857306393606505
133132,0.08666662794646751
133133,0.05223601929197788
133134,0.07813727199760678
133135,0.051644806822939135
133136,0.09213071988715368
133137,0.060448845087531906
133138,0.07271258287463835
133139,0.07537196339449492
133140,0.07985413593642324
133141,0.07287903809945563
133142,0.01922414119934316
133143,0.04460968897538342
133144,0.05582966705162897
133145,0.08660337270918234
133146,0.06275377619967801
133147,0.08463403390429468
133148,0.06503288758454219
133149,0.026154032726096198
133150,0.03707483720299085
133151,0.0811344570759793
133152,0.11036058923426742
133153,0.0831324420054858
133154,0.04492062801448157
133155,0.11731224715545682
133156,0.03830095367234606
133157,0.07845363366899827
133158,0.12260873756617759
133159,0.06781627334437555
133160,0.08687410389760547
133161,0.06720290449876047
133162,0.10482722108419382
133163,0.06096080143730115
133164,0.075780587511023
133165,0.05129962834800965
133166,0.06396034999154347
133167,0.05635393211175152
133168,0.09038746899170755
133169,0.05134431544341418
133170,0.05818398940036746
133171,0.07361686576604118
133172,0.0792949793289286
133173,0.0973638291189235
133174,0.03912695148497529
133175,0.04871719970600455
133176,0.13434567468197123
133177,0.059181015608428394
133178,0.10703548750540604
133179,0.12127475776159262
133180,0.12392497212139326
133181,0.09705524259319492
133182,0.05887251219810091
133183,0.060026137117383194
133184,0.05759455980230975
133185,0.08172747944923549
133186,0.13665853706666165
133187,0.10478636246233886
133188,0.06435403292159826
133189,0.136144597314295
133190,0.06286521671456508
133191,0.05425503502079061
133192,0.10827317175561757
133193,0.13129248336750987
133194,0.1162724682522839
133195,0.09774470642128304
133196,0.1005225752816918
133197,0.07521924984082948
133198,0.07536891826262311
133199,0.08702655581655548
133200,0.062100604305100775
133201,0.0965004738302703
133202,0.08295609019811012
133203,0.055527300612428596
133204,0.08470143634218755
133205,0.05235933180963148
133206,0.11330403694683305
133207,0.15011412455366685
133208,0.038289730854505606
133209,0.08941125576179386
133210,0.10612444854349393
133211,0.1296338394293889
133212,0.10268815751542376
133213,0.0534891707955624
133214,0.10127700357609276
133215,0.06355850111936504
133216,0.07538094983610744
133217,0.09036011011349512
133218,0.06794379743090986
133219,0.1269378740759378
133220,0.08152979098420485
133221,0.044737772118974825
133222,0.10839186333623119
133223,0.05853461719495705
133224,0.12986742323019163
133225,0.09416821219149998
133226,0.10304315451287867
133227,0.05713369088897985
133228,0.06090652479565608
133229,0.06594560184569571
133230,0.08421573104253265
133231,0.09915299690641619
133232,0.0692770418135433
133233,0.06850523032388789
133234,0.08785733742027935
133235,0.09510592482440211
133236,0.015126376910996463
133237,0.11625797980054955
133238,0.0337459509005293
133239,0.09868490998517462
133240,-0.025411146567529908
133241,0.049754169883085446
133242,0.011404573193765699
133243,0.0687877171140795
133244,0.04009785144923884
133245,0.04912665301735089
133246,0.023889294600733857
133247,0.0762415497672823
133248,0.026264345509177445
133249,0.045029555902477064
133250,0.048945125785076746
133251,0.0737742978467424
133252,0.027682573832044192
133253,0.03599836670860067
133254,0.04831022022629505
133255,0.10218919100863955
133256,0.05102592258230172
133257,0.05492105182285423
133258,0.05127740752889805
133259,0.08921352391942708
133260,0.139713932672962
133261,0.06040526692116019
133262,0.04084606013760318
133263,0.051552257479031305
133264,0.04210084353100787
133265,0.08271168700604635
133266,0.08845497930416198
133267,0.07625657592230997
133268,0.10006901242388108
133269,0.0553659565110077
133270,0.11126556374052005
133271,0.046929426199069445
133272,0.1154860693809007
133273,0.10466537058193875
133274,0.06935720172453663
133275,0.06142418679187895
133276,0.10346940923722546
133277,0.050065836798024926
133278,0.06644503822173688
133279,0.08060408379054707
133280,0.027600121932000135
133281,0.08251962675127814
133282,0.020022732884040294
133283,0.04765868665057303
133284,0.11618301982240897
133285,0.12349212763477188
133286,0.06594370442104655
133287,0.05175490219729732
133288,0.10684131501190894
133289,0.0876453631358529
133290,0.08452694898625
133291,0.08553158939784435
133292,0.12455725693795584
133293,0.11481840169253163
133294,0.05776047343799967
133295,0.056175366344140415
133296,0.07804873259190978
133297,0.07181084268884001
133298,0.11365455064361547
133299,0.05302015104065226
133300,0.06859321110934712
133301,0.09653971176023683
133302,0.10831879608385844
133303,0.07724238298952808
133304,0.06154845162234911
133305,0.10459267081270943
133306,0.0956300187018443
133307,0.05887626546281446
133308,0.05740094172711706
133309,0.07484032082211323
133310,0.06384361696033702
133311,0.07168840720686703
133312,0.1185528521321465
133313,0.013778313402938593
133314,0.09942379640472034
133315,0.0821095075040071
133316,0.0918314706356333
133317,0.02476967592821394
133318,0.031172501748546355
133319,0.034153564121754534
133320,0.08673503958075218
133321,0.1035085725079764
133322,0.054707275605464734
133323,0.05909545199645379
133324,0.026345238069038192
133325,0.13500696636041265
133326,0.0742149178995245
133327,0.048815257029196354
133328,0.07381537428009198
133329,0.10393907833784641
133330,0.07619607126174588
133331,0.07061241504019493
133332,0.04596065899944014
133333,0.07879580575466753
133334,0.10705830674369687
133335,0.11340902898779173
133336,0.0612008426943116
133337,0.08865024755777921
133338,0.04009325410232454
133339,0.07711464771828305
133340,0.02075814275652442
133341,0.13508506594223732
133342,0.0355010911715436
133343,0.0214758692049608
133344,0.01749258697682425
133345,0.09456613187078647
133346,0.10909843856189957
133347,0.02503016303845977
133348,0.08874585398497589
133349,0.03432531441818041
133350,0.017180577198585893
133351,0.10186392509011798
133352,0.09239860470135607
133353,0.0724538582328372
133354,0.0564482470066503
133355,0.0628845085445493
133356,0.07440975885489368
133357,0.06276279999346664
133358,0.06955660038534489
133359,0.06450765760109595
133360,0.06846325922044139
133361,0.06619584321475216
133362,0.05638017234585553
133363,0.052981406088868935
133364,0.003010054945633431
133365,0.0553141225182187
133366,0.09373521891430606
133367,0.04882092529560767
133368,0.09443445113143405
133369,0.06734361121165176
133370,0.08493944039619655
133371,0.066441446428211
133372,0.12127262259014962
133373,0.05986062672038777
133374,0.08171071283940355
133375,0.08624760164238517
133376,0.0988321249132609
133377,0.0869985188529136
133378,0.11606605652692026
133379,0.048761414632172186
133380,0.05988571482340232
133381,0.047262104388660256
133382,0.08395650019342714
133383,0.09492285659411583
133384,0.07915563957724035
133385,0.06131645797339017
133386,0.05974517567642807
133387,0.0725171197850874
133388,0.09624019331623637
133389,0.03398292447116889
133390,0.04517659749355363
133391,0.059467250103461176
133392,0.08864679749222121
133393,0.06862643621418936
133394,0.029633458331977114
133395,0.05094245632879671
133396,0.052068640733752426
133397,0.02564473914297459
133398,0.0621732370765062
133399,0.10519318870615355
133400,0.06764082209744428
133401,0.07078846524142886
133402,0.03840816951737276
133403,0.10336183184142492
133404,0.08212322118649235
133405,0.07576109479359391
133406,0.06032240226559925
133407,0.09142642547110555
133408,0.0552756588458525
133409,0.0556412379872082
133410,0.09936601942183576
133411,0.06010007939868385
133412,0.09607664537529992
133413,0.06794187029177157
133414,0.029424290307434688
133415,0.06591260171111359
133416,0.050578805903583976
133417,0.07345679712018775
133418,0.03445539769102974
133419,0.05111043189798728
133420,0.07231638429810516
133421,0.011916621809607258
133422,0.0657827948350372
133423,0.052941668172812276
133424,0.14326638596209323
133425,-0.008890246355736223
133426,0.046780987886766476
133427,0.09447968735691871
133428,0.06506264718910926
133429,0.07580384060433852
133430,0.10574103413664909
133431,0.08998825186075082
133432,0.03425178395108391
133433,0.096357002183179
133434,0.024896438270859897
133435,0.037561352771788806
133436,0.07259929714867216
133437,0.04698527813004044
133438,0.034012385137587114
133439,0.048736799755643004
133440,0.069022557302322
133441,0.018382786052742434
133442,0.009302578402509296
133443,0.07218626731346045
133444,0.030839257386856223
133445,0.09021553335064755
133446,0.06767823753015265
133447,0.06458467699226073
133448,0.06748308101661218
133449,0.06807780588786273
133450,0.07702064577566727
133451,0.03801063988839444
133452,0.039572139772789894
133453,0.09585263620091636
133454,0.07527527011049118
133455,0.07668228525120095
133456,0.06288121658679566
133457,0.053303906007611875
133458,0.09200537429724477
133459,0.08387162710130704
133460,0.10690070794739734
133461,0.08112310657640015
133462,0.048318580686744106
133463,0.0648997810905797
133464,0.03421788106732568
133465,0.09826802773756045
133466,0.053212566258220594
133467,0.09978700172184508
133468,0.06352635922393088
133469,0.05669447245582647
133470,0.06874999196390018
133471,0.10211547322920085
133472,0.05610685093413138
133473,0.11493354489253826
133474,0.05399560116815239
133475,0.02201036861989626
133476,0.0827962938995055
133477,0.09620587001202922
133478,0.06371213513619395
133479,0.03146609225405314
133480,0.10083795844967555
133481,0.011004490424268744
133482,0.07803005771738314
133483,0.08507943905957469
133484,0.03588968991430041
133485,0.053143726322079726
133486,0.05277692551659015
133487,0.059145459439958095
133488,0.13771362816719243
133489,0.12072634927059964
133490,0.09153553520200233
133491,0.09452724892752118
133492,0.08980230922554677
133493,0.018561772819950653
133494,0.07089773173803986
133495,0.10694534479459236
133496,0.07439874148160017
133497,0.06735621898469508
133498,0.060518800315515854
133499,0.07402113634485775
133500,0.02640906730148309
133501,0.06271329299488568
133502,0.07380795005918182
133503,0.09219089439843577
133504,0.11891971752664846
133505,0.07768655460528899
133506,0.07874030625769646
133507,0.10941354707567352
133508,0.08324740987345797
133509,0.07226023475341779
133510,0.08906004933933699
133511,0.06739194004693067
133512,0.11521492479038702
133513,0.060030087579798344
133514,0.07982310315835456
133515,0.06056020603479778
133516,0.11399646552347323
133517,0.07014434943079827
133518,0.034004215177105904
133519,0.01700167209864341
133520,0.03050899479201955
133521,0.0414434345474618
133522,0.09609043059447325
133523,0.04539722227147703
133524,0.030803260110405885
133525,0.04079381667170498
133526,0.09341877401792306
133527,0.07046585959916242
133528,0.10077207594688946
133529,0.08854865768694069
133530,0.08857179421436114
133531,0.16024959260812272
133532,0.045906551951692694
133533,0.07636068876053667
133534,0.07540358977999766
133535,0.055842822575198216
133536,0.03719418202675773
133537,0.06746733926213334
133538,0.08515741554532011
133539,0.04743478634718222
133540,0.05975578460307582
133541,0.08262176524052306
133542,0.08843813751000648
133543,0.041788591663184785
133544,0.07001647111898374
133545,0.0755690504917744
133546,0.12740162816976994
133547,0.06492211744326983
133548,0.006168210156472696
133549,0.03031581090700229
133550,0.0012748804001544711
133551,0.07638175117380909
133552,0.040760259962492496
133553,0.06100700182048484
133554,0.08494339481130446
133555,0.07682378711753646
133556,0.05149340722504699
133557,0.06879146615082012
133558,0.016815034454662814
133559,0.0611587397672659
133560,0.06504688618326149
133561,0.0503371273050604
133562,0.1041702622196852
133563,0.10546439755242268
133564,0.0626517536275085
133565,0.06021059070359637
133566,0.051819653157845105
133567,0.027986994091394254
133568,0.06765497744554705
133569,0.0810811320865848
133570,0.07630698625491884
133571,0.04626540380887886
133572,0.05728375539644802
133573,0.1367228100165096
133574,0.08799685032839548
133575,0.060456553535882675
133576,0.10701277481285376
133577,0.03494649148367105
133578,0.08552741368840429
133579,0.040457198712364445
133580,0.06716786875778681
133581,0.06718939052210435
133582,0.15334080293025554
133583,0.07297059845823062
133584,0.11643521006315634
133585,0.0319190819774064
133586,0.0740452536253014
133587,0.040095666741202685
133588,0.12077457890561963
133589,0.06111471514257473
133590,0.042046151771878884
133591,0.08496042682037336
133592,0.12446766349284492
133593,0.07237806526347779
133594,0.08954020883211748
133595,0.07085576720018198
133596,0.05347259552322797
133597,0.08652639777894365
133598,0.0617200305625992
133599,0.05199086315823679
133600,0.10525271779349993
133601,0.07755315404927643
133602,0.06372487446613856
133603,0.05169691820416995
133604,0.04586821524664812
133605,0.04229484626023677
133606,0.058946238918444964
133607,0.07654428457817539
133608,0.032005242129073415
133609,0.036140216594998754
133610,0.10351124183074725
133611,0.039762301120911434
133612,0.016561101553775576
133613,0.06415856857362562
133614,0.049577345987758197
133615,0.10210391981095868
133616,0.1105708350218693
133617,0.061468846913022776
133618,0.023703665861826935
133619,0.08580459560142562
133620,0.10439075103877712
133621,0.06577465516198083
133622,0.06557708392261703
133623,0.06520579091410972
133624,0.02073390187532019
133625,0.058011485215764116
133626,0.03930682883119659
133627,0.07406108574644654
133628,0.01199094972826869
133629,0.09947852868433776
133630,0.027488473352073932
133631,0.03363925478586433
133632,0.05065800127735218
133633,0.09989046177088268
133634,0.060379660686669744
133635,0.036727118421727024
133636,0.07963640184364637
133637,0.027709693381639332
133638,0.0713227787045219
133639,0.05369737041834456
133640,0.10013668245400105
133641,0.04910622146670697
133642,0.03363671517522795
133643,0.05839405870643837
133644,0.06923035647765918
133645,0.07367120867343047
133646,0.06758123175185479
133647,0.0881609453317307
133648,0.1110710489825031
133649,0.07339022602990738
133650,0.061861542545992736
133651,0.0886968931356506
133652,0.012138723488037025
133653,0.04481586534000494
133654,0.04689870029129625
133655,0.06335644934073148
133656,0.0565690429402963
133657,0.12053109211388288
133658,0.07140932905603475
133659,0.03555740231757469
133660,0.055303131405097156
133661,0.052703895606606835
133662,0.07164054536603709
133663,0.05723882071474373
133664,0.07438172040116633
133665,0.06824359532549848
133666,0.060041375356872206
133667,0.06708459854765499
133668,0.06195672370701209
133669,0.07602583574547184
133670,-0.018726330507015276
133671,0.06099887477485982
133672,0.06681181387784457
133673,0.05023568214268476
133674,0.10377990696133585
133675,0.056913237208527416
133676,0.06746596355309012
133677,0.051799668509509234
133678,0.041566225790811026
133679,0.020607435858749724
133680,0.11340987299164831
133681,0.043688536678711296
133682,0.07071538354970229
133683,0.11880191557192965
133684,0.017699788761528307
133685,0.0325207704852189
133686,0.0544647191953913
133687,0.07126350154170596
133688,0.06319725948928909
133689,0.04173055718733707
133690,0.08491017341777127
133691,0.06877492736284824
133692,0.037454358600437214
133693,0.07447013173744323
133694,0.04101737939069282
133695,0.041691485856868125
133696,0.11261213318533132
133697,0.07170410206229189
133698,0.08323730432902562
133699,0.003440948877003941
133700,0.07491657086765152
133701,0.10391854778963752
133702,0.07682715105175618
133703,0.04582507704650016
133704,0.050062857988005596
133705,0.060895909908179016
133706,0.037666929823248846
133707,0.08961050146458548
133708,0.04489370838737496
133709,0.08625516291939078
133710,0.05172096256333037
133711,0.08490752704323767
133712,0.04437810944816291
133713,0.07841404461751511
133714,0.05541751971673017
133715,0.06375911818131184
133716,0.035272741624811435
133717,0.04731146701762827
133718,0.08985001670688979
133719,0.06684794064269817
133720,0.1052332108593659
133721,0.033526821691377474
133722,0.1257709178673469
133723,0.08280343513949437
133724,-0.006331433541615708
133725,0.06541322250273156
133726,0.0980862343350001
133727,0.04026756249334715
133728,0.08463954456985172
133729,0.0670580065598146
133730,0.09756457311848282
133731,0.07349081261367266
133732,0.07632500867200431
133733,0.04309756494841617
133734,0.07565301817753428
133735,0.05695212632391463
133736,0.0904564935757629
133737,0.09151060755515056
133738,0.06824384014068349
133739,0.04337446316430721
133740,0.03292324706178487
133741,0.08088160021302224
133742,0.037616866120051606
133743,0.01978640502059091
133744,0.09272859960550699
133745,0.05488390689224306
133746,0.06616062907264074
133747,0.0727312527927715
133748,0.03288301835733173
133749,0.057648309795115885
133750,0.055890415433663514
133751,0.08830790062682105
133752,0.06476946786556545
133753,0.04395047454830839
133754,0.05163172519635569
133755,0.03204405040602926
133756,0.010459522500510098
133757,0.03246830055721256
133758,0.08543018572036351
133759,0.05825568673210965
133760,0.10811909540825665
133761,0.04999424899274112
133762,0.07113657476154943
133763,0.01774047277772721
133764,-0.019597939990734295
133765,0.10055789286445471
133766,0.045010108189850705
133767,0.06855118498913153
133768,0.09114686836761894
133769,0.03289872251817277
133770,0.11142392998092399
133771,0.022211503497464397
133772,0.07701129962452863
133773,0.06347211831314864
133774,0.04079827102510061
133775,0.04607135513275572
133776,-0.011520392254954645
133777,0.09097188825338895
133778,0.07612816265270266
133779,0.11427135112023878
133780,0.07914277337985715
133781,0.0533025977651236
133782,0.06375115039592345
133783,0.032181941367574844
133784,0.08310679365410223
133785,0.10115681153036155
133786,0.08904407318583132
133787,0.03466250819156777
133788,0.12291323295674475
133789,0.08765597471004827
133790,0.07944916299306501
133791,0.09740427596608647
133792,0.05225484071933344
133793,0.057424126707566484
133794,0.08213262083108118
133795,0.03129577506304413
133796,0.04425689352826824
133797,0.06860841933650956
133798,0.06808465020503848
133799,0.09335632396634817
133800,0.08021577235831634
133801,0.03195572235196154
133802,0.08211272897603954
133803,0.06210077086770769
133804,0.07718686134661955
133805,0.07939629517024352
133806,0.05847794494562751
133807,0.14147514606528908
133808,0.08751121280471877
133809,0.11335072872000669
133810,0.06375472872208637
133811,0.08840750983514298
133812,0.06566745642933247
133813,0.04068996670765787
133814,0.05522652003427377
133815,0.09903486831210215
133816,0.06787437339051249
133817,0.05078513149224892
133818,0.012150774547298751
133819,0.08501127257682742
133820,0.07542260189436949
133821,0.008299729679713576
133822,0.07999767455945553
133823,0.06521123027708813
133824,0.07528009688095548
133825,0.06289359542304371
133826,0.03743138816624286
133827,0.07904591477134534
133828,0.08041080463293135
133829,0.05652396574957155
133830,0.047778372632170364
133831,0.10212378062777469
133832,0.0178293356992169
133833,0.06552912816070998
133834,0.12025987878062308
133835,0.042479149001776205
133836,0.05756713205520091
133837,0.09925713743247186
133838,0.09918360159515799
133839,0.11763171016827328
133840,0.06874666824363514
133841,0.06285598434273477
133842,0.0461354354701828
133843,0.08135170779043895
133844,0.055499439040075954
133845,0.0033786295449522996
133846,0.03311334435594657
133847,0.09021658240100124
133848,0.12405934842346486
133849,0.024355473274601892
133850,0.039585051799857246
133851,0.05955299451862651
133852,0.08013925954518747
133853,0.03028801357227969
133854,0.05545800344418385
133855,0.08664185463431637
133856,0.03884220080298201
133857,0.025864636956542786
133858,0.038999621829542225
133859,0.10186581179956286
133860,0.04929538704087647
133861,0.1059268462674538
133862,0.05371715715286529
133863,0.06984247526656945
133864,0.0815142970141431
133865,0.053277879174971364
133866,0.08106156649546745
133867,0.036588302351617086
133868,0.08983083441654445
133869,0.06683928430900647
133870,0.016380749587490223
133871,0.13699964573625703
133872,0.058980750839473954
133873,0.04120606635954341
133874,0.04111145868485082
133875,0.056864528243899565
133876,0.06387914773938203
133877,-0.02006152447137477
133878,0.04802159827811267
133879,0.05491112875794582
133880,0.08075256375941099
133881,0.08222352544241932
133882,0.06250104897363802
133883,0.07712804368895906
133884,0.03217017968750658
133885,0.0756964716990348
133886,0.03642427955422392
133887,0.06187925103742034
133888,0.04370092148378209
133889,0.09412884876979874
133890,0.09078727598371826
133891,0.07027525146315397
133892,0.0324502377193873
133893,0.11150276937228137
133894,0.1223184836971056
133895,0.06900645654676561
133896,0.09894703193861018
133897,0.05547120825968181
133898,0.09326939438681789
133899,0.030874638908517105
133900,0.0283855210091492
133901,0.046340299361553386
133902,0.023918428982974263
133903,0.08046816005233706
133904,0.0953962000150699
133905,0.07373280783677405
133906,0.07612396115681742
133907,0.03683047161365767
133908,0.1378527240342709
133909,0.0700308071875766
133910,0.10006945892351621
133911,0.04656497345914845
133912,0.08070962327398815
133913,0.056712590195502774
133914,0.04996537820967416
133915,0.04463077559083429
133916,0.06564556738005381
133917,0.05263361576656938
133918,0.09551397843865955
133919,0.10233979705162206
133920,0.08549409781310159
133921,0.04595586878813533
133922,0.05048413871163327
133923,0.07023079753178788
133924,0.07149579696738728
133925,0.0427416451987146
133926,0.0549721062315355
133927,0.03567315293815163
133928,0.04261902383818976
133929,0.07455318732847314
133930,0.018818421111037126
133931,0.09167641551672213
133932,0.07861920252336557
133933,0.06987676701892852
133934,0.06153891279911839
133935,0.1020705734787525
133936,0.07223858111771153
133937,0.07871961251930133
133938,0.060047954785159334
133939,0.07866835844827061
133940,0.054221202514120825
133941,0.08251852241781837
133942,0.028780724159810693
133943,0.06621341312386668
133944,0.06874694486150264
133945,0.050276389091782885
133946,0.06997488007251045
133947,0.10617702741852975
133948,0.07778025274206714
133949,0.06642060364989498
133950,0.008212204736564789
133951,0.08876241414444686
133952,0.058442166139815836
133953,0.08582905137870148
133954,0.09648869524163464
133955,0.07494276313249669
133956,0.09903026330756444
133957,0.1222030470709134
133958,0.054659045951925264
133959,0.08316945832429405
133960,0.07575125006261856
133961,0.06156921333745525
133962,0.09325131555081374
133963,0.09388858061619998
133964,0.06368214066903592
133965,0.03790627131979207
133966,0.10873843943106973
133967,0.04896038762935709
133968,0.06195822295584566
133969,0.05351483580800356
133970,0.09362158363450329
133971,0.07784504561290306
133972,-0.003070518063316513
133973,0.04490122217756648
133974,0.0485132713556459
133975,0.04889934134993627
133976,0.07224820651358305
133977,0.059628314202969435
133978,0.11438553304976809
133979,0.0498975343143205
133980,0.015167429916868348
133981,0.11369082403032763
133982,0.07486691970759776
133983,0.055014750770836736
133984,0.061102754387741674
133985,0.017821708075444587
133986,0.10682393725939364
133987,0.06099650190773134
133988,0.03587827831503298
133989,0.11485314555183518
133990,0.08155460019779306
133991,0.0457397157353555
133992,0.025565989546668486
133993,0.0009748164766066048
133994,0.07433449144648803
133995,0.11571174495417785
133996,0.07074423131237136
133997,0.06457640115785278
133998,-0.005173634564435106
133999,0.09396248809769997
134000,0.07465896046194911
134001,0.11794469224567972
134002,0.07608157609934504
134003,0.05036999195884889
134004,0.02783352738740958
134005,0.04716364150489829
134006,0.035300477733366704
134007,0.1143192466985429
134008,0.06956084425503786
134009,0.09827876315974454
134010,0.047586027136024625
134011,0.09182515332749522
134012,0.05365124907255704
134013,0.02788740522534585
134014,0.0606804265196076
134015,0.06155566284239957
134016,0.06796184596651961
134017,0.06592279593445466
134018,0.08589424894324132
134019,0.05038745729232201
134020,0.059214994126365876
134021,0.044590037048684486
134022,0.061660407988602776
134023,0.06481439416870256
134024,0.04168189852407093
134025,0.10571731772959105
134026,0.1324952043468719
134027,0.07722896150626511
134028,0.08305943145360038
134029,0.06021977096563864
134030,0.005839413739459655
134031,0.057011330425322
134032,0.08776803041136216
134033,0.0448197800091952
134034,0.04772776099505773
134035,0.0530220124174951
134036,0.04908011466648615
134037,0.044365577754730226
134038,0.06951411895380041
134039,0.06565881437049989
134040,0.09680299730422595
134041,0.0844193550362908
134042,0.07646187767659354
134043,0.03503322194857504
134044,0.03366959362756258
134045,0.05513686943333251
134046,0.03298786401988475
134047,0.08759448628784504
134048,0.020083772389514747
134049,0.0683987439913084
134050,0.09452193792588173
134051,0.026334524686280718
134052,0.07037829096074816
134053,0.12643042987102676
134054,0.07622009246106401
134055,0.12669814475144248
134056,0.06489879572626221
134057,-0.020096865680373444
134058,0.025823466498754943
134059,0.06720891356606216
134060,0.07930980808038168
134061,0.03443032002445974
134062,0.06453093640370856
134063,0.10345730464483935
134064,0.050127028910533555
134065,0.10027445910827355
134066,0.059113851352618804
134067,0.08342840986002423
134068,0.001373144817804546
134069,0.02876206593545945
134070,0.059310216714107196
134071,0.04047815150101085
134072,0.01646653307260529
134073,0.08125031991174662
134074,0.02968388315856999
134075,0.04378930677317769
134076,0.08841456581457935
134077,0.09649217668399694
134078,0.031630479559322286
134079,0.08836040578287271
134080,0.05695255948545431
134081,0.07347600820782248
134082,0.006855745802595785
134083,0.03729066569541277
134084,0.055464658754995816
134085,0.05736267848419691
134086,0.08966023603807073
134087,0.07383204544350712
134088,0.09329154501278339
134089,0.06458922214227955
134090,0.034570303172503834
134091,0.06339933577222336
134092,0.057570140996308077
134093,0.043115536171320384
134094,0.06398862426943991
134095,0.060172118381199256
134096,0.015527865108386177
134097,0.02919633943703588
134098,0.07721242263745602
134099,0.060297745961884815
134100,0.11955336195011154
134101,0.09614855913330347
134102,0.08089272249346337
134103,0.07218155888183984
134104,0.0815057828000145
134105,0.07187992694920356
134106,0.022880295239686578
134107,0.04759861325464215
134108,0.07558657026808684
134109,0.056235064010237444
134110,0.052434207366241575
134111,0.06824626249864002
134112,0.08178967461187686
134113,0.04307324590108942
134114,0.04574905582270326
134115,0.09893247806660549
134116,0.03861304873290802
134117,0.05435977600897704
134118,0.0648156541644506
134119,0.05132382935166997
134120,0.03872442606397823
134121,0.06315272271007265
134122,0.049731827087944526
134123,0.0387729295001671
134124,0.06328683021738792
134125,0.051651159287748535
134126,0.05851053927072753
134127,0.09361660587852222
134128,0.05650232699166021
134129,0.08533867387219586
134130,0.03643932120939508
134131,0.10390464992745405
134132,0.08628866916523155
134133,-0.01273561800053493
134134,0.0239395974350304
134135,0.09030336374302386
134136,0.09070956965761497
134137,0.05649009705398207
134138,0.06536284737449205
134139,0.06539415995905253
134140,0.0428862898421518
134141,0.07251973457790617
134142,0.028254407840507846
134143,0.12358188935457626
134144,0.07796669396053543
134145,0.08407050353652348
134146,0.1001062631987647
134147,0.06710627764954041
134148,0.07093408380927899
134149,0.07290452274525892
134150,0.04520590725940561
134151,-0.005356886146016426
134152,0.11324757265390542
134153,0.06952013392486389
134154,0.037376509811863225
134155,0.08654398155599899
134156,0.01573299584013938
134157,0.04104207721741851
134158,0.062559107219888
134159,0.05868971456883197
134160,0.040043343836523804
134161,0.0349251235475005
134162,0.10614723828295577
134163,0.0967149874729146
134164,-0.014564690259902549
134165,0.02940589422946069
134166,0.012567606034475778
134167,0.10168824642429145
134168,0.07008790315849232
134169,0.05575485844386026
134170,0.0773878995108807
134171,0.06051302391998005
134172,0.06412626096265926
134173,0.04227738782038372
134174,0.05984810951637789
134175,0.027306126284299015
134176,0.050066115255152005
134177,0.06590287852759527
134178,0.0010836010293539047
134179,0.015912334869513413
134180,0.06074114378288612
134181,0.11628765617599926
134182,0.06356414894624329
134183,0.09893228474537327
134184,0.05066528874039667
134185,0.010947248867358768
134186,0.06696326370283176
134187,0.08032677031768942
134188,0.11191744378217344
134189,0.08358552790030194
134190,0.02198635748293363
134191,0.029738480264812208
134192,0.023001986319253084
134193,0.06623325954163232
134194,0.02227003495095911
134195,0.0532705030237304
134196,0.02138390061069976
134197,0.07391675541475018
134198,0.04662257382835062
134199,0.05674602036840302
134200,0.08978775177605966
134201,0.07991218373107614
134202,-0.012184963101963799
134203,0.07481106954968829
134204,0.030719265742464218
134205,0.0764492512930548
134206,0.026656264465220812
134207,0.0856340956309321
134208,0.04908058657662848
134209,0.0630078399989562
134210,0.04469194773272837
134211,0.07404956321163735
134212,0.12148142818747959
134213,0.13682207060573987
134214,0.09208535396661652
134215,0.021432010286958576
134216,0.11221209505145793
134217,0.05499051614654517
134218,0.0894914907291715
134219,0.03269085787729914
134220,-0.02570721809621191
134221,0.030534375484959502
134222,0.05218330060805257
134223,0.05191407293185951
134224,0.04168957148373706
134225,0.061039113438931175
134226,0.11113966685775614
134227,0.09322997904254174
134228,0.07560824850160702
134229,0.04685040624724892
134230,0.06253971717885692
134231,0.04754850463149819
134232,0.03089785502365016
134233,0.046786123090652
134234,0.09608131468933642
134235,0.10806274044552411
134236,0.09273997161379402
134237,0.058487811835534906
134238,0.08439346251162273
134239,0.044111924400281236
134240,0.03580000396156241
134241,0.06546752876312519
134242,0.01466361671944786
134243,0.10168640214249447
134244,0.09872088979633332
134245,0.08670329009546908
134246,0.046561537547904853
134247,0.09674680307871052
134248,0.09938610715658017
134249,0.06626505750491743
134250,0.07826501340589868
134251,0.08492103141933674
134252,0.07213663602617855
134253,0.057274486080497455
134254,0.08340312466598421
134255,0.07604261364698638
134256,0.1376961466673531
134257,0.04497471021462675
134258,0.05093915160759908
134259,0.09113194914113479
134260,0.04338636968123975
134261,0.023732695688476503
134262,0.04120624044674412
134263,0.0614793976874197
134264,0.07080635508131183
134265,0.03804612721235094
134266,0.057665326916122
134267,0.10099150485207892
134268,0.04814981244723845
134269,0.07096077346935045
134270,0.10898715572514131
134271,0.07599107845506374
134272,0.061234966839630985
134273,0.0642477045233355
134274,0.05951630187424977
134275,0.016902048728430742
134276,0.040418043858696476
134277,0.07563247474424553
134278,0.0606230384807194
134279,0.032200432608665494
134280,0.056985369671773006
134281,0.05488567910127856
134282,0.06871188902592429
134283,0.0718229412713313
134284,0.01297537227109618
134285,0.018000273300556417
134286,0.11199544503635352
134287,0.10189489702680776
134288,0.04107394595092793
134289,0.07057981662904249
134290,0.02419084391884592
134291,0.12881751588831244
134292,0.03211263834915219
134293,0.07394949783584923
134294,0.039842589602367785
134295,0.08174616226569106
134296,0.030727492174994382
134297,-0.01413863179981726
134298,0.06755388318314724
134299,0.05903249176168632
134300,0.03710297162016381
134301,0.08266135135666672
134302,0.07926435514008086
134303,0.061835862022144784
134304,0.037901716807021965
134305,0.04141363417585034
134306,0.016346978774853645
134307,0.0671775598521161
134308,0.020124439162778042
134309,0.04974173518425319
134310,0.028552470798086402
134311,0.10621560469264445
134312,0.06977029763835461
134313,0.09917815388604823
134314,0.0972678478829428
134315,-0.0002608641638708886
134316,0.04952795613474623
134317,0.09980854680624594
134318,0.04122714202447305
134319,0.04836746130825993
134320,0.027674776981046423
134321,0.05546841354961338
134322,0.04190233262126118
134323,0.012263690614415255
134324,0.09337201315129989
134325,0.04714507917133455
134326,0.08686830458124728
134327,0.11094007866019602
134328,0.03845871198586166
134329,-0.009597286416866219
134330,0.027338588941845356
134331,0.029195346642486027
134332,0.024279033831140558
134333,0.07477858940406244
134334,0.06781225475905563
134335,0.046522167606573794
134336,0.018543513650712003
134337,0.02720546699788306
134338,0.05368404462121054
134339,0.03298421873070973
134340,0.042816799080033933
134341,0.08324292163245106
134342,0.045629248902961474
134343,0.07302955412308382
134344,0.08133705511483841
134345,0.0401107299644031
134346,0.04544588375488541
134347,-0.0012995547297565621
134348,0.11615179517630317
134349,0.04269409167780831
134350,0.04368397371095173
134351,0.08001768861761163
134352,0.05287531518528654
134353,0.07507385044594098
134354,0.0899164759065563
134355,0.017933605660096386
134356,0.06167289390479645
134357,0.049437517250165125
134358,0.06852760865245504
134359,0.040256194925764446
134360,0.05544786262333127
134361,0.03481630358522472
134362,0.06044599303018251
134363,0.07065482262441396
134364,0.021114788207859968
134365,0.05474033339666474
134366,0.06700167092578693
134367,0.07072899284082923
134368,0.05109159276420587
134369,0.04850372652168432
134370,0.050508669666299584
134371,0.07469419403699167
134372,0.0760844434794488
134373,0.04123801392986291
134374,0.06565720004266587
134375,0.08199925106523986
134376,0.04121822016494602
134377,0.08658211154314263
134378,0.0641577600204401
134379,0.1067144647148232
134380,0.08036525479233414
134381,0.10403488912893837
134382,0.06667947378008453
134383,0.11694520398430094
134384,0.06234256265629189
134385,0.09361707006711198
134386,0.05209003233891184
134387,0.05732593012100965
134388,0.028215377126344747
134389,0.029293513676069426
134390,0.12137810440485874
134391,0.05759817920150948
134392,0.05076042387279209
134393,0.0358637155090043
134394,0.0012650752297416953
134395,0.07666310046084382
134396,0.0635249524547585
134397,0.0626034518539268
134398,0.06098828004458056
134399,0.06759920954409272
134400,0.06680488039011512
134401,0.04538716244491824
134402,0.09986168679724378
134403,0.04742322897023814
134404,0.08380934523847106
134405,0.05443136302549562
134406,0.054999678887441984
134407,0.06495347791333053
134408,0.05917149322040607
134409,0.016448750898535126
134410,0.08300694248440152
134411,0.017248106713573734
134412,0.02948549258758268
134413,0.08780251339709644
134414,0.09164833297135666
134415,0.0007104878192182515
134416,0.04438026455572274
134417,0.1225562879352946
134418,0.056552529368075755
134419,0.02684982012149415
134420,0.05172264342452481
134421,0.052192787118666234
134422,0.0748216391046074
134423,0.04648169987160487
134424,0.08851401771224543
134425,0.0377852601953902
134426,0.11944771802805056
134427,0.04115124445141982
134428,0.03278427542817846
134429,0.04716183827025847
134430,-0.02262225131167212
134431,0.004290437682635241
134432,0.04177786595323349
134433,-0.013904613181867469
134434,0.034774795125797314
134435,0.043018386589262284
134436,0.020917379583081208
134437,0.07046369639157116
134438,0.078835168664705
134439,0.09548203957103725
134440,0.07991899275143424
134441,0.09145471366299954
134442,0.03488705168841167
134443,0.03757216768509097
134444,0.0596601131354756
134445,0.09329930083747534
134446,0.06397403380995612
134447,0.1015513313756279
134448,0.037540070506640474
134449,0.08220150118193333
134450,0.038849546620953565
134451,0.05762472485792103
134452,0.06177762883274122
134453,0.0819336932328991
134454,0.09477229533877235
134455,0.069606714843193
134456,0.04687035460403681
134457,0.09453447097541756
134458,0.0011482778968829807
134459,0.07068857150053615
134460,0.08147356338619852
134461,0.02457686822787026
134462,0.1101507126291577
134463,0.057154321592430564
134464,0.0502047600566329
134465,0.03175021621268069
134466,0.03346977517130957
134467,0.06199394415322561
134468,0.05608744942463641
134469,0.06975599178977719
134470,0.053647964330396876
134471,0.06428921054555443
134472,0.07303896655423239
134473,0.08313678591702053
134474,0.03780822603674989
134475,0.08157993819123105
134476,0.08062728868538167
134477,0.03610267144649232
134478,0.0356691820796667
134479,-0.006981107947848536
134480,0.054392320537393055
134481,0.03760032468311775
134482,0.0261578526938875
134483,0.057629217391171536
134484,0.0549571134579277
134485,0.04964326227757188
134486,0.03497354560202488
134487,0.04288502111749611
134488,0.05249339335160848
134489,0.07295842721364451
134490,0.04277636337652318
134491,0.051349100249200225
134492,0.06632897549113125
134493,0.06958564707717257
134494,0.08893659881301295
134495,0.043604596136722434
134496,0.09189330570852919
134497,0.07704517388490255
134498,0.06695178367997914
134499,0.02079790648848022
134500,0.09326094362945954
134501,0.010318289314043952
134502,-0.019151748634455762
134503,0.09860208609208179
134504,0.06664200841279751
134505,0.033292291976444066
134506,-0.02381400939073787
134507,0.026036679014764738
134508,0.01777660270511624
134509,0.06171117654499908
134510,0.08105546602897953
134511,0.024697512920491174
134512,0.021728167325599693
134513,0.008700642538332137
134514,0.05487600654406723
134515,0.046216263508474534
134516,0.05627139643128214
134517,0.047226893869036043
134518,0.05826166755810876
134519,0.0762209715650899
134520,0.06353105253284518
134521,0.016167184687735703
134522,0.03377669937308545
134523,0.022671602286280325
134524,0.11967781152048146
134525,0.11839518757765155
134526,0.08645025887759662
134527,0.056926935969681826
134528,0.08092276583806206
134529,0.00013920732786813772
134530,0.038713255347559886
134531,0.08969683727799996
134532,0.07729483633603632
134533,0.1236234844211915
134534,0.03278227868604564
134535,0.05333550385811256
134536,0.09103544646019697
134537,0.07910358017294646
134538,0.02729490914908784
134539,0.03357393579770629
134540,0.016780595394334984
134541,0.029930222009580818
134542,0.06758024301089197
134543,0.081063423739864
134544,0.06988599281746606
134545,0.018599120765892
134546,0.10498877289184208
134547,0.08693697269816555
134548,0.0961843833576457
134549,0.054355011602425125
134550,0.09695454875986195
134551,0.010591639299963686
134552,0.05819483280320686
134553,0.07520756817917335
134554,0.013245880636877226
134555,0.036318092741816466
134556,0.0428718575195784
134557,0.04929248466862342
134558,0.07388961153762658
134559,0.03826080389632214
134560,0.11229317748281384
134561,0.07048731160945884
134562,0.03324881107124366
134563,0.05523964573010074
134564,0.036917208277255795
134565,0.045301609223424605
134566,0.012830860195639358
134567,0.12439731327591108
134568,0.06539294419586711
134569,0.04274433131445422
134570,0.07184671804174404
134571,0.04090846108438056
134572,0.13392663528718338
134573,0.08935266606428088
134574,0.029503240418126672
134575,0.03861027237218011
134576,0.060863892786046675
134577,0.020706734451787327
134578,0.044888678198475515
134579,0.06279624767976899
134580,0.10237114704876236
134581,0.016412302912416382
134582,0.07644361473957331
134583,0.03031307789097279
134584,0.049618394385635436
134585,0.04331507011945304
134586,0.10109355159854289
134587,0.05021259832441531
134588,0.016000717771456757
134589,0.00026674579054241504
134590,0.060858507120804754
134591,0.05733906961606364
134592,0.00867713864796981
134593,0.03509525581925367
134594,0.06211653062231301
134595,0.04372948772909502
134596,0.0775254223176117
134597,0.08658617171184788
134598,0.04202801088652526
134599,0.10325700134675213
134600,0.06547413840293359
134601,0.06792381439789216
134602,0.053996924140063046
134603,0.02495479756438649
134604,0.04078208778641432
134605,0.11544405224076115
134606,0.079755167075845
134607,0.10032556946753463
134608,0.0421757985551682
134609,0.08004872268423531
134610,0.055488958839319286
134611,0.09694531044843716
134612,0.03977181001198844
134613,0.10537555469794282
134614,0.09092782995741827
134615,0.15079946048478327
134616,0.10393310925845073
134617,0.010691683052940062
134618,0.07639749272812575
134619,0.04171544777027784
134620,0.036815996843594156
134621,0.039170733702121804
134622,0.058445020469187856
134623,0.0968915960698174
134624,-1.863733529022804e-05
134625,0.013955980534723036
134626,0.04111083359075858
134627,0.01501893100825389
134628,0.025912927535770604
134629,0.07957978868512908
134630,0.05521546064518797
134631,0.1365855293565926
134632,-0.003213589177964417
134633,0.08480499418938978
134634,0.05725312040787242
134635,0.03216459165068522
134636,0.08141064220991837
134637,0.0701013272899154
134638,0.06102495443814202
134639,0.05608604988830012
134640,0.03043404483129474
134641,0.05426462413624864
134642,0.07185585059547153
134643,0.045627176279645666
134644,0.08805747438042084
134645,0.01676585710307925
134646,0.06177801512823562
134647,0.05739243677843636
134648,0.03575022139882126
134649,0.10652485133185467
134650,-0.007472017744587715
134651,0.07811798820660973
134652,0.0466948195962545
134653,0.13274519982531566
134654,0.0679139085359269
134655,0.06990767375995886
134656,0.018854176720783322
134657,0.057014491982455576
134658,0.010873082344858315
134659,0.04823862442067677
134660,0.04798886796169072
134661,0.04889170209609724
134662,0.07535463010913887
134663,0.04499665598445828
134664,0.0457670718862545
134665,0.057447790352185134
134666,0.026228165279677654
134667,0.06045413058227152
134668,0.08981627658141625
134669,0.044533037364801784
134670,0.07250551777752401
134671,0.05355175257346213
134672,0.04841205031020357
134673,0.03932912321633279
134674,0.052743903478550555
134675,0.048227904122466816
134676,0.0005732138518029853
134677,0.0307677748381183
134678,0.048754196908285224
134679,0.03420392536493365
134680,0.03697726191149485
134681,0.0049141555372469795
134682,0.0821246413117919
134683,0.027656126635585778
134684,0.01301119212382855
134685,0.07620667364685244
134686,0.10715916859937064
134687,0.05780740504313245
134688,0.008504295219367991
134689,0.07508096581184304
134690,0.05725717509784753
134691,0.08922449710295534
134692,0.07954145527312309
134693,0.030508427997274157
134694,0.13659471547190727
134695,0.027856048807076414
134696,0.005181062344424489
134697,0.0611576994800147
134698,0.04868824164168537
134699,-0.003529644088271326
134700,0.007255267473585861
134701,0.07694854755712148
134702,0.046346972605778004
134703,0.05237601855475281
134704,0.041440096759697814
134705,0.02386087834951995
134706,-0.0038656760773691373
134707,0.039907097016713466
134708,0.11135795335382803
134709,0.08137382222144772
134710,0.06728732341584345
134711,0.09533465961648399
134712,0.09104507951837962
134713,0.06149816448396146
134714,0.04693797098201937
134715,0.001418698460444831
134716,0.04578875946323824
134717,0.048397463083188076
134718,0.03549218493262038
134719,0.10307816572550638
134720,0.07667945033890253
134721,0.08177590549606692
134722,0.030453339239602483
134723,0.03450022017387298
134724,0.04414232188163122
134725,0.037776587655838384
134726,0.024657990290161476
134727,0.06425424504290886
134728,0.1138452504106634
134729,0.04191871770752729
134730,0.04808902806698199
134731,0.09667464869744974
134732,0.09954135811908425
134733,0.06266873048009246
134734,0.06064394617546405
134735,0.07025315309541351
134736,0.029529103021410062
134737,0.02539692636290506
134738,0.017507229443364282
134739,0.09452165544505967
134740,0.018996943001588842
134741,0.09599593515729425
134742,0.1118273088947557
134743,0.06908133003314508
134744,0.0767029284994282
134745,0.06684401915325347
134746,0.034388582414156266
134747,0.057940951736328045
134748,0.06711477849034535
134749,0.007226307913881826
134750,0.0721464882847013
134751,0.052459753106453455
134752,0.013146856486375702
134753,0.05858553706440868
134754,0.0387641493070115
134755,0.07504456172314423
134756,0.07176904590628277
134757,0.10294991335864434
134758,0.03893560607965947
134759,0.01985669770411936
134760,0.03232202402602709
134761,0.05263149060093453
134762,0.06358009042816491
134763,0.036790283847622895
134764,0.0805033079462865
134765,0.08489932995710787
134766,0.10101376931962876
134767,0.04366480531491532
134768,0.11572495877033945
134769,0.07713446794756268
134770,0.04701052619344874
134771,0.07121771194133743
134772,0.07233742183236155
134773,0.03557277618965175
134774,0.07206110386468209
134775,0.061020146982603836
134776,0.07985107038771681
134777,0.03906784681005137
134778,0.04649322535675518
134779,0.08638727690358876
134780,0.04158049298311661
134781,0.07210707815767926
134782,0.02189977501440052
134783,0.004652135871530044
134784,0.08673853762729243
134785,0.041274761308037373
134786,0.02703648948798474
134787,0.030771554821824303
134788,0.06594217258613684
134789,0.06997395691911049
134790,0.04725049831472168
134791,0.0912894822814341
134792,0.0495323029791762
134793,0.09311793448761639
134794,0.039671111556601205
134795,0.03468611319713201
134796,0.07446919530204305
134797,0.1014025442136319
134798,0.015010556238883685
134799,-0.03216978731176231
134800,0.11781398237605852
134801,0.07872000114663313
134802,0.01564826964368992
134803,0.07002535176683511
134804,0.027084291620041275
134805,0.04834863502245078
134806,0.028196431144000916
134807,0.07319229556772815
134808,0.11340145150066393
134809,0.039223460206804825
134810,0.034720831213264566
134811,0.09456948671191012
134812,0.024558910096507087
134813,0.07950191371663683
134814,0.02485908968124697
134815,0.037741882077928335
134816,0.06243319125543582
134817,0.07043860530152185
134818,0.07255710452792485
134819,0.054672889948279436
134820,0.032622172049802486
134821,0.07357572546977362
134822,0.07493228624971046
134823,0.09307636061017253
134824,0.06487390342332933
134825,0.07456125174465117
134826,0.06509356942837868
134827,0.021201391510860416
134828,0.039853940485487745
134829,0.024784529530791934
134830,0.07309067579807961
134831,0.04329536072928385
134832,0.09457135226001424
134833,0.04795538520384452
134834,0.022743395269884455
134835,0.008082105494821745
134836,0.029361494548445905
134837,0.0960368117504467
134838,0.07197525544651578
134839,0.04658640215744329
134840,0.03714208880594637
134841,0.05149257912149451
134842,0.058030991946997984
134843,0.015866739690556297
134844,0.05785911050094566
134845,0.08102351155675958
134846,0.11774924903417995
134847,0.0800895095282945
134848,0.0789376054972607
134849,0.024613438142368275
134850,0.027007662143176542
134851,0.04532101347221009
134852,0.03004887075517529
134853,0.0738461982474813
134854,0.0686057490459131
134855,0.06312865730356165
134856,0.051611852867870886
134857,0.06817047350216013
134858,0.012973103429612005
134859,0.08209044541136948
134860,0.05437790521040645
134861,0.030433588053145107
134862,0.051210289515021
134863,0.040660470359409576
134864,0.052800055359096834
134865,0.06615784629466331
134866,0.0888410511599872
134867,0.04990767875792195
134868,0.07297138264771144
134869,0.028786389918628433
134870,0.08403535075707998
134871,0.10267518412979112
134872,0.0508991887255589
134873,0.020258072081968274
134874,0.10172655139747164
134875,0.06830849293226589
134876,0.004191969463795235
134877,0.06450503410719191
134878,0.058263700747183234
134879,0.04061326869420792
134880,0.011009216827823624
134881,0.06467830158310514
134882,0.06436541884455925
134883,0.020992627471676198
134884,0.02476817875023439
134885,0.08334185939450228
134886,0.053723281864483434
134887,0.03692018289987695
134888,0.09791751481638368
134889,0.12210650229020142
134890,0.010185006439015772
134891,0.05612984290687487
134892,0.03832960107136757
134893,0.07330962766903429
134894,0.027600475457868343
134895,0.07127839124026014
134896,0.06595980135155072
134897,0.023917031627736857
134898,0.10791876903351968
134899,0.03745896650592047
134900,0.08628671243331223
134901,0.033973381556263255
134902,0.04808991195607899
134903,0.03965748294066489
134904,0.05297758800724369
134905,0.050975317456435076
134906,0.010262862753495541
134907,0.035464918777323884
134908,0.0783363810453873
134909,0.08632149006359806
134910,0.039290973477184236
134911,0.10936121196693252
134912,0.09092426770379958
134913,0.05973988010331224
134914,0.05881057642463775
134915,0.08171913251629812
134916,0.058340984449925866
134917,0.03856077191352778
134918,0.010487340673150103
134919,0.09317004404118552
134920,0.0881845772028922
134921,0.06133627168963713
134922,0.04826195835332795
134923,0.08299675016118485
134924,0.0018019204655402715
134925,0.05944059835453203
134926,0.07041911632576478
134927,-0.005020658854905671
134928,0.015788834463831482
134929,0.04366256209326795
134930,0.05113061701854756
134931,0.018780344986819346
134932,0.050908570705494906
134933,0.008570505650632713
134934,0.03936962876924619
134935,0.0452220432996329
134936,0.06059531215917432
134937,0.05659856962992921
134938,0.073206056536937
134939,0.034440013421274
134940,0.007788110620383773
134941,0.0388667936952885
134942,-0.010078892980010377
134943,0.04020729812121764
134944,-0.001753220106558727
134945,0.09783757416723271
134946,0.09966157218671928
134947,0.04078787878147272
134948,0.05250297890646312
134949,0.04812423263712178
134950,0.03519612419391387
134951,0.07171454305153623
134952,0.017718253535569314
134953,0.07589683401836703
134954,0.07991391669935408
134955,0.06836533453414997
134956,0.05216231924914906
134957,0.10336436086202172
134958,0.0507237188092158
134959,0.07747193445741893
134960,0.05676782056690216
134961,0.03146987273753476
134962,0.025359214288798997
134963,0.02716686349602852
134964,0.03366624759790407
134965,0.04458623729815298
134966,0.04294804292311781
134967,0.05537932774582684
134968,0.05290846399008903
134969,0.046057268518830734
134970,-0.008163001096683664
134971,0.01713528084777151
134972,0.03390548455912824
134973,-0.0027358125638722794
134974,0.058015910161659086
134975,0.08031145274043677
134976,0.05448877505883993
134977,0.038647157756754105
134978,0.04613023016376083
134979,-0.01692488749947567
134980,0.024052500552393233
134981,0.11731178732837949
134982,0.07770532553750308
134983,-0.01656066755765844
134984,0.08219774951940051
134985,0.08132555158519544
134986,0.040079287490682194
134987,0.0942191720487655
134988,0.04280125763110401
134989,0.06138879755348742
134990,0.0629406071715236
134991,0.050417268546998656
134992,0.0692098586712527
134993,0.11354484459314987
134994,0.12689521701723566
134995,0.0703780747849615
134996,0.027755591693172113
134997,0.058337710674791515
134998,0.03553058312954033
134999,0.035908324089489366
135000,0.07701712491346255
135001,0.01655871904653483
135002,0.055390550574050755
135003,0.05091606812067673
135004,0.03932215250826791
135005,0.08063696032966676
135006,0.06879658962728764
135007,0.057967281074292255
135008,0.07951254986456678
135009,0.07812957420934678
135010,0.01788777871460763
135011,0.10558410863840342
135012,0.09572026731257237
135013,0.0035346949306503395
135014,0.08680759386992001
135015,0.04423866275178866
135016,0.0637495339556841
135017,0.11973680386967595
135018,0.0842726227992757
135019,0.06164431573145393
135020,-0.012812526272274284
135021,0.050838693973014625
135022,0.023137887541701912
135023,0.051611107904750625
135024,0.043151240085204746
135025,0.04887366813248237
135026,0.004251616367216791
135027,0.049081953215957826
135028,0.08749958920687557
135029,0.029145239387378858
135030,0.02669701464784109
135031,0.10233859479084804
135032,0.07357866088762924
135033,0.047132982855720616
135034,0.0528776799983695
135035,0.08446261770216917
135036,0.07956467161910713
135037,0.02630517831110003
135038,0.05264503278045651
135039,0.0166842060084616
135040,0.015177478535812881
135041,0.07629931765350541
135042,0.06301765335278511
135043,0.039087691232174204
135044,0.0403360317121617
135045,0.08756874096898695
135046,0.09434119923559119
135047,0.0926636306593848
135048,0.07375133682701446
135049,0.042001368860456176
135050,0.0342778505101049
135051,0.01606186146593807
135052,0.06430577154845342
135053,0.08911283846889474
135054,0.05346017235064073
135055,0.08631967998948478
135056,0.04474377359342614
135057,0.03386157580787963
135058,0.035745233384582714
135059,0.06692631209251224
135060,0.01731866175986494
135061,0.04637093382787651
135062,0.1540875718247785
135063,0.0509923658477041
135064,0.05919781305520706
135065,0.07827927901074813
135066,0.07469981698884513
135067,0.04997402633364926
135068,0.06564047130609482
135069,0.03726123003780117
135070,0.04233825751094968
135071,0.08139165588725789
135072,0.05251730326510021
135073,0.027103838811282237
135074,0.12105807069061143
135075,0.06237031707142672
135076,0.029862128806228197
135077,0.03401395674306542
135078,0.06384777099110536
135079,0.05286489652639078
135080,0.059128648366426916
135081,0.009705346485974743
135082,0.05511679932779705
135083,0.036002596456422876
135084,0.08672675043432328
135085,0.04730063090556767
135086,0.038906847582861406
135087,0.05273710263802204
135088,0.05327141592057285
135089,0.12103198219193215
135090,-1.5103059085329329e-05
135091,0.06401317982181184
135092,0.06669325389174983
135093,0.0001421362383631844
135094,0.05724371975950041
135095,0.0501986448734393
135096,0.04546518938979223
135097,0.03686644024868436
135098,0.10746402701381588
135099,0.053297411715026506
135100,0.0829181891263304
135101,0.08056008313784968
135102,0.008879962887740588
135103,0.07654890620156624
135104,0.0043488028190727945
135105,0.06187113486544698
135106,0.041791584847569514
135107,0.020354153099406178
135108,0.04360541486103169
135109,0.10604640839477594
135110,0.053729004001994256
135111,0.09311419486249065
135112,0.023432533466010326
135113,0.025491956226134677
135114,0.03382380083977382
135115,0.08737266921117542
135116,0.03877573439739054
135117,0.01464021019836309
135118,0.0819780276067875
135119,0.028919947445475776
135120,0.027384548397045884
135121,0.09479581508747606
135122,0.11586338915612315
135123,0.0558621383834683
135124,0.07938886235850764
135125,0.036088611904534273
135126,0.015480564919019793
135127,0.07300007885772136
135128,0.068602199966121
135129,0.059966471055140344
135130,0.10036972080804452
135131,0.023547929729388142
135132,0.04582528707599772
135133,0.06969889395084072
135134,0.07682202135301475
135135,0.07837284736529308
135136,0.0722694998891375
135137,-0.001225483860552233
135138,0.06396562299327685
135139,0.08161589582493751
135140,0.02737597345936412
135141,0.04406030986593843
135142,0.0795929820751365
135143,0.018037673330198088
135144,0.016921292619888083
135145,0.04572564916958229
135146,0.02303185636097911
135147,0.04627540765236744
135148,0.03183527255015141
135149,0.06658833909312613
135150,-0.013387199162671455
135151,0.02179545822115471
135152,0.034542450184252754
135153,0.02356814252438537
135154,0.09518553562725643
135155,0.011305269557209632
135156,0.04335644367441833
135157,0.06420073153752003
135158,-0.0032635843677874254
135159,0.04267563205274113
135160,0.12836453432467407
135161,0.06691387048513006
135162,0.06294917536436392
135163,0.04826578057636683
135164,0.06349041992985838
135165,-0.016315063704891747
135166,0.005806753097220077
135167,0.07890428170709456
135168,0.023438784953934647
135169,0.0014605088068199643
135170,0.05324049237403249
135171,0.02240827625461838
135172,0.0154313333491563
135173,0.04047313590211683
135174,0.05498607042231475
135175,0.07535306967454686
135176,0.029502930827855885
135177,0.04883559566840331
135178,0.06306668079611513
135179,0.03964314145801093
135180,0.04548002288488154
135181,0.024776809533381374
135182,0.022017663106819085
135183,0.07908895046660812
135184,0.05977577008502575
135185,0.09202830270377535
135186,0.06277295618544267
135187,0.09080794997812838
135188,0.08513279064885468
135189,0.00745327587830176
135190,0.0826525703377961
135191,0.05685809629349014
135192,0.08832121549454025
135193,0.06810241085175214
135194,0.06243613301410599
135195,0.036216069363884204
135196,0.011087398072255547
135197,0.014521741064476741
135198,0.09455233599499707
135199,0.018515165247723425
135200,0.05570946149127271
135201,0.020100712135399726
135202,0.05209050350918101
135203,0.09855737344043776
135204,0.03525501449750072
135205,0.07189237897301119
135206,0.03915265876064979
135207,0.10927016363896422
135208,-0.035389671858064194
135209,0.04339869682343166
135210,0.05410222372857883
135211,0.04536737858126692
135212,0.04517139135683879
135213,0.04432271052245903
135214,0.04779377835858448
135215,0.011275691307050896
135216,0.08340469930789313
135217,0.03262306413253397
135218,0.04340381139881202
135219,0.012682368030851848
135220,0.07714755719476747
135221,0.014184295749060584
135222,0.007263278703922023
135223,0.12106960271754028
135224,0.08463347364171495
135225,0.06801940890895979
135226,0.0012370727025464573
135227,0.10992522265669821
135228,0.07477253460334818
135229,0.04271758921002351
135230,0.06950329518010923
135231,0.04698592215143571
135232,0.0772630079092799
135233,0.07211671451487855
135234,0.003910883632452344
135235,-0.0017198710275856122
135236,0.062450165712196734
135237,0.01955760826661941
135238,0.01054580181911579
135239,0.028720526977244656
135240,-0.008134149856325809
135241,0.03329217232613682
135242,0.03920825623731749
135243,-0.006741854388337784
135244,0.057927476817895965
135245,0.09914326737831206
135246,0.051330497817478345
135247,0.023639720120914757
135248,0.02311086108001183
135249,0.006895476810849885
135250,0.015337688335902919
135251,0.040312924963029614
135252,0.0358660961825945
135253,0.015128084360642675
135254,0.014904609190159068
135255,0.06141845481243767
135256,0.0653634075015992
135257,0.06567138965472638
135258,0.05611189396813713
135259,0.07665356981800776
135260,0.08581377505010065
135261,0.03886688885256793
135262,0.03392811902492368
135263,0.0522345694892969
135264,0.042295951787224714
135265,-0.007876683986729242
135266,-0.0034399859132947103
135267,0.05298545913085205
135268,0.047660040651778854
135269,0.013798378167661912
135270,0.021466822809270553
135271,0.046231979551508144
135272,0.014414550902972417
135273,0.03512770869173498
135274,0.047883157144020076
135275,-0.000658204477603154
135276,0.028961344162895742
135277,0.009999565424891492
135278,0.07624513140144198
135279,-0.0245598275336383
135280,0.031081596004183296
135281,0.02680690628654985
135282,0.10165986812378212
135283,0.05132638363544323
135284,0.05219307239088222
135285,0.023366115200725145
135286,0.032883189081006126
135287,0.05057471874105234
135288,0.011308215576335587
135289,0.041480950200428295
135290,0.0022052487692509268
135291,0.04763823617126266
135292,0.07892172425897181
135293,0.09305307059542564
135294,0.044669029233860166
135295,0.03256932413312917
135296,0.0023818300852920665
135297,0.07306987603465728
135298,0.04828652564582488
135299,0.030950389325752378
135300,0.09071940747344712
135301,0.025255135203731554
135302,0.05451919539227953
135303,0.0523392966087005
135304,0.04496065752371758
135305,0.05119789481075502
135306,0.07718093271972991
135307,0.039892010417346156
135308,0.04761416597882641
135309,0.06409070655186622
135310,0.04673977717297254
135311,0.0557554079082893
135312,0.0028275170648334597
135313,0.06351130700348058
135314,0.04114007765307664
135315,0.04130274615056738
135316,0.014171066472122601
135317,0.012599656106207356
135318,0.04664726662652968
135319,-0.02795057267686018
135320,0.01744455638992938
135321,0.09361132485240625
135322,0.05785383673967129
135323,-0.003717114390586161
135324,0.053885264437464823
135325,0.09646788610739179
135326,0.04058189922288547
135327,0.058232059260588054
135328,0.07400444722809744
135329,0.0935185195035186
135330,0.03579623343597839
135331,0.08683609646139254
135332,0.044736441683002316
135333,0.05923907378312655
135334,0.006264090876216051
135335,0.11002533263967244
135336,0.03137759215220928
135337,0.030652501415871326
135338,0.011882378682560403
135339,0.03754021698209459
135340,0.06827907768438396
135341,0.0698856301200466
135342,0.062248030259501284
135343,0.04191054411358031
135344,0.06498917789542467
135345,0.047504730001227444
135346,0.020549437913244695
135347,0.06589061935326873
135348,0.008591733540939957
135349,0.026564840940535454
135350,0.05108760354165609
135351,0.07564925172760859
135352,0.09394411069600433
135353,-0.004906831204039695
135354,0.05869327515191182
135355,0.03862714019975596
135356,0.029923271848347692
135357,0.09148595906304077
135358,0.02297618419866322
135359,0.07026777596304787
135360,-0.015874068796498615
135361,0.06996485062485722
135362,0.05115327311608653
135363,0.08376718188377472
135364,-0.012180703710971151
135365,0.12159564551676241
135366,0.05854261623645332
135367,0.08438711713036501
135368,0.08810292549232138
135369,0.06364206653112718
135370,0.019059077768043758
135371,0.05747029907647893
135372,0.09607868730116567
135373,0.024855892022022836
135374,0.06003871435816045
135375,0.07524747932836891
135376,0.045406689891681104
135377,0.012462189100274454
135378,0.07756109542518153
135379,0.0952306384255017
135380,0.04746782983437497
135381,-0.010922505125865407
135382,-0.014340474003986352
135383,0.005916008802137669
135384,0.06552503780418942
135385,0.056529304099351176
135386,0.060696411262455494
135387,0.027898098929322757
135388,0.03268601088010768
135389,0.11312490511711927
135390,0.026372510685454032
135391,0.026785182342518452
135392,0.021772877443415557
135393,0.07489226748962463
135394,0.047767929240279165
135395,0.05501863638831169
135396,0.08162319833830695
135397,0.05681241082751669
135398,0.030293823655159143
135399,0.017762130413955114
135400,0.05238487590499144
135401,0.06098650021115565
135402,0.05706511346043405
135403,0.044152469889886
135404,0.07615026401096554
135405,0.049169083771262875
135406,0.05284369652282186
135407,0.08163378499209056
135408,-0.006388243364055586
135409,0.051903962045453056
135410,0.02012924648781485
135411,0.08955173735370094
135412,0.06719288339570889
135413,-0.022092228565117417
135414,0.014007191307457707
135415,0.05071050244147307
135416,0.03512898022773353
135417,0.041188962003438544
135418,0.048891995199478726
135419,0.036001443441793436
135420,0.04522612858874312
135421,0.03361833013144902
135422,0.020289098404011465
135423,0.05616582464653934
135424,0.06055837791287452
135425,0.12707302005853205
135426,0.01801944363047764
135427,0.06101196827725543
135428,0.009566421271289337
135429,0.05799860739413908
135430,0.042364607754485535
135431,0.025796376976748296
135432,0.04286876350618291
135433,0.04953288470644182
135434,0.05195144277314143
135435,-0.001126936037166508
135436,0.08450667586938143
135437,0.06189981775780866
135438,0.04561147766997403
135439,0.07082527007973144
135440,0.08261859960518413
135441,0.02621444316472513
135442,0.05251938667489401
135443,0.09930495521236302
135444,0.0897974986586274
135445,0.03048631042487358
135446,0.05881287213399915
135447,0.009708662982470397
135448,0.022443276668071784
135449,0.04395904606364079
135450,0.07488867298909029
135451,0.07819897732973677
135452,0.03185651892571168
135453,-0.017886915415191898
135454,0.05867941043049257
135455,0.061173464021947004
135456,0.058043510119813346
135457,0.008479915472784864
135458,-0.001343530346730508
135459,0.042640605926117785
135460,0.06457534899995561
135461,0.05252603813241011
135462,0.06222555367289293
135463,0.07114194793244176
135464,0.022418046587194453
135465,0.028220553512164636
135466,0.049653603946757476
135467,0.10106249063560666
135468,0.09911157575562085
135469,0.08008329173546883
135470,0.003504694550893514
135471,0.035837309120998806
135472,0.025255056664687428
135473,0.05063314516797733
135474,0.0319714321014517
135475,0.047158739497167174
135476,0.022415276687768597
135477,0.03715167400986569
135478,0.04029199977870922
135479,0.08572504151729902
135480,0.060557368668938794
135481,0.06440713008883552
135482,0.10064558445770733
135483,0.03514546310850129
135484,0.07595818099229276
135485,0.04465927104550957
135486,0.12376482064751834
135487,0.05429167198005196
135488,0.009630406378535544
135489,0.08992052339644038
135490,0.09100881914928943
135491,0.07486406944670432
135492,0.0626078119140752
135493,0.003279313196230607
135494,0.04085078006586244
135495,0.06832455431341702
135496,0.08363495832435927
135497,0.09639830873170921
135498,0.11925664716328119
135499,0.04754931257809256
135500,0.041724376497004986
135501,0.04712488471967246
135502,0.10726687248620949
135503,-0.012770358249802757
135504,0.06825334933956814
135505,0.08390248191684455
135506,0.04523556456862501
135507,0.0209280416841669
135508,0.051603319987138824
135509,0.025486747422235376
135510,0.11363173595474482
135511,0.06264467902952164
135512,0.08457882253993095
135513,0.05996263105656395
135514,0.028281265748202604
135515,0.02708695528105471
135516,0.03771842698386867
135517,0.06880781116394105
135518,0.037141904485657455
135519,0.1190935681316381
135520,0.06406906760138673
135521,0.012876188547065577
135522,-0.0029181257584681153
135523,0.0691658611790246
135524,0.0080771451459421
135525,0.04413879177763837
135526,0.029707925126550502
135527,0.07500717890196909
135528,0.055641910287151736
135529,0.04405409802891345
135530,0.09895846740737316
135531,0.024497461063961657
135532,0.03347809848833383
135533,0.0869226915675167
135534,0.05894271686291095
135535,0.06728333842508964
135536,0.04804255474755453
135537,0.11262018146825915
135538,0.018216460917371533
135539,0.03404632759303572
135540,0.09883951130532151
135541,0.029083526087087724
135542,0.06058366445275447
135543,0.04579659561511668
135544,0.09739490198906013
135545,0.09948054919012424
135546,0.04986357740979562
135547,-0.007581420493130285
135548,0.005148987116174744
135549,0.011743302100244705
135550,0.05708043516712681
135551,0.0631452415650823
135552,0.0687059403811192
135553,0.03229275251124476
135554,0.03530330989495216
135555,0.05137032729309767
135556,0.04175548713723568
135557,0.08736336400994846
135558,0.03072103159673202
135559,0.04022182094770929
135560,0.09243178694006841
135561,0.0472131574460954
135562,0.08220237938776677
135563,0.03662038006286689
135564,0.0318637339482774
135565,0.008556801433790895
135566,0.01965096573502152
135567,0.10693818692556897
135568,0.06345382132397553
135569,0.005275441086716709
135570,0.027627094074064995
135571,0.09809016595188921
135572,0.04856587888105389
135573,0.01663810614238346
135574,0.04712398058266755
135575,0.0338177271735038
135576,0.005435803948884203
135577,-0.035588015283746284
135578,0.007879931574109614
135579,0.011295416185541765
135580,0.01226046518799015
135581,0.06495849921170121
135582,0.046085124364779066
135583,0.04554478705014702
135584,0.002337629592497073
135585,0.022705792901621016
135586,0.028158102359163682
135587,0.07536566780502366
135588,0.07271182106243299
135589,0.05002742822118547
135590,0.08749813527677902
135591,0.05138737242450682
135592,0.06906958292404977
135593,0.07169763553163927
135594,0.03445536559363861
135595,0.03915005455860985
135596,0.03587277702536014
135597,0.07617532619659294
135598,0.07644796894583351
135599,0.10124311367240534
135600,0.05521791611278168
135601,0.02070808996311144
135602,0.09516922441175418
135603,0.0864589873940545
135604,0.08798728675561204
135605,0.0590121976455134
135606,0.02888473468413623
135607,0.04073541182597587
135608,0.0018532424184634563
135609,0.03061736566765948
135610,0.06780025492366518
135611,0.09743383898833441
135612,0.07012563723176675
135613,0.0009878207374469927
135614,0.0815395727152896
135615,0.0061422605127452595
135616,0.0392133634286934
135617,0.07294635545906877
135618,0.05088969825714257
135619,0.019341813814861702
135620,0.03572521963766663
135621,0.0813025886157194
135622,0.09994915549889977
135623,0.03167696751577908
135624,0.07828990247249719
135625,0.03914427824076226
135626,0.036121314079217884
135627,0.10779382377532792
135628,0.03428282632215444
135629,0.03518403402948714
135630,0.05722505548464646
135631,0.02389614877975576
135632,-0.007913529842170246
135633,0.0905952192633129
135634,0.021325336471075745
135635,0.11118243062824115
135636,0.06122518150132272
135637,0.09296763929671206
135638,0.1117342049790664
135639,0.017643752091678937
135640,0.0261274951341528
135641,0.038972837225502245
135642,0.023202657958728095
135643,0.06103124352079077
135644,0.04491134617386833
135645,0.06821765061139926
135646,-0.04464554299271604
135647,0.06892179980956795
135648,0.09435466188092566
135649,0.11452786890463937
135650,0.04542578099990141
135651,0.004925767427188005
135652,0.0436480757801213
135653,0.03673501181193191
135654,0.01145461184693626
135655,0.05523727838858269
135656,0.08338480163030669
135657,0.04300167580979768
135658,0.05654743369783669
135659,0.003421144894274912
135660,0.09584283673340813
135661,0.0279664825330398
135662,0.025191934265741622
135663,-0.006710713515883704
135664,0.03301299792599502
135665,0.032364934809779186
135666,-0.02972352757523128
135667,0.054656447705163126
135668,-0.0052402670878640215
135669,0.03195929304180498
135670,0.04392934342405375
135671,0.05375232850213766
135672,0.10327621685862468
135673,0.09062799528596263
135674,-0.01544738798346483
135675,0.040415588424815935
135676,0.05105980335483903
135677,0.065998306007097
135678,0.03085407658277413
135679,0.00797756219240632
135680,0.02446024002804475
135681,0.07255575175744841
135682,0.05351552703893133
135683,0.09159720417258815
135684,0.11032437987434221
135685,0.06668991089447368
135686,0.07581580500203172
135687,-0.02051460855581457
135688,0.00541337948132601
135689,0.038492075458646566
135690,0.09536462605835289
135691,0.017805759044979518
135692,0.031067777339714553
135693,0.06881507800844672
135694,-0.018963130135565165
135695,0.05443194680713699
135696,0.008482380313646815
135697,0.02020735981112655
135698,0.018539929000795728
135699,0.03922703372517977
135700,0.035544624682990036
135701,0.05996755656026174
135702,0.0580682703190583
135703,0.0575206464659218
135704,0.03104561474623119
135705,0.09268618636541541
135706,0.06798479307080796
135707,0.04872359582185153
135708,0.08480292833068925
135709,0.07949360685252496
135710,0.10606775834509752
135711,0.12351213613585349
135712,-0.01374917500623881
135713,0.03509028902702491
135714,0.060963679505693175
135715,-0.0021889540782153508
135716,0.053541794016776056
135717,0.052659877011902965
135718,-0.018293290885154738
135719,0.005502562540693527
135720,-0.0008974040717322704
135721,0.06464537548613117
135722,0.06547383680629376
135723,0.11059526883250448
135724,0.046746515570214746
135725,0.01877449199802268
135726,0.028830619758915432
135727,0.07093950030070076
135728,0.04252436976082606
135729,0.029193169442291233
135730,0.06304078631142367
135731,0.047110374547503456
135732,0.09240895987950867
135733,0.08492193245016727
135734,0.10753860179616076
135735,-0.014838604747033968
135736,0.10650379252981866
135737,0.07959636053199029
135738,0.0507721623660846
135739,0.09676597701614997
135740,0.061461849189137344
135741,0.006310816751741798
135742,0.10690079252722681
135743,0.0757110708596512
135744,0.03335322136758309
135745,0.0016722270364197545
135746,0.018014310180078884
135747,-0.005580391700193796
135748,0.04830306522630769
135749,0.06324633194615667
135750,0.0990492239180143
135751,0.07449066332820829
135752,-0.003060317455607968
135753,0.022845557328370677
135754,0.040386797253768474
135755,0.05495534151381337
135756,0.00967648405100656
135757,0.001473203011376073
135758,0.05856328621850743
135759,0.0861634126711511
135760,0.08790091715467274
135761,0.015358813769504993
135762,0.041653915945981654
135763,0.07915087689163264
135764,0.031537780619676846
135765,0.027661964701674157
135766,0.021302003437890855
135767,0.035692072210734435
135768,0.10393510000783554
135769,0.06364464555436208
135770,0.0685536592069392
135771,0.013714111230841208
135772,0.08171013475928718
135773,0.033133305662255405
135774,0.06427583832436712
135775,0.08045969099544467
135776,0.07849895194349957
135777,0.08862588011150518
135778,0.02930533452900584
135779,0.06319349387866857
135780,0.08000147350372575
135781,0.03397846284128818
135782,0.040212130977827436
135783,0.040580338166741586
135784,0.08313525973631083
135785,0.05033990944192965
135786,0.05211301137102735
135787,0.04494895977542994
135788,0.0816951929167495
135789,0.008236877291530692
135790,0.05146269478312914
135791,0.0435963714264371
135792,0.04352617991639525
135793,0.07415304133571611
135794,0.03273641382808924
135795,0.09435114296005356
135796,0.05000598529198983
135797,0.09192022142941636
135798,0.04354594687739192
135799,0.06943135385044069
135800,0.024950676923831565
135801,0.08279727920756655
135802,0.046334945174277636
135803,0.015736282132558586
135804,0.09003162776278073
135805,-0.007715317159156916
135806,-0.01852796916172432
135807,0.036948698982228356
135808,0.03257102991192708
135809,0.0543135350264078
135810,0.07226423207625393
135811,0.04292666712476956
135812,0.04558288963084176
135813,0.09094812648348338
135814,0.06671484642326682
135815,0.09798755977368062
135816,0.10515179342116432
135817,0.036326113144372764
135818,0.06805954633474025
135819,0.07202756858449386
135820,0.017349998848679726
135821,0.06967015970262609
135822,0.023842939997658283
135823,0.07397376218364038
135824,0.025960087462436564
135825,0.01057947772165637
135826,0.06148287473187715
135827,0.06495617332931067
135828,0.0203347847773335
135829,0.028562982734187496
135830,0.047655549899689
135831,0.06079340468719585
135832,-0.028919178271196583
135833,0.031359340083457574
135834,0.06786295871619491
135835,0.02382920243374981
135836,0.03847468803899176
135837,0.04746885645216682
135838,0.03264678373173621
135839,0.055035473385018324
135840,0.04008961284759567
135841,0.04012462828485598
135842,0.04270415037969179
135843,0.059196614965412495
135844,0.100780321646434
135845,0.06428635609878529
135846,0.09916814762379678
135847,0.05865925431928712
135848,0.0027547719708786236
135849,0.042433281785369925
135850,0.07626859102938378
135851,0.05880804736191579
135852,0.03815689098429684
135853,0.051103267584631906
135854,0.018628853927884798
135855,0.03823053539665178
135856,0.02816292956596776
135857,0.039282284084746225
135858,0.05264459086931804
135859,0.05867889946790046
135860,0.05599520918875036
135861,0.02004769938666407
135862,0.1167417487287778
135863,0.038597377932208805
135864,0.05939692210123876
135865,0.06468555701762561
135866,0.07997111491295557
135867,0.047165849624296444
135868,0.08589807218883017
135869,0.0969866914171593
135870,0.028852071735225172
135871,0.05426845769434856
135872,0.06753005927239704
135873,0.04082149385791923
135874,0.03864481293279391
135875,0.09165973461091421
135876,0.03669570493939949
135877,0.03907365756548071
135878,0.03358018463753191
135879,0.032261784001278555
135880,0.0765979448358461
135881,0.1006343321577482
135882,0.005043046281463522
135883,0.03557020262703574
135884,0.024477011493462493
135885,0.055353781335014535
135886,0.006464237877669116
135887,0.027427072029745026
135888,0.017054232873716303
135889,0.06314887089099264
135890,0.07730858001246932
135891,0.04137180565648431
135892,0.03930145153742351
135893,0.007153654769541308
135894,0.0408196603474982
135895,0.051786024210268865
135896,0.0670338080079397
135897,0.08539411863820712
135898,0.042972187707822754
135899,0.0494864953678314
135900,0.06689214317615688
135901,0.04859418121156081
135902,0.06059206692661393
135903,0.026099362293696866
135904,0.07652699562908497
135905,0.011972940445482382
135906,0.06899938257611281
135907,0.014285655073499846
135908,0.018730826359751766
135909,0.02408577848565053
135910,0.018614117847018455
135911,0.062454146018989846
135912,0.03784072180391276
135913,0.033886243308275964
135914,0.06857654162300095
135915,0.023331724763742182
135916,0.04850977458464207
135917,0.03879969889990905
135918,0.029445801813974836
135919,0.03246056252647033
135920,0.059757333119330694
135921,0.07217304053686394
135922,0.030067199338264444
135923,0.06752534385717449
135924,0.05707278320714182
135925,0.043781294098697604
135926,0.04476939407217934
135927,-0.00586063685399079
135928,0.014617632568708672
135929,0.08423061422960137
135930,0.016665106559623673
135931,0.016016769246711252
135932,0.022453280267446456
135933,0.04124010352987737
135934,0.06777128669794366
135935,0.07093123514218908
135936,-0.016116598400521487
135937,0.08876127722506985
135938,0.0693403398886567
135939,0.08311769145634777
135940,0.028173439043086675
135941,0.0752277677455066
135942,0.03996961905338467
135943,0.051999966149716595
135944,0.03585962557565075
135945,0.08385538427503024
135946,0.040781590149760405
135947,0.09406438150960883
135948,0.035251344410977554
135949,0.06972317155460753
135950,0.0677138224586085
135951,0.007431479360930575
135952,0.11513980611392985
135953,0.011049804598837532
135954,0.006704839934583533
135955,0.060112341666299876
135956,0.06389984035876563
135957,0.04168638007893052
135958,0.012308150146056393
135959,0.009127726615708077
135960,-0.008738337071368667
135961,0.034977683394609826
135962,0.06893183006627074
135963,0.02724811078723358
135964,0.048387780946013446
135965,0.07593226983202848
135966,-0.03141496853261531
135967,0.045790374448290046
135968,0.016653516749973667
135969,0.023672004157048707
135970,0.08531195363365701
135971,0.05232382567399732
135972,0.029982094709300987
135973,0.043220045892934995
135974,0.05494420378983258
135975,0.003730483683796311
135976,0.04674406059768024
135977,0.041029700211502124
135978,0.07602438971324046
135979,0.060082913465408595
135980,0.009506722436231865
135981,0.01881974640980382
135982,0.058019550902959974
135983,0.03222402068940161
135984,0.05293039443794266
135985,0.04612093747530997
135986,0.06667744434143491
135987,0.02323133576709569
135988,0.0612450212331141
135989,-0.0023344475645196566
135990,0.03582380025373493
135991,0.025516260135419664
135992,0.046178006221800565
135993,0.0674680306256954
135994,-0.008529382780802647
135995,0.035038424288014416
135996,0.010785818511966506
135997,0.09703589844497618
135998,-0.026741708620849645
135999,0.03338523730594528
136000,0.016406709325403418
136001,0.09304398477110867
136002,0.07558559188489598
136003,-0.0011123188887991534
136004,0.04519360213452493
136005,0.054601871975169136
136006,0.0005023322782640241
136007,0.027444456883681505
136008,0.061854510103085444
136009,0.05509176214265679
136010,0.034956143731681065
136011,0.02247106063844249
136012,0.07230859272794257
136013,0.11705075365012012
136014,0.01123507131322362
136015,0.024602488236107625
136016,0.04992224843534387
136017,0.016310423173545818
136018,0.01188899532173475
136019,0.00036677720428746063
136020,-0.004323518150956836
136021,0.020140882588714097
136022,0.06360880694932239
136023,0.032974628356694256
136024,0.05288740566110346
136025,-0.0026243888083447506
136026,0.0006559055600406233
136027,0.06609976816181114
136028,0.03574574502922578
136029,0.048024669146245834
136030,0.0228634288426132
136031,0.07479021431846979
136032,0.026055638062659998
136033,0.09976161321613455
136034,0.07096016884587608
136035,0.06155504154474699
136036,0.11101001341851177
136037,0.06775399545719957
136038,0.011063697151335913
136039,0.03590437917190898
136040,0.07224143456622423
136041,0.10029862855467125
136042,0.05372073737985503
136043,0.008072044696423801
136044,0.0528640509121558
136045,0.11474870267766453
136046,0.03300406751967451
136047,0.030315352422117532
136048,0.04120463281175021
136049,0.001494733799131634
136050,0.03782213580242877
136051,0.05896561347115089
136052,0.13406253131846851
136053,0.025315597278618946
136054,0.0471816389877693
136055,0.054832968748485464
136056,0.08945461875584365
136057,0.05884837896459176
136058,0.04869179913298228
136059,0.07161886361357078
136060,-0.010423698816375768
136061,0.04538757730418083
136062,0.04564659693941004
136063,0.003986170508951552
136064,0.05032132017003348
136065,0.02293708940329955
136066,0.052777450487660416
136067,0.06827422715423649
136068,0.07914724625584943
136069,0.014135971385440732
136070,0.009476937134527658
136071,0.034377742748387424
136072,0.0708967951786866
136073,0.05444559247271838
136074,0.04533295889005386
136075,-0.0007282440391813833
136076,0.05395066137975861
136077,0.06594645882618785
136078,0.08570969579825029
136079,0.023972493712510996
136080,0.03679774412390892
136081,0.0037513031008615805
136082,0.06114669596567818
136083,0.035578906334051405
136084,0.0803718366541979
136085,0.02260393336346119
136086,0.042458707394429446
136087,0.08661227877634617
136088,0.02745441505237671
136089,0.02569098874388593
136090,0.012138394495948224
136091,-0.0037775709319868567
136092,0.030112407186548472
136093,0.05081940597822253
136094,0.0901628860922918
136095,0.050729859304476065
136096,0.022031936379970193
136097,0.09453471796885365
136098,0.023211625788934213
136099,0.05490200673274092
136100,0.042603036040038726
136101,0.07403666137519783
136102,0.07904611375463702
136103,0.0619643399433217
136104,0.037806464005924786
136105,0.042337720093089656
136106,0.07053552548846678
136107,0.100387755717693
136108,0.05372029254879377
136109,0.018342048653662322
136110,0.07934144758101896
136111,0.08045450224967848
136112,0.020122779750902313
136113,0.024083371884157236
136114,0.0935430792063622
136115,0.010702308266913867
136116,-0.006851044678335645
136117,0.07867344727175105
136118,0.04967561280751348
136119,0.03810032819985885
136120,0.02628933241877908
136121,0.03741324764230004
136122,0.07055042996058833
136123,0.05445026445140423
136124,0.06418568314785587
136125,0.047862865341563705
136126,0.02374913558858385
136127,0.025216946719002563
136128,0.01531612246029906
136129,0.024626148687415455
136130,0.055173988587678024
136131,0.083672306941767
136132,0.02786616315974964
136133,0.027685554614416717
136134,0.06524865794432842
136135,0.05906228260248275
136136,0.05482863641610797
136137,0.04697483840931052
136138,0.046036583086759064
136139,0.03926222709128678
136140,0.031875402300447074
136141,0.06513411348996481
136142,0.06320768308511265
136143,0.03136939020627558
136144,0.04153560798801969
136145,0.04881242606083103
136146,0.07829755614994906
136147,0.003880772726576727
136148,0.044429451675966826
136149,0.014469159690254092
136150,0.04884982893043171
136151,0.05148153110807851
136152,0.07360664043599822
136153,0.01760461440689814
136154,0.0309283409306454
136155,0.04039946327640382
136156,0.03792044938602665
136157,0.001460706245805861
136158,0.0733542595650864
136159,0.056048235254430985
136160,-0.04493014071711138
136161,0.03696252917702121
136162,0.008597509359302036
136163,0.0637288089380109
136164,0.041885707966802674
136165,-0.014761218039973531
136166,0.0637218835207396
136167,0.11701786356526049
136168,-0.03310233944256983
136169,0.05375335512310672
136170,-0.022839382481125027
136171,0.05702238257844327
136172,0.041568832742987435
136173,0.008070816686119975
136174,0.015055902570564425
136175,-0.010460759364207525
136176,0.0373582285105139
136177,0.017657876585123786
136178,0.02675587391030196
136179,0.05681044718108899
136180,0.028008944541284605
136181,0.06727872512401908
136182,0.012747230059825969
136183,0.029450519806665593
136184,0.035359881060125276
136185,0.08078689859762717
136186,0.06897649968176596
136187,0.059803704292646094
136188,0.028161834693278067
136189,0.025167848632956864
136190,0.05776410651999511
136191,0.04233678333487266
136192,0.05736633970464494
136193,0.018449378406837795
136194,0.037926237574481596
136195,0.06269586802775647
136196,0.028727977850975132
136197,0.05987735448871933
136198,0.07548209555250446
136199,0.03976750393571538
136200,-0.015045295947319487
136201,0.05868054564634374
136202,0.0751981657634784
136203,0.024040895150216422
136204,0.07931059842770652
136205,-0.004093661151219938
136206,0.08627682270910103
136207,0.035505913771165715
136208,0.008249950790870222
136209,0.04928117536196911
136210,0.05061634506150222
136211,0.08239249704233206
136212,0.0531703939393184
136213,0.034933542806202256
136214,0.0672501813492151
136215,0.0164969223905155
136216,0.07419356858700142
136217,-0.032529720178191925
136218,0.035819991572548227
136219,0.07771882873344153
136220,0.06674238931916186
136221,0.06389559162878976
136222,0.046269024553608276
136223,0.04825898676557187
136224,0.072868402811839
136225,0.05921312636593573
136226,0.05572324107432587
136227,0.12340540514771756
136228,0.04775633189765298
136229,0.025740337598167465
136230,0.0945364967164422
136231,0.030407026533120808
136232,0.03584970671554818
136233,0.035523268870332386
136234,0.04628457659657822
136235,0.04248109146925246
136236,0.031560607320255576
136237,0.026818900365282408
136238,0.06896872805785298
136239,0.019493030390294347
136240,0.07466020349319953
136241,0.038584630335050316
136242,0.0338031704234222
136243,0.06015514966820668
136244,0.008423484404682179
136245,0.09328649917247567
136246,0.04593452488920173
136247,0.07595394208633219
136248,-0.014716123534458427
136249,0.07531437658355213
136250,0.0060416796968291095
136251,0.013370111034093846
136252,0.0223765449625438
136253,0.029617410891115126
136254,0.07304717081856568
136255,0.04489487160028131
136256,0.040806048556690164
136257,0.02984094075278236
136258,0.024659865250543932
136259,0.04392009491657384
136260,0.012934702017430792
136261,0.002918175720959232
136262,-0.01426419402721956
136263,-0.010793893074143468
136264,0.04307126502643894
136265,0.005141083925154291
136266,0.007573046811926457
136267,0.0640759884552772
136268,0.0581893461751514
136269,0.044282451941529855
136270,0.064326356472983
136271,0.019600173306870673
136272,0.012350730385554051
136273,-0.0038120625967620544
136274,0.04195674832722167
136275,0.06630805977374632
136276,0.08556385620578641
136277,0.03613808524156863
136278,0.05385784495242102
136279,0.07665771792977887
136280,9.983095323613106e-05
136281,0.006296940671941489
136282,0.05904360072890817
136283,0.042511908707302176
136284,0.09721846448552585
136285,0.035843338299850994
136286,0.017286487037303504
136287,0.04293853832509448
136288,0.09839637212158298
136289,0.04269098733643284
136290,0.058424197562629565
136291,0.04117832684073875
136292,0.13462019119020602
136293,0.005610524486770928
136294,0.04699139218873542
136295,0.06666976908225634
136296,0.013378454281763933
136297,0.03469673670289607
136298,0.04036450475869999
136299,0.048239356168218686
136300,0.012029234311915424
136301,0.07107399242606524
136302,0.07653354137437585
136303,0.019557437529388235
136304,-0.017200056822160158
136305,0.03121197949114271
136306,0.03876318220836521
136307,0.007014946518719964
136308,0.0571003035831124
136309,0.028568182237357798
136310,-0.023483780223584348
136311,0.010966364988696055
136312,0.056484142684347975
136313,0.03857453329821367
136314,0.08650281821615849
136315,0.030799585556351317
136316,0.04068663749183582
136317,0.029057231110485346
136318,0.07870405674521405
136319,0.05711012062543079
136320,0.04385288725751112
136321,0.03873352925025301
136322,0.008836077574246953
136323,0.026910363131992906
136324,0.041092989916872935
136325,0.06976628572140145
136326,0.051068918793501866
136327,0.03994901434818013
136328,-0.003919723356210485
136329,-0.028871150433592833
136330,0.034934832297294355
136331,0.048192140502871274
136332,0.07836151872091833
136333,0.025738791852419438
136334,0.05226369161248034
136335,0.0728845770963084
136336,0.039603802568448025
136337,0.03840348377519381
136338,0.07432537603322115
136339,0.042834619053648645
136340,0.0682871629368247
136341,0.03299936542064952
136342,0.033038790922570005
136343,0.009291584227233245
136344,0.05358519391875288
136345,0.03538502251893941
136346,0.05032119445373815
136347,0.03232202135669818
136348,0.06556412080342854
136349,0.021653784327195592
136350,0.05569351317658201
136351,0.020772299328150105
136352,0.029232112383583204
136353,0.05379091869808061
136354,0.043728243097927874
136355,0.019188008936868096
136356,0.024879151032113203
136357,0.037881660403275424
136358,0.006445692013079395
136359,0.057113162908234226
136360,0.04848517408845167
136361,0.017630749687197956
136362,0.012694232209931676
136363,0.02549057310033869
136364,0.04013049063621487
136365,0.04581467329774802
136366,0.018300916931000905
136367,0.07244881401261499
136368,0.0046128681699417265
136369,0.049524516137380944
136370,0.08765834062737345
136371,0.05978062859516452
136372,0.0266719677026234
136373,0.07373564026591187
136374,0.047720633261295914
136375,0.058343335306441944
136376,0.0727983183607338
136377,0.05551396110468205
136378,0.018692746959947912
136379,0.05085058181587593
136380,0.045319837854733175
136381,0.027437541702500873
136382,0.04620175651021189
136383,-0.0016073972655777646
136384,-0.002412115848786374
136385,0.04026878237265098
136386,0.047039661662719306
136387,0.03394313790645589
136388,0.007468998322348243
136389,0.01908966449435918
136390,0.0582754994667132
136391,0.02474265804189146
136392,0.009352681724369781
136393,0.031588937845265064
136394,0.045282400632161005
136395,0.05211820040323256
136396,0.031587401181969184
136397,0.03357485790973502
136398,0.06774201553653462
136399,-0.020691952506580853
136400,0.05652579621096972
136401,-0.0014706936891343766
136402,-0.05086214471256951
136403,0.04842892849907756
136404,0.04466232787294526
136405,0.06073505508908804
136406,0.011682499878458402
136407,0.03341515309876975
136408,0.00869508682945612
136409,0.039866941973959374
136410,-0.03500095654427348
136411,0.008508202945941366
136412,0.03710706998413794
136413,0.01055984156579224
136414,-0.0012973532654937739
136415,0.07768008572423146
136416,0.010428554654140401
136417,0.040605995091282494
136418,0.012181831015562791
136419,0.037957667907162734
136420,0.023335736426139612
136421,0.03233490673528596
136422,0.04622026940735023
136423,0.03377425964917898
136424,0.04064635084070938
136425,0.07601237924560986
136426,0.023414781275642522
136427,0.08294068932792387
136428,0.021770425530204862
136429,0.05761271959060034
136430,0.08999102891339097
136431,-0.010292587313994003
136432,0.052811704120061746
136433,0.09634114089995158
136434,0.04989407061765102
136435,0.024858322745429064
136436,0.02850465940798401
136437,0.058440111057316
136438,-0.0181925277933229
136439,0.08543347495030099
136440,0.051579839586440336
136441,0.05004027816618637
136442,-0.007505546690868156
136443,0.0027259300516997292
136444,0.0051112829695470485
136445,0.04512199950297843
136446,-0.0033402420104616387
136447,-0.0031370343093235983
136448,0.03477465365236941
136449,0.03423020579623005
136450,-0.02045166980873578
136451,0.011314381429845692
136452,-0.017697896322226715
136453,0.060624024088267434
136454,0.03430616915458418
136455,0.03611835920506029
136456,0.04646840088569323
136457,0.023715135472327297
136458,0.013079620803578322
136459,-0.01367924642678612
136460,0.02606985952342232
136461,-0.01570218752261872
136462,0.02486818605877181
136463,0.01895398295984411
136464,0.0401362945764807
136465,0.04576316788960415
136466,0.027590580295141963
136467,0.0487600837689799
136468,0.0566350536113878
136469,0.077091061304734
136470,0.03187082040115878
136471,0.023331885635643486
136472,0.05098282883246936
136473,-0.000490247183987616
136474,0.008155336568840862
136475,0.050858686754001355
136476,0.0047726181401515425
136477,0.07724699465667184
136478,0.012658565035120986
136479,0.04992711510262825
136480,-0.032111717228385295
136481,0.036343728924694965
136482,0.02843239244510737
136483,0.015114627887142504
136484,0.0511648090804921
136485,0.07875184504257648
136486,0.042138809803483335
136487,0.0810382228350392
136488,0.07843125406617162
136489,0.07196278546050272
136490,0.0686355255860031
136491,0.05908548194259675
136492,0.060047604924226866
136493,-0.015044732005781734
136494,-0.010825720010752889
136495,0.011185783594227373
136496,0.018034714132703633
136497,-0.0092406072488833
136498,0.04987670233757811
136499,0.07580689299238572
136500,0.02916792646509215
136501,0.029664688528521044
136502,0.033653058774413935
136503,0.039496605620520694
136504,0.018040078528380545
136505,0.10327917513287976
136506,0.029560068493652746
136507,0.09924423757916573
136508,0.03034937645348233
136509,0.04803966817838188
136510,0.036022431275395485
136511,0.046416611723882756
136512,-0.0001870382805278098
136513,0.010874827314303236
136514,-0.01713709215036735
136515,0.05618588801637146
136516,0.009748458671048704
136517,0.026488406013316812
136518,0.008523849937776148
136519,-0.0007561927718472763
136520,0.023692241840527394
136521,0.08648870444553816
136522,0.034060960543464795
136523,0.02168905563341436
136524,0.0519150239787854
136525,0.044194384065138835
136526,0.030239099571858396
136527,0.10586297859827568
136528,0.023495767835502814
136529,0.07970805562883387
136530,0.04135924944383394
136531,0.0707521916404375
136532,0.03458838449936427
136533,0.04709524948083881
136534,0.006560337448291806
136535,0.046094673774934675
136536,0.03579384400825968
136537,0.04032107550574158
136538,0.024721155741203125
136539,0.0551259776727786
136540,0.04421493294892544
136541,0.023696432442861157
136542,0.05917857018178672
136543,0.03607638580371653
136544,0.039827905752753454
136545,0.013354567283523387
136546,0.016311744111797585
136547,0.05111200362921178
136548,0.11639087551243535
136549,0.05121904886064377
136550,0.05121885516555025
136551,0.028606457742910228
136552,0.020686018630571356
136553,0.0107256658900412
136554,0.023702878090873028
136555,0.031712945955934185
136556,0.03518206462125564
136557,0.07859513965141754
136558,0.0666260718324628
136559,0.004713458619760011
136560,0.042342806288947425
136561,0.0722967437728719
136562,0.05387964711724073
136563,0.05956828765452425
136564,0.04591947454708619
136565,0.0493147247867911
136566,0.036917853148791105
136567,0.029915458345570703
136568,0.04478377379683906
136569,0.06320815487414308
136570,0.03621879283483583
136571,0.051739595453867915
136572,0.007963569319731266
136573,0.028896138210546332
136574,0.046272364021302484
136575,0.0012422543258244143
136576,0.018265685992821714
136577,0.019935540021715235
136578,0.04284311069783888
136579,0.036352537328367414
136580,0.053192079685683846
136581,0.08553610175360354
136582,0.040310516875443486
136583,0.05786255610526023
136584,0.051165998844774116
136585,-0.020913371090656142
136586,0.012081111270331766
136587,0.04464030396434157
136588,0.028774198275504464
136589,0.06743500673376059
136590,-0.013915670716066163
136591,0.06761757942730778
136592,0.04688075387894646
136593,0.008009841988664834
136594,0.03414819296093622
136595,0.01978089520619679
136596,0.0260014200403951
136597,0.054473208850999565
136598,0.04986531865410176
136599,0.07306839234746382
136600,-0.00862980457522964
136601,0.1232333069244658
136602,0.0145641979241606
136603,0.004642554705410855
136604,0.06133752047183065
136605,0.025653128943083477
136606,0.022868451807462244
136607,0.06499714559954864
136608,0.03777735840913603
136609,0.023377771107836683
136610,0.03136811018651205
136611,0.07323735109324087
136612,0.028092425317742524
136613,0.0642888557102981
136614,0.019766857060328057
136615,0.03864109515754599
136616,0.06424446157639414
136617,0.04329463695525101
136618,0.05111157616267261
136619,0.0029582109998783634
136620,0.03451551775769522
136621,0.03447247405004051
136622,0.07246275570474577
136623,0.032779218149609914
136624,0.039269329325041166
136625,-0.02206030299966935
136626,-6.961342570539764e-05
136627,-0.0004044379367295972
136628,0.05077180761166094
136629,0.10426098705474815
136630,-0.0019080276228100185
136631,0.08090558338884243
136632,-0.004907316969512965
136633,0.14320447439220857
136634,0.03718882608872794
136635,0.08153011344075374
136636,0.02634978052389837
136637,0.08744381729050468
136638,0.06395274500959125
136639,-0.014935033915434874
136640,0.0469920770798984
136641,0.05284589379835057
136642,0.03449900642095396
136643,0.07203585559141171
136644,0.08382800198721348
136645,0.03386027576517485
136646,0.05188447800493326
136647,0.05202842859800372
136648,0.06380768476906347
136649,0.01461242010499791
136650,0.05865159791301848
136651,0.031717578611502234
136652,0.05784659377013734
136653,0.040730095241960904
136654,0.046694713692137
136655,0.06557449466075241
136656,0.10596382422798797
136657,0.06842894966109006
136658,0.03983430032220646
136659,0.04278234026733276
136660,0.04331372281664579
136661,-0.029766585387095507
136662,-0.026665250961687058
136663,0.011757671133977056
136664,-0.020318840958233518
136665,0.03259906821988684
136666,0.01803860627880074
136667,0.0775448803492351
136668,0.013683252384962232
136669,0.05520085516848985
136670,-0.009052137752555207
136671,0.07521287756393019
136672,0.04020478724321364
136673,0.05126986811137302
136674,0.07045542555985944
136675,0.003646934916365592
136676,0.013476080067276186
136677,0.03320953601176681
136678,0.04084429375724874
136679,0.051763062771745694
136680,0.031539967270642184
136681,0.08291055012374729
136682,0.055331732956567174
136683,0.053755342522562935
136684,0.03385949545603535
136685,0.028498465277363976
136686,0.03065544514979567
136687,0.036148685830406285
136688,0.10034202127591023
136689,0.036874443044820265
136690,0.050332102359095604
136691,0.04038628278844709
136692,0.013822646647225413
136693,0.06736408327737288
136694,0.07696634773091471
136695,0.006221576184099319
136696,0.03115219587706377
136697,0.05186820054678975
136698,0.043459204186341346
136699,0.0017223960990614268
136700,0.06400791284914986
136701,0.014727924836427507
136702,0.006535412880026965
136703,0.023954409302628966
136704,0.051296207556671664
136705,0.0668155989772613
136706,0.02264775892700624
136707,0.04970958333385537
136708,0.06817635982820086
136709,-0.018536999822978864
136710,0.03265674666716913
136711,0.03530783664274212
136712,0.058105134565565084
136713,0.02540917651242865
136714,0.031218432432124917
136715,0.026700476664721053
136716,0.024575377568621354
136717,0.020348967568630416
136718,-0.0018731664106911988
136719,0.029826343872305757
136720,-0.009947457545932327
136721,0.04095415534338398
136722,0.07095719953736915
136723,-0.008843131817887373
136724,0.0664833021357861
136725,0.06809803644970903
136726,0.051033878712426345
136727,0.008453552737265287
136728,0.007492238482273338
136729,0.04696782214296043
136730,0.0577248060587114
136731,0.07115538135644689
136732,0.061023307617766226
136733,0.051042990321231795
136734,0.027653212199661152
136735,0.030380043974740718
136736,0.017074763879130705
136737,0.011904025737138228
136738,0.05898927484867045
136739,0.05265922168607881
136740,0.03460345299149412
136741,0.03402048043787404
136742,0.01192247691019771
136743,0.039105513499314355
136744,0.08394974623528001
136745,0.023763352355479522
136746,0.048781993028703036
136747,0.06262801489508679
136748,0.054294923895928035
136749,0.08842360442891074
136750,0.0484396927324274
136751,0.04726406851447376
136752,0.06497901227974207
136753,-0.008643304095104706
136754,0.03544066075016683
136755,0.0074946129928493005
136756,0.014856857850164898
136757,0.08653445318891184
136758,0.04862408739878529
136759,-0.012063755082942954
136760,0.07081066105794684
136761,0.02478239858996857
136762,0.06182892937624796
136763,0.04564642843116249
136764,0.02339071997855146
136765,0.10950662600490749
136766,0.0002706285599684416
136767,0.0257366180675588
136768,0.08984451128222817
136769,-0.004959641281883337
136770,0.04842750133757267
136771,0.0600720936060002
136772,0.008130561500832363
136773,0.033794821671078244
136774,-0.007180519184540983
136775,0.019574335850002646
136776,0.007731415033135569
136777,0.04513521659737316
136778,0.06724399830204689
136779,0.06163690304879385
136780,0.07922708120133976
136781,0.08062192708832003
136782,0.04547864208946647
136783,0.03481193018325264
136784,0.019250733073067242
136785,-0.005927591518997931
136786,0.027486026616477397
136787,0.05199668329440582
136788,0.005545353655422365
136789,0.03437292230634283
136790,-0.010624743588842987
136791,0.03579806000076129
136792,0.04738623929299475
136793,0.08152606664962228
136794,0.07382846130493731
136795,0.022028607493217854
136796,0.007432591233610668
136797,-0.001780858991134518
136798,0.009545572756928238
136799,0.08152416766731715
136800,0.10068271842757485
136801,0.0397491711416836
136802,-0.009374709744448526
136803,0.05962768556097947
136804,0.034075699681995045
136805,0.007505855269414073
136806,-0.010022441052569789
136807,0.031159541056142846
136808,0.03354592452747594
136809,0.05014764895904783
136810,0.08277425836712884
136811,0.015187097312332157
136812,0.07431083429152781
136813,0.03172402813672068
136814,0.025096476987490884
136815,0.034982087062054225
136816,0.09252553363722477
136817,0.059030351119649715
136818,0.03678292229994212
136819,0.06923528396700364
136820,0.05097566191778842
136821,0.07087636866450131
136822,0.04984935695672803
136823,0.04971082751212107
136824,0.04853336856684337
136825,0.02530301102580712
136826,0.04208628572118797
136827,0.0478616853631989
136828,-0.014252612006766661
136829,0.07603251420289459
136830,0.026256650828257528
136831,0.0544949890087587
136832,0.04793909145018327
136833,0.060648370187145306
136834,0.03294575289215776
136835,0.01929098773645499
136836,0.04591999844265944
136837,0.06469448647012913
136838,0.046787623346822085
136839,0.028205010227661365
136840,0.013762839956669905
136841,0.03368907215905205
136842,0.05595227837838079
136843,0.03986621671810506
136844,0.046891777945666104
136845,0.014365086600262252
136846,0.03894389792385174
136847,-0.009485989844885835
136848,0.08002228139877601
136849,0.017100279556391304
136850,0.06084352107611008
136851,0.044391615049326164
136852,0.03770936869201297
136853,0.07960073608954868
136854,-0.0010591623746477458
136855,0.09811290456237423
136856,0.04344392918464047
136857,0.0858104369731319
136858,0.008631490925107971
136859,0.06712107137481813
136860,0.03397710656464266
136861,0.03196512184824143
136862,0.0634253493185348
136863,0.09007620967954971
136864,0.09145547116530532
136865,0.055919331963551366
136866,0.006246656376665799
136867,-0.030256809713550846
136868,-0.003406705736286625
136869,0.04050942912634235
136870,0.038158410530320375
136871,0.026784832864519152
136872,0.03924008184589992
136873,0.09863443288237222
136874,0.06082764830310858
136875,0.05005833750365498
136876,-0.00288395667813348
136877,-0.01422623583030571
136878,0.1108030681035512
136879,0.09849148080118723
136880,-0.01440836768279865
136881,0.04136305739368864
136882,0.03594129124229267
136883,0.028405040499238594
136884,0.0379504496264457
136885,0.06077245351347321
136886,0.060335133549481196
136887,0.016148025629598058
136888,0.02823191734211515
136889,0.039419201400328674
136890,0.02381852256182236
136891,0.07808510147188297
136892,0.03594783130804737
136893,0.07992815336740586
136894,0.06971062212793394
136895,-0.022363593217866427
136896,0.054267283130304114
136897,0.06346050972333986
136898,-0.0038568129009124083
136899,0.05507293462583765
136900,0.10836203857943974
136901,0.05642701623371113
136902,0.05691915064534586
136903,0.021403320513287437
136904,0.023446770072562562
136905,0.02738321166259918
136906,0.023044357608633565
136907,0.08349620162461395
136908,0.06017712012414349
136909,0.05373671853220572
136910,0.027689891080574906
136911,0.047789205664620464
136912,0.05172718795166894
136913,0.08539161635350079
136914,0.09938036938871705
136915,0.07439159408826544
136916,0.02346543282689772
136917,0.0687159407204513
136918,0.09256477081632797
136919,0.04470078870377991
136920,0.11104177869206591
136921,0.022481431089192795
136922,0.07648646115415692
136923,0.04886764747399822
136924,0.04772310792144224
136925,0.026741761918867
136926,0.014326668223741543
136927,0.06945847419106979
136928,0.04101327270224706
136929,0.034713297033234905
136930,0.024414927812354346
136931,0.04217106072800805
136932,0.019203272157984647
136933,0.010201630681377506
136934,0.019718881161737558
136935,0.04442543819652353
136936,0.05109203014304715
136937,0.011365612609535246
136938,0.05474819305878317
136939,-0.0019840052831585353
136940,0.062456622644070314
136941,0.06729844447779011
136942,0.005637463797469211
136943,0.06085058633887425
136944,0.016392812957395725
136945,0.06488232511110484
136946,0.08427518485660344
136947,0.06424588207856632
136948,0.07068932116582066
136949,0.05942418375341857
136950,0.012081695581504032
136951,0.006854919152772865
136952,0.07118992550413966
136953,0.015268968979945327
136954,0.03256105317330591
136955,-0.0048283313945016865
136956,-0.0021147329190132
136957,0.009956852126210343
136958,-0.009869988650781036
136959,0.03517324074993955
136960,0.08581723799750983
136961,0.053709830567686946
136962,0.021412692980404827
136963,0.012680005224422867
136964,0.05997396240946693
136965,0.05418793596945996
136966,0.018797320597440294
136967,0.03969426403406755
136968,0.06535085367828955
136969,0.026257429882727525
136970,0.0034651225890844073
136971,0.05372413538876939
136972,0.03636960340035391
136973,0.01607761249371794
136974,0.04334318694422041
136975,0.03494923834984806
136976,0.06896070463270461
136977,0.0311877689733496
136978,0.08080910198968508
136979,0.015177293622449052
136980,-0.010285833406173374
136981,-0.013235119295762786
136982,0.06007850277947362
136983,0.05203788101903359
136984,0.039002168187387866
136985,0.03679096975818435
136986,0.06472278554064803
136987,0.009585729301207942
136988,0.08484967830018665
136989,0.03814669668686922
136990,0.07371047579893174
136991,0.053959210693221696
136992,0.022982824477947736
136993,0.06866138087998656
136994,0.0365411214448731
136995,0.10030305802517693
136996,0.05234951649083254
136997,0.06657985265177241
136998,0.05717789104284085
136999,0.07512472419990782
137000,0.026807322540410544
137001,-0.024675830709469618
137002,-0.008408502150960888
137003,0.03125030951224968
137004,-0.03174017968143352
137005,0.06449857782163362
137006,0.06629089821823445
137007,0.017843972061623897
137008,0.08106593257572117
137009,-0.003513706841996103
137010,0.0474346851018676
137011,0.014868729302347266
137012,0.02551433604515624
137013,0.029681022019259724
137014,0.017292301168670556
137015,0.04384511542597401
137016,-0.021295387913579343
137017,-0.014111311598017082
137018,0.02443983951856476
137019,0.04937247316114436
137020,0.07159664965255377
137021,-0.01873057137589136
137022,0.06607896064415371
137023,0.027275830912371474
137024,0.11840102004682276
137025,0.022409104689614757
137026,0.05648893060858535
137027,0.03201965772124985
137028,0.01135270549968917
137029,0.020447275282728557
137030,0.03414666742604354
137031,0.044006924764667214
137032,0.04689900947030435
137033,0.057736360785272806
137034,0.017097642099026297
137035,0.08412523433700089
137036,0.02782944747843658
137037,0.13678038769581666
137038,0.07609362526611008
137039,0.012719564047896429
137040,0.007101539372973295
137041,0.07486864782941405
137042,0.03226392654741505
137043,0.010243163824299028
137044,0.08945008800943258
137045,0.014488508129569477
137046,0.01594661132442195
137047,0.0032939525940132303
137048,0.06885161271146226
137049,0.07501128872162355
137050,0.026587376026414068
137051,0.04807696484938678
137052,0.02023891799463637
137053,0.04136618931161242
137054,0.061884675881241705
137055,0.0010222685351361227
137056,-0.016750614266703927
137057,2.7019560912465435e-05
137058,0.03032406948403873
137059,0.05936915931682288
137060,0.027576808285078802
137061,0.07905441149391654
137062,-0.04581116910173545
137063,-0.010858602693391409
137064,0.030763995339551937
137065,0.052445856013717984
137066,0.06497102586814217
137067,0.09358269317584639
137068,0.09832366874099963
137069,0.05429074524608192
137070,0.006860828642414999
137071,0.027943527159566175
137072,0.03331785212733966
137073,0.07658896005812747
137074,0.02649223501416182
137075,0.05488811530243713
137076,0.04114402228728547
137077,0.022612828213345447
137078,0.07967545447949491
137079,0.017353811479980972
137080,0.0751721613036703
137081,0.05571666568591545
137082,0.06892695270970561
137083,0.05109882054767978
137084,0.01950145627142043
137085,0.005880367347876787
137086,0.008531176419332383
137087,0.03051820600456495
137088,0.08176067672345606
137089,0.05951497866481508
137090,0.01640734230892358
137091,0.052527870866035116
137092,0.03970312127068223
137093,0.040269174794956356
137094,0.04862787863923941
137095,0.04762755169325342
137096,0.07053710707046582
137097,0.04132143195622158
137098,0.09270238356853089
137099,0.05132383558274575
137100,0.0201314829466875
137101,0.07178778365485788
137102,0.023904818621014366
137103,0.07479146225254435
137104,0.05368872866726632
137105,0.04234127089659714
137106,0.037090665499472666
137107,0.0447971792451509
137108,-0.003608558424381361
137109,-0.047954417164177504
137110,0.03179120474736432
137111,0.04467075900018972
137112,0.05176628454303629
137113,0.0099494151005429
137114,0.05638770743308913
137115,0.08476119504273907
137116,0.032946947947923536
137117,0.08449609896813513
137118,0.06755160142174776
137119,0.05507792807992362
137120,0.00937231055008779
137121,0.06688180226916973
137122,0.07674515537016316
137123,0.035107717700581874
137124,0.045749111000535816
137125,0.030215446531557937
137126,0.029422140284649782
137127,0.056266713759121074
137128,0.011270459384292181
137129,0.0335894460499248
137130,0.09227905633683592
137131,0.03530420596233455
137132,0.03663998102311957
137133,0.018205149451191564
137134,-0.03900598769670748
137135,0.07472948602905757
137136,0.03996793723925732
137137,0.06366948845563561
137138,0.08515355577069914
137139,0.061187121117161916
137140,0.042589907525237114
137141,0.054137591486422124
137142,0.05679973686699687
137143,0.06465839257207673
137144,0.0023469338212913846
137145,0.010946587448050951
137146,0.02816739129492663
137147,0.04383609930885682
137148,0.024682614382609706
137149,0.054271051048753446
137150,0.008677912028164689
137151,0.005665092606750494
137152,0.0026593703365848653
137153,0.04432930743485914
137154,0.056696892100533046
137155,0.010153460623749912
137156,0.03398434574401434
137157,0.036570843281229094
137158,0.03332664506324947
137159,0.021790325532550822
137160,0.01778162877838701
137161,0.0871675910879885
137162,0.0809233426083027
137163,0.008199221983707369
137164,0.10752397241670672
137165,0.07759578184875951
137166,-0.017990272032737537
137167,0.05364978266880772
137168,0.006651163850063702
137169,0.07419411276279615
137170,0.011764357242089737
137171,0.014158588997346098
137172,-0.006186659808092028
137173,0.08964691509242609
137174,0.10102356702907556
137175,0.04801999836346106
137176,-0.02568466110439302
137177,0.0070990651359624235
137178,0.015685777932995887
137179,0.057519879050117864
137180,0.06534362647368347
137181,0.0786582643679399
137182,-0.0064450605276770295
137183,0.017792738625372898
137184,0.0006154421452024134
137185,0.04009942268992549
137186,0.015907413557072824
137187,0.05004575306171871
137188,-0.006625681830529209
137189,0.04776507600768542
137190,-0.0014035661241199524
137191,-0.053770338592403294
137192,0.03604885872583796
137193,0.04824042062578768
137194,0.04684102623042779
137195,0.006939901282456331
137196,0.05296592335987184
137197,0.05021627705151007
137198,0.05506736461248658
137199,0.045509410899143427
137200,0.05152931641054146
137201,0.032680420443641695
137202,0.020797745395663196
137203,-0.023366928639582167
137204,0.03484297486233961
137205,0.06383236534118841
137206,0.019597641975918813
137207,0.07552807798425537
137208,0.08708939248258027
137209,0.022790694850643486
137210,0.052612910935191284
137211,-0.016022992939570137
137212,-0.008019085509747031
137213,0.06628730282394507
137214,0.013483728213328171
137215,-0.006845148692818735
137216,0.008631034617417665
137217,0.040297432374374366
137218,0.01529798348577505
137219,0.04576648420363346
137220,0.029161394653496465
137221,0.06691605453650165
137222,0.04741552097693925
137223,0.020440021671339303
137224,0.05178836260754566
137225,0.009499807997513477
137226,0.04232649946413683
137227,0.00977320359981396
137228,0.04448586789303232
137229,0.0915452656094205
137230,0.011052807850375969
137231,0.060391582835966205
137232,0.013089535814761681
137233,0.022504097106122452
137234,0.013506058442785917
137235,0.09281427059559147
137236,0.05826313478611218
137237,0.027998511434797417
137238,0.04662128776604697
137239,0.04003113738630501
137240,0.09141565801728639
137241,-0.0057424889847379895
137242,0.004643926879998671
137243,0.04166333549283137
137244,0.040680772308867214
137245,-0.011771269193129465
137246,0.05085878641707611
137247,0.0027635298196124203
137248,0.02286286009332942
137249,0.016130825930879337
137250,0.03655917745941045
137251,0.02346977169010171
137252,0.045754516687599736
137253,0.031391571004431545
137254,-0.0014059803298320447
137255,0.006146447336438741
137256,0.05025806646387618
137257,0.03839434305165643
137258,0.02926194054253576
137259,0.0111299995472483
137260,-0.012062954530831303
137261,0.00833932813362831
137262,0.054065158623488915
137263,0.06379749942512039
137264,0.0381949766722858
137265,0.0028776153259725407
137266,-0.0023096032572331726
137267,0.06765416671848663
137268,-0.06419582334904801
137269,0.08977763832431945
137270,0.07623763049481727
137271,0.0068475198042202146
137272,0.024221896099054833
137273,0.041480787471057254
137274,0.08265546283465289
137275,-0.003390528708509845
137276,0.08595853694835634
137277,0.033176944429984895
137278,0.037989684555728424
137279,0.00897162598076624
137280,0.0466740191446149
137281,0.05766964100120078
137282,-0.006244738319144724
137283,0.0004057892210493491
137284,0.030606635470999285
137285,0.04181606526605603
137286,0.03705651684385033
137287,0.028049780819702358
137288,0.0315922354037383
137289,0.0451482599334516
137290,0.03065082666461709
137291,0.087788637061927
137292,-0.001040247118748422
137293,0.06360572748247387
137294,0.03137678789760013
137295,0.022618860111115323
137296,0.033804900491826384
137297,-0.05312650424561895
137298,0.05478290379804496
137299,-0.05794340246359013
137300,-0.013788539117968006
137301,0.04931505741900043
137302,0.04300144351702276
137303,0.055733279063259714
137304,0.06567730221746688
137305,0.03553759677540282
137306,0.07896462187185213
137307,0.006624553045930334
137308,0.027294311911699495
137309,0.05490628711056399
137310,0.06648192137503825
137311,0.04631556681703691
137312,0.045648942602154144
137313,0.011373331376277995
137314,0.03572308879268005
137315,-0.03528042553705567
137316,0.06495241591685759
137317,0.08015581991056972
137318,0.0901587906285433
137319,0.039940099615669
137320,0.009874838394900238
137321,0.038535581543457494
137322,0.06073997873295062
137323,0.08742247559584296
137324,0.02606134809910934
137325,0.036927624009122875
137326,0.08649169799102002
137327,0.01557041496834841
137328,0.007285811089557847
137329,0.08382637667998122
137330,0.0414704762951708
137331,0.02164400533354413
137332,0.07230094331554346
137333,0.012546933352283775
137334,0.05175830931507323
137335,0.04150618337373986
137336,0.043334844712208116
137337,0.06770611645681787
137338,-0.00016060127249468287
137339,0.06459740340408554
137340,0.05820299239721681
137341,0.062469372292019376
137342,0.008152707270380994
137343,0.005268306656995469
137344,0.0653130159179102
137345,0.04107978263333448
137346,0.05975233335743116
137347,0.0203853819969912
137348,0.038274688226731676
137349,0.06611586178540241
137350,0.05709914739280536
137351,0.038786310794578976
137352,0.06089884115772473
137353,0.025527965349593743
137354,0.015504082129688762
137355,0.0022419356348883715
137356,0.0505705774439508
137357,0.021710563602260292
137358,0.024213443745212018
137359,0.02447263359629887
137360,0.014088328724688515
137361,0.06995124847908829
137362,0.04656008282836803
137363,0.03386633444334264
137364,0.06400297136012882
137365,-0.006076027764897213
137366,0.039894826178017984
137367,-0.0033270599367664494
137368,0.026468750285446742
137369,0.04449052448227125
137370,0.10631852759391427
137371,0.03665125625079484
137372,0.035059201752495744
137373,0.03832251067404347
137374,-0.006752514682780195
137375,0.0864415216854997
137376,0.039756809259652054
137377,0.02455966165762706
137378,0.01990441908194942
137379,-0.004750559875426136
137380,0.042439064772446036
137381,0.07982432894333305
137382,0.013163163562640252
137383,0.03908538343742793
137384,0.036140534649554225
137385,0.08081282891878577
137386,0.06050570651751502
137387,-0.005925111668331394
137388,0.009635416166173572
137389,0.0395935335906352
137390,0.038903553500849966
137391,0.01709275245707234
137392,0.0720023332057341
137393,0.025520840119066607
137394,0.017184398565221904
137395,0.03902299919639632
137396,0.025152214464018146
137397,0.07588920499670315
137398,0.061858042623678215
137399,0.047891333978441836
137400,0.04049990558998227
137401,0.0831627330272452
137402,-0.0009640285924801886
137403,0.04543938768994281
137404,0.03718582860881003
137405,0.0683961935916213
137406,0.0865438243180399
137407,0.014946108776742628
137408,0.01818069406934262
137409,0.013786501816953334
137410,-0.028915143748155417
137411,0.01006387989306904
137412,-0.0023500536964958033
137413,0.06717084226350381
137414,-0.010360598622519701
137415,0.07413743183353891
137416,0.018037422236454576
137417,-0.003156252908750372
137418,0.033312618734495286
137419,0.14042003806497777
137420,-0.026455659754580037
137421,0.032590476277155375
137422,0.08482879766650508
137423,-0.025108464893233595
137424,-0.006221766833595349
137425,0.07474523608077663
137426,0.05857285143711361
137427,0.016245052154971656
137428,0.083728195399119
137429,0.04112190600061212
137430,0.050505475741489135
137431,0.008489242659156848
137432,0.05805486194545121
137433,0.020917094505680092
137434,0.03325871456010255
137435,-0.003654155448411918
137436,0.07523916676922973
137437,0.08072518509160484
137438,0.04745355999456149
137439,0.0600835582791199
137440,0.055742035796886746
137441,0.0024101159221564805
137442,0.05485197102571056
137443,-0.01781704377691641
137444,0.08872962369260173
137445,0.05888418621975623
137446,0.022022058976834756
137447,0.0291363599007763
137448,0.04883084205274896
137449,0.01934551307876076
137450,0.05896410941157447
137451,0.029975390367652836
137452,0.0434621764894394
137453,0.042033658724450904
137454,0.052128971495173315
137455,-0.00719368302943843
137456,-0.011479165189555073
137457,0.05298823215311349
137458,0.021921477355669045
137459,0.06581586473327347
137460,-0.006792515324106456
137461,0.0333309996828962
137462,0.025516175412483005
137463,0.04695707204825787
137464,0.09108588347663721
137465,0.06181551980989934
137466,0.0331073955727508
137467,0.015749999766140593
137468,0.014584334425050065
137469,0.027824821303499052
137470,0.03558893647329007
137471,0.024311682415773164
137472,0.03825399934498532
137473,0.013310722592702676
137474,0.03281923969683078
137475,0.002742559237841981
137476,0.04692520987101948
137477,0.11743299074207988
137478,-0.0006159748241286664
137479,0.04849482044404953
137480,0.02615090653381433
137481,0.039490894680262005
137482,0.09935150942070667
137483,0.028516590945618245
137484,0.005768644731473999
137485,0.040082757932439025
137486,0.00022576654994177492
137487,0.03617010963891665
137488,0.04542277841604761
137489,0.058517114423037045
137490,0.10192020081404188
137491,0.0340186101101727
137492,0.06315516575997879
137493,-0.003330103974569773
137494,0.0030051347745349913
137495,0.03588615229717441
137496,0.002295225780536446
137497,0.0891367159499803
137498,0.04794373949341483
137499,0.06395769550599074
137500,0.03253858056805817
137501,0.017809531360569862
137502,0.07835799232039348
137503,0.04485258106750776
137504,0.008387437511581025
137505,0.09496956312781885
137506,0.04246697569963305
137507,0.06706467488201696
137508,0.030233899658579203
137509,0.03455983357617012
137510,0.0514271758145477
137511,0.03437797221890801
137512,0.024549045740425837
137513,0.009635884741049452
137514,-0.02239917893555817
137515,0.011572415723671282
137516,0.023273647796836446
137517,-0.01598098439663915
137518,0.05763487036113707
137519,-0.009373912185121937
137520,0.06314964644261747
137521,0.0006977538042297615
137522,0.05727119013849685
137523,0.07695258161102139
137524,0.05811806594528605
137525,0.02809622549911981
137526,0.05517155780345361
137527,0.01553973146279232
137528,0.010198211250685617
137529,0.004497302954493833
137530,0.08956639231661193
137531,0.05353352288090589
137532,0.027496089912056685
137533,0.030781983974047925
137534,0.032441670807602324
137535,0.0038664055486566616
137536,0.05873282948856073
137537,0.09248142779072702
137538,0.050114928994103435
137539,0.05018072719157003
137540,0.02968616787609215
137541,0.04682328471082053
137542,0.012574006009738244
137543,0.06275922675478857
137544,0.02468769127009636
137545,0.05496823855795879
137546,0.015255997121110986
137547,0.06266958873363956
137548,0.0146950513519401
137549,0.04242276157611466
137550,0.020677793430958012
137551,-0.022252050006889325
137552,0.044664549556284475
137553,-0.009198301928997288
137554,0.052905732219553456
137555,0.07366278948927563
137556,0.02901479888994915
137557,0.05288211100465183
137558,0.09260298159676947
137559,0.07320344434028575
137560,0.04343723894776942
137561,0.014318135590898687
137562,0.014624188223953626
137563,0.04874321837076414
137564,-0.011540431953456672
137565,0.013337335074543797
137566,0.045794179954730174
137567,0.059484201589767985
137568,-0.007528476201837907
137569,0.023458203504995168
137570,0.08154376405198918
137571,0.044501914807326584
137572,0.010809195769947655
137573,0.020928112987792992
137574,0.06328978188073102
137575,0.10857531226344912
137576,0.04985439109554328
137577,0.06994629757963569
137578,-0.001266986679943044
137579,0.03085347292033068
137580,0.029265138366697127
137581,0.0805416005335653
137582,0.03002922064615538
137583,-0.03306199499885074
137584,0.017287723305964696
137585,0.028392225705316868
137586,0.026398906147859197
137587,0.04889000806344918
137588,0.006652096205515018
137589,0.024534312561328153
137590,0.06262415857154738
137591,0.08024956658324363
137592,0.009803413818747983
137593,0.08324481239165477
137594,0.04855521541460467
137595,0.059311874599894544
137596,0.03263270689217858
137597,-0.017865185242544296
137598,0.0014394297994471325
137599,0.04942822857664393
137600,0.020866808561849144
137601,0.06431481205791321
137602,0.055508505504242384
137603,-8.197667873743181e-05
137604,0.08409949702529765
137605,0.013622027114795144
137606,0.06950694847861608
137607,0.00791366950428192
137608,0.04036750664878737
137609,0.03228012037591149
137610,0.06715001386452915
137611,0.028546600336637543
137612,0.040006992682865165
137613,0.08350385887696357
137614,0.058903195642849834
137615,0.02083890467393145
137616,0.04729151134146916
137617,0.0689980045607472
137618,0.061989384077285214
137619,0.013990831890474485
137620,0.002674844377856457
137621,0.04698433670591952
137622,0.0658427180650705
137623,0.03704302951938975
137624,0.020172094684352545
137625,0.03704643796913489
137626,-0.005425818154894506
137627,0.000493796184861138
137628,0.018953224450766634
137629,0.02261505011415041
137630,0.03427160388938023
137631,0.09091192257132447
137632,0.07120271846232633
137633,-0.0077339584789552634
137634,0.016107426059721625
137635,0.08613057439966165
137636,0.10772801415106367
137637,-0.004568209674676152
137638,-0.008056255690772937
137639,0.02941180792271611
137640,0.03566778614890613
137641,0.022795163776309222
137642,-0.006523885858082543
137643,0.0777586097380357
137644,0.045181280489329984
137645,0.055746244226812916
137646,0.07300772623512697
137647,0.08493008847632444
137648,0.03539966507758232
137649,-0.03761009870689741
137650,0.062345044097873364
137651,0.05194716707052652
137652,0.01362547317156037
137653,0.0036036425074741432
137654,0.011475905555105134
137655,0.055219105169415965
137656,0.03818629498199829
137657,0.06083984013385869
137658,0.08351850076066093
137659,0.05360954903457489
137660,-0.0018708967533882515
137661,0.029628821355604667
137662,0.07222869443416358
137663,0.018637141108093183
137664,-0.00817737794151406
137665,0.08684456972183363
137666,0.027192104943824926
137667,0.06761152955067776
137668,0.051865763560385345
137669,0.07842907554418327
137670,0.055462891904808034
137671,0.024349501569923715
137672,0.005309054438055485
137673,-0.005633946262691286
137674,0.02722507166058195
137675,0.07843383678379821
137676,0.026748060521549967
137677,0.02649041575108127
137678,0.07077088322977476
137679,0.06150880309148946
137680,-0.003119235334180334
137681,0.0058371762989508184
137682,0.047178284480647766
137683,-0.0021659810752001074
137684,-0.006837633285273356
137685,0.05468168361927617
137686,0.06140963413592815
137687,0.03434289581809643
137688,0.07469559952516265
137689,0.006974892818331576
137690,-0.002105449144764744
137691,0.033000447023702785
137692,0.016781166254684725
137693,0.06592633535473535
137694,0.003113607246909015
137695,0.05580573719979211
137696,0.021386377739810638
137697,0.034918339801057456
137698,0.02394469884747044
137699,0.052088961669945325
137700,0.06066919063267158
137701,0.015794312426164595
137702,0.06672063729451172
137703,0.007241722922029355
137704,0.029511027951409547
137705,-0.022936526028737657
137706,0.04211488939552463
137707,0.040398844737421453
137708,0.05728748565764079
137709,0.032320577008613065
137710,0.027084647627955243
137711,0.03477063733911354
137712,0.049023132033411645
137713,0.04475751956656182
137714,0.050315279488427275
137715,0.037227685979462063
137716,0.04905270741285973
137717,0.06296820107224267
137718,0.07761067461987023
137719,0.06167921931532275
137720,-0.020401416461211283
137721,0.05291488128940498
137722,-0.04604140472443915
137723,0.0022410516641452258
137724,0.07580125414010652
137725,0.04374265085941617
137726,0.07830952179866452
137727,0.0019369308083162437
137728,0.015428243451742825
137729,0.05850950347477877
137730,0.06601511499113122
137731,0.02819285151000183
137732,-0.04971743532626944
137733,0.03945403486953656
137734,-0.010270248034583401
137735,0.008454622144090915
137736,-0.016238261642264773
137737,0.001382278288620517
137738,0.015144855488299445
137739,-0.010263750726367343
137740,0.010175109908412649
137741,-0.019555363545915604
137742,0.05988103564107569
137743,0.08773630726267581
137744,-0.00423713512626548
137745,0.04027305436063813
137746,0.13016637811020293
137747,-0.03130828995712622
137748,0.019965941943627406
137749,-0.018390990159301818
137750,0.04036424979919966
137751,0.006293151102730099
137752,-0.00550922553132864
137753,0.04157442432809182
137754,0.06325698064824736
137755,0.037314332573607105
137756,0.01729279664541119
137757,0.04984225974748101
137758,0.05513469019087847
137759,0.05318103721566152
137760,0.08711591876533156
137761,0.0003793481910395191
137762,-0.006405468203515924
137763,0.05121358067961648
137764,0.059004598131596836
137765,-0.006893298212974332
137766,0.04486268824996394
137767,0.010330066384748243
137768,0.05326908089441412
137769,0.0284153477480837
137770,0.057906756420488384
137771,0.033907585686855084
137772,0.02192105241487366
137773,0.06588878358203246
137774,0.047587118411819465
137775,0.031048011045968923
137776,0.02188468605025106
137777,0.04856038391056793
137778,0.03131855936940553
137779,0.029447419070595254
137780,0.03303841703654315
137781,0.028050585917816007
137782,0.05953824187085133
137783,-0.01027112405528189
137784,0.04903576669451138
137785,-0.008890795814936146
137786,0.06776340427650884
137787,0.053678681130149564
137788,0.054953429914404286
137789,0.08133802852250865
137790,0.04710252864901729
137791,0.0569344333772121
137792,0.032065523452070026
137793,0.04934602512646565
137794,0.06173032123784983
137795,0.023958782934170877
137796,0.037480796152183846
137797,0.013306754383609884
137798,0.05131440096560523
137799,0.0038892920215362857
137800,0.05938358784317011
137801,0.03918335905040373
137802,0.008023190548523958
137803,0.028495072494120165
137804,0.03507889055313851
137805,-0.015720274423681457
137806,0.011265551388329149
137807,0.03325369249872311
137808,0.01514707453086583
137809,0.02828237434614017
137810,0.049313153667656505
137811,0.010379406206971701
137812,0.019724175303588446
137813,0.028607206462950577
137814,0.0652395826534673
137815,0.061915367301852264
137816,0.02972584989147153
137817,0.02243163862617414
137818,-0.0014218645956148024
137819,0.059687674500137594
137820,0.02105577882584543
137821,0.055592710295925475
137822,0.04817212919780456
137823,0.025368952407331447
137824,0.04235084689988913
137825,-0.029092864245912904
137826,0.006162965529766244
137827,0.02175403741453854
137828,-0.006272945094158051
137829,0.02955700785657039
137830,0.00018371095730281006
137831,0.06418693722495795
137832,0.018514181441969816
137833,0.046286746572446316
137834,0.047800101483808706
137835,0.033890518780962525
137836,-0.03260538105593213
137837,0.015965548276960395
137838,0.0749300467574953
137839,0.022589467999169853
137840,-0.0043498851683964335
137841,0.06958497554200357
137842,0.07132323058420904
137843,0.03652076907195483
137844,-0.020994901686869308
137845,0.011808687304785286
137846,0.02554396077753498
137847,0.015107564582571578
137848,-0.022228894336558398
137849,0.025490794231072766
137850,0.04763437374889947
137851,-0.011945933236730752
137852,0.06951349846685467
137853,0.08003094912401063
137854,0.050554389428720155
137855,-0.015502639284827618
137856,0.029090561406615298
137857,0.058610083521175395
137858,0.024335349344075392
137859,0.05287847107600284
137860,0.033291138167948736
137861,0.0696514200141091
137862,0.0704899242492833
137863,0.02130689345900367
137864,0.06284148503866929
137865,0.020393112265420642
137866,0.06512455098062518
137867,0.03684326967106849
137868,0.0246257081356986
137869,0.04871919852333749
137870,0.007277997741243474
137871,0.04962275338307144
137872,-0.02289977206784516
137873,0.040633487190048834
137874,0.00610253185042578
137875,0.016379432300904453
137876,-0.009438596319784436
137877,0.03791596197116174
137878,-0.01257507931725195
137879,0.04332318265932447
137880,-0.008573912085680896
137881,-0.01783327694135816
137882,-0.008105557537029719
137883,0.06401173395394372
137884,0.04878842602876779
137885,0.023337658183115652
137886,0.010773245309048284
137887,-0.00400990809271895
137888,-0.01375375805662634
137889,0.012192902149057556
137890,0.06583435019702655
137891,0.08916646751899165
137892,0.009985765458725163
137893,0.04816237915372265
137894,0.06768470489223523
137895,0.0717810783249633
137896,0.04267280656846309
137897,0.009785255291401371
137898,0.07518690991420315
137899,0.012857849613150913
137900,0.028498781283962146
137901,0.06215996582181108
137902,0.012611445557880543
137903,-0.01575640296683383
137904,0.01113429647843485
137905,0.05371920132953828
137906,0.007829701366538464
137907,0.09271271151642103
137908,0.024680408237237172
137909,0.021325147904298177
137910,0.014401237653329894
137911,0.027607958385350965
137912,-0.0007409550610607066
137913,0.09253378023299177
137914,0.02682999274577557
137915,-0.05104832526929866
137916,-0.005817494416264807
137917,-0.008486064367863519
137918,0.03776577248232505
137919,0.03981016290498904
137920,0.012393881126917201
137921,0.04343577694701818
137922,0.02446133444940897
137923,0.050204269480971446
137924,0.044365842671414364
137925,0.09278814378256259
137926,0.0803640908725588
137927,0.06807520585053319
137928,-0.024009002044071706
137929,0.07553859334555725
137930,0.02135377859581243
137931,0.03626153300219494
137932,0.028258714429771452
137933,0.011237159874573788
137934,-0.022980416686607462
137935,-0.005657880674281669
137936,0.001592442083659374
137937,0.011145807742637737
137938,0.03997918559143546
137939,0.022649226170465192
137940,-0.0109021914884622
137941,0.11667691088038976
137942,0.02319765032656692
137943,0.059561949930459664
137944,0.010714308261759085
137945,0.06067279260757015
137946,0.01842797291128038
137947,0.012780025818607994
137948,0.08364854777584307
137949,0.06493326560028434
137950,0.017809247700617856
137951,0.05574313060581152
137952,0.022956953396531095
137953,0.03543080812033022
137954,0.004265724491311691
137955,0.01643649082568347
137956,0.0657546712716422
137957,0.014818209928178044
137958,0.04817662959244855
137959,0.05318504906722972
137960,0.02968821287442358
137961,0.034563436438534524
137962,0.04359651178123959
137963,0.057096265066011814
137964,0.04292745612966109
137965,0.0494566967985023
137966,0.0381756008542586
137967,-0.0006515074255162706
137968,0.03905381710868589
137969,0.07570013779911965
137970,0.04843558240539799
137971,0.06634168987764597
137972,0.013264279527812093
137973,0.019355356685014487
137974,0.077398142642296
137975,0.03131603434926006
137976,-0.001333443742528348
137977,0.07518192742630908
137978,0.03456772392732473
137979,0.062182425399535765
137980,0.034269324249951015
137981,0.07698710988857128
137982,0.03919534758091032
137983,0.04003488591293844
137984,0.006989842367870654
137985,-0.007544357868154959
137986,0.047636338722716574
137987,0.06431295959044711
137988,0.03182617618368684
137989,0.05590936047165126
137990,-0.011554309050642135
137991,0.058831324662854526
137992,0.04639159409780192
137993,0.03115681094523713
137994,0.031193021765734793
137995,-0.02045784225041407
137996,0.020112332559143464
137997,0.03333520139696006
137998,0.02852989268958197
137999,0.026158338590876677
138000,0.04744329653829719
138001,0.03453218418288256
138002,0.08359597502338484
138003,0.02328405062447319
138004,0.01272211033347172
138005,0.017817920261507164
138006,0.020552729295838196
138007,0.02938059555705684
138008,0.05335516445103408
138009,-0.03344261744381795
138010,0.05278749057671087
138011,0.05545503645451171
138012,0.00390924217221553
138013,-0.008553079050441045
138014,0.07830925652105364
138015,0.009372349298958433
138016,0.05018847896690233
138017,0.0010555107419141438
138018,0.016589013759081603
138019,0.10897815816503091
138020,0.016772957812747208
138021,0.04950296990571591
138022,0.058241315720451
138023,0.06747881060180166
138024,0.06583231105260279
138025,0.05552450176630521
138026,0.03644621723022058
138027,0.029933129516761123
138028,0.03923056742542822
138029,0.0026239043033655964
138030,0.06972357510610941
138031,0.044893610982449116
138032,0.0023247250626937804
138033,-0.013234607240592007
138034,0.004997033440023162
138035,0.08369512828185177
138036,0.06469315041583243
138037,0.08631538224316807
138038,0.05873509071787623
138039,0.01887898386121553
138040,0.08480313777758719
138041,0.044581249586963675
138042,0.06651542468605394
138043,0.05063130433268137
138044,-0.012465767598863371
138045,-0.014488939667829985
138046,7.29413748486174e-05
138047,0.020540111120347204
138048,0.04488669480785165
138049,0.0035789104498925098
138050,0.0212250394110701
138051,0.035641790243412304
138052,0.05682623070520544
138053,0.03215750029563794
138054,0.02495623647676889
138055,0.035737589460007414
138056,0.02087938250390531
138057,0.020205104243980584
138058,0.02907417896019075
138059,-0.012515881506900119
138060,0.03298355968796463
138061,0.012342545745506972
138062,0.04881757542528072
138063,-0.017599160631808546
138064,0.04695767911079498
138065,0.039918221790258945
138066,-0.0435085785250098
138067,-0.013544629512221927
138068,0.08671768766498263
138069,0.010379106081823478
138070,0.043080067189967715
138071,-0.008464577861887548
138072,0.00793431856054673
138073,-0.0010834271990472766
138074,0.055188442324547206
138075,0.008386409868328906
138076,0.009669718634907034
138077,0.0626855099772487
138078,0.0045501306732519085
138079,0.0575830808552791
138080,0.045306494047682444
138081,0.06649623379987243
138082,0.01731961171281076
138083,0.0676094827548123
138084,0.055504575159349645
138085,0.026530874820056446
138086,0.04461654479841158
138087,0.04001615426718905
138088,0.09622377773732349
138089,0.05201677374852258
138090,0.0035802893607904673
138091,0.068162337793587
138092,-0.016098907586694258
138093,0.03730332047367634
138094,0.07206953854474131
138095,0.07421662923729491
138096,0.014919027823651124
138097,0.0743557662563519
138098,0.05103619597549115
138099,0.054416002211326836
138100,0.05909058398824342
138101,0.05326944654114839
138102,0.03308320411329792
138103,0.05032819116443181
138104,0.02742871603514548
138105,0.04565396108083642
138106,0.033539117723225285
138107,0.0076231594324842195
138108,0.062396528158342776
138109,0.035572660431003024
138110,0.0064683809500938015
138111,0.04616700646205836
138112,-0.006539312572180829
138113,0.03428055554960461
138114,0.011074550080233125
138115,-0.002931448078845579
138116,0.024328765730813162
138117,0.028201270379499318
138118,0.04845482428328829
138119,0.007169630989588265
138120,0.02315686182417543
138121,0.07696144942208541
138122,0.04328441795911131
138123,0.012631686761500085
138124,0.03898298722470988
138125,0.0297534510935982
138126,0.023108190835579766
138127,-0.022072926167510054
138128,0.050632188176856
138129,0.0023804605823273192
138130,0.08044765380953381
138131,0.033589503148989626
138132,-0.002183140505333324
138133,0.04175053310133923
138134,-0.028563406731727463
138135,0.032963453981555896
138136,0.04755469378547174
138137,0.01933622893311665
138138,0.010307231384531615
138139,0.013568617768412797
138140,0.03426427095728758
138141,0.012163598954201882
138142,0.04649817989062874
138143,0.008532332861861936
138144,0.03587473702641464
138145,0.05788294342684218
138146,0.011363174849760276
138147,0.06529844829892681
138148,0.029808939408805798
138149,0.04032873750263016
138150,0.06076704859129846
138151,0.10693968383838301
138152,0.008655617460179833
138153,-0.019956944785902257
138154,0.031700850070309546
138155,0.10363514371431679
138156,0.046060628166781865
138157,0.029537390425990444
138158,0.05467067316645108
138159,-0.02483113768800175
138160,0.006304877673775699
138161,0.06747081890699481
138162,0.03188533046538732
138163,0.0015904020780170523
138164,0.017123368241710325
138165,0.06622441202967391
138166,-0.01620248530719852
138167,0.013900138028601766
138168,0.0813373631122738
138169,0.09271262261482047
138170,-0.025749203685103014
138171,0.06967651649082587
138172,0.042598596684699105
138173,0.06319659859391578
138174,0.06600118127073104
138175,0.03540186334066366
138176,0.024044152195446318
138177,0.047624663953197977
138178,0.02259513394073838
138179,0.06301060642610229
138180,0.02156006023252838
138181,0.0331365877932084
138182,0.0011479472658682405
138183,0.02673271852310824
138184,-0.007814265121175772
138185,0.0679075628305854
138186,0.045042722454033506
138187,0.018204481180326908
138188,-0.015824392749951857
138189,-0.002569314223390934
138190,0.030818357597518078
138191,0.01455871655624836
138192,0.05537181747506452
138193,0.02300778258654023
138194,-0.0030343826811827235
138195,0.012527123043239639
138196,0.059997138893450916
138197,0.01545794270636255
138198,0.02004664571486971
138199,0.028789298486747137
138200,0.10166073085600483
138201,0.036822266918780044
138202,0.018263849957932142
138203,0.0584780462754213
138204,-0.009441445854552588
138205,0.03904351311563271
138206,0.04888026744116478
138207,0.04541096291771393
138208,0.0033854445183080298
138209,-0.0007844229056644253
138210,-0.03652314306863215
138211,0.03020113112716818
138212,0.08106607285693737
138213,0.03857003306834361
138214,0.08553025216723603
138215,0.026498119527412774
138216,-0.005016137863876821
138217,-0.007852264157890462
138218,-0.009989058902516515
138219,0.07321363950196376
138220,-0.04655914874518834
138221,0.011768912997714907
138222,0.03572794737818248
138223,0.002775007902491234
138224,0.033870449877403355
138225,0.05069585414755748
138226,0.03519805843369649
138227,-0.0004772181245408236
138228,0.025186467067523692
138229,0.03601626510618467
138230,0.02241212007605501
138231,0.023618910412239832
138232,0.0725662519412324
138233,-0.006223322410792549
138234,0.019080938753617833
138235,0.08398151688268772
138236,-0.012616972498038344
138237,0.07062211148167705
138238,0.004147314846735105
138239,0.04248021583185392
138240,0.003336838073088811
138241,0.0310228556635887
138242,0.023698727431120843
138243,0.005562322057238715
138244,0.010796752220576397
138245,-0.028607928339478835
138246,0.06510169581001958
138247,0.03471900042198435
138248,0.06580269165703997
138249,-0.007483540826801381
138250,0.04791036203495526
138251,0.03178835585666057
138252,0.017816456042826615
138253,0.00666272994763889
138254,-0.0032483720931698497
138255,-0.023185272204623422
138256,-0.020358852447878856
138257,0.04207188459682347
138258,0.012509004587539726
138259,0.008328249347328991
138260,0.04218479228434294
138261,0.021743525253357095
138262,0.044657531871025086
138263,0.0780308261841969
138264,0.06877969151825844
138265,0.061664474516265604
138266,0.04411550341342905
138267,-0.0260982580621689
138268,0.04739908905778781
138269,0.043436015418687766
138270,-0.010474116103104582
138271,0.007346828486893983
138272,0.0036155234351170004
138273,0.029343490458109387
138274,0.029272418242743778
138275,0.06946407428700639
138276,0.01425451746745765
138277,0.08182369498963088
138278,0.06321162454447365
138279,0.010835025157558794
138280,0.051717293645175064
138281,0.04662257465078938
138282,0.02838158929898341
138283,-0.002505521935593835
138284,0.035279731317084534
138285,0.06413530184984897
138286,0.08057135082744826
138287,-0.012437151239550588
138288,0.01650289959878106
138289,0.019608800544713534
138290,0.01709517840549946
138291,0.0012152017680362517
138292,0.03932524579659258
138293,0.005739604455480551
138294,-0.006412616272448341
138295,0.02366694203893794
138296,0.044518236609224576
138297,0.04426919053861992
138298,0.03141551025400573
138299,0.027626178573976014
138300,0.07360035830299341
138301,0.061313248339221416
138302,0.019601227477993463
138303,0.022370231062855676
138304,0.0035348249524970766
138305,0.039168085195536696
138306,0.08851124654979918
138307,0.06286527744589515
138308,0.006305647963245661
138309,0.04174252095972847
138310,0.06615316532008791
138311,0.022451041942670127
138312,0.06895912518397333
138313,-0.0013655097425857333
138314,0.11338085849754892
138315,0.014813173113572328
138316,0.07556611326956747
138317,0.050337763110341174
138318,0.00029799209418746725
138319,0.05181575022023559
138320,-0.037644218771101655
138321,0.006028191323660517
138322,0.08326771643825857
138323,0.07748415593638616
138324,-0.005566898224772986
138325,0.05869269350439088
138326,0.03731709662105332
138327,0.04489319420549625
138328,0.011064067558021307
138329,0.04790500979526999
138330,-0.011289465758551116
138331,0.04999606600317126
138332,0.09708447189622865
138333,0.008138907870536588
138334,0.04325063910028274
138335,0.015956071514530663
138336,0.061179812771683655
138337,0.035710767755555206
138338,0.04558829875904611
138339,0.054673870941950205
138340,0.05132087348280389
138341,0.006206190744019912
138342,0.010125819832608868
138343,0.04147517114851638
138344,-0.02479796745406345
138345,0.050309732323177966
138346,0.0377284469318724
138347,0.03426805595771836
138348,0.019507070808110927
138349,0.005055166201838695
138350,0.016508318156225672
138351,0.02014921887337376
138352,0.062025384904471355
138353,0.029273088460800796
138354,0.019150197910426107
138355,0.021213205462270707
138356,0.0234378636424757
138357,0.05909608675723507
138358,-0.006533496381605806
138359,0.024735249757969573
138360,0.020250944160160225
138361,-0.0056127869683387475
138362,0.08860059354151659
138363,-0.011834469499794817
138364,0.02026137501974648
138365,0.00918205202997241
138366,0.029902702849372315
138367,0.03932936707373942
138368,0.08082164738520853
138369,0.0304826250846202
138370,0.014096515203917678
138371,0.022312146218878864
138372,-0.007378228896419248
138373,0.023390756592178197
138374,0.07121692121582543
138375,0.01583624391340499
138376,0.04727451162391507
138377,0.04242440424486663
138378,0.019218621042195842
138379,0.06730637165091645
138380,0.016608372982715974
138381,0.01417327729887426
138382,0.01789552481165024
138383,0.058824506554288766
138384,0.08242018554038329
138385,0.013862797236863594
138386,0.02084135721167214
138387,0.05164722481505919
138388,0.013353588801965442
138389,0.06195796745311841
138390,0.028327178517996866
138391,0.058237835311151114
138392,0.024219250152254214
138393,-0.006411066514315528
138394,0.03355358314977035
138395,0.05575104549378912
138396,0.025153273185006392
138397,0.01602940197724797
138398,0.08536523241844698
138399,0.05015219117953106
138400,0.04216282466833332
138401,0.048058676166204475
138402,0.0026218298602584747
138403,-0.010058543519922063
138404,0.03236322850535422
138405,0.008384961215662554
138406,-0.016221452063313456
138407,0.07488844652289645
138408,0.03953905714196052
138409,0.015535103530100385
138410,-0.011662320141390493
138411,0.03813234416374864
138412,0.0004477208450663142
138413,0.03404735592652808
138414,0.024316982941195865
138415,0.013969676113737329
138416,0.04047082977154593
138417,0.0511670040012481
138418,0.062245322886787045
138419,0.03600835182746526
138420,0.05387213448738942
138421,0.009966805549619661
138422,0.02227087717232394
138423,0.010005272489909196
138424,0.01106239000446367
138425,0.010990047767125758
138426,0.004712466781462116
138427,0.046302022880403415
138428,0.05290846923116845
138429,0.039630202547100375
138430,0.012636031065151505
138431,-0.010951591704255248
138432,0.03919739983481839
138433,0.06109224661162374
138434,0.009038389002828568
138435,0.07273412800621266
138436,0.07080557781837948
138437,0.022446016073505718
138438,0.019117971069121827
138439,0.11366332047817138
138440,0.014209977731708352
138441,0.022588557470481198
138442,0.07550631070976088
138443,0.01510000252336192
138444,0.04620355284907596
138445,-0.0025440717661139867
138446,0.01867359033561662
138447,-0.05174677761761509
138448,0.01746205393036622
138449,0.05719512462004735
138450,0.05550808675265231
138451,0.008184560882947271
138452,0.0001665387497279923
138453,0.023226063500118282
138454,-0.03871781623437919
138455,-0.0364094621103509
138456,0.011520795995386725
138457,0.007561107274302651
138458,-0.010081067313716153
138459,0.03506793668531946
138460,0.036987330641681096
138461,0.00848516526542352
138462,0.034346690914211206
138463,0.028023313202542123
138464,0.07448712616317262
138465,0.01359559478091275
138466,0.07184360490366207
138467,0.03347584290930509
138468,-0.007397221572125783
138469,0.054853179165514014
138470,0.0440122475710665
138471,0.07275809561129695
138472,0.045937800048747146
138473,0.0007051905266750418
138474,-0.006655544549506537
138475,0.01745070671576609
138476,0.07213282083224737
138477,0.038819852133699276
138478,0.04705306521340931
138479,0.014188408590554605
138480,0.034513494288394425
138481,0.06318870831537009
138482,0.06225141133723691
138483,0.07392311638631668
138484,-0.016393678863321808
138485,-0.0098853158580714
138486,0.047533392824477064
138487,0.023534071463219973
138488,0.010257777070057972
138489,0.04698705995154906
138490,0.050459780069137254
138491,0.039783005699436144
138492,0.027964147554912805
138493,-0.002190767026224918
138494,0.027268919116223145
138495,0.015807825224025372
138496,0.028174864054651926
138497,0.056406395826163594
138498,-0.01861764556679009
138499,0.0032177009021167324
138500,0.08490400740401771
138501,0.04673579950588605
138502,0.008265114700618501
138503,0.04932271050571732
138504,0.0014818092135668003
138505,0.044260152501499755
138506,0.02144299327329236
138507,0.06407979969456257
138508,0.06293648774434638
138509,0.02106182028801098
138510,0.04514699687947425
138511,0.04054039803487302
138512,0.05046145118677434
138513,0.01849695846183789
138514,0.029826803638071903
138515,0.05200386781760353
138516,0.04479156968752089
138517,0.01581325314684226
138518,0.08001375756391674
138519,0.03790322282319417
138520,0.012388051720044941
138521,0.012209316930183421
138522,0.03095052764188535
138523,-0.0035551355305127423
138524,0.03564448137351444
138525,0.05206349791058667
138526,0.06089388344990985
138527,0.037871812696338616
138528,0.0422915430207908
138529,-0.02500322061256272
138530,0.014116945171182688
138531,0.045929958969059104
138532,0.014745058198631068
138533,0.045881210507511865
138534,-0.0021033522239099767
138535,0.03678904394135585
138536,0.001954503811563181
138537,0.042655983229924546
138538,0.03144370958676376
138539,0.04881876388531778
138540,0.08591191986979904
138541,0.07127480981175915
138542,0.07793267608747872
138543,0.008237070884734805
138544,0.03661733827408387
138545,0.006546537777811043
138546,0.0209814193749183
138547,-0.02396267682884958
138548,0.030115143656389284
138549,0.07428594827988085
138550,0.050540147304931726
138551,0.011371724778447917
138552,0.06491637705129343
138553,-0.0030170690653300615
138554,-0.023582226953569967
138555,0.042152922764423235
138556,0.036260947828973836
138557,0.048808694624065674
138558,0.05171844524575127
138559,0.052038845288971486
138560,0.0907364410816949
138561,0.038185790594974664
138562,0.023493073146745234
138563,0.0008263743352926838
138564,0.0033813789426582787
138565,0.034458131762196295
138566,-0.003440569356756497
138567,0.07292590836265485
138568,0.04833584237593877
138569,0.014606181965439644
138570,0.052690728370937884
138571,0.06976856212597334
138572,0.02204181882219914
138573,0.022938991501636884
138574,0.030362596799723956
138575,0.07212770207826831
138576,-0.020232529613237057
138577,0.030117945692489916
138578,0.01827017111671135
138579,-0.013070467672120438
138580,0.019589103011776434
138581,-0.0005433137466335572
138582,0.05404996726622669
138583,0.029752737806352774
138584,0.040158898110083635
138585,0.0009098707465860778
138586,0.05613077129838705
138587,0.008446207324915272
138588,0.025715661539688607
138589,0.02753651664729002
138590,0.07773504003348225
138591,-0.0236577865313026
138592,0.0025769919675430776
138593,0.08112538930155333
138594,0.0065115754763823
138595,-0.0003909296186392734
138596,0.0651299679049373
138597,-0.0017901047558416573
138598,0.037910108126087375
138599,0.0548309672707248
138600,0.026994474117979082
138601,0.04903447648969545
138602,-0.025241264546245777
138603,0.020117695478390915
138604,0.025610335111094756
138605,0.023551562462257158
138606,-0.006053135501328445
138607,0.01709458850609267
138608,0.058644466584890614
138609,0.013678022062180287
138610,0.045057402072370266
138611,0.028848776153403425
138612,0.043590571524027864
138613,0.02924125483886448
138614,0.047043021337128996
138615,0.06250544381678899
138616,0.009703233041427384
138617,0.05384412070299717
138618,0.02817008761861992
138619,0.035392055243509045
138620,0.015954621549044687
138621,5.2137788850912387e-05
138622,0.03373180965944578
138623,0.029403135902410227
138624,0.026320004279357326
138625,0.03363705010590106
138626,-0.0008455564385510018
138627,-0.0030107772504232855
138628,0.01921858056321806
138629,0.019754635727412827
138630,-0.02632609767379054
138631,-0.01682407664731132
138632,0.041951297828471984
138633,0.05908858498297935
138634,0.03613779831749645
138635,0.05306318029402306
138636,0.0006508264462628949
138637,0.03313694844691692
138638,0.045698870859002705
138639,0.020117103872498803
138640,0.03951123830135597
138641,0.013807708285551393
138642,0.03136359346055974
138643,0.039829194022117764
138644,0.01960793010633996
138645,0.04549334845075479
138646,0.03326136794092787
138647,0.06347981873026823
138648,-0.01526206599263167
138649,-0.014348961667958595
138650,0.004910856653311656
138651,0.048266361366949895
138652,0.021731145943469365
138653,0.07890941642206686
138654,-0.02627022083867737
138655,0.04912461477124974
138656,0.0639810441350307
138657,0.028272598934092112
138658,0.02483014184400036
138659,0.014081021945606547
138660,0.0694522852611089
138661,-0.02963449564432256
138662,0.050251362767580986
138663,0.038604681857193096
138664,-0.004412613718698121
138665,0.06497139352420357
138666,0.07300052526236642
138667,0.08210539080227978
138668,0.031021238047037186
138669,0.021087469752336996
138670,0.030299144909023298
138671,0.07311783117212495
138672,0.034640513385199585
138673,-0.0068562978953339015
138674,0.02469524588831531
138675,0.01872201129349948
138676,0.0509049264959017
138677,0.0069932734655011805
138678,0.023709990811589247
138679,0.028707927217450333
138680,0.09794363170806465
138681,-0.01658466965926682
138682,0.028624397658355144
138683,0.011313229819192937
138684,0.0007778152479458907
138685,0.07262923986248358
138686,0.05453937580414307
138687,0.059540305509087094
138688,0.004017005766702837
138689,0.05172785645762205
138690,0.03671790215048056
138691,-0.027813192094204686
138692,0.04364987668431987
138693,0.0550192925351561
138694,0.006915122272179372
138695,0.01347697545990114
138696,0.07382208280617453
138697,-0.01465342212070949
138698,0.02086273100104936
138699,-0.03244381907101516
138700,0.046966713967348625
138701,0.05269573656856777
138702,0.005152085586219768
138703,0.010305747220347928
138704,0.0457096852049972
138705,0.019302974870039773
138706,0.018855851250970605
138707,0.04358954110596732
138708,0.07838556380317432
138709,0.001311899768353584
138710,0.048935169844579976
138711,-0.01085755049865076
138712,0.03854715660583227
138713,0.06047287655381213
138714,0.052429881557734606
138715,0.022590282704623918
138716,0.023897793143309955
138717,0.016071160240576823
138718,0.029060296521785087
138719,0.03573288781658074
138720,-0.028600070238181334
138721,0.04574535145647085
138722,0.04214804272063516
138723,0.022926541111581662
138724,0.045416229502182534
138725,0.03835073753481463
138726,0.07384056130552522
138727,-0.011834176740667633
138728,0.046011486075360084
138729,0.03201393255628908
138730,0.06608760149468335
138731,0.008913611972390753
138732,0.024220630144892976
138733,0.04373172164726853
138734,0.003236968014795002
138735,0.00899669784158295
138736,0.05348280962222776
138737,0.006721042214921539
138738,0.02909547610052125
138739,0.011208568774500247
138740,-0.016535455744780356
138741,0.03146091889667112
138742,0.06199103747702492
138743,0.02412720100771197
138744,-0.0012532444459989502
138745,0.009261718960625595
138746,0.056285689755577184
138747,0.037786254345919174
138748,0.044942464555239446
138749,0.006086360177491021
138750,0.06847113322167113
138751,0.02270922549101818
138752,0.08236998201054
138753,0.03240938702952257
138754,0.01345461045959881
138755,-0.009652978400858967
138756,0.05548699638829732
138757,0.036388844503996036
138758,0.05762952706842908
138759,0.010023956019810182
138760,0.049686540133732804
138761,-0.018537287568986406
138762,0.03326018469516766
138763,0.053640199321512046
138764,0.029164189992187044
138765,0.02521573841589261
138766,0.06136543133558952
138767,-0.02767960092597702
138768,0.011262615518808104
138769,0.02917558695689132
138770,0.0407431612000772
138771,0.035142207346620075
138772,0.024991758807771863
138773,0.06604961624649192
138774,0.06920683229558613
138775,0.027054724629397505
138776,0.03794401092266454
138777,0.030350197183902902
138778,0.015500167298068338
138779,-0.002081584092270928
138780,-0.07612426620412027
138781,0.05594199592079191
138782,0.0048443413308742675
138783,0.05681404117442744
138784,0.014291569579800776
138785,0.028154524597687924
138786,0.056126039590336185
138787,0.047540611308241665
138788,0.03570295422265065
138789,0.02309594063478975
138790,0.06628319275100496
138791,0.08002722554928832
138792,-1.4356955459850218e-05
138793,0.008123538447622036
138794,0.05646924630368655
138795,0.020514966796056938
138796,0.04110210550300078
138797,0.03525263493663876
138798,0.03411001751927841
138799,0.02979971356698471
138800,0.07923504067312058
138801,-0.007067159434246486
138802,0.046002681583812634
138803,-0.031091552409266306
138804,0.0067379606771961024
138805,0.030120847042569454
138806,0.044582079953354364
138807,0.04587207779910458
138808,0.025464880370592982
138809,0.0703069413907162
138810,0.018988206615226166
138811,0.03310068126906755
138812,0.05493805584028011
138813,0.05318917052459529
138814,0.03715489403810353
138815,0.10434458391161834
138816,0.038402230498890355
138817,0.032267129711468015
138818,0.04009770262860441
138819,0.01345360096576733
138820,0.041303643826375164
138821,0.035364368253874845
138822,0.004491812653374391
138823,0.02605008048171215
138824,0.04663649359499464
138825,0.05078977383232276
138826,0.0028894203649472497
138827,0.06345027454128073
138828,0.08770251101197421
138829,0.04073555816922838
138830,-0.0031858765454730147
138831,0.035728246582178776
138832,0.003397804129646926
138833,0.02767526376332351
138834,0.04092264727751674
138835,0.014800448525212033
138836,-0.015896561019845448
138837,0.0026999679545667565
138838,-0.0074949894384189406
138839,0.015305840175158056
138840,-0.01115646929607141
138841,0.031034677540379012
138842,0.044174375965883
138843,0.020867666132064235
138844,0.022872204573527358
138845,0.008385894976307793
138846,-0.03217960500203344
138847,0.08640033197392555
138848,0.0499194145389691
138849,0.044919548331867225
138850,0.021960731918054907
138851,0.016489418811682727
138852,0.041193443715138875
138853,0.02141023920726302
138854,0.0011155729693798563
138855,0.0009610895055316496
138856,0.013739924544926523
138857,0.04530595447904302
138858,0.013918525795063932
138859,0.07017807724436761
138860,-0.03075851470081239
138861,0.05056826034630104
138862,0.04313330935331294
138863,0.03953517836406123
138864,0.07687077492973163
138865,0.031056808501775952
138866,0.012079906470248033
138867,0.028062208956546094
138868,0.02795307236407459
138869,0.07871766093406381
138870,-0.0226873706233571
138871,0.02578341717417518
138872,0.0055980768209540725
138873,0.012342575458636231
138874,0.05196926308694125
138875,0.05757180764747169
138876,0.04812286774339938
138877,0.08324915396566834
138878,0.011558671228137099
138879,-0.00585180638173987
138880,0.03361204113518425
138881,-0.04786098863136792
138882,0.008807422117691095
138883,0.04056244049928004
138884,0.033945703815550496
138885,0.07049529139803032
138886,0.03731132264978185
138887,0.052696415681844765
138888,0.012846427039228153
138889,0.0124533764221102
138890,0.007339396738533271
138891,0.07744996521886997
138892,0.04647820160815906
138893,0.06058845640725699
138894,0.019520834153886807
138895,-0.02060424368151655
138896,-0.007865747949510265
138897,0.07662030126135932
138898,0.028823125515637933
138899,-0.0013884262014229529
138900,0.017460148636360397
138901,0.026469155086320563
138902,-0.00599907666365096
138903,0.05526734141310993
138904,0.05885426636356855
138905,0.04915002768141982
138906,0.034800021392391745
138907,0.08203498867008274
138908,0.04169607267363327
138909,0.01272428006287695
138910,0.0332738670286446
138911,-0.001916739571559925
138912,0.04933900715513748
138913,0.062039532700738045
138914,-0.02311710582650907
138915,-0.03939569983945828
138916,0.03860792326041266
138917,0.019121488504819116
138918,0.01709674625439083
138919,0.062442295969808416
138920,0.06181523548863041
138921,0.05134352884400899
138922,-0.004461904936214213
138923,0.01140977326486264
138924,0.003117381486115192
138925,0.04864419279068592
138926,0.040099017266164654
138927,0.011579352423573205
138928,0.023453900142859637
138929,0.01713790843493454
138930,0.06338460147694443
138931,0.019004703648471743
138932,0.0029024433131875985
138933,0.03392987051192214
138934,0.03912719850279921
138935,-0.012941027180554558
138936,-0.01446538586450204
138937,-0.0053951343597796846
138938,-0.0224690703215203
138939,0.06825504307623181
138940,-0.016112518214965198
138941,0.08024479537843152
138942,-0.04701134562179847
138943,0.029564979884820045
138944,0.016575023228399266
138945,0.02899848512095992
138946,0.016827548829828797
138947,0.06538389661566531
138948,0.009608620476371413
138949,0.05961406779780144
138950,0.0016968481563656886
138951,0.06825919765026174
138952,0.02891149371393059
138953,0.06036466041796566
138954,0.02558327588003629
138955,0.033748637629082395
138956,-0.00537130907740235
138957,0.03703006018775471
138958,0.022784301158430123
138959,0.018271110144174346
138960,0.031027901579731103
138961,0.004726877193283137
138962,-0.012859732687011485
138963,0.01753709916661471
138964,0.06610640504860592
138965,0.023073753996005964
138966,0.010127278500036137
138967,0.04004159976550415
138968,0.019691735193822002
138969,-0.005076401381321424
138970,0.038812602527987905
138971,0.06335704279568197
138972,0.04025039287109776
138973,0.04778413498895587
138974,0.009695442512480036
138975,0.0046959710138835264
138976,0.05011534657580298
138977,0.01965315677335701
138978,0.04216714055793207
138979,0.05212993571574828
138980,0.04836729952783708
138981,0.05382013722708015
138982,-0.01105467184236586
138983,0.025391589386337766
138984,0.0495998329885331
138985,0.0209048219242374
138986,0.05833785264401792
138987,0.036451869149402044
138988,0.03509771395071953
138989,0.10288892657347731
138990,-0.012221612513066919
138991,0.0073211816756624665
138992,0.051937277059217524
138993,0.03132202500073799
138994,0.07355703280118668
138995,0.010587140371129285
138996,0.03635085845744673
138997,0.011279963383231142
138998,0.02230481101751792
138999,0.04479890113271206
139000,1.983975674035026
139001,1.9628443020738164
139002,1.9373185460461995
139003,1.8232232417759986
139004,1.85215434815878
139005,1.781118263861634
139006,1.7669312648632844
139007,1.716888197464318
139008,1.7058946247312499
139009,1.6832599526885996
139010,1.6029162745403496
139011,1.5471522731642608
139012,1.5348583643971119
139013,1.50389178029013
139014,1.4474798690145467
139015,1.4445289965788704
139016,1.4048217203264561
139017,1.3829812700604736
139018,1.3147918163532968
139019,1.3599390121742514
139020,1.2672431545840477
139021,1.288377055325576
139022,1.2580718747745285
139023,1.2120932317030677
139024,1.2154429093148484
139025,1.186351750452431
139026,1.0922756888241112
139027,1.1082675814008254
139028,1.1079299153419209
139029,1.0473349499969309
139030,1.0339352764724825
139031,1.0062602246033765
139032,1.0004415693411601
139033,0.9361744604305287
139034,0.9774584109861484
139035,0.9238022234338972
139036,0.9557623517940878
139037,0.8343259811393791
139038,0.856472880016123
139039,0.8648221103578454
139040,0.783495817979749
139041,0.8360022542260187
139042,0.8066468278302226
139043,0.7666369693368077
139044,0.74860840699508
139045,0.7090082134337221
139046,0.7911666903200167
139047,0.7134808801218621
139048,0.6717391637941968
139049,0.6782952065690867
139050,0.691381471712727
139051,0.6185567853766637
139052,0.6680950875954654
139053,0.5472298174693937
139054,0.6493205933637666
139055,0.6232821819747493
139056,0.6205997014948811
139057,0.5966484375786117
139058,0.5961101536524145
139059,0.5998679259344675
139060,0.5581817871747191
139061,0.5465424019964266
139062,0.5410426849415562
139063,0.48998604322091516
139064,0.5105222086635615
139065,0.5253131105164274
139066,0.525405125010434
139067,0.48511370163894013
139068,0.48140905102936266
139069,0.46501130442628774
139070,0.44066891883023657
139071,0.41841034523220166
139072,0.40573169492529915
139073,0.41363045447992786
139074,0.45628995457958055
139075,0.38891948707454954
139076,0.41042903452136736
139077,0.4186433915061423
139078,0.3643311964398166
139079,0.4075570668979825
139080,0.32007736814294413
139081,0.3600876287185391
139082,0.388862871179419
139083,0.3596593342865733
139084,0.3851068009715393
139085,0.37004699054168855
139086,0.33981582908231733
139087,0.36853713031584384
139088,0.3252923163273227
139089,0.3872704523260532
139090,0.3307157964203239
139091,0.30018489945541815
139092,0.2942541718360402
139093,0.3271521397064731
139094,0.37048179049830193
139095,0.34122042775723815
139096,0.283351345260615
139097,0.2730402308215422
139098,0.28427610054248154
139099,0.3260098593769823
139100,0.32075949769598716
139101,0.33900695137371684
139102,0.2738365816007034
139103,0.2734638739240622
139104,0.2846838422299253
139105,0.2957626406590841
139106,0.2598584230162503
139107,0.25442851188051985
139108,0.30520251877248356
139109,0.29122140279076975
139110,0.22767736463685617
139111,0.27522518873902296
139112,0.24834118828388524
139113,0.2160903582303882
139114,0.2409061344173879
139115,0.23177857426322485
139116,0.22383480657106172
139117,0.26753364782315836
139118,0.2343622281552139
139119,0.24460500279058167
139120,0.2719474697320041
139121,0.25409556923920695
139122,0.19391302895085774
139123,0.2048455702800427
139124,0.24191110671767072
139125,0.26638554011198934
139126,0.2424938959848938
139127,0.2744356585927304
139128,0.17924544034730686
139129,0.2852772141173042
139130,0.2882478726012146
139131,0.24142556621249478
139132,0.2125434827634132
139133,0.17876682611114303
139134,0.1994153032573167
139135,0.2511087292732965
139136,0.2661986733512618
139137,0.2288065828117598
139138,0.2054483573346516
139139,0.2548988124027742
139140,0.20619478958524093
139141,0.26083438473967063
139142,0.24425335740212895
139143,0.17436631762982066
139144,0.2340426551125923
139145,0.24436364547924339
139146,0.23681477388908842
139147,0.22504670943896002
139148,0.21832918800331766
139149,0.24149739978382304
139150,0.23283813238347997
139151,0.2500819909980742
139152,0.1652688598873032
139153,0.24388764986574304
139154,0.2919801997864492
139155,0.2107839401511578
139156,0.24111230778862663
139157,0.21568224473264416
139158,0.2843089680790823
139159,0.2200148956453082
139160,0.18463914483070698
139161,0.20802393328654764
139162,0.231747574855722
139163,0.2518592569055477
139164,0.2787858436590815
139165,0.24097357048170923
139166,0.17480713033601958
139167,0.2065753285024944
139168,0.24064755156942055
139169,0.23627417692842348
139170,0.275563428159756
139171,0.1968219624134088
139172,0.25562017036275325
139173,0.2393790246187809
139174,0.23484715333373476
139175,0.2203623716786735
139176,0.19886891267024964
139177,0.25273912747737765
139178,0.20915416147742283
139179,0.20110259622938575
139180,0.23049778837320478
139181,0.2771310301188056
139182,0.1978633547433562
139183,0.2641836796917413
139184,0.20319525103329728
139185,0.259900615595286
139186,0.2416387535372202
139187,0.26942834840203506
139188,0.24389576163729404
139189,0.2794987023695833
139190,0.26863588768406915
139191,0.21895952348366904
139192,0.3131003348372645
139193,0.24943876175572763
139194,0.28456076157080623
139195,0.26408247566002074
139196,0.26090924140734284
139197,0.24500424102350737
139198,0.25526255745064885
139199,0.28652784293640715
139200,0.27108814721795754
139201,0.27785836488414467
139202,0.2904377411926095
139203,0.24678158810454204
139204,0.2389381025395751
139205,0.23939866273996815
139206,0.24331521374372228
139207,0.26415235469139914
139208,0.26298479519228807
139209,0.2712635715468884
139210,0.2872143992443604
139211,0.26050002174932024
139212,0.2695960622560224
139213,0.2427810939523349
139214,0.25785929602124746
139215,0.2450517453591968
139216,0.2533464975839065
139217,0.20769183194247226
139218,0.24084123062417778
139219,0.28968975201164604
139220,0.27768609342691875
139221,0.23129621804496148
139222,0.2669485386478137
139223,0.23349016929661048
139224,0.31149272485543733
139225,0.24807747754947507
139226,0.2830211854474141
139227,0.30781154190273285
139228,0.24768097889291685
139229,0.3063747618756957
139230,0.2924036991077804
139231,0.28125829593063834
139232,0.25010448877368524
139233,0.2649866018120366
139234,0.29397437065189885
139235,0.34106138082664883
139236,0.2641705382274797
139237,0.31459561536411457
139238,0.2961634098213985
139239,0.26871458252830605
139240,0.3033273373975474
139241,0.24524671221306643
139242,0.27505623675702245
139243,0.27149799878014214
139244,0.31491607758377543
139245,0.3290009264251912
139246,0.2933100609897911
139247,0.30288227062989304
139248,0.2859089762835922
139249,0.27784982094033994
139250,0.24018255628996849
139251,0.3455067167336584
139252,0.35920775649098896
139253,0.3215935617780108
139254,0.2896698954890712
139255,0.34650940668033126
139256,0.2684268323608727
139257,0.340193571013546
139258,0.30531191189065565
139259,0.32835628618724266
139260,0.29090823827939993
139261,0.3436566806386071
139262,0.30988215984486367
139263,0.39677619021814614
139264,0.3228842236127415
139265,0.33492567198095863
139266,0.28902769146930085
139267,0.3273684382070092
139268,0.3347156039666077
139269,0.32921025061645903
139270,0.3258364651800245
139271,0.2938222323848197
139272,0.2998057298817678
139273,0.3162600008825806
139274,0.3476458889090025
139275,0.30140799379292155
139276,0.3215249760396066
139277,0.38369779313225233
139278,0.4059460503941201
139279,0.3588387751236419
139280,0.375289865338427
139281,0.32168456404860823
139282,0.2939167451441634
139283,0.341469022641438
139284,0.3754898241966941
139285,0.3749254771647914
139286,0.3464457722323144
139287,0.29209113653532925
139288,0.41916781954159804
139289,0.33308259375468685
139290,0.41033683714427227
139291,0.38082756110929084
139292,0.3802278350515036
139293,0.3201247378002185
139294,0.3457836009810782
139295,0.3848874201829127
139296,0.3192297970869533
139297,0.37705484328710703
139298,0.3361238044973749
139299,0.4040921973197342
139300,0.35809052429050686
139301,0.36857568424630305
139302,0.3728514328434414
139303,0.37397858770381887
139304,0.3786487261408543
139305,0.4321661679744272
139306,0.33874569042326813
139307,0.4037400272886029
139308,0.4042171808081584
139309,0.3915490199773357
139310,0.3672078464069707
139311,0.3760760155084913
139312,0.36273832117943244
139313,0.40213198942463846
139314,0.3689805286563378
139315,0.39973110309660087
139316,0.39921555095576516
139317,0.41142965453484015
139318,0.3722211980280858
139319,0.4072218155115189
139320,0.39257677081050085
139321,0.3872834471661262
139322,0.4058849597346494
139323,0.3482253324040987
139324,0.44246555728095793
139325,0.39246735034738106
139326,0.4328936394713404
139327,0.41364624741934175
139328,0.39206028247994773
139329,0.419503963261442
139330,0.4496801751218919
139331,0.4135534177366066
139332,0.33475300566770105
139333,0.42613539502618
139334,0.41275430993071516
139335,0.434938451292123
139336,0.37680620084125876
139337,0.4432301184691122
139338,0.41202296900454366
139339,0.4308056876782424
139340,0.4068458318237824
139341,0.40200829640499325
139342,0.45903003240177653
139343,0.4092156088553206
139344,0.43397857575892135
139345,0.44082029679295787
139346,0.39643362712629604
139347,0.4113222042443178
139348,0.505965551957521
139349,0.3985534902053202
139350,0.44220282908649217
139351,0.4346212194857841
139352,0.48249219718515074
139353,0.3898014600972699
139354,0.42567606516520606
139355,0.35849044959809206
139356,0.4996932881134601
139357,0.34628035596768275
139358,0.3557929785145489
139359,0.44327699212430133
139360,0.4552225216611461
139361,0.48320458175331826
139362,0.3741650542719253
139363,0.38908772148663695
139364,0.40261888103963106
139365,0.4289959995217947
139366,0.3639211319631846
139367,0.40990341120653145
139368,0.4382589621087085
139369,0.4768897308859104
139370,0.4306136021920608
139371,0.4364537522541666
139372,0.4191324874792458
139373,0.4357879950279903
139374,0.4474211603235085
139375,0.4239391011930365
139376,0.48201062835557357
139377,0.5044043836278443
139378,0.44484685565986665
139379,0.4249760967918951
139380,0.3727431527012158
139381,0.4409604887901779
139382,0.45767032187392603
139383,0.46511774833234987
139384,0.45242569807561644
139385,0.4486167034775285
139386,0.47106131706262455
139387,0.4299430683986435
139388,0.447937773106548
139389,0.4555124666700837
139390,0.4575720552544305
139391,0.4851605448607535
139392,0.4406545143566266
139393,0.43166788439858306
139394,0.4262152343905976
139395,0.462866946369485
139396,0.49504948464500853
139397,0.47617348910109797
139398,0.4559873692584503
139399,0.43142297473615127
139400,0.4343946995338605
139401,0.479025186696964
139402,0.4292318923775419
139403,0.5282516898716093
139404,0.48591171764522556
139405,0.4198468452722924
139406,0.4454979983290757
139407,0.4999500083729918
139408,0.49050064732860565
139409,0.41951626822949434
139410,0.5058988639051306
139411,0.4458297034748495
139412,0.429397949432713
139413,0.4487394170968463
139414,0.48507533167582606
139415,0.49258221091646764
139416,0.5005206623628959
139417,0.45253734907943194
139418,0.4047720938327417
139419,0.4678504671690136
139420,0.4448701847800328
139421,0.4883979822048347
139422,0.43195651099907606
139423,0.48232544734289345
139424,0.43399827865781304
139425,0.4857782013489674
139426,0.4712609620869152
139427,0.4494080421719294
139428,0.4851207040673535
139429,0.44207051101326633
139430,0.4810283794642951
139431,0.4539414148690934
139432,0.4849469664282401
139433,0.47640846433012246
139434,0.5093609951816621
139435,0.49677823265111243
139436,0.4775328330187307
139437,0.4674917951858481
139438,0.5138498406621036
139439,0.5084188343686389
139440,0.5052533433879954
139441,0.47366917674695413
139442,0.48026776660086495
139443,0.5493805322429327
139444,0.4985185885571753
139445,0.412002384247571
139446,0.4536599358611443
139447,0.47253647914416325
139448,0.4613096812236081
139449,0.4872977255249366
139450,0.48695957501563947
139451,0.5294641307778467
139452,0.47702967270729574
139453,0.5360005378854902
139454,0.4813980645493558
139455,0.429467152342957
139456,0.4787785992076501
139457,0.4977395764986678
139458,0.449032417815641
139459,0.45590661762509566
139460,0.546767462385704
139461,0.41610809862819315
139462,0.5333994069948553
139463,0.5217694959585674
139464,0.4894709786156797
139465,0.48559981240766925
139466,0.48080793632924135
139467,0.5229691586530425
139468,0.5369918526146628
139469,0.5034166652118919
139470,0.5113618912280316
139471,0.5072315829811078
139472,0.442127902613842
139473,0.5421973159928232
139474,0.4999859188821807
139475,0.49632369606164994
139476,0.5825430383114478
139477,0.45714237792631673
139478,0.4846199627742392
139479,0.5444040505003432
139480,0.4899236900542817
139481,0.5043822288670881
139482,0.5076755617474124
139483,0.4943606849719856
139484,0.539506226051504
139485,0.5171735982408399
139486,0.4601553394868014
139487,0.5301554320851918
139488,0.4740910381978779
139489,0.5250401320812594
139490,0.5550291843414895
139491,0.48995689740661885
139492,0.5144514574644358
139493,0.5436589912197405
139494,0.43261689546274734
139495,0.4980690392878098
139496,0.4940021004970352
139497,0.5359848405830159
139498,0.4906313729632556
139499,0.5227649309041004
139500,0.5019520685535107
139501,0.5363397434459888
139502,0.49881255031659694
139503,0.4960166033033054
139504,0.45513272377634806
139505,0.492992455198466
139506,0.4743634071954418
139507,0.49115076003017016
139508,0.5502552489594669
139509,0.5215508880276324
139510,0.5409249872749651
139511,0.5651226923927121
139512,0.5338476547228918
139513,0.4815917234626473
139514,0.5290080543546685
139515,0.48236382545668843
139516,0.4963223908031353
139517,0.5549391094921078
139518,0.48548575424334417
139519,0.49347019338973463
139520,0.4949454452649232
139521,0.536767984513536
139522,0.5460525428214937
139523,0.4940604984286985
139524,0.47903807702656237
139525,0.5847065095288687
139526,0.46403811330325495
139527,0.5571197297854338
139528,0.4636416640323957
139529,0.5365496893634065
139530,0.5125424335278079
139531,0.4760904488750199
139532,0.5180008789366477
139533,0.5410169312660935
139534,0.5336143442414012
139535,0.5535185506740349
139536,0.5590368440589605
139537,0.552525992835623
139538,0.4813630876082413
139539,0.5099910371795902
139540,0.5268832841990958
139541,0.48912851466110585
139542,0.481255800479382
139543,0.5361268224554778
139544,0.5550946777408632
139545,0.4899737090376755
139546,0.5324752462209368
139547,0.5515509558962541
139548,0.5296216859521232
139549,0.49924023302136694
139550,0.5237591005224568
139551,0.553323200922743
139552,0.5455901938315433
139553,0.5321961593994761
139554,0.573685183625467
139555,0.5186816548283348
139556,0.5693702454629868
139557,0.5338409822979086
139558,0.492292708620204
139559,0.5038298374584591
139560,0.5368970887456507
139561,0.48760349626664706
139562,0.49066581104180146
139563,0.5247378419714088
139564,0.5719944263918905
139565,0.5225840473652086
139566,0.5324614254997434
139567,0.5413423161933034
139568,0.542521571660113
139569,0.5199668387786873
139570,0.5141495942147725
139571,0.5500799066423452
139572,0.5142296234319873
139573,0.6124645281609882
139574,0.5168037972719585
139575,0.5174867907492862
139576,0.45243700568368506
139577,0.590926193608138
139578,0.5212715599860819
139579,0.5022415564773837
139580,0.4955899010535303
139581,0.541006154789971
139582,0.5388287765339208
139583,0.5307991706516486
139584,0.5174687299924696
139585,0.5418402412146899
139586,0.5491400372744795
139587,0.5008708615449363
139588,0.4888000254792011
139589,0.5514471578864848
139590,0.5150513007950134
139591,0.5715491923209692
139592,0.49532895708033836
139593,0.46965784626424983
139594,0.537991159723872
139595,0.5606967316309716
139596,0.5566579278236342
139597,0.5277455612587745
139598,0.5067090401175042
139599,0.554495116449976
139600,0.5299161672979849
139601,0.48362659683082315
139602,0.5210339730092977
139603,0.5049984168337475
139604,0.5287096571327053
139605,0.5593031233188049
139606,0.4694129977489191
139607,0.5227867489040914
139608,0.5634784285622814
139609,0.554173328172576
139610,0.5017291718392475
139611,0.5740964532066564
139612,0.4884917740219028
139613,0.49857768591587637
139614,0.532518289315653
139615,0.5729407492181852
139616,0.5216124357860923
139617,0.49966029951879765
139618,0.5376353494899463
139619,0.5423731784626393
139620,0.5563224208418103
139621,0.5657306365284503
139622,0.5164038322593947
139623,0.5178255249426574
139624,0.5096643219589775
139625,0.5399188051766165
139626,0.47294801688428134
139627,0.5289626933171784
139628,0.5606356209364268
139629,0.5669473517624115
139630,0.5484458515282998
139631,0.5504469125686008
139632,0.5188556228681888
139633,0.5335632088517092
139634,0.5572946029310124
139635,0.5209680492490049
139636,0.5054662522166655
139637,0.5027024058193925
139638,0.5172895835750234
139639,0.5118548417051271
139640,0.4603709664925799
139641,0.5309239089062341
139642,0.5478424786137669
139643,0.54576072835832
139644,0.5919604687226029
139645,0.5557083265384299
139646,0.5112318459549324
139647,0.5142311776396223
139648,0.4759985309650071
139649,0.47892822480107533
139650,0.5440449469287727
139651,0.5687870114692252
139652,0.5136958694024985
139653,0.5327179811576036
139654,0.4998202169352687
139655,0.5761020735326051
139656,0.5366810954230472
139657,0.49511991440728653
139658,0.5847433188485108
139659,0.5233543975831514
139660,0.5161445871317707
139661,0.5072078728928244
139662,0.49066030873156546
139663,0.5266582771337647
139664,0.501337930017769
139665,0.5058569167793594
139666,0.5724633792096918
139667,0.5437519763643789
139668,0.49049436883345404
139669,0.5569140028586175
139670,0.4710228001267777
139671,0.5116842074413054
139672,0.5664132902749267
139673,0.5482330335038651
139674,0.49380636704722314
139675,0.5515786906532302
139676,0.5442659359994519
139677,0.5100147591373559
139678,0.5505039772202065
139679,0.538910823020556
139680,0.5116584695881353
139681,0.5600115527079618
139682,0.5243000019309644
139683,0.5206289109747456
139684,0.5626961334335737
139685,0.48465715785133556
139686,0.4609393806402644
139687,0.584888885115705
139688,0.5494063356115125
139689,0.49549906735382876
139690,0.5202788344079275
139691,0.5736746463988694
139692,0.5364878462595967
139693,0.5166365840859213
139694,0.46269539443654506
139695,0.5042436230528399
139696,0.5127201303460979
139697,0.5463920775683626
139698,0.5273821991561922
139699,0.5481049356888629
139700,0.5643880119340889
139701,0.5750546829426166
139702,0.5196270640420955
139703,0.5300519489934001
139704,0.5422861277898469
139705,0.5019567480511843
139706,0.4985363623747049
139707,0.54025562359561
139708,0.45628076250100397
139709,0.5560788956479845
139710,0.5421652155085643
139711,0.47030594013042776
139712,0.5153377597841096
139713,0.4999697457527238
139714,0.5259094115096234
139715,0.5362549615935229
139716,0.5577030163228643
139717,0.5193027723562395
139718,0.4633470876411224
139719,0.5674873076394998
139720,0.5177391605690058
139721,0.5161058765444856
139722,0.47458473530509226
139723,0.5182406710459172
139724,0.5360754743450531
139725,0.5879444574075906
139726,0.5006139512704342
139727,0.5163631126287485
139728,0.5486704916118462
139729,0.4965327571138559
139730,0.5118893872967339
139731,0.5397369391901161
139732,0.5059508321929563
139733,0.513684888991948
139734,0.515612895491646
139735,0.5090094073667399
139736,0.5121302166917421
139737,0.48054192660770767
139738,0.5134913330972029
139739,0.48908293567090577
139740,0.5580058663706005
139741,0.549002920926967
139742,0.5474125598037978
139743,0.5164929118628848
139744,0.5398524869595939
139745,0.5218039812392885
139746,0.4885614896261693
139747,0.575723554014845
139748,0.4884523124840241
139749,0.4702039033729415
139750,0.588343542045653
139751,0.4539090412876062
139752,0.5114374138283313
139753,0.5140207015462293
139754,0.47976207297451956
139755,0.47338281023596174
139756,0.515247018646947
139757,0.482977364029489
139758,0.504185498439429
139759,0.5518029515481204
139760,0.5047512571708085
139761,0.48779565720155266
139762,0.5517893914825318
139763,0.46773186161356883
139764,0.4878839220825478
139765,0.46533411773145694
139766,0.49291127611826047
139767,0.5326477360153969
139768,0.5004884678002586
139769,0.5481967717754445
139770,0.49776230876092675
139771,0.5083794819253125
139772,0.5322159680055112
139773,0.5673080557519581
139774,0.5088222257561891
139775,0.4367713439774891
139776,0.49242050496403345
139777,0.5542385654413273
139778,0.5331720485405236
139779,0.5028470990361497
139780,0.5441958755585281
139781,0.5103526022735885
139782,0.4740061330947952
139783,0.5287916167801291
139784,0.5262491044815664
139785,0.514333017198499
139786,0.5323735150517475
139787,0.5173198453682697
139788,0.5387821781311632
139789,0.47252905493601016
139790,0.5520504375996511
139791,0.4912631378879684
139792,0.5064090166437892
139793,0.4840532211769056
139794,0.5097637301742411
139795,0.534239860824799
139796,0.5317186405372613
139797,0.514554964601433
139798,0.5222360656228958
139799,0.5525969097387478
139800,0.5698150041600285
139801,0.5359162809449824
139802,0.508409663716481
139803,0.517343928407952
139804,0.46418066696677324
139805,0.5306459055721767
139806,0.5245555477409763
139807,0.5538934594487497
139808,0.5171618062677611
139809,0.4955558924745809
139810,0.5110167808821088
139811,0.47242934732611547
139812,0.5019427912097384
139813,0.488380434335249
139814,0.43073893392142315
139815,0.5262716560467485
139816,0.5097610390908387
139817,0.5194741686809681
139818,0.5098127555263637
139819,0.48152875215763824
139820,0.5062040666674974
139821,0.4953310300520109
139822,0.5282711386344977
139823,0.5351696055849657
139824,0.45741167131637034
139825,0.5058262412043835
139826,0.523786680522098
139827,0.4757989430413925
139828,0.46807979635592745
139829,0.5362843293005841
139830,0.45491043189246894
139831,0.5263643111449141
139832,0.5291949991646194
139833,0.47644324808621447
139834,0.4842836285907124
139835,0.526623764456334
139836,0.5008246384217959
139837,0.4683372465625176
139838,0.5169237626550918
139839,0.4688995967807187
139840,0.5216848453030146
139841,0.5565296212530806
139842,0.48561324866827577
139843,0.513594384987064
139844,0.46404583641346586
139845,0.5162581495246013
139846,0.46164163268658764
139847,0.5236140725788329
139848,0.4758597572987891
139849,0.4855369230937185
139850,0.5042850291398817
139851,0.4683028082860051
139852,0.5385382800357348
139853,0.47338386119977105
139854,0.5137565775444013
139855,0.5117538911939046
139856,0.5170216755058096
139857,0.4952912165891174
139858,0.48868028217432063
139859,0.5099373627459299
139860,0.5324004281957193
139861,0.5416410565359073
139862,0.4766599898526912
139863,0.49061580271152094
139864,0.4999453299011145
139865,0.5375383741170919
139866,0.5222107891821864
139867,0.4601663306872258
139868,0.5227428448485033
139869,0.5406505309909295
139870,0.42989256991467856
139871,0.4814511355802856
139872,0.44444075682879547
139873,0.49973075562806163
139874,0.5230808830461567
139875,0.4783723172784092
139876,0.5065776411736599
139877,0.4945211728521514
139878,0.5094297091874256
139879,0.5033307321900063
139880,0.5199672712307195
139881,0.4996522748853569
139882,0.474549752516121
139883,0.46810457060878347
139884,0.5147853550117536
139885,0.5548687623475986
139886,0.5061790684207783
139887,0.4806007675018237
139888,0.5342187860183182
139889,0.4969898260833758
139890,0.47249767915393787
139891,0.5093335527825597
139892,0.49363701051528647
139893,0.5112541782771403
139894,0.48688432623390554
139895,0.5280571939564518
139896,0.46858215046461094
139897,0.4977501208552599
139898,0.47340209620828705
139899,0.5117742567949649
139900,0.4958960595216097
139901,0.499109984413716
139902,0.4768468501529002
139903,0.45500617599193366
139904,0.5527516550541007
139905,0.5217719599328968
139906,0.4809297522042847
139907,0.4660387502310193
139908,0.47358416257420033
139909,0.499193801619454
139910,0.4505678590370798
139911,0.47937390196779567
139912,0.4613273198726069
139913,0.5127287256964993
139914,0.4928433931456618
139915,0.45805957853089796
139916,0.44312667559162794
139917,0.49473108687937356
139918,0.44695764027914536
139919,0.47019329593814396
139920,0.48178193681099335
139921,0.45153216300389043
139922,0.48064287870547795
139923,0.47836238778470913
139924,0.5137474287366662
139925,0.5028820002773176
139926,0.45554450634484334
139927,0.4760263664142614
139928,0.41622039242981285
139929,0.43060217923285343
139930,0.47428796847064236
139931,0.4158392210324754
139932,0.4324111656500085
139933,0.44684164366676665
139934,0.4521484641418607
139935,0.46484655247803036
139936,0.5465089316367502
139937,0.47839635908802014
139938,0.4461002664423908
139939,0.47010476882913954
139940,0.4238522643533338
139941,0.48790686565282315
139942,0.5385335839198181
139943,0.43917739315600185
139944,0.44822336331373264
139945,0.5104295435910037
139946,0.525616458409314
139947,0.47718986587950024
139948,0.4473331609876569
139949,0.4918898220873595
139950,0.45324973599456975
139951,0.4917514419673842
139952,0.5058110882179152
139953,0.45513496414482746
139954,0.44297499162076026
139955,0.513202026986029
139956,0.47123219509784386
139957,0.493842697241154
139958,0.5140656850534413
139959,0.5134968840778689
139960,0.4634141962655775
139961,0.45865645559969853
139962,0.45123901849178394
139963,0.4965578432466072
139964,0.4577496114049361
139965,0.461089440310659
139966,0.4591245597164981
139967,0.46735235123559593
139968,0.4589428933203498
139969,0.47574763424895067
139970,0.5159317652546911
139971,0.4437843576416369
139972,0.4787298683076527
139973,0.4866058565958672
139974,0.47291720644885676
139975,0.44925630159850105
139976,0.4386155349693386
139977,0.4354443600361002
139978,0.45409307878706073
139979,0.39921463429550214
139980,0.44305458908483686
139981,0.46669670272099156
139982,0.4493132097987589
139983,0.43550887055470877
139984,0.41566673566901435
139985,0.4571869847681533
139986,0.4716020506286383
139987,0.4491270259332667
139988,0.4343473933421348
139989,0.46556989508076096
139990,0.4334915889087174
139991,0.4306342711737623
139992,0.46140870505955933
139993,0.5071296964402509
139994,0.4828169671895981
139995,0.47780620791744
139996,0.47827854708935685
139997,0.4296531400146366
139998,0.45810192854713694
139999,0.46669389105300824
140000,0.5084329881984535
140001,0.45421524580791234
140002,0.463154682584799
140003,0.5431751450590352
140004,0.4722705360244358
140005,0.40149881392147085
140006,0.4385757660466075
140007,0.5191529366360272
140008,0.4907736450767989
140009,0.43311625531160747
140010,0.42701629622781845
140011,0.4742960022178448
140012,0.4670806306354504
140013,0.5419313691541745
140014,0.47812311662469975
140015,0.39734327601003466
140016,0.48148197087234246
140017,0.4789393053025915
140018,0.5028740694517474
140019,0.45438582562010577
140020,0.41171699080698104
140021,0.4372725929831082
140022,0.437073082552688
140023,0.418000008547353
140024,0.4768592010697565
140025,0.41883882701944264
140026,0.4535159111239314
140027,0.4427119501991135
140028,0.44023560595158245
140029,0.4586703663382871
140030,0.3941892804632838
140031,0.40939656249024003
140032,0.43146785112151936
140033,0.45886235848809515
140034,0.4639428815004784
140035,0.4721246492025865
140036,0.4015584301762847
140037,0.4223196989621593
140038,0.42821054075828596
140039,0.44469651106096036
140040,0.40075755786358797
140041,0.41550625328129726
140042,0.40361400176229273
140043,0.41094778074568544
140044,0.44980752600501817
140045,0.44224319861265937
140046,0.458055850297152
140047,0.41450104148817796
140048,0.43287611936396997
140049,0.4422891288321677
140050,0.4499622671002274
140051,0.4890227062840734
140052,0.4778699644899076
140053,0.40138086044206844
140054,0.44752071491071016
140055,0.43944106248130743
140056,0.5047418844023959
140057,0.40928857322547063
140058,0.4573987162111924
140059,0.42042487781695526
140060,0.42882172961211573
140061,0.4433059427932945
140062,0.4045026617374874
140063,0.37872965105080125
140064,0.5035839803391736
140065,0.42790259945455666
140066,0.445064307823181
140067,0.45327734000454983
140068,0.4228840446308469
140069,0.4212646221483196
140070,0.4029873613774071
140071,0.45231928942670213
140072,0.4445654608643695
140073,0.39257205742770496
140074,0.4541361749594163
140075,0.4126728910793673
140076,0.44779263497417315
140077,0.41198308762372043
140078,0.3920070005563382
140079,0.41432940964466963
140080,0.4632826025895951
140081,0.3638187663400809
140082,0.38817678380293535
140083,0.452686821608891
140084,0.4352650693249089
140085,0.47453450039129286
140086,0.4229490988054483
140087,0.45480378103344227
140088,0.4275150817833899
140089,0.39401625776260296
140090,0.42883676161668616
140091,0.3640708858866341
140092,0.5062906162699223
140093,0.4014532080732809
140094,0.42284983184945446
140095,0.437044121143966
140096,0.44981846544482373
140097,0.43819946140380084
140098,0.41912197554515696
140099,0.42374416952742483
140100,0.44955931228520735
140101,0.4872449666180116
140102,0.4135848185845417
140103,0.45509311544262554
140104,0.4948200181654398
140105,0.41643177060788517
140106,0.4053360418096511
140107,0.47073227015195246
140108,0.43774961087112474
140109,0.4130870533828599
140110,0.4351322751499095
140111,0.4301260735429562
140112,0.36689849123140406
140113,0.4198854418848416
140114,0.3901385566253244
140115,0.39754738303427783
140116,0.3899200414977444
140117,0.3979287758169934
140118,0.4648050631097291
140119,0.4054311810143268
140120,0.408382085214894
140121,0.4237584704551653
140122,0.44236617991432586
140123,0.4299700133006988
140124,0.44398649740939655
140125,0.4327961923230966
140126,0.3954503961574995
140127,0.42843649988211124
140128,0.40813884408803913
140129,0.3842170022608128
140130,0.4251731380342407
140131,0.4268357086901905
140132,0.37582330139366327
140133,0.41754039683999916
140134,0.4239532576386528
140135,0.4115416558925602
140136,0.37755851727199197
140137,0.415575369443915
140138,0.45960204073158745
140139,0.42494982668879266
140140,0.3783013227440404
140141,0.4870707479338321
140142,0.4134281731942677
140143,0.4378696393830763
140144,0.42778410932957023
140145,0.44787083102685993
140146,0.4304499860596489
140147,0.41182395340914796
140148,0.4169828258539994
140149,0.46451474380899255
140150,0.3833413994959292
140151,0.4222997939755529
140152,0.4498444577277041
140153,0.3993136735268156
140154,0.4239034337260967
140155,0.42691506300257154
140156,0.4024301341785612
140157,0.4026088128250369
140158,0.4012490494753538
140159,0.4271757951556221
140160,0.42113182020391327
140161,0.3953944619372077
140162,0.41472071727646215
140163,0.4467720394262201
140164,0.39531021180497833
140165,0.4338612798552588
140166,0.4816613433281344
140167,0.4156812816948465
140168,0.4075166166297302
140169,0.4260888892286901
140170,0.34669274859954496
140171,0.426694758665779
140172,0.4271239246002535
140173,0.4003023393428368
140174,0.44776999095789244
140175,0.44594458270134385
140176,0.37693897163629225
140177,0.44885224971133414
140178,0.37721528570116514
140179,0.40687341720630366
140180,0.4622418139472449
140181,0.42338728911037765
140182,0.40328196509807906
140183,0.43789291584661605
140184,0.39743285573614334
140185,0.4350859728348826
140186,0.3952475224374268
140187,0.43987413822271215
140188,0.390500563429758
140189,0.379236007543703
140190,0.4154623521450135
140191,0.4474522204968973
140192,0.42572307097147166
140193,0.3866742305934426
140194,0.4637597660634033
140195,0.4399856705781468
140196,0.4271248199669343
140197,0.35730002113799236
140198,0.3458396572236389
140199,0.3857335108679553
140200,0.400378019157548
140201,0.39704578081578595
140202,0.3658397526870922
140203,0.4263320454921178
140204,0.44654876185494585
140205,0.3739204377909883
140206,0.4222460003479671
140207,0.4536103331684852
140208,0.4321389294058272
140209,0.42306047984443157
140210,0.46715652733789714
140211,0.4087526990183853
140212,0.35009124271914405
140213,0.38915014085981503
140214,0.421151380731957
140215,0.3848934447256145
140216,0.3762818316333666
140217,0.43060401010696225
140218,0.408801678496451
140219,0.4029224244108146
140220,0.4542163753314429
140221,0.4062005884202218
140222,0.40495246688784625
140223,0.42420742129178735
140224,0.36917560387948545
140225,0.4092817992462891
140226,0.4029131985981904
140227,0.36129240278477265
140228,0.4165597771818676
140229,0.3854896945473178
140230,0.41510284743951964
140231,0.39749596543090376
140232,0.40237015706997015
140233,0.36469743304022173
140234,0.3869598980976773
140235,0.4323517975661431
140236,0.32749848425408556
140237,0.3698377811952892
140238,0.41035426460938673
140239,0.4505406970696506
140240,0.38867760325538236
140241,0.3916874053784484
140242,0.40275609615084695
140243,0.4311760447541997
140244,0.33941143300640125
140245,0.39858555180943606
140246,0.35813792596338134
140247,0.3606545497930033
140248,0.43835495072908415
140249,0.3519061336942088
140250,0.3323132645584602
140251,0.3737864187326111
140252,0.3333882927466541
140253,0.3785072164976167
140254,0.4075637959552436
140255,0.3862474470952208
140256,0.4306203480525666
140257,0.375901163688093
140258,0.3368116207788502
140259,0.3391939234277226
140260,0.3729865328008894
140261,0.38148210852169556
140262,0.3711319681752485
140263,0.31052660256840764
140264,0.3868471065747064
140265,0.3977516606714541
140266,0.3838364864318453
140267,0.3533845017407298
140268,0.4256633442460691
140269,0.35879925247428895
140270,0.3982447625673775
140271,0.44327697061126153
140272,0.35481735277394705
140273,0.41756196341220597
140274,0.38153371825876653
140275,0.362213727656024
140276,0.39093609436650395
140277,0.3848018854940017
140278,0.3864181695570473
140279,0.4068102930486192
140280,0.39001810489548006
140281,0.423525312347722
140282,0.3647878577514792
140283,0.3665201066992764
140284,0.4054090901150474
140285,0.40972335027643125
140286,0.4073640261270277
140287,0.37289653305764453
140288,0.39706605284081825
140289,0.3930494519517058
140290,0.35954613509854316
140291,0.3813000138836611
140292,0.37861948923981203
140293,0.36084777149401953
140294,0.36189919130631887
140295,0.412638256724586
140296,0.43242065842269656
140297,0.3674592224686574
140298,0.43101582776014624
140299,0.416076501073502
140300,0.3696226120963189
140301,0.39305252715545097
140302,0.4233993107244535
140303,0.3685612849970389
140304,0.42446869353707467
140305,0.4032402665069746
140306,0.3119891962779535
140307,0.3620625224021686
140308,0.38503355143677476
140309,0.36764232057451185
140310,0.4000492853572822
140311,0.3580393950013956
140312,0.3857878843378409
140313,0.41766861224743534
140314,0.3522313660781675
140315,0.3377292618247435
140316,0.3481923516806151
140317,0.375510805955467
140318,0.4125800854367204
140319,0.38166446070088605
140320,0.37751104463872276
140321,0.3384742562434468
140322,0.32594313956259474
140323,0.381400541695366
140324,0.3433112726345033
140325,0.3112651001547556
140326,0.3690989868261538
140327,0.3589722559555036
140328,0.329860443028667
140329,0.4270805913843886
140330,0.3789858757545775
140331,0.36059398051990704
140332,0.3285907926785625
140333,0.4022494699722741
140334,0.3331381022685451
140335,0.3756358299861832
140336,0.3841342582758511
140337,0.4014765284848225
140338,0.416467107243844
140339,0.37078063476599105
140340,0.3981445288982241
140341,0.4308296902303784
140342,0.36667908621045375
140343,0.3270921303961941
140344,0.414499282906305
140345,0.361347620592557
140346,0.38046701824702545
140347,0.34119478015734994
140348,0.4032319376376846
140349,0.39586378313188636
140350,0.3519780534687375
140351,0.4031789831727785
140352,0.38975565391428074
140353,0.3592679322591177
140354,0.3252549607626113
140355,0.39999490728238185
140356,0.34179025539804725
140357,0.38260682595842854
140358,0.3954918362283373
140359,0.3962866674991504
140360,0.37328951607152755
140361,0.3715586121095174
140362,0.4100731478691043
140363,0.401185213735907
140364,0.3820830675438052
140365,0.3772868730087094
140366,0.39714532822739923
140367,0.3468098722105822
140368,0.3334765524867066
140369,0.35936454736062223
140370,0.3740468890041477
140371,0.3194060529248008
140372,0.3427958302989199
140373,0.4048967116183597
140374,0.3644081734682449
140375,0.37625214505076965
140376,0.3464079805493105
140377,0.4021654996977239
140378,0.38765204380981305
140379,0.3587776786429295
140380,0.32623276399696466
140381,0.3412542169601223
140382,0.39191809226468177
140383,0.3687303117283953
140384,0.3444310089651834
140385,0.296027995621541
140386,0.3461202482661383
140387,0.359920678167045
140388,0.3288879041698396
140389,0.3452746797689102
140390,0.35192548499989407
140391,0.3065440742969476
140392,0.3836552554415852
140393,0.36237331449440696
140394,0.3456436187259674
140395,0.3435235670989241
140396,0.3204153995298842
140397,0.3418464363234154
140398,0.3091391834573868
140399,0.32075759679291976
140400,0.40296151221520426
140401,0.3857401185651839
140402,0.3642066998219673
140403,0.41367295724534925
140404,0.34704925805647197
140405,0.3431289269710936
140406,0.3447094712935431
140407,0.30952018915485147
140408,0.3356880097992617
140409,0.30630264101637805
140410,0.3308463513121267
140411,0.373756222553866
140412,0.3295324059972893
140413,0.36186355021052696
140414,0.3609168002346089
140415,0.3728180687052207
140416,0.39349751179893644
140417,0.35780230383369244
140418,0.3259205477249625
140419,0.3714155954592719
140420,0.3282598604649423
140421,0.37566528592751797
140422,0.3676381319512231
140423,0.33704374479362864
140424,0.33405236817920153
140425,0.32629027064853955
140426,0.3653349698980406
140427,0.3301027429968034
140428,0.360329722941687
140429,0.328396076631601
140430,0.3549265461301555
140431,0.36169206112275126
140432,0.3404127441217401
140433,0.35784661316984884
140434,0.35779334481879566
140435,0.3290854496781544
140436,0.3328865109016956
140437,0.3569296316611662
140438,0.34248127505117604
140439,0.3406067461352754
140440,0.35920060217978966
140441,0.3568325367081707
140442,0.30389404515276675
140443,0.3039150470397462
140444,0.33242957815067753
140445,0.3046617078631412
140446,0.34908391096732266
140447,0.35874423997413535
140448,0.3846910907508298
140449,0.327488628943959
140450,0.3772764885936881
140451,0.361355307764797
140452,0.34039799747037036
140453,0.2535514506492105
140454,0.2880818476276337
140455,0.42198255682883007
140456,0.32104126962349633
140457,0.3865946716319508
140458,0.4051784199145526
140459,0.37158023625094466
140460,0.3436733984703682
140461,0.3013265355633347
140462,0.38395445596553435
140463,0.3466387751174863
140464,0.3443345038609766
140465,0.29416161922687434
140466,0.3483795054809307
140467,0.3464737288474281
140468,0.3075952388621585
140469,0.38383190856128024
140470,0.3877979326315091
140471,0.3233762336010296
140472,0.3278032289579687
140473,0.2929887307530931
140474,0.31087003672536234
140475,0.3634121066150887
140476,0.3741849760430126
140477,0.34662030505000196
140478,0.3254976925126979
140479,0.32938413112869935
140480,0.3388614775251942
140481,0.2997283791102014
140482,0.3317262751208096
140483,0.32403702349891883
140484,0.3646550041680516
140485,0.37161623368895763
140486,0.3391471798524298
140487,0.335506610375435
140488,0.3710761568701314
140489,0.2970277243265433
140490,0.3358313945973539
140491,0.34594073944199244
140492,0.33069939931398706
140493,0.325293378987503
140494,0.29000089547042773
140495,0.3621361983344195
140496,0.317859139581468
140497,0.30753171955628006
140498,0.30572261945143686
140499,0.36437023505130917
140500,0.36647385252655307
140501,0.3019171831518189
140502,0.31966148498788544
140503,0.29809845183067674
140504,0.30060154015504126
140505,0.3205067187638305
140506,0.33152672511525166
140507,0.3545862764037116
140508,0.3516719795156712
140509,0.3291703863438359
140510,0.2598184715988383
140511,0.3295274580256781
140512,0.40321383804479666
140513,0.37444893161820847
140514,0.42973745271636565
140515,0.33568059771104264
140516,0.30584265733414057
140517,0.3180607719323507
140518,0.3607644944339273
140519,0.3281787922744373
140520,0.335479482662023
140521,0.3342775470180756
140522,0.33513256777718714
140523,0.35849940776277434
140524,0.2648938696289072
140525,0.32941983751275666
140526,0.35104317041946714
140527,0.2824833204315641
140528,0.29983747010956224
140529,0.32801980834849004
140530,0.31879600439346695
140531,0.31342156007759714
140532,0.275221972166366
140533,0.3685209646326753
140534,0.3299739608538934
140535,0.3088287811465525
140536,0.3419810385581182
140537,0.30500007733563483
140538,0.35719095764092396
140539,0.3125246933093252
140540,0.31568057768028845
140541,0.3161443020511266
140542,0.3034262587348737
140543,0.3613043324288537
140544,0.36435697558835045
140545,0.36139157541825184
140546,0.3123936613959295
140547,0.2961407552022966
140548,0.3019958850831272
140549,0.3296756212813358
140550,0.29493035234594606
140551,0.34082565996646436
140552,0.2650545215669947
140553,0.3881152960010987
140554,0.3222011364711686
140555,0.2840641379714234
140556,0.30411729147828237
140557,0.3301121431203571
140558,0.31236445742232993
140559,0.30155146663102145
140560,0.27334784384875876
140561,0.3407416380209172
140562,0.29945563851218604
140563,0.2633752744307276
140564,0.27914199260128636
140565,0.29741811934310647
140566,0.3142135796421903
140567,0.310350458055894
140568,0.2488970281000385
140569,0.3369552431488687
140570,0.34535773280610366
140571,0.30225155284609717
140572,0.34460532526607374
140573,0.2899103556960338
140574,0.30149333532529093
140575,0.3381505927314951
140576,0.32842109952716847
140577,0.33056569915105705
140578,0.34501759787575
140579,0.3609509816142795
140580,0.2966149684967538
140581,0.34990100430966936
140582,0.31550336854605265
140583,0.30242593963390696
140584,0.32835587806337857
140585,0.30797485959734167
140586,0.3750459642115602
140587,0.3957889281370557
140588,0.2984387975691675
140589,0.30589732253391994
140590,0.32043188560826275
140591,0.3227005535063973
140592,0.36148849120351545
140593,0.2949225873896215
140594,0.34636478427653555
140595,0.3108716562210006
140596,0.27066966635671674
140597,0.3196171423905796
140598,0.3162727573739911
140599,0.25081521329603207
140600,0.3674940910073785
140601,0.27377212908717863
140602,0.2971993900656082
140603,0.28910695664004926
140604,0.288337157304281
140605,0.32866336303665866
140606,0.300985314881597
140607,0.30602401558871745
140608,0.2737115420552409
140609,0.30314609959090566
140610,0.30801842115634626
140611,0.3369601575641201
140612,0.3464471284370886
140613,0.347186449314571
140614,0.25665840878807034
140615,0.3081927157724674
140616,0.3070948332914426
140617,0.2845205103275308
140618,0.3317862853422216
140619,0.3152212760058022
140620,0.31710700335243686
140621,0.29066475687026333
140622,0.30411531731122665
140623,0.3181068120915685
140624,0.2865215873610022
140625,0.3508526194031075
140626,0.3038595275973246
140627,0.33433964113782044
140628,0.29311433142511173
140629,0.29735579055869615
140630,0.30790879499311957
140631,0.29922375376228116
140632,0.23398746067045076
140633,0.3299646702915622
140634,0.32446455936688534
140635,0.2581588055673772
140636,0.3371776361222101
140637,0.3079074710563328
140638,0.2903194096843934
140639,0.3554218894959765
140640,0.2894365337850473
140641,0.231347872521164
140642,0.3075415533203503
140643,0.31268271113315893
140644,0.2763621560646276
140645,0.3452375037580079
140646,0.33592862535105367
140647,0.23284337004927302
140648,0.3103433166240538
140649,0.3271555595517646
140650,0.3044210404934944
140651,0.26665053591455895
140652,0.29204246601501976
140653,0.281955976605698
140654,0.3116459890880355
140655,0.28615454846497396
140656,0.32258569336361637
140657,0.3115148767404102
140658,0.2535359630097681
140659,0.2963757737791902
140660,0.2674591024242554
140661,0.3183528368761338
140662,0.28119900271166753
140663,0.2997163980887296
140664,0.2725555947502257
140665,0.2776373729934879
140666,0.2568463383330157
140667,0.31100511567810335
140668,0.2533860219191476
140669,0.24269112238054233
140670,0.35588392484717235
140671,0.26727412737089834
140672,0.2860667588294731
140673,0.2979925149043575
140674,0.2798370364242422
140675,0.29673636331924624
140676,0.2694251739709462
140677,0.2903121339606181
140678,0.23926856591610998
140679,0.28727983528008266
140680,0.25674224318951017
140681,0.2763405681209916
140682,0.303586656096526
140683,0.27625177566499604
140684,0.32186128516298657
140685,0.3359023634720567
140686,0.2899191691249378
140687,0.30032832619028665
140688,0.3393958734646502
140689,0.21115436202554844
140690,0.30145436607177983
140691,0.2761371913194793
140692,0.318182943393824
140693,0.28646968921165095
140694,0.27191483039898584
140695,0.3230439922651918
140696,0.30092927990097335
140697,0.2985974481251939
140698,0.3094458275380582
140699,0.31180089077708023
140700,0.27867866226727367
140701,0.24579721594053025
140702,0.3014254812518229
140703,0.28759349856078703
140704,0.30687081795316606
140705,0.33870944644443834
140706,0.32995651720651076
140707,0.26212086811490937
140708,0.282571658926958
140709,0.3019270412099148
140710,0.33070463252908355
140711,0.354856894030046
140712,0.25733170403328876
140713,0.2937674197749213
140714,0.32328469827479817
140715,0.33116343277446714
140716,0.26893033901059876
140717,0.2956820615246457
140718,0.23548773893668504
140719,0.30514197030414825
140720,0.2968330253267795
140721,0.29424597550337206
140722,0.25657739967833676
140723,0.30135507504144377
140724,0.25882459554720216
140725,0.2593374514792293
140726,0.2970745894434478
140727,0.2892796085767754
140728,0.28617676011174303
140729,0.3050674160869608
140730,0.3539667465223556
140731,0.34219529321185177
140732,0.2580518568809971
140733,0.32963304086047984
140734,0.2766887988252696
140735,0.32251786903467866
140736,0.24323457733210677
140737,0.2622018589161845
140738,0.31317781043215503
140739,0.30822257650100016
140740,0.27057337812156895
140741,0.2418374405100488
140742,0.2568648082480726
140743,0.3175492060928168
140744,0.2980821398804102
140745,0.29989910159148586
140746,0.2533239684783354
140747,0.32716711679163585
140748,0.30367591839328767
140749,0.2399114501443594
140750,0.294000759806648
140751,0.28919131291278294
140752,0.26824632969610523
140753,0.2548479789305539
140754,0.2883082474128592
140755,0.2761881132148225
140756,0.2746803842866685
140757,0.3408745212776023
140758,0.27320403077712885
140759,0.3114408438680851
140760,0.34969853971066384
140761,0.31961902894990973
140762,0.30729421073279795
140763,0.3095397294795065
140764,0.27840739260432656
140765,0.2963170443556445
140766,0.311676389833744
140767,0.27957050113488346
140768,0.26937689136101733
140769,0.2507574390305932
140770,0.24232594673710883
140771,0.31690717703243454
140772,0.31394824984451725
140773,0.2726885795312532
140774,0.3521416597378793
140775,0.2862059031168631
140776,0.26296945007112943
140777,0.2855851078827211
140778,0.28204872791683044
140779,0.3143092275436766
140780,0.30747258282031315
140781,0.2685533191345733
140782,0.27082059576137557
140783,0.2679794760519272
140784,0.2506677646126627
140785,0.2926079393469497
140786,0.2765375303825146
140787,0.2716979220580148
140788,0.27092538298242785
140789,0.27833208081814814
140790,0.3034540111314606
140791,0.282200144915005
140792,0.2596011918503324
140793,0.2698186069705275
140794,0.2783661349281491
140795,0.28796435137773946
140796,0.271816944659406
140797,0.2871447672354527
140798,0.2737855691390995
140799,0.3155544048176421
140800,0.2719660194609902
140801,0.27853613024232865
140802,0.2816012950735104
140803,0.30113849394428005
140804,0.24261860623907308
140805,0.24980354871363863
140806,0.2849870147371908
140807,0.25583654857463145
140808,0.2707675172312927
140809,0.2695486722221653
140810,0.3115414153003376
140811,0.28250936305485636
140812,0.25190307484507857
140813,0.253097155178844
140814,0.25877817265328884
140815,0.2618375073775913
140816,0.23576179343126302
140817,0.27271093753849995
140818,0.22794816302542797
140819,0.23824398149807335
140820,0.2681969828060498
140821,0.19716039566455953
140822,0.2917240023164532
140823,0.2851319840938353
140824,0.3075088245818654
140825,0.24628458244423437
140826,0.2620465024413932
140827,0.2446015767838124
140828,0.21725941982090366
140829,0.2423188566204839
140830,0.25372959112581916
140831,0.3074633576572079
140832,0.26875028414668617
140833,0.23781234645298838
140834,0.26111426827814777
140835,0.2386646789925846
140836,0.2819882461877312
140837,0.2873266208891099
140838,0.28962225230537125
140839,0.219711917478003
140840,0.286071559482661
140841,0.29458822669915974
140842,0.2870069007011271
140843,0.29235352084413213
140844,0.25984578425860877
140845,0.2843918437941343
140846,0.26734505676361403
140847,0.2622421230443536
140848,0.21372377898197256
140849,0.2565215345602014
140850,0.22745203669166214
140851,0.2429204493290874
140852,0.20796138691831517
140853,0.26019030724509085
140854,0.25388693299956683
140855,0.2846452522429417
140856,0.23353857037177275
140857,0.23304243072653053
140858,0.24296175353257723
140859,0.2515368007069794
140860,0.35113322190657753
140861,0.2163381388218454
140862,0.2972032541459343
140863,0.3102050434540965
140864,0.31135210582478456
140865,0.24387327403238532
140866,0.25245516411942465
140867,0.3048392265589707
140868,0.2631804146663309
140869,0.29612343237173655
140870,0.30387646416048225
140871,0.28401463381602277
140872,0.26572144695813704
140873,0.25994243224998026
140874,0.25717479134689725
140875,0.29135654353946944
140876,0.23147686042061555
140877,0.26927087581785725
140878,0.20686672998990194
140879,0.2413237802874881
140880,0.24296943621947062
140881,0.2586732100843269
140882,0.22423953833084076
140883,0.2830005435687053
140884,0.21088350400457312
140885,0.23968559179185034
140886,0.2523182992789673
140887,0.2354570013944078
140888,0.28761795733904477
140889,0.2784106665068168
140890,0.228204154270896
140891,0.31713917379230366
140892,0.2635646540559437
140893,0.26671717929099303
140894,0.26442961126687964
140895,0.260477648936433
140896,0.2604164064797797
140897,0.2774942045364602
140898,0.27037990877380264
140899,0.23487086836026522
140900,0.24432510078754033
140901,0.290949724956095
140902,0.3031913865517844
140903,0.20400107935385206
140904,0.33633953185031024
140905,0.2510454771420035
140906,0.29615780596816804
140907,0.2769741058384016
140908,0.2734091564976627
140909,0.29409786717795616
140910,0.20179117718352785
140911,0.2656357078991099
140912,0.2896773203473266
140913,0.27602738391443604
140914,0.28187635046485676
140915,0.21725275151991627
140916,0.21847033810110356
140917,0.28788422111636
140918,0.23735740326868537
140919,0.25075497852500905
140920,0.3126981298913815
140921,0.31540931376365805
140922,0.2717693643160881
140923,0.20555220440713884
140924,0.2814531487941634
140925,0.2742178603917202
140926,0.20637255223530182
140927,0.228644866729223
140928,0.247524965822253
140929,0.2490002437603523
140930,0.25565845940495724
140931,0.22477997412346687
140932,0.26395140892165625
140933,0.27927720258026245
140934,0.22982868702279083
140935,0.21603189689127386
140936,0.24612861593633875
140937,0.2632460961217813
140938,0.27449146366414034
140939,0.25136366490861634
140940,0.34307071176708026
140941,0.24482533354979633
140942,0.21102159691651767
140943,0.2841851213284353
140944,0.24672128098140933
140945,0.2645571356640403
140946,0.26226090123645335
140947,0.2050561975245144
140948,0.22511496677929207
140949,0.25929562935213885
140950,0.2488227289546418
140951,0.25579241190861896
140952,0.27244231365897276
140953,0.27170823830765317
140954,0.2624726477483464
140955,0.22288206179983933
140956,0.22152821536586073
140957,0.18119753821844173
140958,0.24671607900450243
140959,0.2994313869784515
140960,0.24265767577719877
140961,0.26496349962774235
140962,0.237849701592052
140963,0.2428531811474017
140964,0.23000966541815665
140965,0.31865493190150157
140966,0.2537738258897193
140967,0.23337753975597336
140968,0.26322567167465416
140969,0.27244025468941085
140970,0.26074387029171614
140971,0.28610003013593627
140972,0.25951119508526654
140973,0.2439526500374434
140974,0.2579872834180013
140975,0.24923121050251687
140976,0.264421132547526
140977,0.2399672311307932
140978,0.23617680587792464
140979,0.30380516032135235
140980,0.223581239961115
140981,0.211676167456032
140982,0.22022215063033282
140983,0.20355127858810443
140984,0.21220195081418425
140985,0.18841229827052952
140986,0.23718971275350648
140987,0.26134646366897435
140988,0.27963844960208417
140989,0.29850642634580354
140990,0.19941616348701707
140991,0.289068271279378
140992,0.22455291727191903
140993,0.19307018839990203
140994,0.25601591447281713
140995,0.22348311942123267
140996,0.21756464190714897
140997,0.29511169585185687
140998,0.26460344528293933
140999,0.2262694102210641
141000,0.19325183750191427
141001,0.26658459674964247
141002,0.33118914330517446
141003,0.2744669749286879
141004,0.29624476490275
141005,0.22456254266386705
141006,0.23634594682497162
141007,0.21232396951160082
141008,0.24772389952338045
141009,0.2429877083526229
141010,0.29196182019529127
141011,0.2677363987192399
141012,0.25376403905326267
141013,0.25005307423504464
141014,0.24432364876150847
141015,0.2591022225299146
141016,0.2505637603150724
141017,0.21671297659459607
141018,0.2357528589342064
141019,0.21808451404497486
141020,0.27862101319124566
141021,0.25056560970805425
141022,0.2636598602633203
141023,0.28458802015725715
141024,0.2157744404913711
141025,0.1755307956615479
141026,0.23636054030541048
141027,0.2148164235680799
141028,0.2444108329828955
141029,0.2625550292216253
141030,0.19144924634072952
141031,0.25678909382915194
141032,0.25295559625411074
141033,0.25473128698545194
141034,0.22205324561525186
141035,0.20884318453041506
141036,0.21443223896033886
141037,0.23868015372335422
141038,0.23705189593518153
141039,0.28027510759818597
141040,0.21333897174775457
141041,0.2680945992415704
141042,0.2914257473315304
141043,0.20703736140472337
141044,0.2731005604794489
141045,0.23444178038252042
141046,0.2441654759356341
141047,0.20407278743996266
141048,0.22996479894566693
141049,0.22026564577457253
141050,0.2719722376919829
141051,0.2687909330999173
141052,0.22701689187572882
141053,0.2259245475087773
141054,0.23909922848540052
141055,0.24516018356391256
141056,0.26210299409855564
141057,0.2946698971204394
141058,0.23757627895479394
141059,0.234964342869778
141060,0.21778042754644952
141061,0.23511534904815992
141062,0.18196715148591694
141063,0.22668733297229235
141064,0.25501837428070206
141065,0.21822237579534862
141066,0.21229517812717463
141067,0.2053906428036096
141068,0.2931888784086969
141069,0.21841908219428974
141070,0.19692810377824
141071,0.20542938692244986
141072,0.2814268558621091
141073,0.21621259977189838
141074,0.2669720841393057
141075,0.2097943167129977
141076,0.18744411719370074
141077,0.27776250798550206
141078,0.2805425850242538
141079,0.24208812722134604
141080,0.22729914077978372
141081,0.23505180648971183
141082,0.2513857557098123
141083,0.2584368310256991
141084,0.21166226457708628
141085,0.2548388606132865
141086,0.1968026902609612
141087,0.2372141874278754
141088,0.21134292781223007
141089,0.2603882334989893
141090,0.23089561340946627
141091,0.2832915296481368
141092,0.2869402234485773
141093,0.22911982458230343
141094,0.21189550319742545
141095,0.20850346466134673
141096,0.2403340068597489
141097,0.2591181045594843
141098,0.2233998579013013
141099,0.22491551787030906
141100,0.20374452559609135
141101,0.30517106298281405
141102,0.2171207728547388
141103,0.27219945097908194
141104,0.28517442788407077
141105,0.2461870586472757
141106,0.18805772802771942
141107,0.2086750280384489
141108,0.20721666042496864
141109,0.2531789507166034
141110,0.22159030531964738
141111,0.21206407150061674
141112,0.1673486283684716
141113,0.23261405389533135
141114,0.24692252972914353
141115,0.20615887781940598
141116,0.2511570283506703
141117,0.23394557544148928
141118,0.23999549018653804
141119,0.21682587334745432
141120,0.2418287642232354
141121,0.2198575004422615
141122,0.23003687289714855
141123,0.2602643201461709
141124,0.19804861550309083
141125,0.28678944878944324
141126,0.21470870182323215
141127,0.2864001226469236
141128,0.21285570754872102
141129,0.24233776198940812
141130,0.21833023527779624
141131,0.23151669223133756
141132,0.23491499817112793
141133,0.22032772330830414
141134,0.20765141593674047
141135,0.26434067194516697
141136,0.22152916534646408
141137,0.2139715153321946
141138,0.18593773972735578
141139,0.2326329783950502
141140,0.2313285356023239
141141,0.3012248820935576
141142,0.15796440519489757
141143,0.2076363974373387
141144,0.17336783421667573
141145,0.1934195723848414
141146,0.19226856243032825
141147,0.21206171132406812
141148,0.2165984890591918
141149,0.2703945080095358
141150,0.19811542419402367
141151,0.23591438181081856
141152,0.2814940833527922
141153,0.22469853084766353
141154,0.2875626185392476
141155,0.21803265877749378
141156,0.2242549860698394
141157,0.20816884822675485
141158,0.17712629162168447
141159,0.24010472408840186
141160,0.18367154553535775
141161,0.2752946345688063
141162,0.21803435641054633
141163,0.22220045907451555
141164,0.2593912635178722
141165,0.2335198028485406
141166,0.22567155066263073
141167,0.23960650866293284
141168,0.227071901037387
141169,0.22372316726787514
141170,0.22255047072018944
141171,0.21808768426714073
141172,0.2314045685729294
141173,0.2706719122354313
141174,0.21457160376881285
141175,0.25264054709545464
141176,0.264531741194217
141177,0.22854024740746964
141178,0.16981400482999118
141179,0.23508542822582046
141180,0.2176572240249038
141181,0.15414587058574564
141182,0.23418525059155162
141183,0.20944160215643534
141184,0.22132209355128202
141185,0.22672298791680193
141186,0.1884220700635062
141187,0.20744781129203688
141188,0.18166821426752813
141189,0.20302585467531098
141190,0.20971985186612618
141191,0.1688214535721928
141192,0.17277218193494043
141193,0.2734374956711034
141194,0.23184234114442986
141195,0.2160132458201968
141196,0.2327046943017099
141197,0.21548086272479888
141198,0.2352503637159443
141199,0.21514328430528445
141200,0.32081317463515435
141201,0.2632520580661318
141202,0.24038740076996062
141203,0.21883740722815193
141204,0.19505889328484952
141205,0.23744816047572334
141206,0.2021752366256327
141207,0.23801504388732714
141208,0.24124281932197503
141209,0.21813676963178819
141210,0.2166131351368374
141211,0.201632355809605
141212,0.20833451951544227
141213,0.22719356795575063
141214,0.22569917215746993
141215,0.2013552137003129
141216,0.2419194403372435
141217,0.22488125610363965
141218,0.24164350649754293
141219,0.26056630933627234
141220,0.21561483026356232
141221,0.1935911953745166
141222,0.21054260334007158
141223,0.21402703172297005
141224,0.2405351644319274
141225,0.23982103352764306
141226,0.19558763617903765
141227,0.2237837600051274
141228,0.2304910380017424
141229,0.2528376465469568
141230,0.2793878975157236
141231,0.282868918423769
141232,0.24831250755218198
141233,0.2012099462480677
141234,0.23638699001890523
141235,0.23107147353625584
141236,0.21450813053031328
141237,0.2541494337207746
141238,0.24739248470111033
141239,0.2580274073940907
141240,0.2687777060101543
141241,0.23845376699705356
141242,0.2154148507497645
141243,0.2425054450210234
141244,0.18657274341193017
141245,0.20314306763896026
141246,0.23705515317477727
141247,0.18992246592434447
141248,0.16007207148221203
141249,0.22535319141746185
141250,0.2500403667897262
141251,0.21929808494544648
141252,0.24713516895574494
141253,0.1903938970564712
141254,0.2316194333423711
141255,0.2008500878714602
141256,0.2310924554599442
141257,0.27528450287518125
141258,0.22855074889505742
141259,0.1852967447449577
141260,0.21181125678487372
141261,0.19013682947445698
141262,0.20912648250322743
141263,0.25266056571204
141264,0.18233247770121136
141265,0.27291531232560007
141266,0.1883791612812265
141267,0.22681288987831388
141268,0.1968586642463547
141269,0.19370021011505825
141270,0.21377874898732888
141271,0.23317552391762683
141272,0.2033535692632759
141273,0.2142090787556368
141274,0.2227387591680078
141275,0.2096457025831993
141276,0.26517811137769476
141277,0.2027308639016447
141278,0.18475409509106017
141279,0.22323237400737214
141280,0.2418929471257551
141281,0.2207844195419829
141282,0.21628378417850755
141283,0.1826686463506499
141284,0.15535689708539768
141285,0.2404902306930423
141286,0.1838094309610181
141287,0.19532780853150772
141288,0.2238967719741355
141289,0.1926472960247812
141290,0.2464473817134832
141291,0.23889732972334923
141292,0.16729735198329
141293,0.20510927785268962
141294,0.19356639178528925
141295,0.2687155414319099
141296,0.21250025148127058
141297,0.2566574382926091
141298,0.2008706356185817
141299,0.22905985877315352
141300,0.1994894105362855
141301,0.1933841686826623
141302,0.1628889175351229
141303,0.21880809536417506
141304,0.25665706225115364
141305,0.15562895404108293
141306,0.226214171720317
141307,0.2274839610393723
141308,0.24138185578534338
141309,0.18968221175989983
141310,0.19067981886342225
141311,0.21551547612110034
141312,0.2363276623496591
141313,0.19475224283391823
141314,0.22388974863299027
141315,0.1905473317925562
141316,0.2541116759555785
141317,0.18738663298348543
141318,0.23277214497693482
141319,0.2172936999002622
141320,0.2540542441962787
141321,0.19013442107202203
141322,0.18409197774845515
141323,0.21736936863142794
141324,0.17291437288225667
141325,0.24921575993633865
141326,0.20587750890856998
141327,0.1933999682375413
141328,0.21005767870737932
141329,0.213043870618039
141330,0.20815266865057436
141331,0.1531595170440825
141332,0.21768080493572092
141333,0.20470273525010796
141334,0.18584393949040454
141335,0.20275789236669098
141336,0.18659077047311892
141337,0.22774117204575764
141338,0.18315622685947144
141339,0.23395527452559997
141340,0.2473985949820752
141341,0.1740463091554691
141342,0.2318528488070088
141343,0.24471099285121592
141344,0.20733020544484307
141345,0.24631996691214475
141346,0.199922065168833
141347,0.22067342791533384
141348,0.20462218085228268
141349,0.18335240746581494
141350,0.1915907346874682
141351,0.2322987302024885
141352,0.25122996830007527
141353,0.18941477537434437
141354,0.16706062449026488
141355,0.21804444906042658
141356,0.19076321449923603
141357,0.2114641969502196
141358,0.24540953408285607
141359,0.23989707933482596
141360,0.1966101442919298
141361,0.18676109567689703
141362,0.23805165821509455
141363,0.21304833092394865
141364,0.17453791010135902
141365,0.19243380732315452
141366,0.20281208818099888
141367,0.17833999037066078
141368,0.18193867395723168
141369,0.264508671807565
141370,0.20119735123129268
141371,0.19252888597549747
141372,0.19016629030810944
141373,0.2393354456051862
141374,0.2303286282694385
141375,0.1980732744367553
141376,0.24292740716729733
141377,0.22921806860606314
141378,0.21134844090495294
141379,0.2509109038822488
141380,0.26691416611887275
141381,0.16840079328615326
141382,0.23335032181278648
141383,0.20652147022488435
141384,0.1743432028975741
141385,0.1540921018310661
141386,0.1948671546259251
141387,0.2276281152547972
141388,0.19373338743483007
141389,0.21964309794687054
141390,0.1883340108707606
141391,0.2593080825304225
141392,0.19877652084851152
141393,0.17504056002603186
141394,0.1751521730328103
141395,0.1882704752514646
141396,0.27106364274221756
141397,0.19583512156110255
141398,0.2393139198219178
141399,0.21612029763363344
141400,0.17876541136397933
141401,0.22668560893059042
141402,0.17920545857699186
141403,0.1954845363300551
141404,0.24936867022916148
141405,0.22711930234413552
141406,0.16620960529472698
141407,0.15325518705053315
141408,0.1999427233140903
141409,0.23304281689104475
141410,0.2476515313851193
141411,0.16778051739839753
141412,0.1685040686495668
141413,0.16264609912534245
141414,0.18187061517614586
141415,0.2175229994608463
141416,0.20348780935861085
141417,0.2107048169370763
141418,0.1743339933515095
141419,0.17623758119494748
141420,0.25067456745412603
141421,0.19983495706433174
141422,0.16038534491242223
141423,0.2218603620968856
141424,0.23541399534141214
141425,0.2391152610312538
141426,0.18684734588947283
141427,0.19912948806286343
141428,0.17625335874845877
141429,0.2121770921044639
141430,0.17792678844008336
141431,0.21257963410987069
141432,0.1737148934735548
141433,0.19744952950347208
141434,0.2331511146015974
141435,0.21380176767027786
141436,0.1914757131640437
141437,0.19288579174572643
141438,0.20295871322286566
141439,0.22384257422696924
141440,0.17008029227583282
141441,0.21840885597206647
141442,0.14923231663320197
141443,0.21327317033935822
141444,0.21363953367024605
141445,0.1958096639371225
141446,0.17338746550570866
141447,0.20437006234426564
141448,0.17272721285785306
141449,0.2522436541441452
141450,0.21715064069583725
141451,0.24260287968177358
141452,0.16839663814115385
141453,0.17132825822681774
141454,0.1993276212728804
141455,0.1591910838385373
141456,0.24126894160924695
141457,0.18843411999670753
141458,0.13469381467932046
141459,0.18575882344056813
141460,0.21706465834507138
141461,0.17331607452319361
141462,0.16681018446578666
141463,0.1998359841257023
141464,0.16602663841776558
141465,0.20222932854942866
141466,0.18250459154596368
141467,0.2034765985355159
141468,0.23236613941425058
141469,0.21300421225822022
141470,0.21085394545743127
141471,0.18874175928576375
141472,0.20506622846995978
141473,0.24922268699395622
141474,0.24081510673731277
141475,0.20949840074164539
141476,0.24270039287237002
141477,0.196157728303741
141478,0.13197053073398246
141479,0.22891581633503771
141480,0.16570715340240047
141481,0.14744112753880495
141482,0.2628806691352446
141483,0.26965356050982725
141484,0.149377671219152
141485,0.20625605131087388
141486,0.15117363455591543
141487,0.18525467425361652
141488,0.2860187034991386
141489,0.21515844439968698
141490,0.18059306380635465
141491,0.2038909246692831
141492,0.21536735140600413
141493,0.2224664401719271
141494,0.21716968667318542
141495,0.15237580966896458
141496,0.18350939685299128
141497,0.20792686963973273
141498,0.16917562705659397
141499,0.16841143619323481
141500,0.19029797525618924
141501,0.18364343498510532
141502,0.18068787531986627
141503,0.21415506443474708
141504,0.19268061424505523
141505,0.22164142357372799
141506,0.1468299267640146
141507,0.1763264987505967
141508,0.1844308452956605
141509,0.20225767237694067
141510,0.1879914892904775
141511,0.18832485409174415
141512,0.1984366434813986
141513,0.17250434500602846
141514,0.22603150588284662
141515,0.20915457914933552
141516,0.19353279445471297
141517,0.21214644318369877
141518,0.24228997119043028
141519,0.1916035598347357
141520,0.20010151729928727
141521,0.17958044658763922
141522,0.2038768987681706
141523,0.23688204454725326
141524,0.17789610695999467
141525,0.17545376816621527
141526,0.20447956898832365
141527,0.13199246004217627
141528,0.23244341069954821
141529,0.17270372661765795
141530,0.22670108433835265
141531,0.1962077399087636
141532,0.2425205812458257
141533,0.1746172478886961
141534,0.22659230574381548
141535,0.20770814688957873
141536,0.2198612432619972
141537,0.1686106019995304
141538,0.17647119623881524
141539,0.2140827384839106
141540,0.2201897277242845
141541,0.2224888770423485
141542,0.24199249308860005
141543,0.19502598233443222
141544,0.15270274630193686
141545,0.20712314984777502
141546,0.12412658099537781
141547,0.20782235726679946
141548,0.20397935165669304
141549,0.16932733884790271
141550,0.1833769456802196
141551,0.18737488144715642
141552,0.20302096690365218
141553,0.1807121133880141
141554,0.23356249769505158
141555,0.22061455951160164
141556,0.19989803561654418
141557,0.19778260379167112
141558,0.15098093491537995
141559,0.19347151239952942
141560,0.1695669794012051
141561,0.1915896038564351
141562,0.21128588818289315
141563,0.2805879149880288
141564,0.1889672135845204
141565,0.17181039221845373
141566,0.24744140295421096
141567,0.20198560369348295
141568,0.1940878367565504
141569,0.21681534857914556
141570,0.21394892288725545
141571,0.20742683899999917
141572,0.21783259966658103
141573,0.17469235851979487
141574,0.1557891886449812
141575,0.1932516227512098
141576,0.20679663670821188
141577,0.14234666635066145
141578,0.1844985368370816
141579,0.21242495475454926
141580,0.15461700979066753
141581,0.17396380052985372
141582,0.20741683175904269
141583,0.17055921269343818
141584,0.19171775405425623
141585,0.19271652862166255
141586,0.18986172209581573
141587,0.1544943637333559
141588,0.2567609386924964
141589,0.1571394248900076
141590,0.17530431527331092
141591,0.21791278477823625
141592,0.18537214102379504
141593,0.14519093319331627
141594,0.21185830999284652
141595,0.2030964546645819
141596,0.1843147312156208
141597,0.2014655941026839
141598,0.21517361278493216
141599,0.19924531487884017
141600,0.20459897351750633
141601,0.18008158240575936
141602,0.16797991804197987
141603,0.22563432029336805
141604,0.18684797070971837
141605,0.204883323596398
141606,0.17082088333976123
141607,0.16687650273867433
141608,0.16478200842727353
141609,0.22122034181013053
141610,0.15982519106624718
141611,0.20842323238377997
141612,0.16841373044262548
141613,0.148985907034003
141614,0.22301660560564562
141615,0.18562806605274254
141616,0.17931934303080543
141617,0.18425995751307359
141618,0.23298809448487476
141619,0.1844731593758167
141620,0.15007347622607803
141621,0.19652030727759726
141622,0.19555447615467975
141623,0.17360361269825259
141624,0.18347000819422338
141625,0.16832560490036177
141626,0.20864435380771246
141627,0.1919035706473023
141628,0.2613882045021086
141629,0.18475240845977997
141630,0.19471716846020598
141631,0.1854314052128658
141632,0.21274554491855055
141633,0.149642239463967
141634,0.20363478963193046
141635,0.13578214591778623
141636,0.1423793228817538
141637,0.162888559905182
141638,0.1686312882805387
141639,0.1827253002379477
141640,0.18555741998524983
141641,0.18493662114857123
141642,0.16660827897787303
141643,0.19641670430565203
141644,0.20897016993952539
141645,0.1798963619486347
141646,0.13217145991223445
141647,0.2188194089540864
141648,0.20014814701806552
141649,0.16276647088319546
141650,0.17683672826777394
141651,0.22971703965916807
141652,0.14229413071202474
141653,0.14891762609151032
141654,0.1930968912236395
141655,0.2097548820327588
141656,0.21173959067043094
141657,0.23409913225727716
141658,0.1321832598665107
141659,0.18150938373086642
141660,0.21573760743902
141661,0.1906137233602265
141662,0.17906562149678662
141663,0.11821192859051614
141664,0.18327491777521931
141665,0.19746251690677313
141666,0.1985023000574551
141667,0.1834949615899996
141668,0.21477991310293817
141669,0.19909990521968585
141670,0.22400684427974
141671,0.16409371884530688
141672,0.20641351399017963
141673,0.17227600774487234
141674,0.19522008547418093
141675,0.15933206398216138
141676,0.22405248146881396
141677,0.14603776339099128
141678,0.1548417373037285
141679,0.1912989437188533
141680,0.15873935183799798
141681,0.21985316093098503
141682,0.18701256259699928
141683,0.17228069963491993
141684,0.1947926601717982
141685,0.21810750777028357
141686,0.20846880386643646
141687,0.1746027987602704
141688,0.17080683740718797
141689,0.18727668806369446
141690,0.15145428890258888
141691,0.17697775650552722
141692,0.13644654494449637
141693,0.186559525005431
141694,0.20648539987587797
141695,0.21310619151710603
141696,0.14817062854269888
141697,0.2298770708030254
141698,0.2002221137689556
141699,0.22618449476104724
141700,0.14538059038053674
141701,0.18223092761297816
141702,0.21979908100759288
141703,0.1735333070984584
141704,0.2006028428865994
141705,0.20174839005636497
141706,0.2292132511227103
141707,0.23909209733758555
141708,0.15700151791426792
141709,0.1571684648948703
141710,0.16879932715006585
141711,0.2508555579036835
141712,0.07820440856328757
141713,0.21913145553602015
141714,0.18385792665543088
141715,0.16077682651550676
141716,0.1872293022703755
141717,0.21681029681894218
141718,0.15552795596721386
141719,0.15780519185400904
141720,0.25033447978439005
141721,0.20559514155068365
141722,0.16060001372865534
141723,0.1648162770132461
141724,0.1674736195253378
141725,0.1663588041532065
141726,0.17436921706925704
141727,0.14918153631462858
141728,0.17232586202495376
141729,0.164661779259208
141730,0.22474485937308325
141731,0.17272405457685128
141732,0.19841634288111726
141733,0.16845631652750084
141734,0.1769946312697558
141735,0.16070249083518395
141736,0.2532408509974677
141737,0.16560913558501594
141738,0.17208840825418062
141739,0.20684254876213687
141740,0.22135541759868302
141741,0.1218141031445936
141742,0.27035135706462615
141743,0.19033200210843942
141744,0.17431077710527476
141745,0.16345235351095336
141746,0.16645701309650243
141747,0.20950346253014937
141748,0.16870235830687
141749,0.15861012861116666
141750,0.18527943697440047
141751,0.20275044981516108
141752,0.1904615253889613
141753,0.17978282770304868
141754,0.19592412035326745
141755,0.17468837415433128
141756,0.1954009933640866
141757,0.16626558419918902
141758,0.14374251145099926
141759,0.21897770782790893
141760,0.19678181404285033
141761,0.1461069442746305
141762,0.18293381241717016
141763,0.20534678393436
141764,0.15297195014002624
141765,0.24127460289327618
141766,0.1609584837491291
141767,0.20511885923951348
141768,0.150404647198695
141769,0.1840090251329742
141770,0.23135250005191357
141771,0.1447539109474132
141772,0.18378182274129032
141773,0.17571794723439926
141774,0.18331638064081388
141775,0.18295330002290963
141776,0.21543854633919104
141777,0.14246225569278595
141778,0.15983721423164288
141779,0.188715465998412
141780,0.1758388942549528
141781,0.14673331592306837
141782,0.1953391424825439
141783,0.24185597205816128
141784,0.17137831877244164
141785,0.12710136338677414
141786,0.19023261510972872
141787,0.16483384429433454
141788,0.14493557151627673
141789,0.11057784793107307
141790,0.15920781258821132
141791,0.1454434892008227
141792,0.16813743025141092
141793,0.18947188520683234
141794,0.16544717534745113
141795,0.1514595037345658
141796,0.17378061642823653
141797,0.19105618021785675
141798,0.20758144751495922
141799,0.13659108904186626
141800,0.19992394426226637
141801,0.1300426428377426
141802,0.17668203652881295
141803,0.1776550348785325
141804,0.15189125241359042
141805,0.14225914203174764
141806,0.22021428663863732
141807,0.19817213886953639
141808,0.15102535894024774
141809,0.21242146191234165
141810,0.1341862881942597
141811,0.17073519516669464
141812,0.157444231785694
141813,0.14705590499770108
141814,0.19543887950935007
141815,0.20732891467892078
141816,0.22661956199652933
141817,0.19986543155809544
141818,0.14061160354476698
141819,0.1716683285574577
141820,0.1496469873701597
141821,0.14003552185842139
141822,0.2095969525540976
141823,0.16544392746815453
141824,0.1715161980750395
141825,0.15885444888347344
141826,0.18262195757438437
141827,0.15261909573844462
141828,0.18032215051859474
141829,0.12552696363036017
141830,0.19679265586861397
141831,0.18712820339428696
141832,0.137134326144251
141833,0.23170588086714713
141834,0.20203264706963545
141835,0.1987637501122297
141836,0.16104929768392068
141837,0.18422554658367962
141838,0.21777183994900928
141839,0.22242412962762018
141840,0.19946383562956266
141841,0.20041634906686295
141842,0.12300499801858582
141843,0.21489731861843162
141844,0.21450276464597545
141845,0.17039389676795733
141846,0.18630700442280299
141847,0.16488635419881154
141848,0.12608790041456774
141849,0.1637626906737685
141850,0.17201755348077302
141851,0.18697621669360526
141852,0.14332647703010362
141853,0.21585389677464475
141854,0.22026135200154406
141855,0.12587913300802334
141856,0.12080982705287985
141857,0.1941021259288683
141858,0.18611439317992157
141859,0.1431538985886946
141860,0.18930469266328337
141861,0.15800589913559432
141862,0.15579475481983202
141863,0.16254094911012767
141864,0.1709339792895346
141865,0.15398843621011313
141866,0.13803853118442388
141867,0.15242324292973858
141868,0.21286045926904842
141869,0.1541407614340234
141870,0.1358448461741819
141871,0.17323012218454217
141872,0.150150173336978
141873,0.1574444269897567
141874,0.14941574704452087
141875,0.13924690465602807
141876,0.18336289806528835
141877,0.11921540976988945
141878,0.17326327659753665
141879,0.1749221669439183
141880,0.18622198737174528
141881,0.14393461172933145
141882,0.14235363020513456
141883,0.19519438979955428
141884,0.1917574432039673
141885,0.18090859171112125
141886,0.19468969545991993
141887,0.17101598413708433
141888,0.18582376116420432
141889,0.21797458917377166
141890,0.20560745647662734
141891,0.1729947466186928
141892,0.20825931091552558
141893,0.16706907605374888
141894,0.19479527296988744
141895,0.11460250672134731
141896,0.1703823258019949
141897,0.15780469268014263
141898,0.18383643879780476
141899,0.14472347667480065
141900,0.15972118862545867
141901,0.1553613302443626
141902,0.19896599475455481
141903,0.18070498793683643
141904,0.26791378529231213
141905,0.16324755417702874
141906,0.18841188756826163
141907,0.21706579460091296
141908,0.20037659622831458
141909,0.21411327860062693
141910,0.18579273388605488
141911,0.2262119162766642
141912,0.22312411942654845
141913,0.17909240732461146
141914,0.21610593964132466
141915,0.1665916937771057
141916,0.17917325491160208
141917,0.1713995206492056
141918,0.103475286284252
141919,0.1340637315651653
141920,0.1947627973701923
141921,0.10261668665285664
141922,0.14680357955640264
141923,0.1931204034876745
141924,0.20182590756021096
141925,0.22327606874592598
141926,0.20865215954775707
141927,0.17058111236066884
141928,0.14760764365673665
141929,0.19595350353092075
141930,0.14523268796294514
141931,0.15615309170032518
141932,0.1942046524999114
141933,0.12407834414719826
141934,0.17061946036158415
141935,0.16268280502760107
141936,0.17008062821999223
141937,0.15110704618451562
141938,0.19620940312213078
141939,0.22826911907573608
141940,0.13223000023168963
141941,0.145788413044525
141942,0.1688389320004015
141943,0.20945669029203115
141944,0.17751971644444278
141945,0.16338575291679444
141946,0.19832256865089026
141947,0.12490505474462485
141948,0.13372457049613223
141949,0.17659790328661373
141950,0.21913232160033763
141951,0.1816841628075578
141952,0.1980353180258181
141953,0.1688450902383915
141954,0.11427986635060257
141955,0.22976483865401368
141956,0.13923188893863925
141957,0.18974011894888893
141958,0.18072900427690283
141959,0.23044946220898033
141960,0.17102625190097254
141961,0.15506384924546932
141962,0.18735491576819527
141963,0.19416414863160422
141964,0.14407939688069904
141965,0.1107007628859981
141966,0.18329355286351517
141967,0.21439268627148983
141968,0.19541963863195166
141969,0.17506996638415812
141970,0.22608366515859057
141971,0.20696494016863667
141972,0.20724182674683989
141973,0.22626320051194435
141974,0.18696018186330837
141975,0.13116983334063229
141976,0.18842675549426544
141977,0.17997029632071257
141978,0.2073530068537655
141979,0.18974190840945562
141980,0.1833823883973045
141981,0.18585631266508243
141982,0.17814309979903936
141983,0.14193737599776568
141984,0.14881531329720063
141985,0.16805624065265762
141986,0.10900854342310674
141987,0.1521993203266701
141988,0.18760047399048757
141989,0.15132592268216738
141990,0.20012871759240675
141991,0.1646741094854443
141992,0.16282648288189308
141993,0.21450782213414654
141994,0.15948600074907787
141995,0.16243047199116195
141996,0.2052829492752381
141997,0.2098261608424059
141998,0.13860607686788753
141999,0.15669234603220925
142000,0.16449932633277264
142001,0.1580264458797745
142002,0.1789181081900289
142003,0.20650701587269027
142004,0.20391260756159094
142005,0.1628867158998886
142006,0.1887205926694365
142007,0.18363105453921302
142008,0.1740680276759318
142009,0.20369914810844286
142010,0.11866095816516709
142011,0.13209532013807007
142012,0.2598767201125419
142013,0.20497027634447018
142014,0.18379770841360327
142015,0.13178204996267603
142016,0.1596983874599794
142017,0.15543763093723628
142018,0.18025987246337688
142019,0.18694461902352408
142020,0.1091447352130636
142021,0.19244239576807023
142022,0.11357910198504341
142023,0.21529693306729164
142024,0.16808630615128234
142025,0.195539711014964
142026,0.18384457386797862
142027,0.1703066854494297
142028,0.16559886346190425
142029,0.1724433786004616
142030,0.1613472676202395
142031,0.1390004723585475
142032,0.15802922814014025
142033,0.12071191440330936
142034,0.14853859476493161
142035,0.1104348066198666
142036,0.16318724861711897
142037,0.16855116425471708
142038,0.14649599977934846
142039,0.1558362254075272
142040,0.1998402161012839
142041,0.16914668041433306
142042,0.16947615218808496
142043,0.19793418774946062
142044,0.17608334234011916
142045,0.1835869133366161
142046,0.18985779910198447
142047,0.18429654726251024
142048,0.23966300554462583
142049,0.21668812637949353
142050,0.12873814743481837
142051,0.19369496615910176
142052,0.15741924248005815
142053,0.1774134577018103
142054,0.1205032316112748
142055,0.19180821582258217
142056,0.17178242799718943
142057,0.14546953729358378
142058,0.18097815966553313
142059,0.24218023497513283
142060,0.1863123461755089
142061,0.16987610036477596
142062,0.20509772300564366
142063,0.14246172245835037
142064,0.14723553537120487
142065,0.17291911515263797
142066,0.21249921615241402
142067,0.19322241290645975
142068,0.12689925825513498
142069,0.14662566102272534
142070,0.15616662102434456
142071,0.1738980356864838
142072,0.17631692418611192
142073,0.14873063226342012
142074,0.18051905339658883
142075,0.19857241792393782
142076,0.2106225480625947
142077,0.1795523071734163
142078,0.12183422970696109
142079,0.18944195180160664
142080,0.15638595393816612
142081,0.12411521490476836
142082,0.12233040022349354
142083,0.11191442248380867
142084,0.1402598947771465
142085,0.18371151962070847
142086,0.1377582067031925
142087,0.23188554728169758
142088,0.14261063348461497
142089,0.14782985853106242
142090,0.14565479912375356
142091,0.1323891944479825
142092,0.20029579434721712
142093,0.1335867111311136
142094,0.1560118959108211
142095,0.2181377613114432
142096,0.19601282705511394
142097,0.18569047313826545
142098,0.1606894213519801
142099,0.15698441625772358
142100,0.17452753911704413
142101,0.1663424368051067
142102,0.1600766482282973
142103,0.18262802928795716
142104,0.2062354397946524
142105,0.14716672196917024
142106,0.18090373215917482
142107,0.15877679583042376
142108,0.17980045530492775
142109,0.152113949610903
142110,0.12219062526560755
142111,0.149332087992223
142112,0.11231684294787792
142113,0.15862287134764907
142114,0.2143540570145017
142115,0.17999154678909973
142116,0.20002727479630708
142117,0.15274112717997154
142118,0.09298057756240015
142119,0.21525766247401737
142120,0.13817294696017016
142121,0.17676995662850897
142122,0.175307678566562
142123,0.19168758843522232
142124,0.19008812298405178
142125,0.15999664530889757
142126,0.1706726735690111
142127,0.15034858992781214
142128,0.18576349160714617
142129,0.20207109988219155
142130,0.1434199707683181
142131,0.21313166920127122
142132,0.15259483719729375
142133,0.15251538338828552
142134,0.12296120399196428
142135,0.19340274766704613
142136,0.12353616516151093
142137,0.16848436311358833
142138,0.1838196400847754
142139,0.2107815480323582
142140,0.1681169387570287
142141,0.19226546819243137
142142,0.18574271758878763
142143,0.13913634422644358
142144,0.19471660275629904
142145,0.1871171962595955
142146,0.1505942135462376
142147,0.14012749523626078
142148,0.12665163911923366
142149,0.18922362869776158
142150,0.14387929917670772
142151,0.09754894625511366
142152,0.15822947736110538
142153,0.17343688235637808
142154,0.16653659486837716
142155,0.16503004437827815
142156,0.15227096573363355
142157,0.14704819715339196
142158,0.11113045914453529
142159,0.0983474802370256
142160,0.1626667864721062
142161,0.15990970051338044
142162,0.20862952646469335
142163,0.17595222646095848
142164,0.1405046837519817
142165,0.18687843654412734
142166,0.23004270573889976
142167,0.18507731035554104
142168,0.1710851432779349
142169,0.16788326552836383
142170,0.1473568229825928
142171,0.19785960190490073
142172,0.1348044993288801
142173,0.13965181241151012
142174,0.17439233851855318
142175,0.193853733697902
142176,0.16594870517542518
142177,0.13146092107915264
142178,0.25710338483422934
142179,0.16149572861804892
142180,0.19729320906325798
142181,0.13317710807215327
142182,0.159776181929757
142183,0.21563477609481474
142184,0.13437020211151346
142185,0.18112919771155148
142186,0.17419600770550397
142187,0.1267038815506654
142188,0.18967612312450627
142189,0.18290367892184467
142190,0.17705192837852318
142191,0.1739933756225921
142192,0.17929278385043151
142193,0.2270345155362439
142194,0.16683991797120865
142195,0.14833685980857267
142196,0.14416425577032294
142197,0.19295415301851018
142198,0.15396238029853831
142199,0.16395071674619296
142200,0.1493178138195025
142201,0.16461384072170102
142202,0.1548651792220965
142203,0.14160159202828812
142204,0.16046160984871533
142205,0.18700592428640095
142206,0.15623141819685904
142207,0.19775816169440946
142208,0.1797741335347403
142209,0.17108324590491314
142210,0.1805815162452547
142211,0.14204155957333353
142212,0.13513361363407317
142213,0.16687721305633066
142214,0.07852403386599499
142215,0.15468401128935
142216,0.11746399700543989
142217,0.1469972237098324
142218,0.18412648875186255
142219,0.1587824478073563
142220,0.19151076025004657
142221,0.18802614654556238
142222,0.15115830979102365
142223,0.1614258885831279
142224,0.15814806682358176
142225,0.16280064487852733
142226,0.195959362395428
142227,0.18538778872948358
142228,0.15730833197631527
142229,0.13386683685371514
142230,0.23839485676705754
142231,0.17074344872852878
142232,0.17410493605147345
142233,0.20580181614546725
142234,0.14644274983214636
142235,0.18346811110510436
142236,0.18531106149963392
142237,0.1488886304578658
142238,0.18141182564959948
142239,0.15381567150774172
142240,0.18642596427343133
142241,0.1442240922634721
142242,0.15109026853239862
142243,0.13702701094430114
142244,0.13387293038909515
142245,0.14700343617358863
142246,0.10500999522550618
142247,0.1541091157653775
142248,0.1747717866764636
142249,0.10388522905357962
142250,0.1331763064509471
142251,0.14310511778860668
142252,0.10331425486175998
142253,0.16215759047068654
142254,0.10333039631926394
142255,0.14294190060440834
142256,0.15306612250466814
142257,0.10153392230876312
142258,0.15855675346816517
142259,0.16665328234913185
142260,0.1520390214563055
142261,0.16599603198463403
142262,0.19328032172083914
142263,0.19630447773939902
142264,0.2080457779419505
142265,0.15005531377304307
142266,0.1927261424050444
142267,0.15739209121041942
142268,0.18656657702035778
142269,0.15389808774226404
142270,0.18361679941309308
142271,0.1508021344241538
142272,0.1591558397303917
142273,0.20524409709976713
142274,0.1398973557615501
142275,0.1802894162955391
142276,0.08385171718875414
142277,0.13909858659569946
142278,0.192028020481105
142279,0.19844133881296389
142280,0.18407548066171683
142281,0.16038792043008876
142282,0.17301196014170253
142283,0.17383475629554712
142284,0.23417738891990608
142285,0.13614212561900735
142286,0.17011328671437706
142287,0.22793710547323737
142288,0.1607709785063589
142289,0.21825996469423606
142290,0.1582384134209653
142291,0.15193213815150372
142292,0.18447829451237935
142293,0.21422243032200033
142294,0.21683369591758433
142295,0.14572396492490047
142296,0.18956857422688128
142297,0.182757191003434
142298,0.24535086899061484
142299,0.1692536800940737
142300,0.14520130424430885
142301,0.18565861993013624
142302,0.13869488011679135
142303,0.1775638189528851
142304,0.1635430475285339
142305,0.12606560685986806
142306,0.18252374910636002
142307,0.21047853824895382
142308,0.16796173616828805
142309,0.18506510026284728
142310,0.1017133940132528
142311,0.1690623166772889
142312,0.20745200843472536
142313,0.18705751388765135
142314,0.14357442515473692
142315,0.15055449797394832
142316,0.177092777270915
142317,0.1535682868276549
142318,0.13767061607203318
142319,0.18759005270371334
142320,0.08474970953984172
142321,0.1428203546409293
142322,0.15442291944622327
142323,0.19623236403352864
142324,0.15277907967296395
142325,0.17597117180307126
142326,0.18940342444824923
142327,0.14649700589685577
142328,0.15153425653232178
142329,0.1320234756854391
142330,0.15520501692637156
142331,0.16619728696376976
142332,0.16866355325154647
142333,0.18199613447289814
142334,0.14350433792575645
142335,0.1517939762972173
142336,0.20170678377014087
142337,0.19960897288375243
142338,0.16960106369812739
142339,0.12173544202096293
142340,0.1868236660003446
142341,0.13201736586492643
142342,0.18072536583426577
142343,0.17492561603232606
142344,0.10973966874106086
142345,0.17773596139669945
142346,0.2209000136183215
142347,0.09880819579645714
142348,0.1590926259449395
142349,0.16956642356872856
142350,0.1672471246929976
142351,0.14184474722961654
142352,0.1035697612800982
142353,0.1190690403762755
142354,0.12125522501015246
142355,0.17906385729163557
142356,0.1807223381765896
142357,0.17788247198271967
142358,0.15611216796446115
142359,0.17675360787678543
142360,0.14540794480376656
142361,0.18856617441344994
142362,0.18265618085732108
142363,0.15569420934884085
142364,0.1624643504083361
142365,0.19868474023767244
142366,0.20927480578546676
142367,0.11189346662353622
142368,0.1710338677878379
142369,0.1600432339980248
142370,0.1653771184041776
142371,0.1291903489030266
142372,0.22630201094204305
142373,0.1766806803504416
142374,0.16477030467667161
142375,0.17609973338488413
142376,0.11948684515597988
142377,0.13683041356441958
142378,0.1904736582762741
142379,0.1936758545050748
142380,0.16595670622042588
142381,0.15779774945441244
142382,0.20221105279229443
142383,0.17585462291977452
142384,0.11753229367831114
142385,0.1430979728695918
142386,0.10717691202843999
142387,0.12507846255021215
142388,0.11955747381975834
142389,0.1305663664212208
142390,0.14894427142227987
142391,0.19555688799792031
142392,0.1748688445949622
142393,0.19129826725714844
142394,0.12270792360450455
142395,0.16295209112509584
142396,0.13214798906812816
142397,0.10136127231213352
142398,0.13163811376713236
142399,0.1386935813256647
142400,0.1797865944527623
142401,0.15929294024840807
142402,0.15906210551570857
142403,0.18189486002513355
142404,0.08851485916858703
142405,0.1510991022332578
142406,0.12473010530918399
142407,0.18066513409149607
142408,0.1615224473810834
142409,0.1299680214444749
142410,0.11558489230945712
142411,0.12518388634384978
142412,0.16651830589301136
142413,0.19149655757128564
142414,0.1365010246469587
142415,0.15029891301245138
142416,0.1388243795306236
142417,0.21195081557220927
142418,0.2029685971913929
142419,0.24505956120463557
142420,0.1496241988222376
142421,0.17602371346300832
142422,0.1758794892806257
142423,0.155710724290286
142424,0.12065788693081636
142425,0.1437128418235744
142426,0.14258973447211445
142427,0.1878071720729944
142428,0.21599002373249435
142429,0.11637159618800741
142430,0.12002987374753879
142431,0.1464192763207383
142432,0.16987465283602374
142433,0.1771163407124357
142434,0.1371542216494251
142435,0.17579271060893376
142436,0.14911722437139097
142437,0.1364782075900901
142438,0.14402515731193272
142439,0.13759816904180447
142440,0.14837269821135676
142441,0.2048942357700845
142442,0.12243959776394012
142443,0.21539587041045336
142444,0.16551217663600037
142445,0.13429885192607582
142446,0.13114617028216552
142447,0.14671173195606393
142448,0.18682982108682122
142449,0.16223235258459742
142450,0.17062348949124867
142451,0.16475100788437727
142452,0.10310190387609411
142453,0.16821919441669442
142454,0.18419578788657623
142455,0.1974984613818199
142456,0.14377300910823282
142457,0.18889566806540511
142458,0.14665182091013632
142459,0.1790944669216841
142460,0.16493763265339348
142461,0.12464145648845912
142462,0.1898879640421267
142463,0.1779166749868433
142464,0.21055879449228496
142465,0.17265105737097275
142466,0.09996436396060604
142467,0.12972208249990028
142468,0.19831220870884142
142469,0.17606585488227386
142470,0.1173587716990799
142471,0.15594461124488188
142472,0.15042246937160497
142473,0.22516177947880103
142474,0.1648725208575034
142475,0.14547343912021662
142476,0.11816346248435275
142477,0.14772799047450366
142478,0.15886878880318103
142479,0.13294783440034927
142480,0.18418077449652356
142481,0.17964850135076074
142482,0.18626479972386725
142483,0.15353957033301302
142484,0.17819082253864088
142485,0.18617893667085322
142486,0.14265788429853932
142487,0.15965185632858916
142488,0.11442767063265377
142489,0.1717486720788295
142490,0.12982650815145616
142491,0.1872380406025697
142492,0.17499621731359288
142493,0.1567527862801246
142494,0.17543030987121186
142495,0.16549045071422852
142496,0.08710993271585114
142497,0.17862331679403504
142498,0.17376658272811024
142499,0.1731633301726034
142500,0.14968441255855536
142501,0.20230433592603103
142502,0.191611338926045
142503,0.17915678498580925
142504,0.1357537597664511
142505,0.20533087048559742
142506,0.16950045657490476
142507,0.13608749932163086
142508,0.1293635627680614
142509,0.11308721270178987
142510,0.1472469068697497
142511,0.1621009266796359
142512,0.1895797653754655
142513,0.12265085977385012
142514,0.08956591381173026
142515,0.1118468311095597
142516,0.19284777580435505
142517,0.18451743894531228
142518,0.20654887219914905
142519,0.15565009458667572
142520,0.19523212530265086
142521,0.17169994955654724
142522,0.12924419258646602
142523,0.12789942278785565
142524,0.12929660692466222
142525,0.16450383478455854
142526,0.1290662578747092
142527,0.17451496945441602
142528,0.14636718698317452
142529,0.17544041886142947
142530,0.16257119599354533
142531,0.11800818901307736
142532,0.15796889297518876
142533,0.1719025256380028
142534,0.12702821300908823
142535,0.08817459236109183
142536,0.16655704138447006
142537,0.17405547146352912
142538,0.17787115118668814
142539,0.1513544813630517
142540,0.1531137186194904
142541,0.17015699206446633
142542,0.11319151513769285
142543,0.12888921456370256
142544,0.16065584661397278
142545,0.14778830841166057
142546,0.13089599276645417
142547,0.1568989076580979
142548,0.12121037912402985
142549,0.09247321512857704
142550,0.12232441197105051
142551,0.17824382695276347
142552,0.16501082096967584
142553,0.1968362171520836
142554,0.15114875800229272
142555,0.1336280007736489
142556,0.154527865387193
142557,0.196368598319973
142558,0.1946418522256723
142559,0.15336195646765663
142560,0.10246911521621334
142561,0.18977564369021788
142562,0.08065718669737543
142563,0.16070428991169455
142564,0.1945798667842048
142565,0.15861865504492406
142566,0.1804479808148401
142567,0.18071054702927206
142568,0.1581505894264722
142569,0.18282413609737003
142570,0.16420711746962127
142571,0.1631758683817295
142572,0.1713100647935744
142573,0.1492458101794434
142574,0.15211179595930913
142575,0.12178160788982004
142576,0.1604092239007485
142577,0.19490571238771015
142578,0.14786475265301785
142579,0.1563414617501524
142580,0.15595960204682235
142581,0.1913661075250096
142582,0.15379204753315706
142583,0.15104782943319245
142584,0.10279715852377784
142585,0.12513566969155013
142586,0.16632285136841352
142587,0.15855791325786642
142588,0.1378443525717816
142589,0.1651224556245192
142590,0.1692678906185299
142591,0.14526427334924158
142592,0.1066204536138059
142593,0.16840836576656382
142594,0.16967355971208178
142595,0.18814259400979055
142596,0.17366578389869733
142597,0.15022669466582445
142598,0.11284275837774585
142599,0.12316116149569044
142600,0.19586959937958048
142601,0.14368970100379436
142602,0.14711907153443235
142603,0.22019767618461544
142604,0.14149998208636316
142605,0.1541102695967478
142606,0.1588147194511638
142607,0.22865244728919942
142608,0.15511102389132475
142609,0.11690412604935271
142610,0.15919293616715197
142611,0.1812669118577216
142612,0.20654293280517114
142613,0.19169706377911144
142614,0.20032528140243933
142615,0.12422257999900563
142616,0.19142517787300195
142617,0.15197619634356255
142618,0.1280876373034687
142619,0.16503025879896013
142620,0.11671864826316727
142621,0.1879255559843054
142622,0.14023377454969393
142623,0.13819364658095276
142624,0.14639301553389494
142625,0.12798002856112067
142626,0.1551931855604633
142627,0.1781189951904521
142628,0.19578522955642574
142629,0.1439218740350983
142630,0.12603377709764024
142631,0.1676698727416761
142632,0.17642154445672995
142633,0.14400279170119595
142634,0.09940547954563407
142635,0.2053101673024424
142636,0.18929039455346264
142637,0.20596120924627123
142638,0.1557330526565645
142639,0.1276377040185286
142640,0.12778972397500826
142641,0.1847307471367761
142642,0.15799478714766646
142643,0.15716876355064405
142644,0.19759347510250602
142645,0.11902456299320074
142646,0.13204780549952852
142647,0.10991013680753331
142648,0.054736751690574084
142649,0.17415497383391285
142650,0.1471732627481425
142651,0.16730546323428958
142652,0.15838469835220986
142653,0.1390409892305764
142654,0.1517614096512406
142655,0.1479053204395008
142656,0.17410129107878525
142657,0.16132570608617344
142658,0.1647775718824666
142659,0.13977946491471557
142660,0.15761428445821768
142661,0.17950513808072255
142662,0.16901021209993317
142663,0.12044278911195518
142664,0.17352365487978522
142665,0.19346102085725037
142666,0.1975320984060405
142667,0.18177074839588145
142668,0.14259875859823562
142669,0.15326907216690117
142670,0.20002673375614008
142671,0.15987704796494528
142672,0.17550034719140897
142673,0.1291141355083682
142674,0.20011928019086359
142675,0.18303547999856054
142676,0.10946122047116495
142677,0.1654053951686995
142678,0.18870646845986366
142679,0.1536011499390673
142680,0.17536624306855048
142681,0.16155387582962324
142682,0.17373012750469694
142683,0.16337323435036466
142684,0.12307811804350052
142685,0.18863370545634503
142686,0.16804855696997476
142687,0.09303948414885281
142688,0.19724037748113482
142689,0.14606695010554271
142690,0.13366754888814814
142691,0.16107828717998976
142692,0.14327439862102706
142693,0.23236602863190892
142694,0.14646136052959305
142695,0.14763508142972603
142696,0.161963852848105
142697,0.14603260704544443
142698,0.2126675100199859
142699,0.14763128509050358
142700,0.16325965274231502
142701,0.14723245742855026
142702,0.10569340327078056
142703,0.08702906090487617
142704,0.1437083173462176
142705,0.13498035182200074
142706,0.16831053694180312
142707,0.11387842680863307
142708,0.20982788379169598
142709,0.21825332890226862
142710,0.15262398636404012
142711,0.11382818390124692
142712,0.13943927299392977
142713,0.16094626394580555
142714,0.16331038496937966
142715,0.1543423448815123
142716,0.1420629173685261
142717,0.14634888715353908
142718,0.19723013753658458
142719,0.08469090163179264
142720,0.1394241683647905
142721,0.14592227236164176
142722,0.16713774234741743
142723,0.06983713969228578
142724,0.13000009732788725
142725,0.16610358696942268
142726,0.17449967499279706
142727,0.17972820481154952
142728,0.15854765400034365
142729,0.2332998146471904
142730,0.1919235636804201
142731,0.1256248721339847
142732,0.19813256641224886
142733,0.11621726133956997
142734,0.14118466665484947
142735,0.1400119902023978
142736,0.107097163061918
142737,0.1964060584099282
142738,0.16509124845319123
142739,0.15475706148620416
142740,0.15630328958667342
142741,0.16292748699718676
142742,0.21382691691481637
142743,0.15527433557329065
142744,0.14344249112035024
142745,0.14194433212971108
142746,0.13433118657416143
142747,0.16848819589544753
142748,0.20204207018158052
142749,0.09048811963943929
142750,0.15670835922817786
142751,0.181876892611477
142752,0.13399548470902914
142753,0.15510551718481064
142754,0.1551645900872843
142755,0.1807762513577727
142756,0.18936069810781647
142757,0.14487136686549687
142758,0.13930024720801631
142759,0.13988459757281796
142760,0.1589650534657295
142761,0.1635138936661579
142762,0.17163764713906537
142763,0.13814380217070005
142764,0.15015461917540573
142765,0.16952598430546303
142766,0.16026972601693723
142767,0.15890369413474592
142768,0.12794591076394013
142769,0.1647798912629789
142770,0.14585222604369175
142771,0.1884523223758375
142772,0.20663268093296835
142773,0.15481821655042818
142774,0.17766873168493597
142775,0.17539828865672022
142776,0.12222385947393415
142777,0.17512841481787747
142778,0.09693761412412397
142779,0.17856978750722832
142780,0.14241435895785107
142781,0.12033034775580662
142782,0.1539358779653657
142783,0.1955335525000968
142784,0.1998510998631343
142785,0.12414048286739236
142786,0.20323226628876287
142787,0.11718949311918814
142788,0.1393620230698161
142789,0.14041604852211098
142790,0.1382931463671877
142791,0.17198700948102605
142792,0.16653566292647085
142793,0.17308263694156417
142794,0.1382431821678357
142795,0.1490964958062889
142796,0.16191500825715327
142797,0.13302062804309708
142798,0.12441093331645724
142799,0.1505295997424792
142800,0.1913135341450618
142801,0.17079368985032653
142802,0.15608841455145628
142803,0.1369499251187733
142804,0.06200593728303051
142805,0.14376641989823727
142806,0.15444664539489228
142807,0.1719612518778658
142808,0.14162251376729956
142809,0.16118751567596468
142810,0.17108608825660035
142811,0.14715211593007343
142812,0.10571216887754512
142813,0.12913515750830726
142814,0.14476947940138862
142815,0.16239707207986595
142816,0.12923358080066505
142817,0.16677964831378309
142818,0.13375836762857402
142819,0.15679144451710988
142820,0.22364262328123724
142821,0.13269215619016514
142822,0.11045955124975361
142823,0.1524576722565223
142824,0.08425593960523034
142825,0.20175258598892185
142826,0.1278644671349884
142827,0.15444802049479883
142828,0.1763494866911616
142829,0.1718251282573084
142830,0.12842056643922134
142831,0.1456865213519901
142832,0.163404220465345
142833,0.15361414696260692
142834,0.1379034587812531
142835,0.14595229760345252
142836,0.10277126270104117
142837,0.1395103622711166
142838,0.14840711318376032
142839,0.19961799363038843
142840,0.08702544866692677
142841,0.15852900317133645
142842,0.13656547739934444
142843,0.19850558618661032
142844,0.14723967725483714
142845,0.10899039488042203
142846,0.2047509340795471
142847,0.21286006833239063
142848,0.15115145851613168
142849,0.10467794290110924
142850,0.1416986866706198
142851,0.17167562360258043
142852,0.14027948653124128
142853,0.16462348571832625
142854,0.13216137625636493
142855,0.12185641399781467
142856,0.1717489884273366
142857,0.16367192529573973
142858,0.12310973649541354
142859,0.1326396359537587
142860,0.17711401236401594
142861,0.1582605699725136
142862,0.14802723581254712
142863,0.1694304585356898
142864,0.14145588637679918
142865,0.1355739857390248
142866,0.1759737948987525
142867,0.17512485801684313
142868,0.11930938669977398
142869,0.18013545168294406
142870,0.0970070448088088
142871,0.1942886303397507
142872,0.1802699045442164
142873,0.14138780790313002
142874,0.15010729095396574
142875,0.12740247199519072
142876,0.12218379793535392
142877,0.19228982944435588
142878,0.11123743636418362
142879,0.17163020978925594
142880,0.14376096670111713
142881,0.1868699455003062
142882,0.12081059282312774
142883,0.15418261374923295
142884,0.15817516619752375
142885,0.1294241723897612
142886,0.15290812883544833
142887,0.17286534499983214
142888,0.14363637204935198
142889,0.16127014163464778
142890,0.17293049199863125
142891,0.18203701906017833
142892,0.15311813500467
142893,0.1076612388292789
142894,0.177587531989907
142895,0.16343803389027695
142896,0.19576743251835982
142897,0.18146023154255683
142898,0.17323305037846398
142899,0.17360795280688687
142900,0.1375378230280368
142901,0.21058073400041175
142902,0.13118253002583802
142903,0.13046598574447826
142904,0.17299269046544136
142905,0.1467934685864386
142906,0.14976330078953026
142907,0.15559301212615667
142908,0.13352006706137573
142909,0.15336875619646895
142910,0.1277310249497345
142911,0.1646260504887361
142912,0.13651224469031506
142913,0.14388224190054327
142914,0.16228783938244215
142915,0.14441401457572808
142916,0.15323141496180448
142917,0.15768446081593376
142918,0.13543616375107773
142919,0.15620503497300656
142920,0.19096593350680302
142921,0.1557507814011243
142922,0.13642537398645918
142923,0.10860968670534725
142924,0.11663733976208283
142925,0.14199399211164931
142926,0.08681502319835628
142927,0.12470267798114464
142928,0.20373248818381182
142929,0.1561231723790097
142930,0.10711435754831822
142931,0.14252949648463337
142932,0.13664434755008162
142933,0.11909411307734166
142934,0.12182912946527331
142935,0.10593549990630352
142936,0.19385778964666467
142937,0.14535051236178737
142938,0.1650941904989101
142939,0.14042222592184683
142940,0.14212576863478835
142941,0.18179078917654937
142942,0.1348811228102383
142943,0.1314435606951645
142944,0.12453674177190387
142945,0.17782042768625103
142946,0.08658325703649232
142947,0.1387935959722202
142948,0.16073568968155427
142949,0.1505047985537226
142950,0.175074165123107
142951,0.19296914860335682
142952,0.1606638314915367
142953,0.15589356263792079
142954,0.16090127025458803
142955,0.17771869730577455
142956,0.20437109550259827
142957,0.14547267557065682
142958,0.14614203904832782
142959,0.17271737534297643
142960,0.18303558745836015
142961,0.14786807609919628
142962,0.17986960473272373
142963,0.15291695590258716
142964,0.15343807129206125
142965,0.128556658170906
142966,0.15219473477099543
142967,0.15560748543629385
142968,0.12775217232746433
142969,0.13158720720338252
142970,0.1437269328662296
142971,0.09760620733934716
142972,0.10987025191525177
142973,0.09401104128703909
142974,0.144526475749493
142975,0.16220914952712284
142976,0.12436331143639988
142977,0.1189496717266367
142978,0.16715718199436702
142979,0.17802942629838042
142980,0.13539295672600327
142981,0.15144669282594653
142982,0.20996421231691642
142983,0.1602970935857431
142984,0.13883306763606287
142985,0.16315687261587222
142986,0.12308064370782908
142987,0.10201530022865948
142988,0.11431583487814892
142989,0.15952724911734414
142990,0.130501539065944
142991,0.19012081802346906
142992,0.14782063593769193
142993,0.19488896403375103
142994,0.16519196000194974
142995,0.12822408623032436
142996,0.16181647099424545
142997,0.09955683271323798
142998,0.22345623169362294
142999,0.08960889013122006
143000,0.13417783013516818
143001,0.17894037187433537
143002,0.16110945498977466
143003,0.11503664337783268
143004,0.11481730628983056
143005,0.13858679243537786
143006,0.13076551237555747
143007,0.14982391593311958
143008,0.1583704955188955
143009,0.15392877361575574
143010,0.17288601123408262
143011,0.13686708348117674
143012,0.18776652960131673
143013,0.13631494946080977
143014,0.20627456462336746
143015,0.18550516398396716
143016,0.16729257093284233
143017,0.14405231207175756
143018,0.1545413481092313
143019,0.17333332894674383
143020,0.14674332379695554
143021,0.13124518863430637
143022,0.1906806612348558
143023,0.15270421156072744
143024,0.10921488874690145
143025,0.1355340221794405
143026,0.10993135451795144
143027,0.1537901594563481
143028,0.11730919407665108
143029,0.08224321217620413
143030,0.10624901005718798
143031,0.14729782665153138
143032,0.1595541510741669
143033,0.1518530106622507
143034,0.16148834482586907
143035,0.12818165393629222
143036,0.15018840121106491
143037,0.1495047779957895
143038,0.14118453822626947
143039,0.21576871496008326
143040,0.16844431679073407
143041,0.15697527690416066
143042,0.07255543257510913
143043,0.11549356907714642
143044,0.1684677676583371
143045,0.11742267307110166
143046,0.15564855367304967
143047,0.15350459316352516
143048,0.12596912911848923
143049,0.1209229828904007
143050,0.18107571727511246
143051,0.16393519958995523
143052,0.16287025083302858
143053,0.1066259256532896
143054,0.13896971129083008
143055,0.16505021321334185
143056,0.11846538423910348
143057,0.0861564256589781
143058,0.20970611411190515
143059,0.17317777073559068
143060,0.159244862653368
143061,0.11943537051797953
143062,0.15045222187573487
143063,0.17969818607123547
143064,0.15098504490160372
143065,0.11296108186541454
143066,0.16974771574607228
143067,0.15186105796904642
143068,0.16469786868925576
143069,0.1418178460968408
143070,0.15858744341631564
143071,0.15928151124394885
143072,0.11873667194517716
143073,0.20289658377139286
143074,0.12155007863679627
143075,0.09239546071839463
143076,0.10894437004848403
143077,0.13582805492934225
143078,0.08483237158684563
143079,0.16078429815498152
143080,0.14793980056742556
143081,0.14019013250195084
143082,0.12109345164752638
143083,0.12322950168112592
143084,0.10356582618445084
143085,0.1659681241019887
143086,0.14027473845620406
143087,0.11592199781623859
143088,0.14295256085279004
143089,0.1555187261935447
143090,0.1437279340055623
143091,0.18518194129559043
143092,0.11395887550173583
143093,0.1500260727235426
143094,0.2065197047618127
143095,0.1776685427374757
143096,0.13052280810964806
143097,0.16643244733227772
143098,0.16349815180490132
143099,0.17060172502644785
143100,0.15440562161340143
143101,0.16660352154290983
143102,0.1446682522117081
143103,0.15068986803991374
143104,0.17723811586076715
143105,0.17387506773196318
143106,0.1515471103943677
143107,0.15573608833385555
143108,0.17363783641634356
143109,0.1689037356592604
143110,0.20128466947997117
143111,0.17215824897695875
143112,0.1613534884869216
143113,0.13756731804884523
143114,0.16751533402684762
143115,0.13654984262344677
143116,0.11970236945830427
143117,0.15784073188386
143118,0.1489578910742588
143119,0.1928081983561169
143120,0.16705322258877775
143121,0.16519891348100796
143122,0.11790425847643342
143123,0.11116535782842532
143124,0.18511969373305504
143125,0.14461511707530095
143126,0.10465765647285472
143127,0.17597932035736444
143128,0.1509250443952261
143129,0.18384386323649454
143130,0.18268571651098175
143131,0.1916775534108784
143132,0.16069976063041413
143133,0.21318821526065215
143134,0.15433059256958093
143135,0.1535430540431524
143136,0.1447274866270771
143137,0.14636676819581512
143138,0.17012078076678977
143139,0.14721240466480642
143140,0.09536630346375458
143141,0.16300177126607798
143142,0.15225089901909308
143143,0.1357379266801373
143144,0.1186506466477478
143145,0.14592372647436655
143146,0.057634733679388955
143147,0.1229341116471036
143148,0.20618640534152263
143149,0.1313200820776722
143150,0.10221046918338407
143151,0.10732476477450328
143152,0.22980504238638433
143153,0.13405081869847185
143154,0.1263300254286805
143155,0.13225293375333141
143156,0.14329787845412434
143157,0.11708020752346739
143158,0.13126286179876678
143159,0.16204803926623335
143160,0.08626725586578712
143161,0.12098460584661333
143162,0.14637443782109688
143163,0.2105452867440964
143164,0.12153860710275793
143165,0.17375023158970793
143166,0.12381729581287704
143167,0.22685314071058005
143168,0.15276719047736537
143169,0.14855248398163026
143170,0.13893996997204494
143171,0.15300632964162797
143172,0.1095172107525571
143173,0.16418763253829347
143174,0.1295136871422406
143175,0.16177814567249063
143176,0.13336692425615726
143177,0.18332264602275417
143178,0.07812260986721718
143179,0.15173100008711074
143180,0.1589004808274431
143181,0.16912064850248598
143182,0.1610398939928421
143183,0.20360419751426262
143184,0.13855522207545268
143185,0.16932316676159334
143186,0.16731112876313844
143187,0.14241945693465397
143188,0.20792557237587556
143189,0.14653561370145451
143190,0.23244066724181095
143191,0.1180090724889407
143192,0.11058618603166692
143193,0.13391969798254574
143194,0.11918938080736459
143195,0.12094994549854213
143196,0.14089887398081488
143197,0.11317958237009126
143198,0.14615844904729547
143199,0.08992527257073951
143200,0.09603853339470689
143201,0.11301059423393497
143202,0.13368576798240045
143203,0.10700100094449627
143204,0.1352319952081474
143205,0.1412413210485149
143206,0.2439957598391613
143207,0.16562669326649426
143208,0.17243899383821587
143209,0.0849533823401333
143210,0.12440786750338335
143211,0.09607219584462685
143212,0.1443942124528088
143213,0.1563258544227857
143214,0.1574899679907663
143215,0.12151659154659368
143216,0.17072667670752298
143217,0.08739021771315869
143218,0.16463726711811824
143219,0.15923223662086267
143220,0.1641191815854527
143221,0.11076655582591508
143222,0.17403710457798
143223,0.1645997926301287
143224,0.15358771347400163
143225,0.15479342022632428
143226,0.19299184407449183
143227,0.18030612682529867
143228,0.14555985204510244
143229,0.19898597931686327
143230,0.15761313822518855
143231,0.11016549649085192
143232,0.1324580342362139
143233,0.1283647033985836
143234,0.15029089076753976
143235,0.13164933919817778
143236,0.20663498079030948
143237,0.20644392255838395
143238,0.18277993378965723
143239,0.12994199251243574
143240,0.1628983878004154
143241,0.10365620699421624
143242,0.1929555160918023
143243,0.13006483811077174
143244,0.15886478289178105
143245,0.15485872787292368
143246,0.1318968524980826
143247,0.1819648119535051
143248,0.13098245553298013
143249,0.14978495917549925
143250,0.14068698297026752
143251,0.16222039125136947
143252,0.2177528299363508
143253,0.1245081637237279
143254,0.07464290950320997
143255,0.14053255674776405
143256,0.13001431501992836
143257,0.11752405288410485
143258,0.17266384579759958
143259,0.14886106548828104
143260,0.15564826310040747
143261,0.09856652198486492
143262,0.13406524939920095
143263,0.1860137787267292
143264,0.15905122073814043
143265,0.08515590159833114
143266,0.12000652403005536
143267,0.18175336896471395
143268,0.1958916108854602
143269,0.10522732379594216
143270,0.16345010821114153
143271,0.14303815026845554
143272,0.11778913332647742
143273,0.15142115674749362
143274,0.14981642558037048
143275,0.0969543814033626
143276,0.16907232433351407
143277,0.17868526767816406
143278,0.14862965360750152
143279,0.09048257160757783
143280,0.1610573954631469
143281,0.05752333009865368
143282,0.17383559995716022
143283,0.154304713437066
143284,0.20124932557591535
143285,0.1720840559358174
143286,0.15831033785700227
143287,0.17729365175903525
143288,0.158130525749101
143289,0.13283915240582383
143290,0.1067569694009578
143291,0.15921636176381374
143292,0.1390232186442915
143293,0.1650589575493358
143294,0.1491897233025064
143295,0.12698220809859811
143296,0.12152738358492605
143297,0.1543627198681095
143298,0.11287239667990281
143299,0.1490174678134158
143300,0.09823190639784316
143301,0.17146339429340657
143302,0.11864330109128254
143303,0.1624396804954898
143304,0.1427650856113059
143305,0.10355115270865851
143306,0.15227278654768955
143307,0.13705325342475733
143308,0.13880158973062456
143309,0.18216709140265747
143310,0.14125161038789447
143311,0.10846278075571468
143312,0.15363229164020367
143313,0.12712207135882642
143314,0.16648841805758913
143315,0.14060020710177953
143316,0.1748297572133897
143317,0.14295685844356862
143318,0.13163483969999482
143319,0.175030698410137
143320,0.18223349870161443
143321,0.1279747467376378
143322,0.15132978581035147
143323,0.12449053287081306
143324,0.1510573001498742
143325,0.14794379409497202
143326,0.1892378754644016
143327,0.159807154784706
143328,0.11573844489849372
143329,0.13549850422135234
143330,0.15866708664663773
143331,0.16511552498311138
143332,0.12099464426078627
143333,0.11170350337873464
143334,0.13766596638104642
143335,0.14553172069120668
143336,0.16462284087877127
143337,0.07341895481050041
143338,0.18402463203688071
143339,0.11868335493440674
143340,0.16126682311515655
143341,0.15379763115713738
143342,0.14767447421621308
143343,0.11601462267613938
143344,0.12452284548881776
143345,0.1272246176898207
143346,0.11742793134823021
143347,0.1181903005782223
143348,0.14209311455220403
143349,0.13490292044301697
143350,0.1751565879978215
143351,0.09612042557455683
143352,0.1214229008410521
143353,0.10159083940877843
143354,0.12807690230399388
143355,0.1409983195953064
143356,0.17822889496695535
143357,0.1539432627419318
143358,0.1557220377094902
143359,0.1629527866248004
143360,0.15600380056078308
143361,0.13106738067969612
143362,0.1357783246506677
143363,0.1265884301274648
143364,0.14687356213616856
143365,0.21434747561660572
143366,0.18050650562230297
143367,0.18674613896594072
143368,0.12166895638182039
143369,0.15512562986868217
143370,0.12907258252133283
143371,0.15136700945369877
143372,0.14474013265091346
143373,0.1702105367912759
143374,0.155382156987545
143375,0.14897783877094112
143376,0.1556000285412625
143377,0.18480858241857162
143378,0.12923203416310483
143379,0.13427417580776446
143380,0.15415542672760552
143381,0.19969649739653406
143382,0.15144424168668433
143383,0.1318412960083107
143384,0.1307755616269837
143385,0.12094501571471783
143386,0.1960471551406309
143387,0.13830567816530254
143388,0.1473009730959534
143389,0.1814729279334504
143390,0.14690580791300337
143391,0.16549529905509355
143392,0.09284320324708427
143393,0.15946287688798566
143394,0.12893678691334437
143395,0.1538904936120844
143396,0.19912776499024543
143397,0.18683449295187676
143398,0.1879322494574488
143399,0.13083546516421413
143400,0.18759157101207286
143401,0.09769672720875253
143402,0.1910401463349551
143403,0.10571543107812656
143404,0.14007503637252847
143405,0.15589380644831272
143406,0.17954249329568112
143407,0.11399531931287915
143408,0.11467087701921803
143409,0.18184339693320056
143410,0.18584872507417677
143411,0.1413196661087217
143412,0.149557746668654
143413,0.14168565389151672
143414,0.22823641330689776
143415,0.14697574847992081
143416,0.1430461385730218
143417,0.13009550051249036
143418,0.1750249767004515
143419,0.1934232683958541
143420,0.15392420892679132
143421,0.1477957504734278
143422,0.13646446854920496
143423,0.11548428353657077
143424,0.11106378356793412
143425,0.15654850806539625
143426,0.13596699994242262
143427,0.17694933604601537
143428,0.1039738069802354
143429,0.14997207266327903
143430,0.14001989032313952
143431,0.1307564294064179
143432,0.1886223205697106
143433,0.1712819986962502
143434,0.14595438813971964
143435,0.19399974525000618
143436,0.09249909861138
143437,0.19915829689346967
143438,0.16369632149597604
143439,0.12226396978110296
143440,0.1408813918084095
143441,0.18911831727771647
143442,0.13084637472797175
143443,0.11566848880264217
143444,0.1642809366677168
143445,0.13003706436067647
143446,0.17710165812423137
143447,0.15903714586913578
143448,0.12909824543786247
143449,0.1564141566906758
143450,0.1352696424804109
143451,0.1421688688975182
143452,0.14865958889787084
143453,0.1660007078528239
143454,0.085076315671232
143455,0.15735622562551344
143456,0.15402712113059874
143457,0.13190909400435036
143458,0.1390966572568592
143459,0.14937525822751269
143460,0.18194743475178782
143461,0.1682763245968074
143462,0.12838097309391647
143463,0.19198618507849657
143464,0.1427927811233216
143465,0.14445453406250386
143466,0.11362600690731668
143467,0.16878897651547978
143468,0.10470810061444738
143469,0.15952701860429652
143470,0.15398049145214196
143471,0.13957495370064482
143472,0.1128856425144226
143473,0.14350095411902059
143474,0.1817535215523587
143475,0.19565807171763913
143476,0.17451658072872317
143477,0.13127535329006956
143478,0.16423515326029628
143479,0.14267416079679407
143480,0.17058902144378238
143481,0.10642927225129564
143482,0.10629202709938354
143483,0.15357317173424598
143484,0.12046682749634545
143485,0.16453157413443764
143486,0.11244952108456757
143487,0.166476577842064
143488,0.088988917061551
143489,0.15395565993936075
143490,0.15677159912123423
143491,0.1814409466678455
143492,0.1346100261136845
143493,0.09448053992049703
143494,0.16689066961497084
143495,0.1284008297352131
143496,0.10096203491307795
143497,0.11532371804804009
143498,0.11852925255376794
143499,0.12857709462007086
143500,0.1965654385253007
143501,0.13494244608138958
143502,0.11947294985267178
143503,0.11958258722355347
143504,0.1108797759327895
143505,0.20412946537858945
143506,0.13722339748195328
143507,0.13653957756848964
143508,0.1521015262173612
143509,0.13971965586172466
143510,0.14747252214306641
143511,0.15871042758396905
143512,0.12900840135364414
143513,0.1684115784161617
143514,0.1677046474912696
143515,0.17392365002068239
143516,0.17008266342921488
143517,0.15909188371827435
143518,0.20357423915953765
143519,0.12473264306962653
143520,0.211530516512566
143521,0.13308361315307318
143522,0.0907483946640204
143523,0.13408962080119533
143524,0.16775796803190823
143525,0.12483918808244712
143526,0.14696457069108015
143527,0.20138277132314236
143528,0.15497707402646588
143529,0.14086747582218245
143530,0.15746470191402973
143531,0.18432512738005713
143532,0.15605439515151115
143533,0.1738536809336848
143534,0.12592327263945893
143535,0.16754739586613862
143536,0.14685902123251057
143537,0.18100273722262328
143538,0.18970867090157137
143539,0.10939911872736889
143540,0.12012637354287192
143541,0.14040687396795176
143542,0.15136657825466113
143543,0.1301886573322742
143544,0.18738294576906156
143545,0.10288509452787399
143546,0.1421936721444053
143547,0.17985656753013868
143548,0.14311421497837498
143549,0.2689085175246112
143550,0.14416371121194058
143551,0.09293009346868969
143552,0.17724369187495742
143553,0.18229398470560304
143554,0.11113455744372111
143555,0.17795042689246315
143556,0.1065336161640095
143557,0.10938667674772608
143558,0.16107626606758194
143559,0.1458169725684039
143560,0.1380917414294263
143561,0.13082031275192615
143562,0.20806402741705032
143563,0.145808442219295
143564,0.1591194757673681
143565,0.18868734729098266
143566,0.12316831773784134
143567,0.1528104101774835
143568,0.13158389901225115
143569,0.15890521442364547
143570,0.09992746560601287
143571,0.20663517570091247
143572,0.10882565689239534
143573,0.15923204660141532
143574,0.09474828994389006
143575,0.16192458056466263
143576,0.13502673938581033
143577,0.1659102002084784
143578,0.16709317209724095
143579,0.09746280683146927
143580,0.13523821167441313
143581,0.10289184490042762
143582,0.13867034196541148
143583,0.11466115851979677
143584,0.18600182903150875
143585,0.12987222662989298
143586,0.15118656770255084
143587,0.126880301992274
143588,0.1501144084624022
143589,0.12616616991349358
143590,0.1614152083741868
143591,0.19562905723563598
143592,0.1554230804537839
143593,0.1223407672529684
143594,0.12627746264263295
143595,0.12534527707940926
143596,0.13749714337020616
143597,0.1260347128992003
143598,0.14249231803811319
143599,0.20152379314459412
143600,0.1542176830450698
143601,0.1379074522631104
143602,0.1682024359831597
143603,0.15211938756947913
143604,0.1590930662832577
143605,0.1716319296463683
143606,0.1437779019152349
143607,0.1644699038983236
143608,0.11605937370997177
143609,0.18644076045659458
143610,0.16570940584576896
143611,0.14585668822887232
143612,0.13566733092816044
143613,0.1402206440714151
143614,0.10413564777796816
143615,0.13692781238872664
143616,0.10647962570389466
143617,0.10970644993228403
143618,0.1529704505682612
143619,0.13097130484551298
143620,0.10643311969003777
143621,0.18127817400933133
143622,0.18390753178403996
143623,0.10216009706539494
143624,0.18776133729720473
143625,0.1396098173402334
143626,0.19828424356977725
143627,0.10880620940256935
143628,0.12349556638255686
143629,0.18632931509207312
143630,0.13948721520646984
143631,0.13526883490780597
143632,0.11765765316876654
143633,0.18005874272411834
143634,0.15392573681841448
143635,0.1744764904510638
143636,0.15311619947422467
143637,0.10409263704475324
143638,0.2071192494655689
143639,0.15320494425188544
143640,0.1640081313081563
143641,0.14662226553756635
143642,0.15107497128464106
143643,0.17513085704090986
143644,0.15528585987500107
143645,0.1819188346449852
143646,0.20301551976487664
143647,0.18332098205914732
143648,0.13741189290988948
143649,0.17534708683861777
143650,0.1694795631955759
143651,0.15336592819773476
143652,0.1398305027918832
143653,0.16775952244444875
143654,0.1982131916048165
143655,0.17181995205019351
143656,0.18316025769611533
143657,0.09863992667395581
143658,0.12575673770315182
143659,0.08381403501403951
143660,0.1453650310924865
143661,0.1440130308647042
143662,0.13962614207986612
143663,0.1151587979741927
143664,0.14702153122381856
143665,0.14133841271813563
143666,0.18344695107395553
143667,0.1144215891719742
143668,0.14988656601399242
143669,0.11125066039063884
143670,0.15930788313543268
143671,0.10580376459998483
143672,0.13470712284818678
143673,0.1462579964253142
143674,0.15995392173850553
143675,0.12080313836985998
143676,0.17252804765956883
143677,0.13302371370884863
143678,0.1391761093044567
143679,0.12396121333846077
143680,0.1433697225176164
143681,0.13480816517790029
143682,0.10972707713690641
143683,0.15694742720016333
143684,0.13121035443756346
143685,0.10295543136552349
143686,0.17102789654696582
143687,0.11295626214078736
143688,0.10820177709990628
143689,0.08805474726258677
143690,0.1251103378798735
143691,0.1341680249132798
143692,0.12649463585693357
143693,0.19547319300459906
143694,0.14265280272001152
143695,0.2012649036772831
143696,0.1474446529787233
143697,0.12312724075385507
143698,0.19627886839470732
143699,0.1668231601835946
143700,0.16662215868192534
143701,0.18224419679908982
143702,0.144658993288984
143703,0.1612895551189099
143704,0.1520912641525398
143705,0.16400016248334448
143706,0.1316039912826703
143707,0.1465311283219609
143708,0.054838990234877136
143709,0.14835753191580092
143710,0.13745445975700427
143711,0.1162682792258501
143712,0.18238196918181904
143713,0.16359854662995313
143714,0.1582511035357372
143715,0.16098308347695883
143716,0.12054203001440934
143717,0.1157019276101664
143718,0.18214321632637942
143719,0.11868882773637372
143720,0.17255993212235662
143721,0.12097522668135055
143722,0.16580458653374167
143723,0.1746393360981487
143724,0.14274434447766335
143725,0.19170664047056551
143726,0.14963565449845465
143727,0.13598012275986338
143728,0.17768433374350812
143729,0.15531655907562128
143730,0.16193759128910398
143731,0.1819585159250633
143732,0.188836813629755
143733,0.16694884640198174
143734,0.17930356525544733
143735,0.1627829433027274
143736,0.13274272650798005
143737,0.1400737305248821
143738,0.16773520739111644
143739,0.1608158994581929
143740,0.185869326185723
143741,0.18966848138658438
143742,0.13345655098878026
143743,0.15084834630627833
143744,0.15584276658089563
143745,0.10193706135591679
143746,0.15606265926320176
143747,0.13595559184054726
143748,0.11732961684749546
143749,0.12479461277535757
143750,0.11465560150935508
143751,0.171980768070572
143752,0.11250646429307667
143753,0.09134921067574565
143754,0.1358432235233893
143755,0.1253890968671813
143756,0.09763563693196686
143757,0.11987675305997482
143758,0.12888485282435175
143759,0.10580718616261256
143760,0.13910960463957434
143761,0.15710747348924803
143762,0.13978786662644782
143763,0.17569253501690635
143764,0.1273557899980997
143765,0.2408247205668949
143766,0.17352131596465226
143767,0.12623092501911912
143768,0.16941557136573737
143769,0.09018704934268414
143770,0.1298257153157337
143771,0.1893898340525619
143772,0.12708029140466706
143773,0.18094710629202043
143774,0.13523112534444862
143775,0.12418595388542013
143776,0.12784885801990228
143777,0.16820037885905093
143778,0.17868269150208427
143779,0.12882646022595667
143780,0.12302156588071753
143781,0.1279740212250888
143782,0.11574757306465196
143783,0.1820984096624339
143784,0.11787247239861218
143785,0.12762770684398944
143786,0.18589757686310152
143787,0.18060190235620546
143788,0.18294341521587493
143789,0.13085135225578498
143790,0.14945322251674548
143791,0.15075575829003482
143792,0.1732435380987282
143793,0.097810490110882
143794,0.22105548672379638
143795,0.14638013236242264
143796,0.14691137863413814
143797,0.1441959717956551
143798,0.1517363360828356
143799,0.1295527351273881
143800,0.15314599271723295
143801,0.16505510509036014
143802,0.14025798588273766
143803,0.16783334281736273
143804,0.13787655407671248
143805,0.12627018153794056
143806,0.12772068221871113
143807,0.17708589955530366
143808,0.18682568838335512
143809,0.13049068719602416
143810,0.1394367375064092
143811,0.11772837935920746
143812,0.1938213397737997
143813,0.15820574934283316
143814,0.08910927838022958
143815,0.15480152644462794
143816,0.1703202795931083
143817,0.11782713075013013
143818,0.09467124477293136
143819,0.1253776541414091
143820,0.14147368897530752
143821,0.14308260804036038
143822,0.1490454205464964
143823,0.19426796994638026
143824,0.0821964238153656
143825,0.17767716201113748
143826,0.10727650061226235
143827,0.16467773183734666
143828,0.13505641403553637
143829,0.1366929315027134
143830,0.0912723719317195
143831,0.10428942975628144
143832,0.1750019715111231
143833,0.14984564678929752
143834,0.18042328175930328
143835,0.18269893962591194
143836,0.1318240540747757
143837,0.14418004377731453
143838,0.13210549251777418
143839,0.08448954459408015
143840,0.1622109681354349
143841,0.14829667812708833
143842,0.14881539311083705
143843,0.11958390200554747
143844,0.1365573551094068
143845,0.1288524524078594
143846,0.1501609076916266
143847,0.14660476382142307
143848,0.17538890001835658
143849,0.1250735734666799
143850,0.10863893691040388
143851,0.13504238432346075
143852,0.12225102881193338
143853,0.1264369380445956
143854,0.10676747982339824
143855,0.15054994387351794
143856,0.14558348956398573
143857,0.11900303258677189
143858,0.16329187360257985
143859,0.13723264827535242
143860,0.157072981470755
143861,0.1726133063984871
143862,0.12733343355632196
143863,0.14787534681693956
143864,0.17880930377793947
143865,0.15458172250536265
143866,0.1475141071763105
143867,0.2027722301902614
143868,0.14197331408418423
143869,0.13935056949307398
143870,0.11571203778991392
143871,0.1315813064080854
143872,0.16286412271774975
143873,0.13298330081381685
143874,0.15279091140072507
143875,0.12641636324584135
143876,0.14048558864793237
143877,0.12893417600013188
143878,0.14314729231554146
143879,0.1575901070589379
143880,0.15283574933871388
143881,0.12137312822754923
143882,0.18269956669049436
143883,0.1826342571939166
143884,0.1905415553739889
143885,0.133335957476121
143886,0.1213291972836369
143887,0.13338945896149607
143888,0.17685731419013445
143889,0.17840095019006222
143890,0.14529679263906714
143891,0.11890925602341268
143892,0.13972018044359727
143893,0.1487334248219794
143894,0.14893173690389577
143895,0.12834440855137097
143896,0.13860221287552407
143897,0.15253920467001783
143898,0.14563000385288133
143899,0.213402139250208
143900,0.13264764981698365
143901,0.1679653187307263
143902,0.13364387519644544
143903,0.1153301007985985
143904,0.12227278377506409
143905,0.1578928536191777
143906,0.10597039140893319
143907,0.13898495682136242
143908,0.1088081014123009
143909,0.10664163112906781
143910,0.2089582905412976
143911,0.12891533452671253
143912,0.1675497925836705
143913,0.1801447718148434
143914,0.16362573948741238
143915,0.130295362495528
143916,0.17196746029332274
143917,0.15200999194175915
143918,0.1805527992675218
143919,0.17103808904358703
143920,0.13159662892783103
143921,0.134303232351963
143922,0.16256502507524634
143923,0.15547132048934553
143924,0.20246605706020293
143925,0.14475531656468996
143926,0.15599890064188943
143927,0.1770488835206192
143928,0.15454811931411844
143929,0.1922290709442484
143930,0.14126330986686395
143931,0.13350976480685273
143932,0.11168704007017094
143933,0.194965179136155
143934,0.17616094426164972
143935,0.13682075338992802
143936,0.15580213659180486
143937,0.17128238176506308
143938,0.1562590240443864
143939,0.08636010317953222
143940,0.14324713248138987
143941,0.13143533312172287
143942,0.11032293165883375
143943,0.12660157364040261
143944,0.1470501205528469
143945,0.09167988530982293
143946,0.16722386890264426
143947,0.0887880589736457
143948,0.14558083233893737
143949,0.17810645289123275
143950,0.1680372440134253
143951,0.13072846497637766
143952,0.17567242755342927
143953,0.17842633396591054
143954,0.16546024294643025
143955,0.12319081395995611
143956,0.16668842849764823
143957,0.14783093202837277
143958,0.10687809928574761
143959,0.0838204445698448
143960,0.14924703950969975
143961,0.12223249189331832
143962,0.1561726485428041
143963,0.17371267502827076
143964,0.14948285713749201
143965,0.14521128420415513
143966,0.15628668479844088
143967,0.10467955625296446
143968,0.14256703969291948
143969,0.11000695063633234
143970,0.10259318073296789
143971,0.13087323886945043
143972,0.11660079917341754
143973,0.1511329197671045
143974,0.1812006394802725
143975,0.15848231326870907
143976,0.12673791015154537
143977,0.1448354786831625
143978,0.1896783298874169
143979,0.14911448207389236
143980,0.18266136788586643
143981,0.12159936069864072
143982,0.19021942450420629
143983,0.16663309226329912
143984,0.17551579107375517
143985,0.08251205453556996
143986,0.13175613467146033
143987,0.16627027967195054
143988,0.1922308847960746
143989,0.12565645927597818
143990,0.16208119439213667
143991,0.1381370193709102
143992,0.12198739365619639
143993,0.11868618092890063
143994,0.11952856126636392
143995,0.1020983670269816
143996,0.17556454957460524
143997,0.15669540767304738
143998,0.11685624106643822
143999,0.19665403949340277
144000,0.0037415943276219547
144001,0.049518226171893547
144002,0.07534758810867666
144003,0.03097322878812381
144004,0.03886168605057992
144005,0.08130196449886389
144006,0.052404508280206805
144007,0.10140740641538278
144008,0.1241887803276434
144009,0.10931373378769987
144010,0.1637853267261769
144011,0.14537022375437997
144012,0.1430358878733999
144013,0.17635369039865006
144014,0.11045473346719573
144015,0.17713897784177948
144016,0.19769040608183142
144017,0.15692154270746894
144018,0.14888506260466283
144019,0.19009469488144423
144020,0.20082657025644113
144021,0.2583221803230351
144022,0.2563996314352305
144023,0.2966565326087056
144024,0.2457716881462396
144025,0.24962803679433593
144026,0.2796007984145306
144027,0.30945377503473687
144028,0.3058960021781835
144029,0.2529166871315826
144030,0.2782479855300698
144031,0.391890175108693
144032,0.35156453329855364
144033,0.32127219585980543
144034,0.3822460299640669
144035,0.3582694371115282
144036,0.3728707306321127
144037,0.33810237980546365
144038,0.3608837752098701
144039,0.42145262186031257
144040,0.4055397942394518
144041,0.3421913048151387
144042,0.38844355031772804
144043,0.4340562778713954
144044,0.42624238645087414
144045,0.4172110525479556
144046,0.4207897705387982
144047,0.4686451076128166
144048,0.5150812779228331
144049,0.46145805356096997
144050,0.4649063104598593
144051,0.5015954390454341
144052,0.47677996613937057
144053,0.4845626193980136
144054,0.5240229172747239
144055,0.546243363196214
144056,0.5360942889467742
144057,0.5063364481212461
144058,0.5380289634330527
144059,0.5341295428693328
144060,0.6213217045992622
144061,0.6147480230040622
144062,0.5509225002437376
144063,0.5669411379451839
144064,0.607070501472881
144065,0.6015396479933612
144066,0.5828717845113861
144067,0.6296374925238402
144068,0.6365504215641697
144069,0.5349771701999053
144070,0.617229051104541
144071,0.591443670206305
144072,0.5769683336286983
144073,0.566746803379195
144074,0.6547188795314163
144075,0.6163556821826701
144076,0.5998311974052767
144077,0.6157874362858153
144078,0.6258372903307671
144079,0.6527863546402181
144080,0.6959254542953774
144081,0.6908607294990688
144082,0.6637270303206393
144083,0.7053176517667268
144084,0.6619532972630681
144085,0.717179773660506
144086,0.6781876666027379
144087,0.7347734254065111
144088,0.7460196791885945
144089,0.7672868419985465
144090,0.7048493830007708
144091,0.7571787510444842
144092,0.7280432085292989
144093,0.7363883724967042
144094,0.7299306258369542
144095,0.7863857044331011
144096,0.7824666549738922
144097,0.7670878736358492
144098,0.7683700925375176
144099,0.7700021332261613
144100,0.7814026890705009
144101,0.7632264314600254
144102,0.8183216839497729
144103,0.7857437252962998
144104,0.8198654389724653
144105,0.802959739651927
144106,0.8410535729627219
144107,0.8122773775801332
144108,0.7467533463543714
144109,0.8152596115381149
144110,0.829269678572926
144111,0.8004374785195872
144112,0.8020694404817358
144113,0.7796263165467983
144114,0.7489914319334594
144115,0.791494617618646
144116,0.8076649756200462
144117,0.80356666313934
144118,0.7549138862718078
144119,0.8399196189067827
144120,0.8095217501748688
144121,0.7810616649457387
144122,0.8582687452891613
144123,0.8213555510073073
144124,0.825529260205992
144125,0.8672682654042816
144126,0.823780522991851
144127,0.7892902030394879
144128,0.8134150130461965
144129,0.7872779813649646
144130,0.8286821323829507
144131,0.8760873567128236
144132,0.8602427799081377
144133,0.7722206668241619
144134,0.7824970781661926
144135,0.8013851037684606
144136,0.805464075539474
144137,0.7954985608926187
144138,0.8006841903168913
144139,0.7833164735679558
144140,0.8069937818981981
144141,0.8196266674774015
144142,0.812890068054554
144143,0.8812557071413961
144144,0.8319741352596451
144145,0.7811484405320186
144146,0.8051107235850451
144147,0.8124147276635104
144148,0.8554684800729404
144149,0.7921859489318128
144150,0.8463970329759308
144151,0.821276333999012
144152,0.8026080752987399
144153,0.8706454910288413
144154,0.8157135103666987
144155,0.8418603926380982
144156,0.8120028361696565
144157,0.7955057452432296
144158,0.818133346082234
144159,0.8276080518515947
144160,0.7890305398517381
144161,0.8220618543884419
144162,0.8555230185654734
144163,0.8236984141142674
144164,0.7877169565296946
144165,0.7956388304808562
144166,0.8036702985506281
144167,0.7673652357596179
144168,0.7451613325984103
144169,0.7806240775447939
144170,0.8028476599195778
144171,0.7366889237313412
144172,0.7817412030221099
144173,0.804116779364256
144174,0.7738415227662186
144175,0.6979466472785301
144176,0.7425397047153958
144177,0.8343179437295165
144178,0.8159618487697009
144179,0.7860985256352699
144180,0.7505503317173117
144181,0.8033992508186658
144182,0.7876646649892197
144183,0.8016901923131909
144184,0.7615544780102933
144185,0.7764132305037693
144186,0.7787028169023374
144187,0.7679067784031868
144188,0.7597594959775418
144189,0.7723723036941174
144190,0.776362763222242
144191,0.7798966710790488
144192,0.7523730737005058
144193,0.7837804184716447
144194,0.8085360638727752
144195,0.7332086766122464
144196,0.7957220554822196
144197,0.772005447423458
144198,0.7343220302912873
144199,0.7600604595897609
144200,0.7918321947563303
144201,0.7817981186072113
144202,0.7412898497597544
144203,0.7206994429073312
144204,0.7470526729321474
144205,0.7251587470805935
144206,0.7220374996514574
144207,0.6765814570982525
144208,0.7853637757050416
144209,0.7690748319904857
144210,0.7159205239206194
144211,0.700701050334322
144212,0.6859731663239141
144213,0.6798022021414583
144214,0.6549031098456961
144215,0.717305040940081
144216,0.699609460579862
144217,0.7095225553651487
144218,0.7712384709694716
144219,0.7195079700629425
144220,0.7000206961910898
144221,0.6773407838371328
144222,0.6687414975151063
144223,0.6671026064561492
144224,0.6312329341161103
144225,0.6730782724745443
144226,0.7610647796789183
144227,0.7096199766906447
144228,0.6327993302771686
144229,0.6335118345852822
144230,0.6654616984002356
144231,0.6067625143261159
144232,0.6775556120216011
144233,0.7030329723376777
144234,0.6644642347570706
144235,0.6335563788116783
144236,0.6758098872381069
144237,0.6555836305564067
144238,0.6266059989345296
144239,0.6441846127529913
144240,0.6371081211008546
144241,0.6482020610233831
144242,0.6264212679953932
144243,0.6384561514575536
144244,0.6309692690333448
144245,0.6128664221554078
144246,0.6506614840812167
144247,0.5739257591588804
144248,0.6035106057062307
144249,0.5915965984420554
144250,0.5664763117819025
144251,0.6263969351244791
144252,0.5625189626637932
144253,0.607973434920899
144254,0.5674225396572667
144255,0.6006655886023677
144256,0.538892346988347
144257,0.5508071805753166
144258,0.6084374260067549
144259,0.5387645231571098
144260,0.592441735101329
144261,0.5632288342498377
144262,0.5094896626934292
144263,0.5182784644928933
144264,0.5004961262949321
144265,0.539524780974088
144266,0.5287080148444323
144267,0.529353880766803
144268,0.5742738491127198
144269,0.5242033888038011
144270,0.5015126292696457
144271,0.4667021811713392
144272,0.5166467494240935
144273,0.5181750952963033
144274,0.5590896906139643
144275,0.4818880482272995
144276,0.48854463912512786
144277,0.500766443956468
144278,0.5372447945117003
144279,0.4339606191405318
144280,0.4725248188296786
144281,0.4835711173746297
144282,0.5085685913178604
144283,0.4466383209148043
144284,0.4499513679612023
144285,0.46431094700519127
144286,0.4815553518245823
144287,0.42464055655646143
144288,0.5309661258103906
144289,0.4484282515984
144290,0.42160061952302064
144291,0.42901763833322115
144292,0.41864020570935395
144293,0.4784166475634837
144294,0.44381719575511125
144295,0.3897732530023863
144296,0.3800622441609317
144297,0.435846798503009
144298,0.4293370912383336
144299,0.4642404543561435
144300,0.394215424189672
144301,0.40918804839322315
144302,0.3950491510409367
144303,0.36000589134465355
144304,0.44381375428654235
144305,0.3909773034643178
144306,0.3829709933917354
144307,0.3883094194862094
144308,0.3658613338192389
144309,0.3422608471382467
144310,0.4212974860391809
144311,0.3704080919837673
144312,0.3220915039470246
144313,0.3591102435853307
144314,0.3617431567307187
144315,0.3550129367613844
144316,0.3566205876892329
144317,0.30311100488010767
144318,0.315712956406222
144319,0.38895807688236184
144320,0.3290693715791397
144321,0.35183784039076355
144322,0.31439316327005296
144323,0.3046421029403522
144324,0.32961050104363965
144325,0.25871768614657004
144326,0.32400017093807976
144327,0.26505111178208324
144328,0.27289930275992463
144329,0.3436175362722871
144330,0.3318920952635795
144331,0.25529589889770465
144332,0.24677015985973755
144333,0.22989044672489997
144334,0.25721944733908303
144335,0.2935363059102206
144336,0.2815068163083503
144337,0.2809542346871162
144338,0.27827496998437384
144339,0.26030730873322755
144340,0.3126326170280465
144341,0.2307232281011092
144342,0.22430335115034863
144343,0.18111964424692423
144344,0.20049134162912816
144345,0.21850611673208908
144346,0.2186834834274386
144347,0.16711927077197114
144348,0.2378744829361415
144349,0.21262298754525744
144350,0.20295243793381926
144351,0.20325421207041452
144352,0.17615204874346274
144353,0.17494458889019565
144354,0.1368136247400939
144355,0.12795231287094566
144356,0.1637277089566559
144357,0.14587074583912288
144358,0.07829780660807883
144359,0.17572169197763118
144360,0.14075443328001128
144361,0.17369584335202004
144362,0.09472730725985558
144363,0.11869402936664758
144364,0.1378574555731095
144365,0.13939403711863516
144366,0.11515624801399423
144367,0.0775340242552379
144368,0.051135857936555854
144369,0.073159819057153
144370,0.13818268823408206
144371,0.07338533798882715
144372,0.08875803373521024
144373,0.09034870106337148
144374,0.07046451121979642
144375,0.06192604852891
144376,0.07658688941233038
144377,0.057894543069312604
144378,0.0702798193423841
144379,0.07569608173038006
144380,0.06326749567311596
144381,0.030735243973334624
144382,0.058138410155520626
144383,0.03636686763938282
144384,-6.552951391864889e-05
144385,-0.0025372055025509564
144386,0.010094740631888859
144387,0.010256270123451296
144388,0.03456274505071763
144389,0.08083425561783276
144390,0.023364787241594267
144391,-0.009937761744667348
144392,-0.04232961041198764
144393,-0.07499377607045506
144394,-0.0702821791392827
144395,0.03310718743228432
144396,-0.08134719936345197
144397,-0.08781434194430061
144398,-0.024117926800895
144399,-0.03819703378211883
144400,-0.06390908970537178
144401,-0.02931118831289824
144402,-0.008724786320158204
144403,-0.05789238575535195
144404,-0.10950131564221069
144405,-0.06857426602536987
144406,-0.0779344970297455
144407,-0.0800409547841655
144408,-0.139802115133346
144409,-0.12376274606972353
144410,-0.1135169980119943
144411,-0.12053300755546288
144412,-0.10778751969013473
144413,-0.06394795667806422
144414,-0.1433755788205149
144415,-0.13998459593927265
144416,-0.12090042393175397
144417,-0.1606060956861045
144418,-0.09035867991854309
144419,-0.20815246659135267
144420,-0.09819151488914724
144421,-0.1302991479172548
144422,-0.17485450650035142
144423,-0.14621034418965081
144424,-0.19136461599657817
144425,-0.14805235379599027
144426,-0.2023798897802179
144427,-0.21489719865922247
144428,-0.22498489284165193
144429,-0.23615799186814082
144430,-0.1613541350678476
144431,-0.23659693629417572
144432,-0.19259369500924645
144433,-0.1978994009726944
144434,-0.26897830793773764
144435,-0.2291482953362774
144436,-0.259207150648083
144437,-0.23544583679270875
144438,-0.20228466152310162
144439,-0.2529009752248483
144440,-0.20734901022982094
144441,-0.2277168693016322
144442,-0.2344183853892207
144443,-0.31762522543679733
144444,-0.2779956872322662
144445,-0.2600078890156888
144446,-0.24891092677858861
144447,-0.2738281981201829
144448,-0.2662947782591034
144449,-0.3148208401875351
144450,-0.26790204409593144
144451,-0.3198229258184505
144452,-0.2999373298768056
144453,-0.2305837697697149
144454,-0.3283698964219087
144455,-0.30934362272333304
144456,-0.2784922844578678
144457,-0.35959264848826966
144458,-0.3132806403023931
144459,-0.3303447167033171
144460,-0.33191626720986145
144461,-0.3578734889332309
144462,-0.3630762247604741
144463,-0.39433168830629367
144464,-0.4282360419583717
144465,-0.35463075375063724
144466,-0.318207474897498
144467,-0.37631014601803975
144468,-0.3586980151644432
144469,-0.3833623507254543
144470,-0.36910460181212024
144471,-0.38384106907341614
144472,-0.34021614177959836
144473,-0.44263389664302
144474,-0.4204284163443583
144475,-0.43902407482684175
144476,-0.43658023601610413
144477,-0.40122563775030046
144478,-0.4981071001629545
144479,-0.4481619301833893
144480,-0.4656545224644254
144481,-0.4406576566452975
144482,-0.4487479740317404
144483,-0.38187074470463156
144484,-0.49012006134858943
144485,-0.44926423341529576
144486,-0.5225712788608331
144487,-0.47337617278310573
144488,-0.44702364835152963
144489,-0.5228148982327658
144490,-0.4985541986019169
144491,-0.4973671577647786
144492,-0.5043659023469499
144493,-0.5232959394079123
144494,-0.45577682744225223
144495,-0.5411279169335781
144496,-0.539581608072051
144497,-0.553374603677874
144498,-0.548884352130291
144499,-0.488034321603829
144500,-0.5398516516219698
144501,-0.5549781106652016
144502,-0.5581391971447583
144503,-0.5910307352964648
144504,-0.6425745747273829
144505,-0.6083003519655085
144506,-0.6125161832705996
144507,-0.6053867574000508
144508,-0.5659951427026441
144509,-0.6277981104658454
144510,-0.6510786353331081
144511,-0.6004955698962273
144512,-0.5886648269629874
144513,-0.6340411224459818
144514,-0.6051531707477177
144515,-0.6088011566527659
144516,-0.6206953629322343
144517,-0.6606115975134055
144518,-0.6290315655383623
144519,-0.6070991667459102
144520,-0.6880108029510124
144521,-0.6539109468798134
144522,-0.701786160206989
144523,-0.7056980843067794
144524,-0.6662522853139557
144525,-0.6588315443500774
144526,-0.7225584046152407
144527,-0.6942137800591136
144528,-0.6739171433950029
144529,-0.7111114696921045
144530,-0.7210819813405656
144531,-0.7124888161193558
144532,-0.7299334692780092
144533,-0.7511536700913487
144534,-0.7136580599510047
144535,-0.6966552972421839
144536,-0.6696034254200041
144537,-0.7307497081181076
144538,-0.6900515438013723
144539,-0.69465771266145
144540,-0.7314344708475992
144541,-0.7297431131494858
144542,-0.7472460289987841
144543,-0.830501156939538
144544,-0.7925050323582475
144545,-0.7302760525305485
144546,-0.7686934052884646
144547,-0.7672033632701966
144548,-0.8169353715087037
144549,-0.7746585788506026
144550,-0.782549358501395
144551,-0.7772207227513865
144552,-0.7993067306069908
144553,-0.7667617567811025
144554,-0.8629175691266273
144555,-0.8555446329672324
144556,-0.7668089537171936
144557,-0.9041796523229694
144558,-0.8330392605704541
144559,-0.8871309555904333
144560,-0.7900082513267629
144561,-0.8909440192629612
144562,-0.8166106955671153
144563,-0.8736663156701884
144564,-0.8433203986376658
144565,-0.9239422201029753
144566,-0.8601139941418525
144567,-0.8715686844600639
144568,-0.8990532035869362
144569,-0.9239591407002076
144570,-0.902517314695157
144571,-0.8897660225261924
144572,-0.9237173568767351
144573,-0.9112175639165034
144574,-0.9297773937156543
144575,-0.8743390591479747
144576,-0.9329998911763631
144577,-0.9843536018761518
144578,-0.9956761646913839
144579,-0.8943004109082741
144580,-0.9865050295211581
144581,-0.9961630717002857
144582,-0.9811083652258916
144583,-0.9827713039491022
144584,-0.9251136892465518
144585,-0.998538467688619
144586,-0.9801684213969385
144587,-1.0512049435992743
144588,-1.0267667678918333
144589,-1.004395581771745
144590,-0.9375727433111946
144591,-1.0456718954884796
144592,-1.0124109924628866
144593,-1.0217595610771855
144594,-1.0700220763985235
144595,-1.008495133283545
144596,-1.0550370120827413
144597,-0.9931802712755243
144598,-1.0603710309669143
144599,-1.0727403614666569
144600,-1.0243484290668212
144601,-1.053495414794629
144602,-1.0659192064153602
144603,-1.0453672909567382
144604,-1.0326950538984805
144605,-1.0822898657062217
144606,-1.1194125412477263
144607,-1.0912399691198205
144608,-1.0948863570681977
144609,-1.1030695398674737
144610,-1.095818946144235
144611,-1.0836080853168688
144612,-1.1065416621698791
144613,-1.1262996857221543
144614,-1.1857111739883444
144615,-1.1883829601215827
144616,-1.1424627303035766
144617,-1.172838031280523
144618,-1.1336264242184229
144619,-1.1396867725673903
144620,-1.1712055419205698
144621,-1.1953073471667908
144622,-1.119720697906111
144623,-1.2046307560300356
144624,-1.2399511101602645
144625,-1.1947088128051109
144626,-1.2154802943958563
144627,-1.159360227170587
144628,-1.1857137246237939
144629,-1.1609670960573464
144630,-1.2052726745986542
144631,-1.2380811416984225
144632,-1.2267821054250245
144633,-1.2286189887327423
144634,-1.2247314267484994
144635,-1.2258288957299392
144636,-1.2377060890709615
144637,-1.206933855814131
144638,-1.2514526190120312
144639,-1.2866350984015444
144640,-1.2110900959281152
144641,-1.2766431992510583
144642,-1.2375562922714085
144643,-1.1998376071670858
144644,-1.3161240007942288
144645,-1.2815865697822793
144646,-1.2609459007548702
144647,-1.2941880252833702
144648,-1.2741947516805527
144649,-1.2952221884324089
144650,-1.2509244958604515
144651,-1.3723948060007833
144652,-1.3153686838014618
144653,-1.2692671046449822
144654,-1.2851385830791224
144655,-1.2928115516781997
144656,-1.3701142552633192
144657,-1.3591808412152728
144658,-1.3169017682449098
144659,-1.3358542779157232
144660,-1.323838772417374
144661,-1.3516631769125247
144662,-1.3655205462797675
144663,-1.3672320781906264
144664,-1.327284510524876
144665,-1.3346939255795043
144666,-1.4090493284371113
144667,-1.3468665801604145
144668,-1.376015226106243
144669,-1.4020418827430206
144670,-1.4067987726957598
144671,-1.418396116686149
144672,-1.416659382218779
144673,-1.4097571241867053
144674,-1.4476582241703826
144675,-1.4571704019619054
144676,-1.4599805641840482
144677,-1.469115568454888
144678,-1.4719926760162891
144679,-1.4805941614834006
144680,-1.4332889825825277
144681,-1.4652193843813401
144682,-1.4840331314492596
144683,-1.4771329009320635
144684,-1.4255413798516519
144685,-1.4816642854948974
144686,-1.4327950016895068
144687,-1.4588528177121762
144688,-1.4528650229755988
144689,-1.4898138396594591
144690,-1.4882896800675247
144691,-1.5007469185305753
144692,-1.4657183877202986
144693,-1.4942588186220085
144694,-1.5188831343527647
144695,-1.5475630133463383
144696,-1.577810537048262
144697,-1.5458976467842018
144698,-1.521795367743459
144699,-1.5350674097882182
144700,-1.5017780085415167
144701,-1.5528741530829293
144702,-1.5378560983921121
144703,-1.5736260672255662
144704,-1.5577209801221978
144705,-1.6209804155889762
144706,-1.5371749424079746
144707,-1.604297483702702
144708,-1.6404742892701418
144709,-1.6216482524486568
144710,-1.5650610166414978
144711,-1.5756761039661304
144712,-1.6436652209769689
144713,-1.5666455526031524
144714,-1.620031601489894
144715,-1.6172548609553794
144716,-1.6476455834203159
144717,-1.6268349827856545
144718,-1.6438921191905973
144719,-1.600983427520322
144720,-1.6897512123272143
144721,-1.6838932268442184
144722,-1.6195913571664868
144723,-1.678734278371638
144724,-1.708830125628187
144725,-1.661023387496083
144726,-1.6786853125445451
144727,-1.6731600024516882
144728,-1.749020544960694
144729,-1.6646201365285151
144730,-1.655914210698909
144731,-1.6724280352194358
144732,-1.6575908458602937
144733,-1.7264133040707055
144734,-1.7284749216069037
144735,-1.711102487209224
144736,-1.7075252611754828
144737,-1.6766751504092274
144738,-1.7061137472954166
144739,-1.7464436256118185
144740,-1.7199201431672766
144741,-1.7576556614987202
144742,-1.7199935393085344
144743,-1.7398569378988933
144744,-1.7590318168487946
144745,-1.8309722715758823
144746,-1.7578117984710073
144747,-1.7592704245277084
144748,-1.7706846503640343
144749,-1.7788667713354074
144750,-1.7742610057865418
144751,-1.823117789949169
144752,-1.8121774429104525
144753,-1.8129609232007915
144754,-1.7825973655620768
144755,-1.7399432713060938
144756,-1.817804792883721
144757,-1.7990816362744237
144758,-1.8467959447535993
144759,-1.8530130952995072
144760,-1.8416538598379106
144761,-1.8011816424738272
144762,-1.8421719330069803
144763,-1.8607080928280897
144764,-1.8746006266537072
144765,-1.8655874942781916
144766,-1.877435568833694
144767,-1.8640636977206635
144768,-1.876661682623997
144769,-1.8326930772477037
144770,-1.8666776073044262
144771,-1.9326916768505842
144772,-1.8655439868499033
144773,-1.8829835617457216
144774,-1.918031571050079
144775,-1.88248511773891
144776,-1.912940207427655
144777,-1.8965445446445957
144778,-1.9104743465635945
144779,-1.862403778137362
144780,-1.8603644684370007
144781,-1.943725964126502
144782,-1.9325205054396821
144783,-1.946091948464399
144784,-1.944552226447499
144785,-1.9665633858448788
144786,-1.961282340928187
144787,-1.9742087397552068
144788,-1.9681234998687247
144789,-1.9960119238027307
144790,-1.9721700215536087
144791,-1.9387659117218219
144792,-1.936784973483394
144793,-1.9548103846195297
144794,-1.953604724162361
144795,-2.017930866256081
144796,-2.005678664523915
144797,-1.9692157364025853
144798,-1.998804355704816
144799,-2.024120704766466
144800,-2.0234622519700913
144801,-1.9759477760337585
144802,-2.0350745958522114
144803,-1.9488909932203957
144804,-2.020663406575634
144805,-2.064778136192872
144806,-2.0342908773033375
144807,-2.038947427103094
144808,-2.055448266489291
144809,-2.0422050740160063
144810,-2.045195197045939
144811,-2.080766635376466
144812,-2.0552737619729533
144813,-2.069709003336395
144814,-2.0445990782351804
144815,-2.0892176009022627
144816,-2.032478524724788
144817,-2.0572709688012663
144818,-2.090373670997824
144819,-2.0584692087835745
144820,-2.05513501544011
144821,-2.1282217651559963
144822,-2.1550218949042987
144823,-2.1183870333650985
144824,-2.1205434170030326
144825,-2.1072596701584714
144826,-2.1236494587132655
144827,-2.1600429842923683
144828,-2.090984998754688
144829,-2.1504923211231364
144830,-2.1117870758891004
144831,-2.1723036060492693
144832,-2.2209676683562796
144833,-2.1788664757149556
144834,-2.1780099420785697
144835,-2.1749711180630307
144836,-2.2085845005321416
144837,-2.1473508726292323
144838,-2.162179993260117
144839,-2.168706696199605
144840,-2.1628976892243674
144841,-2.1540516666067897
144842,-2.197386254054884
144843,-2.2008381530514805
144844,-2.1979094785995814
144845,-2.2202111377597302
144846,-2.170386725435826
144847,-2.248995087154149
144848,-2.1793216456548956
144849,-2.222518805303141
144850,-2.190231182949304
144851,-2.2359080342434234
144852,-2.303192458273947
144853,-2.195647801431186
144854,-2.2756554552913926
144855,-2.254524245960675
144856,-2.300374673269862
144857,-2.268023108167641
144858,-2.2827440596006348
144859,-2.23272136389945
144860,-2.2395479010651123
144861,-2.2397981968225302
144862,-2.229066528610578
144863,-2.305526779095324
144864,-2.287260043249324
144865,-2.266172745788452
144866,-2.2923772819817247
144867,-2.3059950609575677
144868,-2.3411106266506203
144869,-2.3521035918127153
144870,-2.286926706974316
144871,-2.2207618646075504
144872,-2.35816770708481
144873,-2.3517464693909673
144874,-2.3498818303523716
144875,-2.3131477354906997
144876,-2.286152000030366
144877,-2.3782607721437268
144878,-2.353149316384124
144879,-2.3122145297187524
144880,-2.374844177915025
144881,-2.360184905358215
144882,-2.3668060349602165
144883,-2.397959284919767
144884,-2.4107260863943223
144885,-2.356389428693795
144886,-2.3621680431264545
144887,-2.403248716777302
144888,-2.381832262945945
144889,-2.3849283486866866
144890,-2.4392279438299584
144891,-2.3947700941917884
144892,-2.4072292499499475
144893,-2.4267743730947697
144894,-2.3795495229538606
144895,-2.402855347529116
144896,-2.423006437043466
144897,-2.450559515815926
144898,-2.4100116493820476
144899,-2.4651413435071334
144900,-2.4181819937432305
144901,-2.4413197635100476
144902,-2.4359858956343494
144903,-2.452672962545229
144904,-2.441741115732695
144905,-2.4131093111875015
144906,-2.421598822299436
144907,-2.4621723739232246
144908,-2.4809238338865645
144909,-2.481978631875656
144910,-2.5180730370196613
144911,-2.463551729847873
144912,-2.4359542977897
144913,-2.4396291469628406
144914,-2.5200817497668773
144915,-2.4657409413558904
144916,-2.538940777968862
144917,-2.585513260284799
144918,-2.477845106118067
144919,-2.5385170567182835
144920,-2.4960042693644673
144921,-2.4950803351423576
144922,-2.54067807880983
144923,-2.5082807624219643
144924,-2.5062526286842313
144925,-2.525810839436199
144926,-2.5661574572391164
144927,-2.58274398516602
144928,-2.5447953771580942
144929,-2.5960201204441593
144930,-2.527117904848202
144931,-2.5550338237718035
144932,-2.538539317957776
144933,-2.5846147266610346
144934,-2.5339694860287043
144935,-2.543962933143175
144936,-2.552270403739541
144937,-2.573036438455603
144938,-2.57671371334797
144939,-2.6059127109306917
144940,-2.5532143260548223
144941,-2.570582657439145
144942,-2.634094196147197
144943,-2.6548694423627963
144944,-2.570377119247709
144945,-2.6032764807802264
144946,-2.6518778974458317
144947,-2.64849727202303
144948,-2.625732260561679
144949,-2.5766269339805823
144950,-2.5726681849076507
144951,-2.6360884860492213
144952,-2.6338600250845228
144953,-2.614542388502361
144954,-2.6497541440547416
144955,-2.6815254997988403
144956,-2.632123526937475
144957,-2.594815915170425
144958,-2.672232239279958
144959,-2.7065752958586637
144960,-2.6423914999420184
144961,-2.679143892594388
144962,-2.6560823723123166
144963,-2.6650652606229572
144964,-2.671804559979871
144965,-2.617015698102046
144966,-2.72015446908406
144967,-2.675775276684286
144968,-2.7308162685034807
144969,-2.572539499790462
144970,-2.6905028691816693
144971,-2.717664410216478
144972,-2.7542816745361076
144973,-2.722234987749939
144974,-2.6948155220380143
144975,-2.689922503088681
144976,-2.7036727715764495
144977,-2.690671142522953
144978,-2.689680420282628
144979,-2.714379205624887
144980,-2.730805823114197
144981,-2.732910615917924
144982,-2.7041876181105398
144983,-2.735974758570969
144984,-2.7299071647363613
144985,-2.7246849664553885
144986,-2.7947947528281536
144987,-2.775442425657895
144988,-2.7420257546417006
144989,-2.747942246226853
144990,-2.75650006621965
144991,-2.7540857366077036
144992,-2.793416289336882
144993,-2.740261391096378
144994,-2.7670562950940356
144995,-2.784089792068691
144996,-2.857589824638958
144997,-2.795175902703215
144998,-2.8008528551904526
144999,-2.8458310470678945
145000,-2.7885368377825497
145001,-2.8263298202820484
145002,-2.7792405654199444
145003,-2.7886555527945864
145004,-2.842301346793497
145005,-2.81027111199148
145006,-2.7694831189212166
145007,-2.8749278331787957
145008,-2.8149533791555013
145009,-2.813410327666444
145010,-2.839062022981289
145011,-2.8071861340328144
145012,-2.8293642507495798
145013,-2.8842587616350635
145014,-2.8896749276083207
145015,-2.8688493330861564
145016,-2.8515034696745083
145017,-2.8350027910326814
145018,-2.834742899938282
145019,-2.8287573033565856
145020,-2.8684039029814556
145021,-2.862175976113269
145022,-2.86511838562642
145023,-2.883079846065196
145024,-2.846924728704821
145025,-2.871233676560493
145026,-2.915246658195682
145027,-2.9018217629695364
145028,-2.908951865526912
145029,-2.8997788039337253
145030,-2.8851530276568926
145031,-2.884695824657145
145032,-2.9233218165211583
145033,-2.959493333348287
145034,-2.9009424777747275
145035,-2.8490240749353695
145036,-2.8650676024952313
145037,-2.934732568912605
145038,-2.8845886519127606
145039,-2.9245922326289517
145040,-2.9145514492752347
145041,-2.8974343349573863
145042,-2.953846742029964
145043,-2.8867131912623916
145044,-2.918999588045569
145045,-2.9011058372941148
145046,-2.9819688250083347
145047,-2.9445416199686885
145048,-2.900108139833125
145049,-2.9759445625546896
145050,-2.978855264257743
145051,-2.9276282968327703
145052,-3.0064375676482538
145053,-2.9477937722140917
145054,-2.942078381286026
145055,-2.96624072410948
145056,-2.9973623271343333
145057,-3.004474925853691
145058,-2.9277033248431383
145059,-2.9808725691464195
145060,-3.0294323552845
145061,-2.9676876538279506
145062,-2.9711230276194383
145063,-2.9657181265564865
145064,-2.9856054006922377
145065,-3.0074012989732206
145066,-2.971554458291405
145067,-2.9837636449728655
145068,-2.9935183533442746
145069,-2.975169629534456
145070,-3.0265653776788297
145071,-3.0104726397732993
145072,-2.976381242125569
145073,-2.977523815187218
145074,-3.0503968906827335
145075,-3.010530556664132
145076,-3.0076464117697217
145077,-3.012547081180112
145078,-3.0546862035679685
145079,-3.083472616985325
145080,-3.0909026341520387
145081,-3.005628181997093
145082,-3.047922949810895
145083,-3.0918621883910125
145084,-3.067052581489428
145085,-2.989789411890116
145086,-3.132765923788413
145087,-3.099446320627158
145088,-3.077614068215375
145089,-3.032699516587661
145090,-3.0072511671047484
145091,-3.074727263565728
145092,-3.022794464264082
145093,-3.082888901773888
145094,-3.0672678770015134
145095,-3.116968204040968
145096,-3.100004362140582
145097,-3.080367144337757
145098,-3.102310748317102
145099,-3.1146434896451516
145100,-4.145791135453352
145101,-4.166337307363517
145102,-4.217206971999752
145103,-4.184710994080619
145104,-4.1891255069751265
145105,-4.194064998187107
145106,-4.188803312637397
145107,-4.177986644966428
145108,-4.181695388271686
145109,-4.145225736114475
145110,-4.168654100486907
145111,-4.169020664242044
145112,-4.141736983945016
145113,-4.207471234445889
145114,-4.136118111594247
145115,-4.091969527071819
145116,-4.106151053948051
145117,-4.175435984123386
145118,-4.12091273823313
145119,-4.127350147389969
145120,-4.057257907998143
145121,-4.113285806858037
145122,-4.1250441004320475
145123,-4.149546511955368
145124,-4.201574544838368
145125,-4.088369813056819
145126,-4.113769775989685
145127,-4.079633017639952
145128,-4.090393510960033
145129,-4.099330268360596
145130,-4.0688062383004
145131,-4.112351585834895
145132,-4.083419148929889
145133,-4.098995260999108
145134,-4.043499798431279
145135,-4.1101303799838025
145136,-4.006563282492963
145137,-4.07944932546619
145138,-4.120205411835482
145139,-4.073126277229943
145140,-4.082886186051196
145141,-4.040443425871078
145142,-4.04879682727589
145143,-4.019778983287884
145144,-4.064600832722234
145145,-4.070026179541665
145146,-4.059844773754667
145147,-4.089653903336269
145148,-4.054740879771366
145149,-4.02955418861169
145150,-3.971910493270908
145151,-3.947236144508876
145152,-4.068748835934151
145153,-3.997381955618675
145154,-3.9954662999203756
145155,-4.061988389861471
145156,-3.9718584665684604
145157,-3.9770945852718875
145158,-3.9567396379519115
145159,-4.033822085292221
145160,-4.003210344315657
145161,-3.986310972978706
145162,-4.0123341165075725
145163,-4.011836923430963
145164,-3.995481965939252
145165,-3.953973125606353
145166,-4.008121376732372
145167,-3.955492814881591
145168,-3.9237109073534744
145169,-3.9969864231117858
145170,-3.961011786000769
145171,-3.938284190721691
145172,-3.9631772427698664
145173,-3.9605800307191097
145174,-3.936504202745629
145175,-3.9620643528276953
145176,-3.8928251264940386
145177,-3.8856272919751467
145178,-3.9108343393219136
145179,-3.9251320930922864
145180,-3.9199786262265484
145181,-3.9376385252953066
145182,-3.962745106498882
145183,-3.8896283234653346
145184,-3.8443383774441773
145185,-3.842540529058171
145186,-3.92727720858008
145187,-3.893165158596322
145188,-3.9064409817251335
145189,-3.8727538879049295
145190,-3.8640343887228954
145191,-3.8550049796582067
145192,-3.8264312576604396
145193,-3.8601374742159154
145194,-3.91612861420352
145195,-3.882014239476498
145196,-3.8067728661473414
145197,-3.796051657283801
145198,-3.845300262381814
145199,-3.8146415038573975
145200,-3.744005782220888
145201,-3.8471268652226316
145202,-3.8146076976957226
145203,-3.827136127045036
145204,-3.827479343073026
145205,-3.831948707568903
145206,-3.829395931968468
145207,-3.7547996402622736
145208,-3.788883877703422
145209,-3.8208813934907124
145210,-3.78868582720323
145211,-3.775164782298501
145212,-3.751852364339271
145213,-3.7585859434205635
145214,-3.7966259631273136
145215,-3.788978808591705
145216,-3.742150396875776
145217,-3.7871457449831625
145218,-3.7395438785470563
145219,-3.767214359114909
145220,-3.7953402277989507
145221,-3.764918538538119
145222,-3.763601745930314
145223,-3.741171503875032
145224,-3.800940899088121
145225,-3.80268532336369
145226,-3.6959692587362056
145227,-3.742450960831752
145228,-3.6874107334054522
145229,-3.6813083708013417
145230,-3.732696058790157
145231,-3.7238674243150705
145232,-3.682357367913973
145233,-3.7459391104942856
145234,-3.7350173577291126
145235,-3.6800529249343015
145236,-3.673446453800614
145237,-3.68751732131155
145238,-3.7249731201132708
145239,-3.733763901553643
145240,-3.7235842306181928
145241,-3.7070892160112403
145242,-3.686061086755858
145243,-3.686602435590496
145244,-3.6602277843551043
145245,-3.6432898784269594
145246,-3.710380004382057
145247,-3.6550075949097582
145248,-3.695612723068341
145249,-3.6642582551683014
145250,-3.708908374112248
145251,-3.6675474939756127
145252,-3.6433674393752287
145253,-3.6492293565166714
145254,-3.6312575876428794
145255,-3.6085081327841255
145256,-3.64245831598351
145257,-3.6874685965450027
145258,-3.630052506882718
145259,-3.6334431299113956
145260,-3.5763918444504346
145261,-3.6155942328922808
145262,-3.63108909302364
145263,-3.6294900393954594
145264,-3.5478998306892393
145265,-3.5433851075371394
145266,-3.6390377413551045
145267,-3.5460547758243863
145268,-3.539936378132791
145269,-3.5562052216119415
145270,-3.6059686586522073
145271,-3.56361080814392
145272,-3.6028615631956393
145273,-3.530821448668738
145274,-3.5264532849653345
145275,-3.60429360424043
145276,-3.5379763173324417
145277,-3.5760499953681735
145278,-3.5751755524557844
145279,-3.5249717740794937
145280,-3.554961213046873
145281,-3.537525676807928
145282,-3.538297490263983
145283,-3.4878149423060583
145284,-3.5234447216932505
145285,-3.5416960425717523
145286,-3.5106166138388164
145287,-3.5179081959989227
145288,-3.4974635233149978
145289,-3.51899446313499
145290,-3.4701022427473824
145291,-3.465546523151811
145292,-3.5017084083294923
145293,-3.4831983394326342
145294,-3.4771480964561157
145295,-3.535223892459319
145296,-3.4891654375263514
145297,-3.4953144053385294
145298,-3.471685389133585
145299,-3.52922864888942
145300,-3.506734633064231
145301,-3.4791345065593084
145302,-3.465703039058822
145303,-3.45540099489694
145304,-3.4483421941639087
145305,-3.437171833114439
145306,-3.4329584509693047
145307,-3.485965009064911
145308,-3.401409765224437
145309,-3.442339697085852
145310,-3.4418682230602817
145311,-3.445969718752146
145312,-3.4236070864062
145313,-3.4864792234189332
145314,-3.360308675461098
145315,-3.388498851190838
145316,-3.3358525062258098
145317,-3.350169930825146
145318,-3.4728234485974356
145319,-3.385571918532813
145320,-3.3993677713690507
145321,-3.3676322112345063
145322,-3.3669247178981405
145323,-3.3864885484961555
145324,-3.3824398562059246
145325,-3.383691889895601
145326,-3.391522513493851
145327,-3.366660380348678
145328,-3.3885145402152332
145329,-3.3930571171856827
145330,-3.3808596251601415
145331,-3.36755370289183
145332,-3.3453819321170437
145333,-3.3412285595799993
145334,-3.3245463440085463
145335,-3.330201346523713
145336,-3.374461118079023
145337,-3.3484458121069784
145338,-3.3467147775615103
145339,-3.3578783448379945
145340,-3.365376945583897
145341,-3.3551125131444612
145342,-3.326707414968287
145343,-3.3632201919075646
145344,-3.369473238299795
145345,-3.308618360503995
145346,-3.3198478884950253
145347,-3.3599986589365214
145348,-3.297291907883353
145349,-3.283387974855063
145350,-3.2288945360551895
145351,-3.3038902484228103
145352,-3.2824344805656414
145353,-3.259154444246144
145354,-3.299276179420261
145355,-3.250713589719889
145356,-3.2362774472602935
145357,-3.316185529979129
145358,-3.2787496876577005
145359,-3.257730386030582
145360,-3.3074968559129965
145361,-3.2912828700733674
145362,-3.2426177928442153
145363,-3.2333077964718764
145364,-3.2385059468708937
145365,-3.1682749790779305
145366,-3.2616482094540213
145367,-3.2155843643206263
145368,-3.1930589940140113
145369,-3.23381369925182
145370,-3.1752940446647515
145371,-3.2357494283697577
145372,-3.213157843658166
145373,-3.2327384277508386
145374,-3.208051790743871
145375,-3.219533937530247
145376,-3.2307766537026006
145377,-3.19617730472363
145378,-3.211051880860424
145379,-3.1860037147279474
145380,-3.1786520702052417
145381,-3.184620807171736
145382,-3.2605691059135316
145383,-3.1647339572497737
145384,-3.1363021247194744
145385,-3.198410483047318
145386,-3.206900117953057
145387,-3.209831842720465
145388,-3.1347903653155997
145389,-3.162904099660363
145390,-3.207597872267315
145391,-3.131184002150423
145392,-3.1563926943264393
145393,-3.143428241333651
145394,-3.110457985551096
145395,-3.17735679648984
145396,-3.1587909341078673
145397,-3.1620092070471197
145398,-3.1473076182650077
145399,-3.140595192188453
145400,-3.1539923893123953
145401,-3.136279619255121
145402,-3.129269142876303
145403,-3.131340890003907
145404,-3.06179075919537
145405,-3.0648420893285486
145406,-3.1232212000566366
145407,-3.1459204811208314
145408,-3.0933461770561457
145409,-3.0936958307621385
145410,-3.0792829811337072
145411,-3.1009613780635754
145412,-3.145048272257652
145413,-3.1087401558937606
145414,-3.0563334499741903
145415,-3.1269548102366262
145416,-3.063324683831204
145417,-3.041140135519998
145418,-3.1029140201042527
145419,-3.0917424591732914
145420,-3.1058499619022117
145421,-3.080959939764886
145422,-3.0650030394212147
145423,-3.074474789127787
145424,-3.027585026552099
145425,-3.0306445544326426
145426,-3.0381545082096606
145427,-3.046384939352252
145428,-3.0218704639763483
145429,-2.9990488972247547
145430,-3.0261431395209595
145431,-3.042844491326143
145432,-3.0490545566254266
145433,-2.9927717015626105
145434,-2.9761370394091706
145435,-2.9766012198237872
145436,-2.995498744463976
145437,-3.0127705869576165
145438,-3.0209893194152477
145439,-2.9812491453746253
145440,-3.0153692950178224
145441,-3.005111697094543
145442,-3.0188741249605355
145443,-2.985652945354205
145444,-3.04566507410698
145445,-3.016588468380067
145446,-2.976523937441615
145447,-3.0554058084790805
145448,-3.0418088655326025
145449,-2.9934731826785894
145450,-2.965771581391673
145451,-2.987874845646337
145452,-2.9752376136192398
145453,-2.9581868594350147
145454,-2.9496755783158513
145455,-3.0112515034642837
145456,-2.976928341958478
145457,-2.9315954624968827
145458,-2.97218069009066
145459,-2.992278960140546
145460,-2.9129062321623147
145461,-2.9564708424701602
145462,-2.971778748710225
145463,-2.9724797223759567
145464,-2.9604311736319087
145465,-2.9127204824013417
145466,-2.9202119864603033
145467,-2.8826361324716783
145468,-2.936232801021405
145469,-2.8920216808368497
145470,-2.9139310539306655
145471,-2.922819558160371
145472,-2.9182472299396784
145473,-2.877479008936156
145474,-2.8885912459133523
145475,-2.8527600395730257
145476,-2.862824022144628
145477,-2.8468039792032194
145478,-2.927132099787548
145479,-2.8661400071685157
145480,-2.8888160379445478
145481,-2.8739613330999996
145482,-2.8566630507251345
145483,-2.8474690595410856
145484,-2.8837541291890325
145485,-2.843230952833805
145486,-2.865181668695399
145487,-2.891726300056787
145488,-2.8621190571860278
145489,-2.872024709626519
145490,-2.926379281203629
145491,-2.847180528666738
145492,-2.8795038506578394
145493,-2.7970031237100814
145494,-2.807880772526398
145495,-2.9233644056085093
145496,-2.8373092638684985
145497,-2.83679427293493
145498,-2.848129115761247
145499,-2.809617300762655
145500,-2.853415189062969
145501,-2.8157430347058496
145502,-2.836306211462422
145503,-2.8729247692573447
145504,-2.840743848697596
145505,-2.842943221285699
145506,-2.8213897104796524
145507,-2.7873773930280836
145508,-2.8139502177195483
145509,-2.80006801028906
145510,-2.8067696306748653
145511,-2.805605845921374
145512,-2.7997689183334793
145513,-2.784136946580053
145514,-2.787382359582908
145515,-2.743648839539889
145516,-2.8078330983656308
145517,-2.7380045295327267
145518,-2.8008903564008767
145519,-2.8076839074118047
145520,-2.7845965226838483
145521,-2.7772440769054243
145522,-2.781210982916455
145523,-2.779818518874245
145524,-2.722457364893961
145525,-2.7760770172615796
145526,-2.7459400453398386
145527,-2.7578513061396053
145528,-2.7032224387611836
145529,-2.7424163025413337
145530,-2.7290126746985752
145531,-2.7502507730991788
145532,-2.775335587963011
145533,-2.7666237763608876
145534,-2.6756841016491864
145535,-2.7257424399030943
145536,-2.761239114411034
145537,-2.7078092936652736
145538,-2.723283699373055
145539,-2.775917640528512
145540,-2.6999442292517806
145541,-2.7548326185511476
145542,-2.6913167282882573
145543,-2.740410856153583
145544,-2.7462664723505004
145545,-2.675008156571146
145546,-2.700430715514462
145547,-2.692037191195911
145548,-2.6821471894310527
145549,-2.6926452191364567
145550,-2.619868716910608
145551,-2.7188352918625394
145552,-2.68838552815936
145553,-2.7031673705049943
145554,-2.6887010003790914
145555,-2.725871700530381
145556,-2.6218208750980727
145557,-2.635425170238076
145558,-2.6689544546385764
145559,-2.6922631229277743
145560,-2.6519780914167344
145561,-2.6658509046543992
145562,-2.598964686644941
145563,-2.619973286143165
145564,-2.7076382925219935
145565,-2.6428639937054084
145566,-2.6634171713394963
145567,-2.694715994686864
145568,-2.6712270928164044
145569,-2.627228929975621
145570,-2.6192572585395215
145571,-2.627612454561443
145572,-2.64014734040715
145573,-2.6390449298298857
145574,-2.64108589646071
145575,-2.6384591422537187
145576,-2.6105760111592713
145577,-2.6026847167892075
145578,-2.6201363476726596
145579,-2.583146551772285
145580,-2.5951256663033613
145581,-2.566632499424064
145582,-2.562075616535482
145583,-2.604910500746474
145584,-2.5889856206611896
145585,-2.5903211449259373
145586,-2.5692489070466973
145587,-2.5330320319932254
145588,-2.587699652719452
145589,-2.583388804878085
145590,-2.5891936661562123
145591,-2.5698451335847623
145592,-2.5664730900297563
145593,-2.6351778367176912
145594,-2.568071670086397
145595,-2.5578634627561407
145596,-2.5718562036601402
145597,-2.5632255840235993
145598,-2.562699692084428
145599,-2.593456739833294
145600,-2.578055904768807
145601,-2.5686093080069465
145602,-2.499435529569985
145603,-2.5197279145355775
145604,-2.574296544225958
145605,-2.5413175036482336
145606,-2.5557059526468318
145607,-2.4623128933935594
145608,-2.5062446168764625
145609,-2.5824549615271297
145610,-2.4955886614401774
145611,-2.5408133997681897
145612,-2.556578518963738
145613,-2.569664193810908
145614,-2.5310190219449535
145615,-2.498650152588898
145616,-2.501353858360939
145617,-2.527333170518245
145618,-2.491912409508804
145619,-2.5238263071433917
145620,-2.5500267689596923
145621,-2.490232613103082
145622,-2.4724892962008904
145623,-2.527439618741967
145624,-2.5307199187701586
145625,-2.4986946857835495
145626,-2.5098367091177867
145627,-2.49029127441184
145628,-2.487225875680623
145629,-2.492192500470751
145630,-2.533724676580573
145631,-2.4010785551820284
145632,-2.4879375645091195
145633,-2.476742453941443
145634,-2.4512408028258035
145635,-2.4267329311627948
145636,-2.5121116096437643
145637,-2.4203678358331664
145638,-2.446893593875338
145639,-2.429137348304599
145640,-2.4439293367355623
145641,-2.4858951953312576
145642,-2.524497623163743
145643,-2.4683338806289994
145644,-2.4508447964408373
145645,-2.425598380017219
145646,-2.435548527847808
145647,-2.467891610724115
145648,-2.440230342580836
145649,-2.460341221138369
145650,-2.4301536005384112
145651,-2.4140149369883033
145652,-2.4642085625144805
145653,-2.453675834822093
145654,-2.3787239863878344
145655,-2.4169602171021407
145656,-2.4068949657597956
145657,-2.416142196328338
145658,-2.4513969321939
145659,-2.3996424094898012
145660,-2.462247747625734
145661,-2.3987379735759706
145662,-2.4291192060417024
145663,-2.3603542127610893
145664,-2.3961877507780653
145665,-2.3374209348546757
145666,-2.3920292697130887
145667,-2.425376491762762
145668,-2.4151746373195007
145669,-2.367618889779123
145670,-2.4048269968461793
145671,-2.44615177098928
145672,-2.3329721319000027
145673,-2.3418175361072664
145674,-2.338547411421249
145675,-2.3779016282861956
145676,-2.3472961156896783
145677,-2.3448278362336863
145678,-2.296610700000738
145679,-2.373414346016539
145680,-2.348709441873147
145681,-2.366638652314954
145682,-2.357794361807908
145683,-2.3483517651557575
145684,-2.394735345576703
145685,-2.357774247632205
145686,-2.296974149215105
145687,-2.374156899670697
145688,-2.3210388234116364
145689,-2.3080915248356706
145690,-2.371231546794836
145691,-2.3547238915290927
145692,-2.380533542283371
145693,-2.3461697886049984
145694,-2.3723691080078186
145695,-2.3710214751891203
145696,-2.2660760045362056
145697,-2.332338996123498
145698,-2.35784072303302
145699,-2.315156364447004
145700,-2.3103952341075806
145701,-2.3360300144043142
145702,-2.3065813430355986
145703,-2.325315758948777
145704,-2.252696416972891
145705,-2.350378592726293
145706,-2.3158330681603077
145707,-2.326755281696324
145708,-2.2546346273155122
145709,-2.3273775677230972
145710,-2.2652910118402563
145711,-2.3190140272773223
145712,-2.2433816083615246
145713,-2.291927953992665
145714,-2.2642809050457235
145715,-2.2801655773381624
145716,-2.296454999389102
145717,-2.2584375575003834
145718,-2.2723030987844006
145719,-2.258947268288879
145720,-2.2635892535953497
145721,-2.2965433840093588
145722,-2.261986039872755
145723,-2.250624706227106
145724,-2.267800965438719
145725,-2.2603405523099664
145726,-2.287222977499498
145727,-2.244074583663708
145728,-2.2526081224888292
145729,-2.24297067694292
145730,-2.2406534705188776
145731,-2.2423630895328373
145732,-2.2066957327384493
145733,-2.248145547609301
145734,-2.2280378297476138
145735,-2.23854607681842
145736,-2.3063885155068884
145737,-2.2862335596107792
145738,-2.2702806973560157
145739,-2.1961269597423576
145740,-2.2178099895166543
145741,-2.1896079000238062
145742,-2.163658647069399
145743,-2.2139420979806634
145744,-2.207872726311288
145745,-2.2093681616859713
145746,-2.2280322690733607
145747,-2.187573055922938
145748,-2.218408631318782
145749,-2.1924134751055897
145750,-2.2012051967388397
145751,-2.1935454473483005
145752,-2.2042336559210343
145753,-2.1788055722896527
145754,-2.1574446272445083
145755,-2.18367775645159
145756,-2.234743018946133
145757,-2.1980876444923667
145758,-2.174958303249622
145759,-2.1810571260432594
145760,-2.219209203782994
145761,-2.196087346197831
145762,-2.1921028353355214
145763,-2.1583143748077216
145764,-2.157972685151812
145765,-2.1975627215071194
145766,-2.163315468742972
145767,-2.1422356089138535
145768,-2.189982840077602
145769,-2.1583985049436487
145770,-2.132520211448486
145771,-2.1735043037038544
145772,-2.1556588256768676
145773,-2.186710173413787
145774,-2.1432637459524395
145775,-2.1028025799818173
145776,-2.1198114523791762
145777,-2.164845004025341
145778,-2.138368620793622
145779,-2.1061515994678164
145780,-2.128754160322444
145781,-2.132216337383142
145782,-2.0981802796191693
145783,-2.146857901692111
145784,-2.1305778768350976
145785,-2.1350544364393476
145786,-2.13207229486988
145787,-2.0895025803136376
145788,-2.122572220723486
145789,-2.1530918884179426
145790,-2.1033436472987455
145791,-2.070724292805846
145792,-2.0862531757681464
145793,-2.0470576215825877
145794,-2.071562981075773
145795,-2.090097642936765
145796,-2.065149464537645
145797,-2.083078057642997
145798,-2.088687811182491
145799,-2.1055856841108285
145800,-2.0923771772070987
145801,-2.0790371254493327
145802,-2.069303192990596
145803,-2.1043169908573223
145804,-2.1022456269807805
145805,-2.112234967782283
145806,-2.054621506350029
145807,-2.066563934616132
145808,-2.110546710425151
145809,-2.1216787103360484
145810,-1.9943398960534031
145811,-2.0602343344292944
145812,-2.0197741563134346
145813,-2.0913163500498304
145814,-2.0146961148169686
145815,-2.0926153999175647
145816,-2.0096173796624517
145817,-2.070617849716829
145818,-2.090622271058443
145819,-2.0575120583126982
145820,-2.0210815022608895
145821,-2.0103644921304875
145822,-2.009813085853916
145823,-1.9948463106808267
145824,-2.058671349488482
145825,-2.0297298061942293
145826,-1.9884708123575034
145827,-1.9797465997563481
145828,-2.001104946562208
145829,-1.9885199633504733
145830,-2.0331597957794325
145831,-1.971793040370565
145832,-2.056690767882197
145833,-2.0570238570402584
145834,-2.0288107595705926
145835,-2.024540828772836
145836,-2.0604659803962977
145837,-2.043307134165361
145838,-2.0285895715864193
145839,-1.999625872966781
145840,-1.9797166216922706
145841,-2.0013281793188393
145842,-1.9569930540530425
145843,-2.01774509042946
145844,-2.012795140264492
145845,-2.0502561432255955
145846,-1.977837052878785
145847,-2.01856039187804
145848,-1.9952687945546748
145849,-2.042889515195114
145850,-1.9712278313035774
145851,-1.9379840655076614
145852,-1.9755291672746125
145853,-1.9556793910522776
145854,-2.0462890002762824
145855,-1.9566280464414416
145856,-1.9585375940630438
145857,-1.9174633477761045
145858,-2.0602847171550507
145859,-1.912611140906278
145860,-1.928808657333482
145861,-1.9824195332812753
145862,-1.9478579599775097
145863,-2.0275529194312445
145864,-1.9694883781157366
145865,-1.9307766188888646
145866,-1.9416548913412162
145867,-1.9344002704522718
145868,-1.9611425853492235
145869,-1.9467768547271849
145870,-1.978270892858457
145871,-1.9876817540601674
145872,-1.9234691392389927
145873,-1.9082181022011366
145874,-1.9617045951446705
145875,-1.9406450085290126
145876,-1.903950427543147
145877,-1.9537901363353642
145878,-1.9285087227515558
145879,-1.9330265178832493
145880,-1.9345666944233186
145881,-1.9233675630904044
145882,-1.9273408129941363
145883,-1.9166528930154272
145884,-1.9023530578137382
145885,-1.9599424734221658
145886,-1.9157471732549787
145887,-1.9168784211397356
145888,-1.9268259005049329
145889,-1.9144206791636877
145890,-1.9032145602953814
145891,-1.8810632615064526
145892,-1.8728575059164676
145893,-1.8797847306537032
145894,-1.8926039806894017
145895,-1.8696969522619995
145896,-1.9210525625687234
145897,-1.926815003002826
145898,-1.8983435080267763
145899,-1.8475912114861381
145900,-1.8610588717499477
145901,-1.8351561707625073
145902,-1.8486370272628285
145903,-1.874376719060556
145904,-1.8526402281049188
145905,-1.8891026663070671
145906,-1.8873210171769466
145907,-1.8382285277030506
145908,-1.8984757037154458
145909,-1.9019181477245104
145910,-1.8254589480336154
145911,-1.9107291695711233
145912,-1.83320974274551
145913,-1.8830222535859253
145914,-1.9087067211741782
145915,-1.9055859169064167
145916,-1.8084509304214764
145917,-1.8513136976613294
145918,-1.8513358969529372
145919,-1.8466730389747288
145920,-1.8298076953682876
145921,-1.8418997711046254
145922,-1.8235359072786488
145923,-1.8894950823485868
145924,-1.8686898578589
145925,-1.8258169403352644
145926,-1.8258786593230154
145927,-1.8524476225064257
145928,-1.8340399399358445
145929,-1.8694736004445383
145930,-1.8697273381410342
145931,-1.8544074574406253
145932,-1.7867473663613032
145933,-1.789054113731478
145934,-1.8312020555695951
145935,-1.832965391301937
145936,-1.7844633181787741
145937,-1.8212020308127777
145938,-1.8328453371677929
145939,-1.8308357016451497
145940,-1.8249215234952723
145941,-1.7867895796119184
145942,-1.7892276655983665
145943,-1.7375598339880605
145944,-1.804490663279617
145945,-1.7815227333743917
145946,-1.7687293650531857
145947,-1.8248062138191832
145948,-1.767597187841093
145949,-1.7619658832557814
145950,-1.8118777279513427
145951,-1.8087926289282876
145952,-1.7649377160031117
145953,-1.7547970353842146
145954,-1.803709045351526
145955,-1.7955970479012928
145956,-1.7356242308151741
145957,-1.7637165992554031
145958,-1.7859749269940077
145959,-1.7516742281929465
145960,-1.7629066504173194
145961,-1.7595455209932682
145962,-1.7390694761250403
145963,-1.7994144717204767
145964,-1.767212101344638
145965,-1.7533237706491844
145966,-1.7624948091865043
145967,-1.722591716172307
145968,-1.7629504291834308
145969,-1.7483652290870424
145970,-1.746111365728678
145971,-1.7558497409933211
145972,-1.7704201824672328
145973,-1.7645305642019897
145974,-1.7766526340248159
145975,-1.737765467452694
145976,-1.7093070927151706
145977,-1.7609672714957685
145978,-1.7351365704841302
145979,-1.7590455920216004
145980,-1.7775789440325085
145981,-1.6986803319594193
145982,-1.7360690230248068
145983,-1.7287023932905619
145984,-1.7144328086953502
145985,-1.7095103796409175
145986,-1.7259213025823934
145987,-1.7507592929035072
145988,-1.7869632652768686
145989,-1.7165172895753844
145990,-1.7164177755758836
145991,-1.6987682838143139
145992,-1.7198313952311781
145993,-1.720569222491273
145994,-1.7210189459756358
145995,-1.691532229743471
145996,-1.7046112238591018
145997,-1.7293316730433714
145998,-1.6362540239524093
145999,-1.7595769215801769
146000,-1.7008952992426383
146001,-1.713018879330397
146002,-1.7147451761083103
146003,-1.7294439478342793
146004,-1.639000468421589
146005,-1.7248280014478277
146006,-1.7461902588020133
146007,-1.6849668287443438
146008,-1.7122198713874743
146009,-1.651360769035247
146010,-1.6555724819197362
146011,-1.6838893210840868
146012,-1.7226511075836972
146013,-1.7067773438509142
146014,-1.6945565557812903
146015,-1.6189916993597058
146016,-1.7023274770136056
146017,-1.6671615194629397
146018,-1.6288605256129767
146019,-1.6929177142148775
146020,-1.6434463621656863
146021,-1.6980093302015598
146022,-1.6443055078271704
146023,-1.6404620164473944
146024,-1.7126644460947238
146025,-1.6451574019500084
146026,-1.6898393698400032
146027,-1.6731901898846187
146028,-1.6112207236302871
146029,-1.714625221388312
146030,-1.64483370488973
146031,-1.6362627924183248
146032,-1.641244566024706
146033,-1.6701157250085161
146034,-1.6542051500943247
146035,-1.7016404417543303
146036,-1.6708522823090917
146037,-1.6352395796624746
146038,-1.68071918612691
146039,-1.6284159229692248
146040,-1.6405702907656972
146041,-1.6188294232697016
146042,-1.6345710483478408
146043,-1.632746740524667
146044,-1.6451262980563177
146045,-1.7092765666490946
146046,-1.6249101371260073
146047,-1.6304436184459787
146048,-1.6415997394229995
146049,-1.6298184929262587
146050,-1.6117379272236785
146051,-1.646660417073698
146052,-1.624125523673768
146053,-1.596201573328827
146054,-1.6151742321781057
146055,-1.5811030729055688
146056,-1.6671029442763539
146057,-1.5932681728391522
146058,-1.6113079263052101
146059,-1.609882881536843
146060,-1.6073779638731227
146061,-1.6213059703655945
146062,-1.6058040681049897
146063,-1.5910298124644437
146064,-1.5758135258337416
146065,-1.5983486377738205
146066,-1.5728146943936727
146067,-1.5847816857116113
146068,-1.5813259932937471
146069,-1.6047693959836271
146070,-1.5818805423365627
146071,-1.5840955688321816
146072,-1.576067711010664
146073,-1.5810423234701698
146074,-1.5467181115187172
146075,-1.5942174108934368
146076,-1.5868672008063662
146077,-1.5452050434644677
146078,-1.5752799382977352
146079,-1.6099983041489487
146080,-1.5573439863318437
146081,-1.5750612934626822
146082,-1.5456690147053447
146083,-1.5318544509433285
146084,-1.5711642142259716
146085,-1.6322241202473937
146086,-1.6062415455259496
146087,-1.5106869011405772
146088,-1.574444587254365
146089,-1.53007135063496
146090,-1.5652825520514229
146091,-1.5487576474220894
146092,-1.5767245056149921
146093,-1.5968426878908242
146094,-1.5336687818248878
146095,-1.5451806493239708
146096,-1.5920701634290817
146097,-1.5437267642867254
146098,-1.4926067549601683
146099,-1.54943735189661
146100,-1.5325109392989977
146101,-1.5528581923925535
146102,-1.4879693062955863
146103,-1.4718862390965817
146104,-1.5612601700661468
146105,-1.5197676376940956
146106,-1.537113281435468
146107,-1.523927953861695
146108,-1.5551325671432232
146109,-1.5627029165181117
146110,-1.551061917113792
146111,-1.537527795979499
146112,-1.5435640624524767
146113,-1.5431283015486463
146114,-1.4990565843408616
146115,-1.512654451888449
146116,-1.5412610708796848
146117,-1.4853642389719885
146118,-1.5175920535399887
146119,-1.4760622761108027
146120,-1.497460718368086
146121,-1.4919026541633045
146122,-1.5512665416864642
146123,-1.536154308592996
146124,-1.4737439491457127
146125,-1.432547848384165
146126,-1.5088925529806358
146127,-1.5121195586103966
146128,-1.5120787905176805
146129,-1.4639691097470664
146130,-1.4782089353588785
146131,-1.4294418227766226
146132,-1.5178798486372964
146133,-1.536301835836448
146134,-1.4500106143355271
146135,-1.4821163196690643
146136,-1.454093629181337
146137,-1.4914988841167767
146138,-1.5077723171771107
146139,-1.5011260953145054
146140,-1.4384163338482974
146141,-1.5026852362703371
146142,-1.4657293269117597
146143,-1.423250531406923
146144,-1.4964425907581296
146145,-1.449835383909593
146146,-1.4969035197201137
146147,-1.5398745570530643
146148,-1.4352769521394548
146149,-1.4929039949215965
146150,-1.4625625440333225
146151,-1.4761834968396081
146152,-1.4900882177090327
146153,-1.4800188079315988
146154,-1.426211182307774
146155,-1.444791959657974
146156,-1.4827733187733652
146157,-1.457853477001699
146158,-1.4811369940631567
146159,-1.4819305778993463
146160,-1.4831867031984534
146161,-1.48903826969986
146162,-1.4343942310572373
146163,-1.4538854237492673
146164,-1.4313969584867916
146165,-1.4290707543710277
146166,-1.4571382128525405
146167,-1.4417883728013094
146168,-1.4162757755911624
146169,-1.4316829607337478
146170,-1.4832098993987495
146171,-1.4858751209821146
146172,-1.3895576505274665
146173,-1.4180443824992184
146174,-1.4707053863748043
146175,-1.3948748006805038
146176,-1.4394769198406732
146177,-1.4658287257025175
146178,-1.3976451438924613
146179,-1.4344228234934269
146180,-1.4234600801587056
146181,-1.4458680852325538
146182,-1.4832101074692605
146183,-1.371091602974506
146184,-1.4056677121897858
146185,-1.4062427344586081
146186,-1.408679806312276
146187,-1.3363547281981631
146188,-1.446073254287679
146189,-1.4107933439519016
146190,-1.406518094175167
146191,-1.4106509364717517
146192,-1.4635767717728825
146193,-1.39576185971399
146194,-1.4318957852295602
146195,-1.3944023700406563
146196,-1.400105047586353
146197,-1.3984833167991224
146198,-1.3754398976287607
146199,-1.4092755999996371
146200,-1.3598037067129993
146201,-1.3629134051694016
146202,-1.3886711244866297
146203,-1.40049140198043
146204,-1.386190560765334
146205,-1.4209694476396693
146206,-1.4103142322619977
146207,-1.4063441704420552
146208,-1.3903089759141527
146209,-1.411779170195212
146210,-1.3644464862826438
146211,-1.3675156643823791
146212,-1.4306589575823807
146213,-1.3701330629699893
146214,-1.357704935120382
146215,-1.3386641306146647
146216,-1.3959271285174173
146217,-1.3453578617186457
146218,-1.3498283668850224
146219,-1.3957465774701519
146220,-1.3896334428014707
146221,-1.3578160394654197
146222,-1.3555468643410415
146223,-1.3516381214749362
146224,-1.3806333395824788
146225,-1.3938633382511905
146226,-1.3957052210447904
146227,-1.374787719858217
146228,-1.2998116187301687
146229,-1.4052391231654708
146230,-1.3360725857122133
146231,-1.3067119048155027
146232,-1.331714230962
146233,-1.3507229806397252
146234,-1.3982579294184323
146235,-1.336226560922271
146236,-1.332404757818725
146237,-1.3743690140795988
146238,-1.2869241961145483
146239,-1.373573512338551
146240,-1.3578989127593588
146241,-1.2945152862629967
146242,-1.3804482061643009
146243,-1.396911559644749
146244,-1.3299104966646647
146245,-1.3197062999531375
146246,-1.3600161611272423
146247,-1.3648061430915024
146248,-1.304374720922577
146249,-1.3609233305768063
146250,-1.3303919580008925
146251,-1.2692514748207215
146252,-1.3211940480283975
146253,-1.3149062202767876
146254,-1.3359904779101714
146255,-1.3488794120896241
146256,-1.311234227748457
146257,-1.2463559399378101
146258,-1.3266986492440391
146259,-1.3220777256054768
146260,-1.3132920173510967
146261,-1.2900233231201754
146262,-1.3142361756100538
146263,-1.332970030555926
146264,-1.322439330577851
146265,-1.2580491254995279
146266,-1.2938644137000685
146267,-1.2906606111228667
146268,-1.2787856886920783
146269,-1.3017037280582402
146270,-1.3571203274880919
146271,-1.2846697911943834
146272,-1.2721191288038982
146273,-1.290100882355284
146274,-1.2756958067538724
146275,-1.3175986156357147
146276,-1.2843264012966893
146277,-1.3343587208412306
146278,-1.2752590406812412
146279,-1.2508060262877847
146280,-1.2688358406847229
146281,-1.3205275366871756
146282,-1.295716711224311
146283,-1.335158303707854
146284,-1.2660515536082129
146285,-1.2841459267229747
146286,-1.3363838400309083
146287,-1.2823135778761183
146288,-1.2894528379626287
146289,-1.3083642032423581
146290,-1.284535390069861
146291,-1.1986938637535278
146292,-1.2467141319044153
146293,-1.2556959546272177
146294,-1.2604753508684787
146295,-1.213136980664171
146296,-1.2971491198759304
146297,-1.2908185474109426
146298,-1.2525396861389275
146299,-1.2428667741365882
146300,-1.2563260585483038
146301,-1.2803165106123857
146302,-1.250660354200816
146303,-1.2358599733900253
146304,-1.246394461788734
146305,-1.2715032589227628
146306,-1.2608060877616925
146307,-1.215846871122498
146308,-1.2104625580529154
146309,-1.226177055126318
146310,-1.251477660396763
146311,-1.2234642388780248
146312,-1.207685111370539
146313,-1.271347940072316
146314,-1.2651938470623034
146315,-1.2542178430662205
146316,-1.2569488339804007
146317,-1.2044235309944884
146318,-1.1970728240520845
146319,-1.2478380650467877
146320,-1.2631448380385788
146321,-1.264329782442999
146322,-1.208643194615096
146323,-1.222542826939169
146324,-1.238340522111278
146325,-1.263040174893519
146326,-1.2158215472880674
146327,-1.2288589770439224
146328,-1.213243926455743
146329,-1.2373507329354863
146330,-1.2310424902747061
146331,-1.2451613402655919
146332,-1.177167970940994
146333,-1.1492791539667218
146334,-1.3005312222971885
146335,-1.1958200722068988
146336,-1.1996608540675
146337,-1.2457169475884295
146338,-1.2059844504533452
146339,-1.2179518862327166
146340,-1.1822862835590229
146341,-1.2011438208690999
146342,-1.228637260092751
146343,-1.1798364847710212
146344,-1.1841619469528144
146345,-1.1793112512097381
146346,-1.2128114249058752
146347,-1.194942803612192
146348,-1.2152713011062997
146349,-1.185921294448251
146350,-1.182848298172906
146351,-1.2177736720941266
146352,-1.2072366752675634
146353,-1.1615949700458008
146354,-1.1988817146255815
146355,-1.1921790737150888
146356,-1.1443408965185524
146357,-1.2055031481879968
146358,-1.1970149792988771
146359,-1.2089289531630536
146360,-1.210751791803327
146361,-1.2156035007510482
146362,-1.1563761156526557
146363,-1.213723909331087
146364,-1.167323171218885
146365,-1.197588376155475
146366,-1.177131995746672
146367,-1.1087727427124456
146368,-1.1858779655791447
146369,-1.1781662104321506
146370,-1.2565903178417104
146371,-1.2039108937663576
146372,-1.195620291358621
146373,-1.1376194937066308
146374,-1.1710328867175457
146375,-1.1857188789266249
146376,-1.133450648218987
146377,-1.1482072808792725
146378,-1.1594438770655813
146379,-1.204680809688423
146380,-1.163162675871903
146381,-1.1933754726061796
146382,-1.1248155348158626
146383,-1.1712354688501925
146384,-1.1207152025752487
146385,-1.187161142690509
146386,-1.166278115111035
146387,-1.1696236198089076
146388,-1.1202745237351621
146389,-1.140904672598565
146390,-1.1523205223664983
146391,-1.1925544661446243
146392,-1.1879002631852549
146393,-1.1216964328243857
146394,-1.1949873226175427
146395,-1.1347428039422447
146396,-1.0966963052426386
146397,-1.115844995375503
146398,-1.1214948182384206
146399,-1.1116037497578484
146400,-1.1156122574349425
146401,-1.1567175569368917
146402,-1.118698504443499
146403,-1.1275263848473314
146404,-1.121718169898409
146405,-1.0927886794424662
146406,-1.1192387502690238
146407,-1.1593350401091698
146408,-1.103334282685763
146409,-1.1333419515876157
146410,-1.0839898113920754
146411,-1.1268974385258252
146412,-1.1329456614914257
146413,-1.1247061808370038
146414,-1.1050400992168754
146415,-1.1019998872931
146416,-1.1276520941969523
146417,-1.1126888996128919
146418,-1.1510971890616144
146419,-1.0986266187514306
146420,-1.1113293717745503
146421,-1.06704592602785
146422,-1.1251708462138659
146423,-1.102959179265813
146424,-1.0800881234675446
146425,-1.1312542181027088
146426,-1.1296462365808106
146427,-1.106514083222341
146428,-1.1256505926025435
146429,-1.1224300948798795
146430,-1.1020648341037718
146431,-1.1241467890992394
146432,-1.0646064826464008
146433,-1.1279852255526697
146434,-1.0541180166617075
146435,-1.0864941960417829
146436,-1.1369280277917866
146437,-1.1168651507229033
146438,-1.1152932699480462
146439,-1.127401321079867
146440,-1.0961748857133775
146441,-1.0493142227018009
146442,-1.0586771220264837
146443,-1.0878528533871206
146444,-1.1481834278295138
146445,-1.0449068129982544
146446,-1.0658231124247353
146447,-1.0364787721374737
146448,-1.0811151423250382
146449,-1.1007790196523737
146450,-1.0842772526716273
146451,-1.0639531047451112
146452,-1.0712681986024348
146453,-1.1121516714041337
146454,-1.056617596866178
146455,-1.0603564552136786
146456,-1.039272949534534
146457,-1.0654363974657914
146458,-1.0684590388512347
146459,-1.0606541949283743
146460,-1.084015200773651
146461,-1.0711778183390115
146462,-1.0584513800163207
146463,-1.0802957810226912
146464,-1.0541256349199273
146465,-1.1263832142047867
146466,-1.0999892996378056
146467,-1.0744077646943906
146468,-1.1018326868492057
146469,-1.1004524361557217
146470,-1.0738924861237253
146471,-1.0671002393447204
146472,-1.0326392479939477
146473,-1.0409418252194917
146474,-1.0363745524166015
146475,-1.0284782291496684
146476,-1.0583218832781174
146477,-1.0212364521723065
146478,-1.0325398686932237
146479,-1.0555625878418635
146480,-1.0225250790182037
146481,-1.04139643392942
146482,-1.0581953696494664
146483,-1.0477087482484606
146484,-1.0037220880203623
146485,-1.0336075973542895
146486,-1.0758967497614562
146487,-1.0653139887482113
146488,-1.0194277655899682
146489,-1.0413419933703372
146490,-1.0728317449771005
146491,-1.0542830367529803
146492,-1.0409141002665414
146493,-1.033484652926724
146494,-1.0447244559563698
146495,-1.0603421327559905
146496,-1.0067289136565247
146497,-1.0262878062661391
146498,-0.992182559777415
146499,-1.0433766114069396
146500,-1.0143189498311902
146501,-1.0011770663595607
146502,-0.9983813382567809
146503,-1.0395838226152978
146504,-1.0500657890667746
146505,-1.0198618061936502
146506,-0.985783107420622
146507,-1.0408557039224338
146508,-1.04175486124913
146509,-1.049945240636892
146510,-1.0135608137025625
146511,-0.9828017593088598
146512,-1.0220720146160143
146513,-0.9923351813073563
146514,-0.9873944633553376
146515,-0.9932823271225143
146516,-0.9703022148483884
146517,-1.0635551911488499
146518,-1.0163188668638892
146519,-0.9903741541066319
146520,-0.9856651634256856
146521,-1.0218788622183872
146522,-0.9910842313802999
146523,-1.0127878326943505
146524,-0.9961430329797694
146525,-1.0128987700038274
146526,-0.9771556782349492
146527,-0.9920242379965366
146528,-0.9782261342801242
146529,-0.9583452163131487
146530,-0.9364373397563353
146531,-1.0440406111346419
146532,-0.9489844194130062
146533,-0.9509050386019717
146534,-0.950399481186117
146535,-1.0556149016083143
146536,-0.9866368873394976
146537,-1.0490191594918081
146538,-0.9123251664134138
146539,-1.0178486168214462
146540,-0.9821738046650663
146541,-0.971759500898348
146542,-0.9620451864220011
146543,-0.9811646798814249
146544,-1.0167880328296255
146545,-0.9126177608673903
146546,-0.9152529867603053
146547,-0.9663348557507947
146548,-1.0065653959252794
146549,-1.017986979853112
146550,-0.975117481212528
146551,-0.9543684199735251
146552,-0.9821308957699681
146553,-0.9814851518392775
146554,-0.9777540534455458
146555,-0.9784596689994209
146556,-0.9764536802430032
146557,-0.9600548440418756
146558,-1.018382324364544
146559,-0.9401542737937846
146560,-0.9948658646354737
146561,-1.0042212498409535
146562,-1.0128457093421295
146563,-1.0208980163031145
146564,-0.9633145253905672
146565,-0.9002639635799679
146566,-0.9862995912379765
146567,-0.9798887838373026
146568,-0.9794922152995271
146569,-0.9491198888290832
146570,-0.9227521593626615
146571,-0.9557850531415306
146572,-0.9054134618335639
146573,-0.9791983276750235
146574,-0.95701411006623
146575,-0.9869339526793254
146576,-0.9421705680643243
146577,-0.9945165622755456
146578,-0.9590058652678748
146579,-1.032601820469449
146580,-0.9844395853298601
146581,-0.9620475543365462
146582,-0.9323995552205672
146583,-0.9878592948313966
146584,-0.9677739653748465
146585,-0.9523352227026105
146586,-0.9292087913292962
146587,-0.937616128749651
146588,-0.95611687100315
146589,-0.9883524907212495
146590,-0.9413036550745697
146591,-0.9493412194762838
146592,-0.9009264569379548
146593,-0.9509412888584413
146594,-0.9645428958709492
146595,-0.8797155390473799
146596,-0.9621571291317101
146597,-0.9203889957141198
146598,-0.9145686838668459
146599,-0.9655672951700311
146600,-0.9332996461009588
146601,-0.932169713726122
146602,-0.9548740419438279
146603,-0.95511697694151
146604,-0.8992173044606
146605,-0.9181663599729242
146606,-0.9683789911435734
146607,-0.9107420112399395
146608,-0.9188421691462031
146609,-0.9075209055865368
146610,-0.9426022877319993
146611,-0.9549568457037164
146612,-0.973530228550342
146613,-0.8989357757457693
146614,-0.914918004161183
146615,-0.9370017110622555
146616,-0.9454480404669289
146617,-0.9056651609034663
146618,-0.9455760842420663
146619,-0.895560227189618
146620,-0.8882025797058245
146621,-0.8588240922094414
146622,-0.8807325229669727
146623,-0.8832892924095876
146624,-0.8936329432947508
146625,-0.9122667136885071
146626,-0.9247302284140926
146627,-0.9522475277508023
146628,-0.8747031677600932
146629,-0.86981613181417
146630,-0.9376667562168365
146631,-0.8664756049387096
146632,-0.8698153766257293
146633,-0.8490887170555287
146634,-0.930313662435403
146635,-0.8804627130594204
146636,-0.9009169517526014
146637,-0.86389682615907
146638,-0.9192737203641801
146639,-0.9237604070643471
146640,-0.8762136119490692
146641,-0.8160914024387722
146642,-0.8411835662496288
146643,-0.9254220678724369
146644,-0.8873591151921739
146645,-0.8982829769644249
146646,-0.9410147175431977
146647,-0.9119793265447571
146648,-0.8419066292954192
146649,-0.8387993328906561
146650,-0.8877702880434095
146651,-0.8577942964848807
146652,-0.8197735585779016
146653,-0.8607184980914001
146654,-0.8639960426005635
146655,-0.8943540366836671
146656,-0.8905699970515245
146657,-0.9029767242320652
146658,-0.8983234593434251
146659,-0.8740031458155189
146660,-0.9051518957560739
146661,-0.8445613714421735
146662,-0.8622748303674026
146663,-0.8753910337984419
146664,-0.8594607694902182
146665,-0.8646035034851819
146666,-0.8618342209771106
146667,-0.8781081804417954
146668,-0.8867332169985185
146669,-0.7946294926399023
146670,-0.8480336320463782
146671,-0.8157604517174809
146672,-0.8740131290840243
146673,-0.8487978424135753
146674,-0.926463107373758
146675,-0.8425725413159976
146676,-0.8721378415920207
146677,-0.9223910312436042
146678,-0.8396865606801351
146679,-0.8244030964686156
146680,-0.8213743029138777
146681,-0.8491054601281175
146682,-0.831087259327794
146683,-0.8677664778786154
146684,-0.8442893886647627
146685,-0.873590767962956
146686,-0.8596361135493291
146687,-0.8492183969098772
146688,-0.8764826099984505
146689,-0.8564585248488381
146690,-0.8607697973046174
146691,-0.8132031088635852
146692,-0.847016303898488
146693,-0.9084921930614364
146694,-0.8893851541637564
146695,-0.8078228434020985
146696,-0.8377356492787066
146697,-0.8134182078426803
146698,-0.8791094672783261
146699,-0.8596345124786186
146700,-0.8214207012401596
146701,-0.8532780948412305
146702,-0.807320205973858
146703,-0.8440723602205861
146704,-0.7906642638716407
146705,-0.8626569409022414
146706,-0.8362231361310336
146707,-0.8218008237432188
146708,-0.8409177947361239
146709,-0.8236994715793468
146710,-0.8223207629669947
146711,-0.858707264389489
146712,-0.8284323113451333
146713,-0.8447374578050861
146714,-0.7813121282104213
146715,-0.7922760160128399
146716,-0.8175766355136926
146717,-0.774166496624427
146718,-0.8245485232760646
146719,-0.8620170132173561
146720,-0.8150209273881242
146721,-0.8299925153960929
146722,-0.8565445439362832
146723,-0.8031694594953643
146724,-0.7586056733674197
146725,-0.8180543742183783
146726,-0.8256475832516071
146727,-0.836799972672803
146728,-0.8203915830543901
146729,-0.7727581411696554
146730,-0.8166284005182423
146731,-0.7821920023004444
146732,-0.8186565816669918
146733,-0.8436507890741756
146734,-0.7729540691914452
146735,-0.7800083501001551
146736,-0.8241777114441302
146737,-0.770933647917657
146738,-0.8004326448443483
146739,-0.8170877141779626
146740,-0.8304848765897136
146741,-0.8275383872355939
146742,-0.7646044736528259
146743,-0.780613440537383
146744,-0.8220858518107765
146745,-0.8266715784160643
146746,-0.8098635905887134
146747,-0.7600801276028131
146748,-0.8024098565345339
146749,-0.808992950128625
146750,-0.7970538038472679
146751,-0.742607654668851
146752,-0.7734474791445801
146753,-0.7388063613352726
146754,-0.7888396591478508
146755,-0.7481161792323502
146756,-0.7858058185866542
146757,-0.7826175337045996
146758,-0.7628895450369353
146759,-0.7963041340409966
146760,-0.7670862795163585
146761,-0.803582964611138
146762,-0.8117586236140413
146763,-0.8544971110289916
146764,-0.781737100666634
146765,-0.7363995485097028
146766,-0.752877107304222
146767,-0.7560744803016357
146768,-0.8002947476281014
146769,-0.7260522365070786
146770,-0.7704568981340807
146771,-0.771929259056818
146772,-0.7740999354610538
146773,-0.7990796618781613
146774,-0.7342414335475322
146775,-0.8239355625353406
146776,-0.8324145301642468
146777,-0.8226381354368669
146778,-0.7664354870915281
146779,-0.771844154674195
146780,-0.7743593527111952
146781,-0.7276402023698034
146782,-0.7243718453644765
146783,-0.7809107183334023
146784,-0.7649215698278625
146785,-0.8065878556734257
146786,-0.7812633378683488
146787,-0.7949091973329329
146788,-0.7379491409210883
146789,-0.7005345129659889
146790,-0.7597173295441405
146791,-0.82301487088913
146792,-0.7532521535204225
146793,-0.7646957506103869
146794,-0.7892560743577107
146795,-0.7191873260542933
146796,-0.776810727579204
146797,-0.7845821524368477
146798,-0.7846825641796353
146799,-0.7253916378753458
146800,-0.7904297476203429
146801,-0.769800658844985
146802,-0.7337859613968246
146803,-0.811710180958517
146804,-0.7273681570830557
146805,-0.7600826811464103
146806,-0.7277695769338041
146807,-0.7865055067332453
146808,-0.7260634519074889
146809,-0.6969367143625073
146810,-0.735147012141355
146811,-0.7060555376910558
146812,-0.7353762855228226
146813,-0.7883013789695691
146814,-0.7987681440370619
146815,-0.7776418771399006
146816,-0.7649455878044524
146817,-0.7894253284613182
146818,-0.7850601296592608
146819,-0.7392508795921084
146820,-0.6969024467592575
146821,-0.7262332797151357
146822,-0.7286881746370287
146823,-0.7386568843503228
146824,-0.7080976178271802
146825,-0.7238070743648566
146826,-0.7565547280316632
146827,-0.7506347926665748
146828,-0.7888294642954863
146829,-0.8163950988627502
146830,-0.7098446863117519
146831,-0.7403431332444995
146832,-0.729419105155326
146833,-0.7366894979350794
146834,-0.7352001886859902
146835,-0.7320375901411443
146836,-0.7384346847675852
146837,-0.7443287789174281
146838,-0.7363646363304851
146839,-0.7430098646110445
146840,-0.7796277841780583
146841,-0.7461223903777565
146842,-0.717207928003782
146843,-0.7050577530095081
146844,-0.6942213027556274
146845,-0.7482899803213572
146846,-0.6845565127632297
146847,-0.6977456656349945
146848,-0.6591520432274122
146849,-0.6794883859853564
146850,-0.7207988642645865
146851,-0.7106486475666852
146852,-0.7131842495004013
146853,-0.7234581296415363
146854,-0.6924179830650798
146855,-0.7314240087187371
146856,-0.6888904889044307
146857,-0.7000624908566419
146858,-0.6840276956955834
146859,-0.6715591022427969
146860,-0.6756313235245923
146861,-0.734542729877247
146862,-0.7347822513518187
146863,-0.740279105749789
146864,-0.7449731400048042
146865,-0.6916191032294381
146866,-0.7009660296654363
146867,-0.6761706323377262
146868,-0.7119278418220213
146869,-0.7103767640076689
146870,-0.6680348714458019
146871,-0.7201346279398178
146872,-0.7177181042625292
146873,-0.699029234345881
146874,-0.680939250768294
146875,-0.6764581607571964
146876,-0.727355069371533
146877,-0.6275234632114572
146878,-0.7758118812281506
146879,-0.6839720111201181
146880,-0.7337223365747513
146881,-0.7116013333337914
146882,-0.6761602116552315
146883,-0.7152092427853909
146884,-0.6894003727870776
146885,-0.6900519727906014
146886,-0.7019990406356691
146887,-0.7073409624815964
146888,-0.6804552727601124
146889,-0.6977290456111037
146890,-0.6480059861565444
146891,-0.6752579545798885
146892,-0.7187706882237165
146893,-0.6500532965739944
146894,-0.7103833401566131
146895,-0.6649437453820052
146896,-0.6542747042882491
146897,-0.6681849409808911
146898,-0.692414421203111
146899,-0.7137732895141671
146900,-0.6802036236231562
146901,-0.6662449768849499
146902,-0.7199943926085365
146903,-0.6466054618176582
146904,-0.7261230007026179
146905,-0.7087625182595776
146906,-0.6925033099280968
146907,-0.6154311035350413
146908,-0.6409536240853889
146909,-0.6769090138656656
146910,-0.6733295126408914
146911,-0.6922072782904064
146912,-0.6679856883871059
146913,-0.7255522494182436
146914,-0.6268593127881569
146915,-0.7339892720250106
146916,-0.7044223098768524
146917,-0.6634279928296315
146918,-0.6541306587096196
146919,-0.7111866546538965
146920,-0.6989946251416936
146921,-0.6698470720242287
146922,-0.6810231731332321
146923,-0.6986917079556815
146924,-0.6428730179250791
146925,-0.6401654957901167
146926,-0.6137065344422429
146927,-0.6844380377210376
146928,-0.6383682361621802
146929,-0.684389964537969
146930,-0.6674017079270174
146931,-0.7014639352383278
146932,-0.68021573381196
146933,-0.6246002435028776
146934,-0.6453790931806467
146935,-0.6089898043397536
146936,-0.5951755610127347
146937,-0.6643395595324656
146938,-0.6519164252329337
146939,-0.6276292703750141
146940,-0.6999486236415277
146941,-0.6730102066320108
146942,-0.6342701979088584
146943,-0.5909587191626027
146944,-0.692552537401498
146945,-0.618080400538105
146946,-0.6681918672150382
146947,-0.6621928729256573
146948,-0.6609397356615501
146949,-0.608989984658659
146950,-0.6295200215450001
146951,-0.6332461752015041
146952,-0.6667256911573398
146953,-0.5923641795295358
146954,-0.6087712584190351
146955,-0.6000927828202419
146956,-0.6748789792425891
146957,-0.6076935506012998
146958,-0.6675281488814666
146959,-0.6192710669705213
146960,-0.7086025965591409
146961,-0.6762099082116831
146962,-0.6719331315005351
146963,-0.6860904788073403
146964,-0.5830162087003807
146965,-0.643175921441337
146966,-0.658474433853717
146967,-0.7060969066739995
146968,-0.6598869740407264
146969,-0.6718341598590392
146970,-0.5697902391844609
146971,-0.6552885507242117
146972,-0.6726167402102847
146973,-0.638645742731714
146974,-0.5989278616493209
146975,-0.658241283097636
146976,-0.6627857482708257
146977,-0.6013856896812944
146978,-0.6506857249417162
146979,-0.6327944713753848
146980,-0.5914163363776492
146981,-0.6611054607817779
146982,-0.5950467754461964
146983,-0.6607214451977358
146984,-0.6525505382245225
146985,-0.6009549164325928
146986,-0.639039654312755
146987,-0.630956232944384
146988,-0.6094871913232949
146989,-0.621675843143338
146990,-0.6069351791450529
146991,-0.616256336364644
146992,-0.6005754521268979
146993,-0.6335193653705911
146994,-0.6281331712360405
146995,-0.6016651831268931
146996,-0.5682328710947285
146997,-0.6483239611894291
146998,-0.6166624255607012
146999,-0.6472257564449323
147000,-0.5964378236662368
147001,-0.5603498463962906
147002,-0.6234170335977699
147003,-0.6206284762517001
147004,-0.6027112249908878
147005,-0.6389195083599918
147006,-0.5884251583649132
147007,-0.5944063087975759
147008,-0.6119920975916149
147009,-0.6078841259989575
147010,-0.656225492428249
147011,-0.6578476873315485
147012,-0.5623453374866394
147013,-0.5628332029621845
147014,-0.6130758143597135
147015,-0.6277442222831902
147016,-0.6218518037562454
147017,-0.617032512533362
147018,-0.5741734419596441
147019,-0.6351234388912195
147020,-0.6274506163729741
147021,-0.585321158069893
147022,-0.5942450041901353
147023,-0.6268591313571814
147024,-0.5896773953341398
147025,-0.5913601146877987
147026,-0.6132585085133608
147027,-0.6046291876831169
147028,-0.5765754935009416
147029,-0.5888782203842171
147030,-0.6035678649550554
147031,-0.6028913246820182
147032,-0.5890936060588009
147033,-0.5591259060177833
147034,-0.5333201996278608
147035,-0.5889464220409324
147036,-0.5566686177313747
147037,-0.5731771407955464
147038,-0.5827353735662997
147039,-0.5819581160706996
147040,-0.6498424480848798
147041,-0.592060864687
147042,-0.6195562938353877
147043,-0.609796801782307
147044,-0.6188802256797261
147045,-0.5742769885357237
147046,-0.6075001052199408
147047,-0.6063452288233069
147048,-0.6232233441656551
147049,-0.6392105132406798
147050,-0.6193984261599169
147051,-0.5407683619881065
147052,-0.5908290565038508
147053,-0.5768227478345179
147054,-0.5933965319124839
147055,-0.6310249767191171
147056,-0.593285809140897
147057,-0.5490306700265172
147058,-0.5895953305052308
147059,-0.5817867068437436
147060,-0.5752609181577533
147061,-0.6418535302489776
147062,-0.5857540169961744
147063,-0.5547635190230472
147064,-0.5882011440324395
147065,-0.5648636264947187
147066,-0.5810660333775313
147067,-0.613639922721071
147068,-0.5627098824099404
147069,-0.6551793161426822
147070,-0.618585610594852
147071,-0.602297556692362
147072,-0.5775206920213235
147073,-0.6279050616110322
147074,-0.5475347118457428
147075,-0.613841445474691
147076,-0.6054823558564004
147077,-0.5291837381328441
147078,-0.5505675949942095
147079,-0.5838381304589924
147080,-0.5765322395229407
147081,-0.5647738427454476
147082,-0.580834278752734
147083,-0.5491351865911415
147084,-0.5828521545022467
147085,-0.5654909227609025
147086,-0.5513043912775742
147087,-0.5357898548077858
147088,-0.6274747302331547
147089,-0.5427923387976022
147090,-0.613672136820267
147091,-0.5416491900678251
147092,-0.4871738067962145
147093,-0.5597733812972266
147094,-0.5317203497776616
147095,-0.5350978402827798
147096,-0.5763268947350603
147097,-0.5312027105650731
147098,-0.5084653914223242
147099,-0.5515936910913628
147100,-0.5892632469207324
147101,-0.5558100968992695
147102,-0.5295839066321878
147103,-0.5276546503283875
147104,-0.518637292555785
147105,-0.5198020145376211
147106,-0.5629655853057933
147107,-0.5730023861345265
147108,-0.565035103143111
147109,-0.5296952828946658
147110,-0.5095156888996077
147111,-0.5628333252092812
147112,-0.5300072750789881
147113,-0.4943923442354648
147114,-0.5836571902203075
147115,-0.5750638319449721
147116,-0.5572366331370906
147117,-0.5217122189073318
147118,-0.551206016118317
147119,-0.5983157163433726
147120,-0.530334307938561
147121,-0.5496548082887459
147122,-0.5709003423617657
147123,-0.5382540820499515
147124,-0.5432300343775851
147125,-0.5581159590627754
147126,-0.542486671425239
147127,-0.5535219207357455
147128,-0.5507645079449974
147129,-0.5206572886152047
147130,-0.5106270515629941
147131,-0.5526383464283591
147132,-0.5387086800392684
147133,-0.5549244659421777
147134,-0.540933689517894
147135,-0.5316771486216237
147136,-0.5365251288477536
147137,-0.5435632707068682
147138,-0.5469855293195136
147139,-0.5834455633141536
147140,-0.5635836880109348
147141,-0.5140186809310623
147142,-0.5427959920524011
147143,-0.5371400901509994
147144,-0.5400643285104743
147145,-0.5661440263754446
147146,-0.49687418440149
147147,-0.5676983700982918
147148,-0.517135034488819
147149,-0.5788533741937933
147150,-0.50584896325926
147151,-0.5259699953879169
147152,-0.5535817087927872
147153,-0.5749248487356025
147154,-0.4814155455431013
147155,-0.5330147157845279
147156,-0.5876174785978134
147157,-0.5281394508943584
147158,-0.4935157354719267
147159,-0.47279532164725646
147160,-0.5592838926504764
147161,-0.4805130900400305
147162,-0.5151130862478012
147163,-0.4954821320310603
147164,-0.5682426534966147
147165,-0.4998295127740673
147166,-0.581812847238006
147167,-0.4512141216566209
147168,-0.5045968193329257
147169,-0.5242218718472904
147170,-0.5552627826462774
147171,-0.5366148481555336
147172,-0.4759097180427045
147173,-0.463042860437883
147174,-0.5214076006035945
147175,-0.5031193934201937
147176,-0.5372111811484693
147177,-0.5241069929415832
147178,-0.5205895978815311
147179,-0.5269340989104673
147180,-0.5230421462742406
147181,-0.4757493945259772
147182,-0.5133491321681262
147183,-0.5497274156040152
147184,-0.47645508930463815
147185,-0.5175972340337707
147186,-0.4740363783845759
147187,-0.5253056789535735
147188,-0.4836981239854435
147189,-0.5154759852481274
147190,-0.5216308249880853
147191,-0.48667901224328586
147192,-0.5163206480353365
147193,-0.5051678276813633
147194,-0.5271908094606437
147195,-0.5557835308014467
147196,-0.4808664781992473
147197,-0.4817235580889751
147198,-0.5692024450805109
147199,-0.4832445687670609
147200,-0.49127528322348507
147201,-0.4886196361936093
147202,-0.47867405623807247
147203,-0.5253241526136008
147204,-0.4735538736534233
147205,-0.49651784771884827
147206,-0.4936079637096915
147207,-0.5008378591264672
147208,-0.4896490455009261
147209,-0.47087742229768437
147210,-0.5315210322714086
147211,-0.4641424973260774
147212,-0.5224535439495066
147213,-0.4698138206092792
147214,-0.5099843389717307
147215,-0.5281922390643419
147216,-0.4683785293682022
147217,-0.4625434180617076
147218,-0.5465681021724845
147219,-0.524889735305662
147220,-0.47231250471117636
147221,-0.450099557417588
147222,-0.5467549202313143
147223,-0.5083056009238877
147224,-0.4800168339472527
147225,-0.45342072328361605
147226,-0.4940512014113633
147227,-0.4606303663950373
147228,-0.4993682092867027
147229,-0.48125373887393924
147230,-0.4601755718821849
147231,-0.5301698502338469
147232,-0.5179493520606822
147233,-0.4661112967146336
147234,-0.4789205413718873
147235,-0.4408314810649458
147236,-0.46883160008528046
147237,-0.47270803993847027
147238,-0.4854787564027052
147239,-0.4878611122303252
147240,-0.4628509001484053
147241,-0.5340416984611932
147242,-0.5051660084819256
147243,-0.5105215647012931
147244,-0.509498361403683
147245,-0.4984323311909243
147246,-0.46246846829525123
147247,-0.47950620633106106
147248,-0.5104047869064638
147249,-0.4442290556523009
147250,-0.4921564685082944
147251,-0.49619833190743245
147252,-0.4554255532765222
147253,-0.48640688933491205
147254,-0.45669637279229985
147255,-0.4105530956605635
147256,-0.48762160871290444
147257,-0.4446919704132452
147258,-0.500893163007821
147259,-0.4205229690803711
147260,-0.4121917558061958
147261,-0.4925874054497086
147262,-0.4199456273066153
147263,-0.46662674901554246
147264,-0.5041677501818644
147265,-0.5148719221978952
147266,-0.4226669696270827
147267,-0.4729048406627279
147268,-0.4339963905035256
147269,-0.4427149244002259
147270,-0.47997629762906485
147271,-0.4916144981840973
147272,-0.4385792481641301
147273,-0.4734709895501352
147274,-0.4904426515933307
147275,-0.49895312529979124
147276,-0.38563407852466125
147277,-0.47907494546031476
147278,-0.4348015264817602
147279,-0.4629698215074771
147280,-0.4406810710807138
147281,-0.4364935608608405
147282,-0.47374816295723066
147283,-0.4419031996329736
147284,-0.39960189663518886
147285,-0.47308378880607405
147286,-0.47977700745982255
147287,-0.48531453995457646
147288,-0.4471447721098297
147289,-0.4693451102055147
147290,-0.407477912758993
147291,-0.4740148976979222
147292,-0.510638944521014
147293,-0.4650871275404551
147294,-0.44553140873826735
147295,-0.4204697707956287
147296,-0.5073116190404255
147297,-0.37879063779196687
147298,-0.47259364473275456
147299,-0.4314480503024771
147300,-0.4519712939851805
147301,-0.4690292260731362
147302,-0.43765548124314707
147303,-0.4474711439565846
147304,-0.4890499408627664
147305,-0.4017792931771629
147306,-0.46056571849890143
147307,-0.4637800715141569
147308,-0.4264724709695704
147309,-0.4302807283111241
147310,-0.48282657783259836
147311,-0.4877030085642116
147312,-0.4393319233248519
147313,-0.416711102923861
147314,-0.4856141918505833
147315,-0.42857005690973937
147316,-0.43182347303010343
147317,-0.46379462125058124
147318,-0.37283681084164183
147319,-0.48243898714021843
147320,-0.486789132328191
147321,-0.38803087254337054
147322,-0.4498446947596815
147323,-0.45145483922693963
147324,-0.4414936530472384
147325,-0.4005747490481614
147326,-0.4216585092446894
147327,-0.45419539964229644
147328,-0.4299280384942668
147329,-0.46753102749063197
147330,-0.4380956456378069
147331,-0.45466661438646294
147332,-0.4561323066204769
147333,-0.4663042861979803
147334,-0.3757902841010854
147335,-0.4176824326538072
147336,-0.3979855946962428
147337,-0.4284767707415297
147338,-0.48510625034010774
147339,-0.43187153522938604
147340,-0.413933566104405
147341,-0.4141065678279921
147342,-0.4254826743258787
147343,-0.4696832597246219
147344,-0.4282542171576502
147345,-0.44720241188008536
147346,-0.41566540248205436
147347,-0.4431345643273779
147348,-0.4250939608374293
147349,-0.45033066647607867
147350,-0.4445396610345998
147351,-0.4714088961413458
147352,-0.4319800649878273
147353,-0.46735906471309596
147354,-0.41775328625965086
147355,-0.43839575001143993
147356,-0.42711711734112007
147357,-0.45282579522607364
147358,-0.407962171237197
147359,-0.3965559577280068
147360,-0.40654292305779344
147361,-0.4143715599567901
147362,-0.41543168969105543
147363,-0.4153047387446247
147364,-0.39847369364107327
147365,-0.38870440840014886
147366,-0.4592042821788716
147367,-0.35659159357014175
147368,-0.4338840855452249
147369,-0.4348218829537358
147370,-0.4245360501548317
147371,-0.4060244097478464
147372,-0.4585352982254971
147373,-0.3949137788000143
147374,-0.438641184173245
147375,-0.421475548978173
147376,-0.4156636980121027
147377,-0.4176057056159165
147378,-0.39746373779972377
147379,-0.37233817485337173
147380,-0.43174228534166814
147381,-0.3920212134934803
147382,-0.4383844864078987
147383,-0.38659730544436405
147384,-0.432897835716168
147385,-0.4443450252251898
147386,-0.43445849330372627
147387,-0.33606625100734
147388,-0.4145016523040241
147389,-0.3896586936708684
147390,-0.43433522141647507
147391,-0.41733483028627083
147392,-0.3955471865513919
147393,-0.4198795393609266
147394,-0.4292443258090926
147395,-0.4627926471021261
147396,-0.4347182232437285
147397,-0.4233044586565296
147398,-0.40558820710976656
147399,-0.4244532476392505
147400,-0.41931336508130607
147401,-0.4396683036059277
147402,-0.41458381346091777
147403,-0.41999371796535667
147404,-0.4451505334605073
147405,-0.3849147270745447
147406,-0.4123859908730575
147407,-0.42591259073421456
147408,-0.3873125056423434
147409,-0.40009692821358256
147410,-0.3666946550511098
147411,-0.4329533672634289
147412,-0.42993207169285963
147413,-0.359085286430107
147414,-0.4105089151425268
147415,-0.4053255710450109
147416,-0.39169574392444234
147417,-0.40318878493598
147418,-0.44359428067401135
147419,-0.3829286138896456
147420,-0.4018168722870704
147421,-0.44798017391392847
147422,-0.42747420052074936
147423,-0.4350384136282484
147424,-0.46171834944113765
147425,-0.32836794717414747
147426,-0.4237848580990761
147427,-0.4236206367028634
147428,-0.4306308116761615
147429,-0.3784452578726986
147430,-0.40162121713760324
147431,-0.36488711056134504
147432,-0.36174792150335744
147433,-0.39127398536504004
147434,-0.3915706545348686
147435,-0.4376158280747935
147436,-0.45903067223736177
147437,-0.440891323536609
147438,-0.41838278023701286
147439,-0.44370400887519984
147440,-0.36700071861366024
147441,-0.43554264944043186
147442,-0.4581876896095677
147443,-0.3849412281670296
147444,-0.4252300381489966
147445,-0.2947209316385886
147446,-0.36666673316689774
147447,-0.41960214689784653
147448,-0.3563784315510238
147449,-0.3767060771024139
147450,-0.3930662476525995
147451,-0.4189431773727193
147452,-0.4233184025586029
147453,-0.3882557072181597
147454,-0.3852258620700077
147455,-0.38858223174279766
147456,-0.40949083464340075
147457,-0.3826949251802724
147458,-0.3545307585718771
147459,-0.3822905146516946
147460,-0.37321651040656206
147461,-0.39170874890912494
147462,-0.38935514083254336
147463,-0.38367925907303657
147464,-0.356699043748889
147465,-0.34430531166758416
147466,-0.3941763975027712
147467,-0.3817265834535897
147468,-0.3848236754992617
147469,-0.370065819871654
147470,-0.3366666699481574
147471,-0.3467345615084668
147472,-0.3751252687624875
147473,-0.3073750266423797
147474,-0.42691433301245807
147475,-0.4091561733157629
147476,-0.36859770085414406
147477,-0.4148723538871401
147478,-0.36764088204144996
147479,-0.36103977953737276
147480,-0.36984089404058407
147481,-0.3645821473568841
147482,-0.35526965193321547
147483,-0.3656185553279397
147484,-0.4107589627692953
147485,-0.3841507876519014
147486,-0.32804634531274335
147487,-0.4352977868307011
147488,-0.32140743574203545
147489,-0.3267069412729035
147490,-0.3996891723779258
147491,-0.3721570876473093
147492,-0.3571859858339949
147493,-0.4013684401399572
147494,-0.36647146775648254
147495,-0.3498002877303575
147496,-0.40750865003389564
147497,-0.41672436549115294
147498,-0.3684936584643845
147499,-0.4055523377841816
147500,-0.3451796398352147
147501,-0.3824480677900241
147502,-0.3806089301140203
147503,-0.33149660866688924
147504,-0.37268814186885835
147505,-0.3643881770965014
147506,-0.35859536805665915
147507,-0.39182489210033056
147508,-0.40029754890396063
147509,-0.3330011477056315
147510,-0.3636598482384041
147511,-0.37725319897947374
147512,-0.3422170132522716
147513,-0.3947798529486582
147514,-0.3791120645960947
147515,-0.3400516025801117
147516,-0.3994300331947044
147517,-0.35533669605325824
147518,-0.3940848168763299
147519,-0.3621879518881502
147520,-0.36195337756712187
147521,-0.3627761912458038
147522,-0.36794412741472077
147523,-0.3930667999300957
147524,-0.3994376175124511
147525,-0.3810545211274041
147526,-0.37392673310668006
147527,-0.35807124582722305
147528,-0.32518712328676935
147529,-0.35907283038860915
147530,-0.3244069238380706
147531,-0.3522287186717246
147532,-0.3326320281028898
147533,-0.3839616033208912
147534,-0.37551155317812973
147535,-0.3311228726452671
147536,-0.40454076361893154
147537,-0.3758200573514974
147538,-0.3507035255468193
147539,-0.36394842225979707
147540,-0.37572311777474454
147541,-0.3948123409696104
147542,-0.38710504232407816
147543,-0.40709738020221964
147544,-0.36392830313955965
147545,-0.41122908236344136
147546,-0.3278261688201911
147547,-0.4037396584077301
147548,-0.3132865608542013
147549,-0.37522356529755824
147550,-0.35344119573952626
147551,-0.4226418207736818
147552,-0.38217178928487533
147553,-0.38108483231673196
147554,-0.38658552271534236
147555,-0.3783111299977545
147556,-0.36207446948746036
147557,-0.33853546089996506
147558,-0.3762319335081676
147559,-0.37632940368807893
147560,-0.3645468564869792
147561,-0.38057946999394066
147562,-0.37737495062770354
147563,-0.33848077984242114
147564,-0.345938072667781
147565,-0.3654186950453397
147566,-0.357182282865731
147567,-0.34857052895608825
147568,-0.35853367462972263
147569,-0.3437740007517167
147570,-0.32248102037410276
147571,-0.3600493913619594
147572,-0.42241767667703284
147573,-0.323084911037511
147574,-0.389698996569505
147575,-0.32777390283874497
147576,-0.2860818700610184
147577,-0.3231872018591936
147578,-0.36793030049559056
147579,-0.38751193826152874
147580,-0.3269039619993007
147581,-0.34883628323353255
147582,-0.3296247031568454
147583,-0.4046852726368807
147584,-0.28730669450466295
147585,-0.33943966575511153
147586,-0.40167736576088153
147587,-0.3487747930776705
147588,-0.3317062742919142
147589,-0.3603881253703647
147590,-0.3327287383173435
147591,-0.33963832359908247
147592,-0.3503987193312446
147593,-0.30460929455504837
147594,-0.38811125976763144
147595,-0.3244848801007299
147596,-0.3421790715741349
147597,-0.3244440464868046
147598,-0.3446787799569485
147599,-0.3560177192840914
147600,-0.37208283976169193
147601,-0.37351230384678535
147602,-0.3374551312819931
147603,-0.34968992607384713
147604,-0.32633093535384633
147605,-0.3455307032424761
147606,-0.3629577890884398
147607,-0.2928886868412423
147608,-0.34139724809960403
147609,-0.3905960620677674
147610,-0.2819017304556756
147611,-0.2993655801064403
147612,-0.38842829161237324
147613,-0.3334065398597988
147614,-0.3070886234037181
147615,-0.34095392997640084
147616,-0.3494495434828677
147617,-0.3546921153708706
147618,-0.3761783787388968
147619,-0.29939252377572545
147620,-0.32333239295194266
147621,-0.3996870521866645
147622,-0.393864430907905
147623,-0.3053833963899406
147624,-0.351089336047025
147625,-0.3091968239725374
147626,-0.3115700137649383
147627,-0.25482277385331165
147628,-0.33375692287307446
147629,-0.3291905703397669
147630,-0.32393418236137944
147631,-0.32726792603052896
147632,-0.31309702603537826
147633,-0.3453231485497327
147634,-0.33492293909726134
147635,-0.39362877716936806
147636,-0.33770382545834593
147637,-0.33869780108322317
147638,-0.3246310152694966
147639,-0.34813828819409476
147640,-0.34330612079077855
147641,-0.3822429890006179
147642,-0.354852860383767
147643,-0.33731010339242373
147644,-0.3137294129577536
147645,-0.32728613306898546
147646,-0.3590542261340963
147647,-0.3108526631576814
147648,-0.30081973869070056
147649,-0.28002935782394556
147650,-0.34186587343161035
147651,-0.3048939757506395
147652,-0.3826355959883386
147653,-0.29976104154678457
147654,-0.3677632194810882
147655,-0.2961536753918212
147656,-0.29977982487162147
147657,-0.26388943627600536
147658,-0.3160777887412017
147659,-0.3392094368156243
147660,-0.311162876093407
147661,-0.31038303808582923
147662,-0.30064523451553354
147663,-0.2926357527584376
147664,-0.295763838946084
147665,-0.32411327097335696
147666,-0.345821258460263
147667,-0.3243584823049491
147668,-0.3257429566712673
147669,-0.31790780042770267
147670,-0.2556950338816985
147671,-0.35791929621293533
147672,-0.3119404878221412
147673,-0.3615088995139137
147674,-0.327291083501141
147675,-0.29602505771658955
147676,-0.3530509459502444
147677,-0.29832798041438296
147678,-0.29143217746001254
147679,-0.31476958245982384
147680,-0.28424841845293236
147681,-0.33728656923301575
147682,-0.31122452323927546
147683,-0.3434455752021164
147684,-0.2651884538226746
147685,-0.32016786486234716
147686,-0.30559791764558675
147687,-0.28636314690635667
147688,-0.31953491503906684
147689,-0.33254822181367105
147690,-0.3273003270184202
147691,-0.30940509256945303
147692,-0.29096208617930885
147693,-0.3607601235022907
147694,-0.3061465973402794
147695,-0.2836076479711862
147696,-0.28674999980178667
147697,-0.29704713772739433
147698,-0.284341069261291
147699,-0.3433399971768483
147700,-0.28659828195957926
147701,-0.3184060202445828
147702,-0.29003166813677805
147703,-0.3449613801364711
147704,-0.3191052488667264
147705,-0.3332870084686975
147706,-0.32464300846532534
147707,-0.3511875847116131
147708,-0.3337985849375532
147709,-0.2930507942509346
147710,-0.3169834500629315
147711,-0.2915297665197499
147712,-0.3072984008556998
147713,-0.3046635072546141
147714,-0.3053029065572191
147715,-0.2965745253412327
147716,-0.2782637230977718
147717,-0.2977367279098465
147718,-0.2874462389636116
147719,-0.35260839300316876
147720,-0.29946713802374425
147721,-0.2577116025944431
147722,-0.2987022561975464
147723,-0.25518958794785523
147724,-0.33569072584251586
147725,-0.3638238317489909
147726,-0.3168661420392567
147727,-0.32219415648288463
147728,-0.27834557855738123
147729,-0.27217762725589856
147730,-0.29300755249083527
147731,-0.2399294181157503
147732,-0.27250278738931527
147733,-0.282885919097823
147734,-0.30857881532305065
147735,-0.2858522843943532
147736,-0.3067700306795285
147737,-0.3172865412187857
147738,-0.32458972639324285
147739,-0.2712487624617008
147740,-0.3246056699964267
147741,-0.2692618876537581
147742,-0.29820735061743475
147743,-0.2466124372765892
147744,-0.30894266947671584
147745,-0.2909636688357028
147746,-0.2432804795736038
147747,-0.28269938890734264
147748,-0.28474315386539295
147749,-0.3148876928139882
147750,-0.2656084337342571
147751,-0.3199862885669594
147752,-0.27349497512848936
147753,-0.29032578110412116
147754,-0.3086562469966526
147755,-0.30345264270746847
147756,-0.2915618949666689
147757,-0.3441623199445185
147758,-0.3439133703399272
147759,-0.29639760034619345
147760,-0.3291789331071857
147761,-0.3270524530724133
147762,-0.2964855610870071
147763,-0.2587081607348642
147764,-0.24708708796857692
147765,-0.32335536967868705
147766,-0.28692381672074035
147767,-0.2903973282864258
147768,-0.30774346773220046
147769,-0.24931376832908356
147770,-0.2709189543248821
147771,-0.2927847282023668
147772,-0.2873796950707774
147773,-0.2663150473265272
147774,-0.2838949629516552
147775,-0.2850105898991262
147776,-0.32930426600304524
147777,-0.3146873579434759
147778,-0.2588533360255748
147779,-0.2855219244606427
147780,-0.32116553357475475
147781,-0.26990914867114374
147782,-0.2828987985549368
147783,-0.3031233664931563
147784,-0.2967845644871267
147785,-0.2712189597254803
147786,-0.3118390859891561
147787,-0.29955678043818945
147788,-0.31549456096929085
147789,-0.3522349158713306
147790,-0.3321709637959402
147791,-0.2976699343983804
147792,-0.2810812753916857
147793,-0.3005403421371916
147794,-0.30355149842143475
147795,-0.33674467122401247
147796,-0.2483080592300247
147797,-0.2164672940819846
147798,-0.27659705129154144
147799,-0.23256441929919672
147800,-0.2817263995681342
147801,-0.29419454694930164
147802,-0.3054923826949539
147803,-0.32513314711667096
147804,-0.31377710280619797
147805,-0.32703437455343287
147806,-0.35285839094669963
147807,-0.2552859456406833
147808,-0.34721225226206337
147809,-0.26743422474426665
147810,-0.20358013326269717
147811,-0.2999312487053323
147812,-0.2813287994550743
147813,-0.28215280203468884
147814,-0.25089249921015955
147815,-0.23654336596956924
147816,-0.3137987309535323
147817,-0.29017591385464936
147818,-0.282632514347989
147819,-0.2724897851679083
147820,-0.27115180835073377
147821,-0.2107996169218942
147822,-0.33383934438689356
147823,-0.24061591994107198
147824,-0.26402821219547823
147825,-0.280585042686693
147826,-0.27048281137879343
147827,-0.2581697888067932
147828,-0.24493313335683303
147829,-0.305555576791552
147830,-0.3336975300967047
147831,-0.27062872648647585
147832,-0.2445479298876228
147833,-0.24851821174279715
147834,-0.3236022453261166
147835,-0.2719646550241077
147836,-0.27113145020435253
147837,-0.3083506217319415
147838,-0.27883321183645715
147839,-0.3518289483086694
147840,-0.22000006042569414
147841,-0.18366465197808096
147842,-0.27557845256608837
147843,-0.2733476120276216
147844,-0.2581119091282985
147845,-0.28176270486616184
147846,-0.21767383415659636
147847,-0.21133274689882922
147848,-0.2594547611123371
147849,-0.2322621389511785
147850,-0.2281734829661423
147851,-0.2795308204749179
147852,-0.2703097870768392
147853,-0.2598711949098637
147854,-0.21892314858584366
147855,-0.25463649428366414
147856,-0.23268427352245635
147857,-0.2024509498923909
147858,-0.3040461101826293
147859,-0.2673569145710255
147860,-0.24468915794365728
147861,-0.2850613663219616
147862,-0.1833240119316597
147863,-0.2344009907499707
147864,-0.27397620086762664
147865,-0.23111979694296753
147866,-0.21507630347299295
147867,-0.20887330621195282
147868,-0.27810487881568485
147869,-0.2015160279986352
147870,-0.2533338453906782
147871,-0.2858980981789423
147872,-0.27405181509070475
147873,-0.2573100486685293
147874,-0.21038285882954394
147875,-0.2659177585617321
147876,-0.2715873659530538
147877,-0.19370218871492884
147878,-0.26626443648265785
147879,-0.2528713855233812
147880,-0.2994228551341164
147881,-0.25772889526445836
147882,-0.26060873930086614
147883,-0.2575491756172068
147884,-0.23119376574071857
147885,-0.2530488795302023
147886,-0.2689458743316343
147887,-0.2729482376764718
147888,-0.2401635701166893
147889,-0.23867071522109665
147890,-0.2809323468038859
147891,-0.27998041053741346
147892,-0.2026788295293297
147893,-0.24974905851706417
147894,-0.26020609688781554
147895,-0.25875562473780156
147896,-0.24121117905384445
147897,-0.2117951484531459
147898,-0.2673982537203997
147899,-0.26625213589939384
147900,-0.2595175577525767
147901,-0.2550602815581992
147902,-0.281110004589614
147903,-0.27454039065737
147904,-0.20736791444692987
147905,-0.2521950114589364
147906,-0.21874892943142507
147907,-0.26020668940420066
147908,-0.2397828648208718
147909,-0.2574248357565446
147910,-0.23859048168283883
147911,-0.22930166429794013
147912,-0.19029191016485972
147913,-0.19284277723335608
147914,-0.19490700001530883
147915,-0.20321865116205876
147916,-0.19314112148085077
147917,-0.2834871587627704
147918,-0.255396199105386
147919,-0.2478332791124403
147920,-0.23611104674074773
147921,-0.22973479394826962
147922,-0.23983134505795436
147923,-0.23561986173083993
147924,-0.2632529143270956
147925,-0.3173688096000535
147926,-0.3224585922999567
147927,-0.22664588724765378
147928,-0.1944258434305724
147929,-0.238699496340039
147930,-0.20689054370839874
147931,-0.2620680677199944
147932,-0.26799176865823127
147933,-0.246821559715305
147934,-0.2523448240824088
147935,-0.22393955386720782
147936,-0.3118026613410729
147937,-0.2365593029689589
147938,-0.2457478637733697
147939,-0.2183359181787398
147940,-0.2206031663421013
147941,-0.23088071442550384
147942,-0.2610460270656087
147943,-0.23375595873096155
147944,-0.24436456983124724
147945,-0.19534889288321827
147946,-0.23633895322265122
147947,-0.22602346058866626
147948,-0.20102699274834
147949,-0.28101047890865893
147950,-0.24677776307266283
147951,-0.23522112278539578
147952,-0.18163685414997993
147953,-0.2175566924605138
147954,-0.19925122442196147
147955,-0.2354508720700567
147956,-0.22687423529885825
147957,-0.1870869628630465
147958,-0.22156625727615
147959,-0.21774703468820786
147960,-0.197289424567352
147961,-0.22706276771377704
147962,-0.22111425675839272
147963,-0.2746316638758322
147964,-0.2348131913367135
147965,-0.2623353147781519
147966,-0.20235868843233684
147967,-0.2364929336710075
147968,-0.20498362246139823
147969,-0.27857771894018646
147970,-0.20989636045133706
147971,-0.27276353582381424
147972,-0.20693772777736053
147973,-0.19553457201247013
147974,-0.20034636516146961
147975,-0.1990585489727494
147976,-0.22975635592404017
147977,-0.2534917428492366
147978,-0.2606614873352602
147979,-0.2739651800853357
147980,-0.17915347956489902
147981,-0.21623794305909957
147982,-0.22352547892498012
147983,-0.25923406321178205
147984,-0.22946968323156672
147985,-0.2583653964396003
147986,-0.11037485790056376
147987,-0.24065380743150705
147988,-0.24642704436002455
147989,-0.2531050872938949
147990,-0.2699477619416093
147991,-0.15377778441499906
147992,-0.19482211286099826
147993,-0.23660384763226974
147994,-0.19683795117274314
147995,-0.243250858316371
147996,-0.22899617905674075
147997,-0.22643770774156827
147998,-0.2581036271557547
147999,-0.24192352992694807
148000,-0.18497170656132553
148001,-0.229171256714652
148002,-0.2394646575393476
148003,-0.21308141860850832
148004,-0.21288688347247492
148005,-0.25322913969700894
148006,-0.2605779023734318
148007,-0.18295070071400527
148008,-0.24294237170985902
148009,-0.27283985398387534
148010,-0.27390206857796895
148011,-0.21025447294548882
148012,-0.19917653742495095
148013,-0.21137231682934432
148014,-0.23281983169020895
148015,-0.18024191276000542
148016,-0.2105071316415335
148017,-0.21401549372336087
148018,-0.23021319526488568
148019,-0.2578435809144205
148020,-0.20651982530094184
148021,-0.1938333256603635
148022,-0.16232429742510998
148023,-0.20334863477465287
148024,-0.2722679914364138
148025,-0.269151760149816
148026,-0.2249891655260189
148027,-0.22303209916917074
148028,-0.23145629533029846
148029,-0.23038156454666897
148030,-0.26079160897016207
148031,-0.21750712703731678
148032,-0.2106400885324093
148033,-0.18855935301701232
148034,-0.258415756312795
148035,-0.1708369795486957
148036,-0.2096948446225903
148037,-0.19881974851600004
148038,-0.26462600086488997
148039,-0.19844985426584708
148040,-0.19023508210002077
148041,-0.15401634449537654
148042,-0.22951985437190092
148043,-0.2102252194847086
148044,-0.21121583968732877
148045,-0.20215940988155326
148046,-0.22676749321206024
148047,-0.19926930822223088
148048,-0.2018848779819212
148049,-0.19159041951538458
148050,-0.22636821393577886
148051,-0.16150363185461142
148052,-0.2264741990718055
148053,-0.19130639919792464
148054,-0.14500407809622867
148055,-0.27516477038224596
148056,-0.18668871134976894
148057,-0.22687956541484772
148058,-0.19937360132262444
148059,-0.2463743976306652
148060,-0.2328907099994656
148061,-0.2046090237588542
148062,-0.16521844305178077
148063,-0.2663322289438571
148064,-0.23146258429525862
148065,-0.2248710291375926
148066,-0.16690079183559217
148067,-0.20134930679381147
148068,-0.23941092137621436
148069,-0.16890442664310773
148070,-0.20722999762807248
148071,-0.20943837521782155
148072,-0.24328184578430662
148073,-0.20439875743818697
148074,-0.16834801052007026
148075,-0.15940239399020212
148076,-0.19601145243220855
148077,-0.23240443853755177
148078,-0.22898238712185354
148079,-0.23194524276549128
148080,-0.1826031978810892
148081,-0.19497070988230997
148082,-0.22911369883104735
148083,-0.2038262889546675
148084,-0.18231001925837526
148085,-0.17636119625447283
148086,-0.16539305888371103
148087,-0.17066014552194347
148088,-0.22179939515096977
148089,-0.232647015863298
148090,-0.16656859049782252
148091,-0.22180852562383097
148092,-0.15243961230192649
148093,-0.15101949011093668
148094,-0.23450087896398297
148095,-0.19765822786961285
148096,-0.21429102336430098
148097,-0.2425422043638058
148098,-0.19906694124812496
148099,-0.19154311271022081
148100,-0.11305082681489809
148101,-0.22701692991496475
148102,-0.12735174679539885
148103,-0.2520172117925516
148104,-0.21926379808039642
148105,-0.22119538709937903
148106,-0.20852617845667393
148107,-0.19739357896025972
148108,-0.18626615956397258
148109,-0.23372976356218952
148110,-0.2216995093535534
148111,-0.1663709500791305
148112,-0.22747851431266974
148113,-0.2605688959908002
148114,-0.18050757611810297
148115,-0.22541901114479704
148116,-0.22665894799763509
148117,-0.26419888760459126
148118,-0.21110416360896903
148119,-0.1859270627114127
148120,-0.1888980038787482
148121,-0.20705895385969458
148122,-0.19254467503512548
148123,-0.14766854374627159
148124,-0.22955202006852854
148125,-0.15729320412746856
148126,-0.20119938014108515
148127,-0.17467844583589442
148128,-0.2588458984707077
148129,-0.14631873183005353
148130,-0.16225393895785173
148131,-0.1726933525082825
148132,-0.17237903035952512
148133,-0.20578588252231236
148134,-0.21108670854439435
148135,-0.18571847772189395
148136,-0.23118277886052727
148137,-0.12506252620361297
148138,-0.1694446290343531
148139,-0.19131251058009752
148140,-0.23524586073151516
148141,-0.16207375529765272
148142,-0.21706580504583825
148143,-0.19452264890771484
148144,-0.21874183470831968
148145,-0.1874033444592371
148146,-0.18663056962348074
148147,-0.20346368791712247
148148,-0.16231076822499962
148149,-0.2352055424215502
148150,-0.15376723175299117
148151,-0.16429054239199112
148152,-0.20595403705231097
148153,-0.19900766657784272
148154,-0.15521065882815263
148155,-0.16430926886401626
148156,-0.1811067828526999
148157,-0.15956552586206252
148158,-0.1589905385428659
148159,-0.18717138353819648
148160,-0.20124028677315528
148161,-0.2234199710431011
148162,-0.17939559191564985
148163,-0.2265017325502857
148164,-0.16858203509075834
148165,-0.26657000295598127
148166,-0.15230689403254846
148167,-0.1388520314396382
148168,-0.1821685956370191
148169,-0.21132634659942617
148170,-0.19351420342131515
148171,-0.1541851915847931
148172,-0.23288987373324418
148173,-0.18031757269602208
148174,-0.12901303296464012
148175,-0.23691697299498116
148176,-0.2107372207370976
148177,-0.16534808150452643
148178,-0.1297484487444704
148179,-0.22467617597619688
148180,-0.2144078706540669
148181,-0.15950395281554058
148182,-0.23931012699453655
148183,-0.22358445656167725
148184,-0.14426613516549708
148185,-0.13124000880817108
148186,-0.19412770078030855
148187,-0.1799341062408893
148188,-0.19795220277722264
148189,-0.1605982841056827
148190,-0.2223236474922619
148191,-0.19449645424930373
148192,-0.1805610873641326
148193,-0.18290863020114795
148194,-0.17739922526620142
148195,-0.15441541473847892
148196,-0.17086181286134772
148197,-0.153394497722184
148198,-0.2272496439092062
148199,-0.1457339236514713
148200,-0.21381675213213983
148201,-0.16577927400336742
148202,-0.1933972656113548
148203,-0.17254857963474501
148204,-0.1804169076813016
148205,-0.21890748735349344
148206,-0.1784212030184267
148207,-0.18741966481893316
148208,-0.16493092265913079
148209,-0.1959805864110821
148210,-0.14671462759119744
148211,-0.14940269118082117
148212,-0.13913038852276405
148213,-0.16285117417656642
148214,-0.12933871066941166
148215,-0.18393371429580516
148216,-0.1863099769753293
148217,-0.13809781487931816
148218,-0.18625580017921325
148219,-0.17656377062142553
148220,-0.204437967535041
148221,-0.2172057973098506
148222,-0.2051924609538145
148223,-0.17620957698304537
148224,-0.20542917766752417
148225,-0.2040718332181979
148226,-0.2049133555939494
148227,-0.15014381154120382
148228,-0.15004380378851068
148229,-0.19285562719191898
148230,-0.1944735529750401
148231,-0.2212497462710899
148232,-0.18038067864091495
148233,-0.1724032149298455
148234,-0.15862360291744051
148235,-0.15355209012059545
148236,-0.17967413306710223
148237,-0.20384695528569813
148238,-0.16722255844474831
148239,-0.17514478467973535
148240,-0.18074390601184695
148241,-0.1592085463617295
148242,-0.16292887755203095
148243,-0.15919760056222265
148244,-0.1254306001589272
148245,-0.23059152352454923
148246,-0.19620544925220376
148247,-0.18084298159067064
148248,-0.13639984148072976
148249,-0.1524864019724926
148250,-0.16758046543221944
148251,-0.1754400213085535
148252,-0.19316252964983235
148253,-0.1826654093350258
148254,-0.1806489265100758
148255,-0.17315479521841187
148256,-0.16217292805889144
148257,-0.13850647530772814
148258,-0.1909996297297778
148259,-0.15859909855400006
148260,-0.08590797576912998
148261,-0.1665308256954901
148262,-0.19457896390496066
148263,-0.13599443126968735
148264,-0.18356611299029135
148265,-0.2110466851878508
148266,-0.1368408040872148
148267,-0.17714638254225784
148268,-0.20109309365796643
148269,-0.12150396359217783
148270,-0.20942443502917532
148271,-0.26275294400531657
148272,-0.18898752844377809
148273,-0.15781464860289793
148274,-0.19989830760808747
148275,-0.13565961458946252
148276,-0.2224328615848948
148277,-0.16615620589689056
148278,-0.13449606522988297
148279,-0.16517638262487136
148280,-0.1965098942910664
148281,-0.10738710346259547
148282,-0.13312603293885147
148283,-0.18020558747785723
148284,-0.20259985157549626
148285,-0.14303983143419127
148286,-0.1559520191447451
148287,-0.16212496515275757
148288,-0.19428313461632998
148289,-0.1731273790044246
148290,-0.19190794907816958
148291,-0.16639762269174366
148292,-0.1384979307060781
148293,-0.18543904330349567
148294,-0.15226413399868252
148295,-0.11631247861290209
148296,-0.13005818412139195
148297,-0.20495447270668737
148298,-0.15682529924490016
148299,-0.17601618798853247
148300,-0.1850077259300173
148301,-0.1813476041776289
148302,-0.24751663025697535
148303,-0.20928914238499322
148304,-0.20689274710683844
148305,-0.13423257121671517
148306,-0.22064436467470022
148307,-0.15364893466693544
148308,-0.17674553263038112
148309,-0.17245873829619543
148310,-0.1913843339366769
148311,-0.16700636424401302
148312,-0.15796812463490012
148313,-0.14724065802653735
148314,-0.16334281490216096
148315,-0.16442333208010826
148316,-0.15262469576366303
148317,-0.1288369424270798
148318,-0.17133469663022508
148319,-0.18836856721185302
148320,-0.1411260330005879
148321,-0.18553906499702938
148322,-0.1682480411527787
148323,-0.1554361411292038
148324,-0.15300604267915402
148325,-0.17132646183370165
148326,-0.1318417512930043
148327,-0.18879023217983043
148328,-0.1490188608720068
148329,-0.22401307056670078
148330,-0.18290472709429204
148331,-0.1442841686854413
148332,-0.1718644446537421
148333,-0.18028932932734967
148334,-0.15189723897624283
148335,-0.08316818984150992
148336,-0.16379662928567063
148337,-0.17479455194508361
148338,-0.16369813974511707
148339,-0.2184989369943894
148340,-0.14961525802901923
148341,-0.16793077109614338
148342,-0.20937674955339772
148343,-0.1596710583838689
148344,-0.1707136672957068
148345,-0.1833558171224213
148346,-0.10176760421736021
148347,-0.18039882943101443
148348,-0.17706370235043853
148349,-0.1834978038738933
148350,-0.15557930787870178
148351,-0.1318499531059484
148352,-0.18839238652424792
148353,-0.1256139707747846
148354,-0.1953372416245704
148355,-0.20582716768157572
148356,-0.07728919281299726
148357,-0.16017706988887914
148358,-0.21438516960238535
148359,-0.1578777584735749
148360,-0.12798607050656427
148361,-0.14806910168535062
148362,-0.1463338832214378
148363,-0.13771480290542396
148364,-0.1849332616821392
148365,-0.15174998974816592
148366,-0.13219429728567678
148367,-0.19516989505889254
148368,-0.1412463258648764
148369,-0.1391442200302954
148370,-0.1355404250049195
148371,-0.12487285247928862
148372,-0.09160457914321696
148373,-0.09410854944384295
148374,-0.10093705341534058
148375,-0.1820504689037436
148376,-0.12700309674159602
148377,-0.13766144879402506
148378,-0.14919311524433373
148379,-0.18544167522651922
148380,-0.15704350652235763
148381,-0.14471970614214344
148382,-0.17996927491226933
148383,-0.21529055812444425
148384,-0.13905916406020177
148385,-0.1428955118560574
148386,-0.16283709307729055
148387,-0.12250766678249489
148388,-0.1077043996183099
148389,-0.11893730845380324
148390,-0.18844773583727048
148391,-0.18945581703897418
148392,-0.14503856174949484
148393,-0.13760263248850935
148394,-0.17365429558766718
148395,-0.14678624641634572
148396,-0.1662656080282802
148397,-0.15167395769441902
148398,-0.13305109632648246
148399,-0.19235675628203797
148400,-0.18596860633940349
148401,-0.08517349262574454
148402,-0.14181722978783576
148403,-0.1677489643046841
148404,-0.160918107798985
148405,-0.18059776099708982
148406,-0.19493471386341094
148407,-0.17885553649263902
148408,-0.21101047088260502
148409,-0.12940866996101183
148410,-0.10325474632634615
148411,-0.17350356327448735
148412,-0.15526807771003254
148413,-0.1552589372286447
148414,-0.14324043935645026
148415,-0.15072001477871122
148416,-0.1702705536750611
148417,-0.09021632382957417
148418,-0.16258640805728466
148419,-0.18868362704132113
148420,-0.12716497118302084
148421,-0.10751773633294087
148422,-0.16140711867748772
148423,-0.11184594821669207
148424,-0.1660946637127263
148425,-0.1508344427758474
148426,-0.2116791326246472
148427,-0.10511318865358822
148428,-0.14138550287114693
148429,-0.1433053377967236
148430,-0.09436926240635587
148431,-0.12580800159520295
148432,-0.09389452435695467
148433,-0.11857768106574489
148434,-0.1387117425163111
148435,-0.14414724556742267
148436,-0.15156259799641048
148437,-0.10317990903004717
148438,-0.15031705375467902
148439,-0.11905688739893958
148440,-0.07621822339145513
148441,-0.1050904653668482
148442,-0.1395308443105238
148443,-0.1028377821183491
148444,-0.15744690022404306
148445,-0.10732467028481107
148446,-0.12851881491184072
148447,-0.09510499955352876
148448,-0.2045861010311854
148449,-0.15259059109838208
148450,-0.13266055951637756
148451,-0.13419709125523413
148452,-0.09151787285981788
148453,-0.1717196383139747
148454,-0.20537574642212872
148455,-0.10938044094093792
148456,-0.21495718286586155
148457,-0.10976026439129216
148458,-0.10615762833575779
148459,-0.12807398953127988
148460,-0.16960556310571795
148461,-0.0981123258446418
148462,-0.14676193600868886
148463,-0.20462569495737098
148464,-0.1759610152279532
148465,-0.17647900176360576
148466,-0.1558783485128882
148467,-0.07311352409146783
148468,-0.11987908712195547
148469,-0.13011492889203907
148470,-0.1453446420459139
148471,-0.12780255871798993
148472,-0.1097628428582353
148473,-0.11006092400994931
148474,-0.15718697422791095
148475,-0.20764889372523415
148476,-0.14345033014942893
148477,-0.18332482467977299
148478,-0.0658757920157193
148479,-0.13944025860016804
148480,-0.09765002530818281
148481,-0.17296705955686414
148482,-0.09347951053912582
148483,-0.08968627800889503
148484,-0.10802885502585106
148485,-0.12602236489650775
148486,-0.15767854492222927
148487,-0.17880022147578042
148488,-0.1253126478141085
148489,-0.1355051765478637
148490,-0.09612897945746057
148491,-0.1422669994221557
148492,-0.15194143555815048
148493,-0.13048978546081638
148494,-0.10206497120668667
148495,-0.11453928081176841
148496,-0.08926534728684483
148497,-0.03972570133157864
148498,-0.1481916226434833
148499,-0.22087755864078934
148500,-0.10770473790972751
148501,-0.15980849553258583
148502,-0.2036396561993989
148503,-0.1638109521896246
148504,-0.15383446622516633
148505,-0.10768837177853362
148506,-0.13737500704413852
148507,-0.11975448195498689
148508,-0.06732301515808345
148509,-0.10259165068588276
148510,-0.20871758757384984
148511,-0.14186293958971735
148512,-0.1338069751216157
148513,-0.12920232681557203
148514,-0.15053908683382705
148515,-0.1029158113083866
148516,-0.1323973946962205
148517,-0.10710540814109148
148518,-0.13421207361998314
148519,-0.129353807269508
148520,-0.17265387028698537
148521,-0.15503985009547105
148522,-0.1318924233844239
148523,-0.1526369757303457
148524,-0.14840047882158844
148525,-0.13398229635191622
148526,-0.12657848079427172
148527,-0.15843607568018483
148528,-0.18814990138862567
148529,-0.057343441559624106
148530,-0.13192967512949577
148531,-0.13325403672055922
148532,-0.12854906907037703
148533,-0.13336445035824265
148534,-0.13983339974893644
148535,-0.1380274957963414
148536,-0.13088600694977548
148537,-0.18605667458705044
148538,-0.20402476700497324
148539,-0.14641509675577813
148540,-0.13559495046688874
148541,-0.13364263359151923
148542,-0.13236574834515716
148543,-0.14955118446980598
148544,-0.10985107575906253
148545,-0.17396784192027845
148546,-0.07590865081399478
148547,-0.13730362248442865
148548,-0.12027149238640684
148549,-0.04543555973572004
148550,-0.0837687706731797
148551,-0.14217435614546609
148552,-0.1633588059745471
148553,-0.13203658103447502
148554,-0.17628228375580454
148555,-0.1436830708680212
148556,-0.13044949740470746
148557,-0.14531862547977434
148558,-0.1585503077347847
148559,-0.12135005063733292
148560,-0.13453781366624254
148561,-0.10838337617259047
148562,-0.13280645507431946
148563,-0.09302427496718121
148564,-0.15732205718172323
148565,-0.10806217810573848
148566,-0.12759489395786308
148567,-0.10730074650066915
148568,-0.1187819510347501
148569,-0.1371733760583453
148570,-0.08356255822663008
148571,-0.14456380652287085
148572,-0.17699426317313824
148573,-0.0783178802982969
148574,-0.1355349487335227
148575,-0.1381110888485187
148576,-0.09241408899172365
148577,-0.11919121790387324
148578,-0.12263825460738581
148579,-0.17234234585147196
148580,-0.0657000020821581
148581,-0.14446501424001199
148582,-0.08408693329613917
148583,-0.1537367129346926
148584,-0.12996685558082005
148585,-0.12404710851965622
148586,-0.1173550126786609
148587,-0.10879661526574147
148588,-0.1570641385378363
148589,-0.10840540872402614
148590,-0.11403265253269547
148591,-0.17434873953957258
148592,-0.14902196676035928
148593,-0.18038069424286052
148594,-0.12667853431291978
148595,-0.09690203539631126
148596,-0.1338965315509825
148597,-0.12910072423036814
148598,-0.13366834460395352
148599,-0.14378794595760966
148600,-0.12353522491423735
148601,-0.18283750214116173
148602,-0.14139481336054507
148603,-0.10060343886292217
148604,-0.15507406848109165
148605,-0.09406106110000587
148606,-0.09580761364918441
148607,-0.09373377679982811
148608,-0.12185023132539592
148609,-0.12763977257504705
148610,-0.14164547122071214
148611,-0.10785389177513875
148612,-0.08054813293995829
148613,-0.1495630389860743
148614,-0.15552291042632935
148615,-0.11709963200519993
148616,-0.1048261279099173
148617,-0.12064486484520041
148618,-0.11212013695313468
148619,-0.055794624498920975
148620,-0.08003015934405844
148621,-0.17397189755177717
148622,-0.1004226289165955
148623,-0.1370236806145264
148624,-0.07434564526415194
148625,-0.1331198542331813
148626,-0.1227154321921155
148627,-0.11825298796250397
148628,-0.1250776478448053
148629,-0.14016181354121923
148630,-0.16807830354463216
148631,-0.11705918009099
148632,-0.116438998192693
148633,-0.10250875492889719
148634,-0.07486957877709985
148635,-0.12447277595713495
148636,-0.15881619592956875
148637,-0.12533263357404498
148638,-0.1486894663282522
148639,-0.14467229559518713
148640,-0.13588637595518
148641,-0.15714401117838053
148642,-0.04896709730911629
148643,-0.08811163710344085
148644,-0.13591329677669567
148645,-0.15939228752136148
148646,-0.15408875285859985
148647,-0.1271793385664478
148648,-0.1346083514184204
148649,-0.05657474402709597
148650,-0.12729377550046708
148651,-0.11045912897633392
148652,-0.1221662270598136
148653,-0.07441493539569252
148654,-0.13282368512705706
148655,-0.0858764154234969
148656,-0.06138390112539732
148657,-0.08746863181034542
148658,-0.08613624141940684
148659,-0.09236794474910724
148660,-0.13828352307876862
148661,-0.08021836712931077
148662,-0.11197971898010112
148663,-0.10996763816314359
148664,-0.1446978576440777
148665,-0.19799454793747245
148666,-0.10861418362819991
148667,-0.12409412475432408
148668,-0.09260686155835325
148669,-0.09580515359344774
148670,-0.14702693567067754
148671,-0.1375587246095668
148672,-0.14457716500215947
148673,-0.06654691257635988
148674,-0.1085332639762437
148675,-0.11422422817208956
148676,-0.08612852859457824
148677,-0.11548628659555558
148678,-0.06814781565553005
148679,-0.1232567473694598
148680,-0.037095825371116414
148681,-0.1262535024962533
148682,-0.1221048247610723
148683,-0.1547079885351472
148684,-0.08608898839620177
148685,-0.11001125529413291
148686,-0.09327657038409534
148687,-0.09330964083106356
148688,-0.11470934268731393
148689,-0.12142446920817829
148690,-0.12508133424280937
148691,-0.040531035078699
148692,-0.10251341267527925
148693,-0.11887725491595612
148694,-0.05621212903513148
148695,-0.07072660488728305
148696,-0.1327443638387496
148697,-0.1199403010027866
148698,-0.1401735600091267
148699,-0.10543460756709294
148700,-0.1498086035856267
148701,-0.14094152653685776
148702,-0.07351334744995798
148703,-0.1147155196898979
148704,-0.17202111605017684
148705,-0.15446919444358084
148706,-0.11000416436205715
148707,-0.07085301048504711
148708,-0.11478152601487439
148709,-0.11590771122235664
148710,-0.12905370060125607
148711,-0.11712801700093273
148712,-0.10390716623303035
148713,-0.12912652610540357
148714,-0.07816211554903259
148715,-0.10007717355727562
148716,-0.07905858975794024
148717,-0.0663428256858632
148718,-0.08049432625015554
148719,-0.07042799683488868
148720,-0.15081702309490147
148721,-0.11199585401211098
148722,-0.09735621653135905
148723,-0.13818870587334928
148724,-0.134700809622584
148725,-0.09812030859518671
148726,-0.1243908548622497
148727,-0.1023729391215627
148728,-0.12308691601440791
148729,-0.09496884060853178
148730,-0.09185077760768681
148731,-0.13682440738834584
148732,-0.11165359353356553
148733,-0.10080301708982232
148734,-0.10167496295767856
148735,-0.11412635120123951
148736,-0.09587141932687211
148737,-0.07585426302670817
148738,-0.10111241743662273
148739,-0.10387115707716021
148740,-0.14691452726987964
148741,-0.1147593429695123
148742,-0.09163274624733311
148743,-0.08635212850898022
148744,-0.08692250892443279
148745,-0.06730507645955322
148746,-0.13665833275813458
148747,-0.09333814166643589
148748,-0.09120199788405178
148749,-0.090260529037559
148750,-0.10713552940275468
148751,-0.14093686557177745
148752,-0.09936177484360144
148753,-0.06970865051674169
148754,-0.09045750771796575
148755,-0.09556605548967918
148756,-0.1500767358824974
148757,-0.13129492860294767
148758,-0.1366951522439118
148759,-0.08416370836337968
148760,-0.08308419210991297
148761,-0.12404756347015251
148762,-0.12971942594224056
148763,-0.1524048030962307
148764,-0.14088407711375064
148765,-0.08533362192503002
148766,-0.14331384113091708
148767,-0.09893248736342222
148768,-0.08618085503761991
148769,-0.05010631453608023
148770,-0.10866944934311491
148771,-0.10871838080380397
148772,-0.09857567038054012
148773,-0.1457190164444349
148774,-0.09240242275292435
148775,-0.0854137865424294
148776,-0.08754902973306908
148777,-0.07916542189716615
148778,-0.08667324829975984
148779,-0.07643321453514297
148780,-0.10842602946090715
148781,-0.07817402385313046
148782,-0.1362945247255522
148783,-0.07993880506040979
148784,-0.12440671590297606
148785,-0.09948483867341025
148786,-0.1057049243631607
148787,-0.05764494255488873
148788,-0.14129415750126642
148789,-0.14615706824878733
148790,-0.10516483733972391
148791,-0.08523405403494999
148792,-0.0735867934935719
148793,-0.1684874769155631
148794,-0.08715496414542859
148795,-0.04342297883598107
148796,-0.11799624923726142
148797,-0.1219997575334273
148798,-0.10502374186171927
148799,-0.06288306059802523
148800,-0.09411104632512815
148801,-0.09000235377489038
148802,-0.15811682350385137
148803,-0.13807377123123915
148804,-0.11904367846760894
148805,-0.12474669647940947
148806,-0.12127052722029669
148807,-0.07485991226968032
148808,-0.08584730815289188
148809,-0.0991598826654429
148810,-0.09185634134576352
148811,-0.06010102926491949
148812,-0.13291204953390243
148813,-0.09576028349627254
148814,-0.10649885415853333
148815,-0.07169677336520022
148816,-0.12099886029736165
148817,-0.12030379963069707
148818,-0.0947724313020049
148819,-0.10117802633422293
148820,-0.09878448825665243
148821,-0.05777808068349216
148822,-0.0915987873183743
148823,-0.048349222555740916
148824,-0.12911629807650446
148825,-0.0994224673118813
148826,-0.1595943624602567
148827,-0.0755905902993153
148828,-0.09037504102201732
148829,-0.09454488075714962
148830,-0.1227180801806035
148831,-0.10870648057523902
148832,-0.1267631350087699
148833,-0.127978261445813
148834,-0.12078581075248604
148835,-0.049650488292498504
148836,-0.11241235113413012
148837,-0.0674526409449172
148838,-0.10566484087850063
148839,-0.07991454972718184
148840,-0.13571627428829566
148841,-0.08318400770912922
148842,-0.09437888145598396
148843,-0.11287600170029377
148844,-0.08935350431060514
148845,-0.02042719922694984
148846,-0.1231147443622405
148847,-0.1318467298201423
148848,-0.12914504951056788
148849,-0.12923837865272592
148850,-0.11049576729230257
148851,-0.10868863689073897
148852,-0.09049050909942796
148853,-0.07977657443845196
148854,-0.09803952386553613
148855,-0.07771827263115474
148856,-0.056293934572843436
148857,-0.1391376526830819
148858,-0.08076699488436102
148859,-0.10358154210193275
148860,-0.09363618636750155
148861,-0.10945405225031711
148862,-0.09606087841735421
148863,-0.14866120961194618
148864,-0.09512872588346684
148865,-0.07141301184107866
148866,-0.11392525371831014
148867,-0.11451616623219757
148868,-0.09981983481462042
148869,-0.05225523648981985
148870,-0.06694706937490125
148871,-0.03776692054083063
148872,-0.08338388978210104
148873,-0.09831419093671309
148874,-0.12853733670383163
148875,-0.1337841968889632
148876,-0.10103639576867861
148877,-0.10745610339534112
148878,-0.03980331777672413
148879,-0.1162022665889762
148880,-0.11320410348158894
148881,-0.07640238516024345
148882,-0.12697162981251633
148883,-0.07815251633088408
148884,-0.07307962840280686
148885,-0.12054623269554338
148886,-0.06975108051889288
148887,-0.0744713183841935
148888,-0.09558262742008394
148889,-0.07915837215151422
148890,-0.13359719571945636
148891,-0.0822900510556017
148892,-0.11067534274561298
148893,-0.0933959666444503
148894,-0.12587251345717915
148895,-0.05553931816081232
148896,-0.06054288336032887
148897,-0.14151341461678685
148898,-0.15482912159363063
148899,-0.0245716875853067
148900,-0.08812637494480376
148901,-0.12529357122228224
148902,-0.0896463501279303
148903,-0.08429816563433234
148904,-0.11173642630729522
148905,-0.09678258701602341
148906,-0.13137722167535176
148907,-0.08312489349973343
148908,-0.1230401491913897
148909,-0.12493828924023473
148910,-0.05412730150524662
148911,-0.14322423633842768
148912,-0.12704064978208135
148913,-0.12913166586101515
148914,-0.07635091855696352
148915,-0.06962239646012297
148916,-0.10309048201076507
148917,-0.06703937075310606
148918,-0.05325854337433176
148919,-0.10603177194727842
148920,-0.08617579001783525
148921,-0.10309294925826341
148922,-0.09440360582744564
148923,-0.117915308848226
148924,-0.07260142078526333
148925,-0.08070129627669008
148926,-0.046285058831705236
148927,-0.101119043919013
148928,-0.05618865044676658
148929,-0.06660010683819276
148930,-0.06409973220663463
148931,-0.11749965040777628
148932,-0.12660990181864104
148933,-0.11932778178333207
148934,-0.09841352396657217
148935,-0.10552265923613134
148936,-0.11223485716748824
148937,-0.03180382330751029
148938,-0.025124075957526734
148939,-0.09666916891329824
148940,-0.13029306737513735
148941,-0.04471963944119863
148942,-0.08060355090822373
148943,-0.0865860841577915
148944,-0.08876610548985978
148945,-0.05894029760394527
148946,-0.09095698040579074
148947,-0.021499673525089122
148948,-0.09655575907926695
148949,-0.10793737047982632
148950,-0.10378775704497087
148951,-0.08928199091757161
148952,-0.07051112745865337
148953,-0.09442303085767885
148954,-0.032849946567042945
148955,-0.06040520761744117
148956,-0.0792284154755288
148957,-0.06899582387335111
148958,-0.0731171654140351
148959,-0.16973184882079223
148960,-0.07775027205198116
148961,-0.08088219844517773
148962,-0.07995512706015528
148963,-0.057067141460982906
148964,-0.07671865685126601
148965,-0.09339954954005178
148966,-0.05540758004354222
148967,-0.08992701750265143
148968,-0.0857689648395378
148969,-0.07941385836455933
148970,-0.04672385779747162
148971,-0.07605602444872592
148972,-0.12418393481973666
148973,-0.11404596809047297
148974,-0.057209114901669605
148975,-0.06599053262909182
148976,-0.058315894049221786
148977,-0.037936520244314466
148978,-0.057971362026987085
148979,-0.12419683945299269
148980,-0.07529609666533339
148981,-0.06321731642604071
148982,-0.09598129153507244
148983,-0.022995375909868873
148984,-0.06273024251142986
148985,-0.08164958403309694
148986,-0.16896688083965494
148987,-0.13841786050821955
148988,-0.08607598083061495
148989,-0.11737045657432486
148990,-0.09273273366353942
148991,-0.04959330353242624
148992,-0.04459138975975166
148993,-0.09871420740987204
148994,-0.094213930988403
148995,-0.12921381248537828
148996,-0.052503750166784935
148997,-0.082051454554743
148998,-0.1532724196989692
148999,-0.07015420857976272
149000,0.001226646675842714
149001,0.00014866238977288447
149002,0.03722666731706682
149003,0.03107505930038414
149004,-0.05257277751347644
149005,0.019832556247255415
149006,-0.02825831438791899
149007,-0.007395525815470572
149008,0.027835462945414585
149009,-0.005013026833672864
149010,0.007374629714452246
149011,0.0310648088254113
149012,0.0716181832558979
149013,0.00191566761905819
149014,-0.007333173784183626
149015,0.01004445609475416
149016,-0.006593944549607499
149017,0.01909814936789886
149018,0.02857192538347475
149019,0.00875258979445859
149020,-0.03157538955406655
149021,-0.015339535694109927
149022,0.04259485602730223
149023,0.013121783072434884
149024,0.0038037645723999203
149025,0.02658919780541487
149026,-0.01061191535382496
149027,-0.005775637949596598
149028,-0.012723755170496913
149029,0.04655356025245061
149030,0.029341853231121342
149031,-0.021442409798607374
149032,0.018078688322484732
149033,-0.017067881943362593
149034,-0.021268992109522683
149035,-0.002069196605223678
149036,0.04848104762248466
149037,0.03173409685001344
149038,0.048158779182616254
149039,0.017833785366688358
149040,-0.014325878071412486
149041,0.04447985646606785
149042,-0.004116982850907901
149043,-0.02111325119929781
149044,0.0014218344633721348
149045,-0.0014786010062140887
149046,-0.014667722955627852
149047,0.026661584070197874
149048,-0.05510051765205787
149049,-0.0052372222930661605
149050,0.031731111870891796
149051,0.0542725498578437
149052,0.021846427322486553
149053,0.015162731168794342
149054,-0.0403534170969791
149055,0.0041436759216946385
149056,0.0060127599299230165
149057,0.001495293746495606
149058,0.02704118923170599
149059,0.00013724755662049021
149060,-0.038337308613052935
149061,0.031109363938879267
149062,-0.050642434385095074
149063,0.04716463384504585
149064,-0.003239087450473989
149065,0.01314915648716011
149066,-0.030571806055493544
149067,0.04278995735720465
149068,-0.030689535569218523
149069,0.03081468734779747
149070,0.0044504408736077365
149071,-0.012056191859843284
149072,0.04213832755569348
149073,0.006761241444791816
149074,0.030420356237799026
149075,-0.010272681294541704
149076,0.032310428036106724
149077,-0.03330385416139098
149078,0.011231128900695754
149079,0.02688627349940734
149080,0.024092113977138004
149081,-0.03050062284167892
149082,0.04150744613601758
149083,-0.01579674961563085
149084,0.0372043000318623
149085,-0.00855590935698021
149086,0.027925521577019267
149087,-0.048832302312487495
149088,-0.0057786100123219525
149089,-0.013384059743075254
149090,-0.016062849957801422
149091,0.021420801320965598
149092,0.009643678622782596
149093,-0.016889474910830052
149094,0.02916126501874295
149095,0.020021564309009178
149096,-0.016547171135250345
149097,0.03898252333099446
149098,0.03543178958009948
149099,0.015204095233586054
149100,0.035706290055465946
149101,0.0007994818334213704
149102,0.01844808462575279
149103,-0.03203384024520579
149104,-0.004901581987148273
149105,-0.006417009115825927
149106,0.016026065065647584
149107,0.023663954785934846
149108,0.013998691492992172
149109,0.051739477905351716
149110,-0.0031410979390267962
149111,-0.005905736223709436
149112,0.022465215012951036
149113,-0.01696379673288116
149114,0.05064665108362094
149115,-0.019631746802724316
149116,-0.06545937315551377
149117,-0.03091903202114285
149118,-0.014803798070640894
149119,0.004433324133790281
149120,0.05571482230724872
149121,-0.018343671422394334
149122,0.014734066402050223
149123,0.022586169861907954
149124,-0.018807889550968147
149125,0.007607271984012743
149126,-0.04312967719372938
149127,0.0077114793638788665
149128,-0.04937977391970951
149129,-0.0029716607873397044
149130,-0.009631793265611146
149131,-0.041766041858511085
149132,0.025401088325119916
149133,-0.009852191740443628
149134,-0.03053841247477015
149135,0.028409364827423567
149136,-0.04589274414342319
149137,-0.010268740885993137
149138,-0.002389299064148196
149139,-0.008945158451441873
149140,-0.02041648842104866
149141,-0.027872566134576435
149142,-0.037369193838972824
149143,-0.019330288213212664
149144,0.030555870893101425
149145,0.061260670915890394
149146,0.05859730004858967
149147,-0.014411123089189893
149148,0.0182209610347933
149149,-0.010408627282519426
149150,0.0008467207587524311
149151,-0.03052856190963943
149152,0.02923360072432903
149153,-0.03711299715871091
149154,-0.009421970160886984
149155,0.005717917205527137
149156,-0.01913932150777555
149157,0.016004517523810633
149158,-0.03469450248359085
149159,0.020392446512321465
149160,0.043973542458870196
149161,-0.009572531097408061
149162,0.0277074101129608
149163,-0.03708174608327944
149164,-0.0007205638739769026
149165,0.03349151914771928
149166,-0.039874825893322474
149167,-0.01662194817910464
149168,0.04275036451656856
149169,-0.03508489353939486
149170,-0.025493256938912266
149171,0.030390494780424375
149172,0.01381569187436608
149173,-0.011857040820820921
149174,-0.04979128955028658
149175,-0.024944987914158417
149176,-0.030070027572647193
149177,0.02647148255852954
149178,-0.01875819912182897
149179,0.04929202573408715
149180,0.02788714429654225
149181,0.022471859565994363
149182,0.006677088408895658
149183,0.04104149131130078
149184,-0.04586857551570095
149185,-0.05219427375168383
149186,-0.0029521418802079757
149187,0.00955406806242865
149188,-0.025695102933216613
149189,-0.025771602618117857
149190,-0.010311483241271322
149191,-0.012922264557879261
149192,0.006202118538191416
149193,0.016367269942480896
149194,-0.028654681557321524
149195,-0.05948993860711597
149196,0.019888406047109192
149197,-0.023343797069589865
149198,0.019508078930437784
149199,-8.420884325536018e-05
149200,-0.040662501244847105
149201,0.04828786373087253
149202,0.031915678550032245
149203,-0.044191572438768485
149204,0.010483191726765739
149205,-0.0326692264770547
149206,0.06153912740969469
149207,0.004202760079972783
149208,0.009479161676811426
149209,-0.030923380394140255
149210,-0.040465227279246375
149211,-0.00575834399859858
149212,-0.0028639456842211295
149213,-0.0033676567277864684
149214,0.009137189454174856
149215,-0.013024929865468403
149216,0.011647660898726564
149217,-0.02522068248916984
149218,-0.029977623758795167
149219,0.01144883488806197
149220,0.005096977910472044
149221,-0.004204197933292085
149222,0.01694272410202317
149223,0.026805135255044864
149224,0.013036671810881029
149225,0.0015271692771545756
149226,0.023418616545194806
149227,-0.023313974693817206
149228,0.012514964772757176
149229,0.047559440247942945
149230,0.03366341330699963
149231,0.02894412268841779
149232,0.027322693926508775
149233,0.04877401485620899
149234,0.00019482084755260629
149235,0.03165447649802839
149236,0.024868057830038037
149237,-0.030105467754673817
149238,-0.01165104685608667
149239,-0.03283059554947641
149240,-0.022654533954673182
149241,-0.018478387322837672
149242,0.031851765650189844
149243,-0.0005669310560018743
149244,-0.04112031204907383
149245,0.0037946562007371643
149246,0.03717537345438561
149247,-0.029029925372774525
149248,0.012469511667124351
149249,0.015369544186408141
149250,-0.053702713280744475
149251,-0.01897400795852717
149252,-0.007020301107370513
149253,-0.0006225572733067424
149254,-0.004577081908796821
149255,-0.033667771785267045
149256,0.017781962940358827
149257,-0.04715310504415591
149258,-0.004885594441894224
149259,-0.0013392072153296485
149260,-0.014811538241438387
149261,0.02370584127995924
149262,-0.03454830373060917
149263,0.027214104223479633
149264,0.007155368096382108
149265,-0.008577745269380764
149266,0.005668392383786696
149267,-0.011365112373812715
149268,0.04340735384345405
149269,-0.018264221312905345
149270,0.016221920675659064
149271,-0.010871774895576844
149272,0.029691493356674793
149273,-0.01611224823667795
149274,0.000997704862204272
149275,0.019328246820215056
149276,-0.06445947965222382
149277,0.019051135878044276
149278,0.018259593723277318
149279,0.004482391050548314
149280,-0.031390595090109316
149281,-0.03519322338727162
149282,0.006694057365047322
149283,-0.01698674857071948
149284,-0.022520374933041213
149285,0.026098386842607492
149286,-0.00863528254368587
149287,-0.012113706101130477
149288,-0.05892144122733999
149289,-0.04670879663404894
149290,-0.05944758303531411
149291,-0.051783352914442485
149292,-0.02948163919738715
149293,-0.02642958043475141
149294,0.032153114176971274
149295,-0.020401687845297937
149296,-0.04846428930981362
149297,0.0033509535286049756
149298,-0.0020070465004985174
149299,0.026819869520233713
149300,-0.03969177718029977
149301,-0.06564244170889669
149302,-0.0060843382766860975
149303,0.031444423749696616
149304,0.046708563143645826
149305,0.04448193031528643
149306,-0.0382188689844012
149307,-0.025436946560937077
149308,-0.03219710048128039
149309,0.01751971333416198
149310,0.01951440061160743
149311,-0.021806755782286004
149312,0.007690143143257099
149313,-0.007775986891625236
149314,-0.019376924267845912
149315,-0.01286895121331982
149316,-0.020047107792643445
149317,-0.008941335857684005
149318,0.00589881252472415
149319,-0.003444991183605151
149320,0.0008581083479327367
149321,0.0036117320598198
149322,0.017864611953496153
149323,-0.0031238227503261923
149324,-0.005911232035551533
149325,-0.014153088859339386
149326,0.05289527640012554
149327,0.010613462233778912
149328,-0.056304137983319735
149329,0.004752553107611156
149330,-0.006452311760698782
149331,-0.033794730772466836
149332,-0.03019154031271181
149333,-0.015530838503278941
149334,0.027798228768334522
149335,-0.07459163284339537
149336,0.01667744937923906
149337,-0.031115860118665083
149338,0.0011209040457012237
149339,0.03473058799144266
149340,-0.031030555216079354
149341,0.016619689787170145
149342,-0.009857250549330938
149343,0.01594222976421484
149344,-0.024382723621520302
149345,0.014919695308910352
149346,-0.0010820138928604897
149347,0.015361272577074632
149348,0.04337529370940709
149349,0.0009487847237877414
149350,-0.01170231879074597
149351,0.015674114879210072
149352,0.005759236690811871
149353,-0.01802625672577641
149354,0.0133634406265342
149355,0.0009036602436802985
149356,-0.0159495713151295
149357,-0.04829934801434968
149358,-0.04088304312682647
149359,0.01319143660785103
149360,0.02032469975332433
149361,0.011089623628908958
149362,-0.028486851438881983
149363,0.019249050967636634
149364,-0.03283075586822722
149365,0.02577709241105271
149366,0.0036995217382286864
149367,0.024397576907945313
149368,-0.046340129461440484
149369,-0.019940876750941396
149370,0.03800823306824445
149371,-0.007344693813770493
149372,0.017189801422648237
149373,0.024941218474261145
149374,0.0019145120615717964
149375,0.020746956510874725
149376,-0.006120705580028625
149377,0.03729462012476972
149378,-0.005198774262322648
149379,-0.017150345284893828
149380,0.030284229051180174
149381,0.07320741689529738
149382,0.0551032787947262
149383,-0.04151094924721056
149384,-0.04038366750537524
149385,-0.01975178624092599
149386,0.05285909216501649
149387,-0.019433439603903625
149388,0.02836498580268797
149389,0.01580293979699711
149390,0.04192210552501165
149391,0.04149985686749314
149392,-0.012399014470814367
149393,0.031915156018004064
149394,0.032465025000867495
149395,-0.02615816655800632
149396,-0.05076000823000543
149397,0.04547685740801398
149398,0.024610748364395058
149399,-0.05449748546423103
149400,0.03689518161438241
149401,-0.024716119206062367
149402,0.031821252982966335
149403,0.07209115222419109
149404,0.004081145296992189
149405,-0.017212174175635787
149406,-0.009141268685521325
149407,-0.046212633308365655
149408,0.0029582895933656624
149409,0.0022051075936055566
149410,-0.035444189677801406
149411,0.012236135481353872
149412,0.019741481112863026
149413,-0.027515289620369095
149414,0.01171607248553477
149415,-0.03789933104760617
149416,0.008788700211435824
149417,0.04027985261662093
149418,0.0231724933925112
149419,-0.00041532986258191636
149420,0.050792697716037
149421,0.01526431257490891
149422,0.038408581251053946
149423,-0.009398109789158716
149424,0.01789994587414409
149425,0.007761685847395259
149426,-0.02049268857779108
149427,-0.006147754286191983
149428,-0.01937834149029733
149429,0.011764257585483948
149430,-0.008995231415012865
149431,0.003600460152339485
149432,-0.0075374911600243535
149433,0.0013281316090217679
149434,-0.03877907708913602
149435,-0.009154168560003782
149436,-0.001322590245116894
149437,0.03149682051525168
149438,0.0011986153938092245
149439,-0.04206626100411266
149440,0.050658165895804595
149441,0.05868972991310313
149442,-0.004633321300365461
149443,0.05061237310684853
149444,-0.023317360887620413
149445,0.04487913468468525
149446,0.04359270686696091
149447,-0.002787686869774301
149448,-0.007880080543257437
149449,-0.005536046874574159
149450,0.001101513266753608
149451,-0.020793489389697713
149452,-0.0023033601015468243
149453,0.03627501496411689
149454,-0.006064842722846608
149455,0.06452054235330647
149456,-0.013608607406145112
149457,0.012263993722608599
149458,0.022184056065062168
149459,0.045227552442257644
149460,-0.02949023386350815
149461,0.0006842356421967021
149462,0.033099987909364616
149463,-0.05192187677339822
149464,0.03672282383025091
149465,0.0010369262562757442
149466,0.03057619707502795
149467,0.003086365200769243
149468,-0.01058313023479001
149469,0.0011900735225482484
149470,-0.03895006367327162
149471,0.023129192578520443
149472,-0.02124062211710711
149473,-0.026960634770841162
149474,-0.04514634651445755
149475,-0.015698174101777037
149476,0.0036900888385944654
149477,0.022930794861650085
149478,-0.01437385073747845
149479,-0.019053380361456047
149480,-0.08586347257301602
149481,0.003782118482860905
149482,0.01088369611445971
149483,-0.016471106669918564
149484,0.037907730444972844
149485,0.03173502507123602
149486,-0.05020503434594426
149487,0.006945551614044772
149488,-0.001254534512345184
149489,-0.031198216164701986
149490,0.0005159159330985043
149491,0.027200640724899326
149492,-0.005885826688351263
149493,-0.04431234368445999
149494,0.014003947272664942
149495,-0.01604963732213249
149496,0.0183632457503898
149497,0.01325790239027722
149498,0.02321308299073179
149499,0.03750386496954802
149500,0.014979012358570342
149501,-0.044699629880631135
149502,-0.053172349734834576
149503,0.03520893666510541
149504,0.016228898876038664
149505,0.02058155334661047
149506,0.01728434601841851
149507,0.031676116894209606
149508,0.016402652005763
149509,-0.05196882041185093
149510,-0.0024867042368585425
149511,0.08110172989642252
149512,0.018651897214896282
149513,-0.019368356107876857
149514,-0.01473253623806017
149515,0.017950450227345854
149516,0.020072318194271743
149517,0.013149636089785414
149518,-0.007498919279148314
149519,0.005886960390500145
149520,-0.0032115759749018875
149521,-0.004534170493074574
149522,-0.020414159382146232
149523,0.00818955889448091
149524,-0.02971375153665115
149525,-0.002956693094976448
149526,-0.038764953580843
149527,0.021690031504318495
149528,-0.05843649669390398
149529,-0.01352532086819732
149530,0.0072369289452126374
149531,-0.0050323738080908465
149532,-0.07492510902961368
149533,-0.025488489609354494
149534,-0.0038559915427073712
149535,-0.013103464774924878
149536,0.012048048369324004
149537,0.0157668997769535
149538,-0.007920746815837404
149539,0.04506318258598216
149540,-0.03378029135537769
149541,0.00481638750625726
149542,0.029432696648264534
149543,0.0039797951774214625
149544,-0.009518418998040441
149545,-0.01897385231248787
149546,-0.0006442996930559495
149547,0.05466474807336815
149548,0.016259792956047653
149549,0.03553977228521359
149550,-0.0067448282303207655
149551,0.0250556730160882
149552,-0.0014008941701420885
149553,0.034050705538210095
149554,-0.022228741521821745
149555,-0.0022389942451548055
149556,0.009435418320906965
149557,0.008784195935938599
149558,-0.001732272562060351
149559,0.012473521634977067
149560,0.007662127225373841
149561,-0.053974271334371125
149562,0.045134666874447636
149563,-0.015397251871054205
149564,8.810586230607615e-05
149565,0.02647495814000137
149566,0.0618090869286069
149567,0.03421552668706093
149568,0.0030172798176513493
149569,0.0043463703925521605
149570,0.013714067881757087
149571,-0.015151390864818506
149572,0.02883755264722996
149573,-0.03570361899676523
149574,0.0015969703264767825
149575,-0.04711623529656754
149576,0.010072415758804359
149577,-0.03370295014488567
149578,0.0304746993058184
149579,0.0011806151150445929
149580,0.02018338631905791
149581,0.04267834312859557
149582,0.03329356637166513
149583,0.004753858721684218
149584,0.04704202156138702
149585,0.040730393763571265
149586,0.03732642738224893
149587,0.025214834319371368
149588,0.004507480885504903
149589,-0.05422548084196155
149590,0.0003227255651144429
149591,0.0374731566103832
149592,0.03569285353964769
149593,0.028779720971478105
149594,0.025711774362675858
149595,0.015462195924212704
149596,-0.004706378205470121
149597,-0.004826461117840016
149598,0.06251958595091739
149599,0.044512798244453915
149600,0.013579415219586869
149601,0.04185941890287351
149602,-0.025108874355009945
149603,0.021692371298736867
149604,-0.025272041546119728
149605,0.00623217665547348
149606,0.008215548378744974
149607,0.025248431485932074
149608,-0.007285040446015044
149609,-0.025755991204123013
149610,0.0005540556204183433
149611,-0.03324624322896616
149612,0.007083536364612306
149613,-0.022003818436894716
149614,-0.02535569426728409
149615,0.015935571676004
149616,0.0014085789494452474
149617,0.03515065230310763
149618,-0.007438749747098943
149619,-0.07326084411994725
149620,0.0011313956878289486
149621,-0.0350359410611803
149622,-0.02715384554995132
149623,-0.01243793855605848
149624,-0.006750602215182759
149625,0.029453392106015545
149626,-0.007620405949087103
149627,-0.05212731471365474
149628,0.016521853014612106
149629,0.027703713742239903
149630,0.010461315481180077
149631,0.0089594303821209
149632,0.013450837267505338
149633,-0.029804840512226496
149634,0.052206529381754956
149635,0.02262305187423395
149636,0.028363665503757345
149637,0.011253049404716692
149638,-0.024247811116565304
149639,0.04527171257431872
149640,0.02055295091528675
149641,0.03960722200662363
149642,0.009736506216457774
149643,-0.025664705082988383
149644,0.018026292076159814
149645,0.018898645642257624
149646,-0.01959712677245754
149647,-0.04047686778636933
149648,-0.00832916064322248
149649,-0.012653445624547111
149650,-0.004426792190788898
149651,0.022056288607232664
149652,-0.06710894388280528
149653,-0.028717262153633998
149654,-0.02075580389970254
149655,-0.014303420277570906
149656,-0.022151508117150102
149657,0.003890379683834307
149658,0.041936097741627286
149659,0.008521861658762167
149660,0.006690551156157123
149661,-0.051631098637778164
149662,0.034835852709151585
149663,-0.05405576720523233
149664,0.04949005576303379
149665,0.02770696949681726
149666,-0.017655515677771974
149667,-0.02469467332417337
149668,0.010593382815489497
149669,0.022022878519285246
149670,-0.008140189733924974
149671,0.05239991424891
149672,-0.015800955017359633
149673,-0.0034863442627249153
149674,0.03650097687749928
149675,0.06868909005541178
149676,-0.027073364468434908
149677,-0.01979565705376154
149678,-0.00032845444822273383
149679,0.03077872913548599
149680,0.03692640014333541
149681,-0.01954602969476862
149682,-0.007895607985455706
149683,0.005341350033327456
149684,-0.039379774976843564
149685,0.010061873405503297
149686,-0.0027112474149971933
149687,0.02483651757360662
149688,-0.03980986175428375
149689,-0.010233518000210044
149690,0.047430697875713704
149691,-0.031749527632695715
149692,-0.007471012478047922
149693,-0.030322195071439552
149694,-0.009973327127086106
149695,0.0502765875358607
149696,0.035656195232394036
149697,0.012396130548695794
149698,-0.019530186924046317
149699,-0.03423814186465088
149700,-0.0044058879972011696
149701,-0.03634544450957018
149702,0.005142590722779021
149703,-0.022227263273021373
149704,0.008213111243850792
149705,0.01636204158247963
149706,0.01193824209979396
149707,-0.035073024018446926
149708,0.033956200268866574
149709,0.003351400063474755
149710,0.032699035126333785
149711,0.0018102634708417526
149712,-0.03217350212758656
149713,0.03317353008791516
149714,0.00044929144265836666
149715,0.019315011928380647
149716,0.04076561594678729
149717,0.02706816353838168
149718,0.005669689756838335
149719,0.0163906121704295
149720,0.0017075927742382334
149721,-0.024245684691674742
149722,-2.866382149878475e-05
149723,-0.022984212228895073
149724,0.013979727349476232
149725,-0.06150463450618164
149726,-0.0002783152754659221
149727,-0.03136702635053733
149728,0.03575789118301841
149729,0.043927584015961016
149730,-0.01251799176369716
149731,0.004167576933887279
149732,-0.01117778728498866
149733,0.005489278740239302
149734,-0.0036459499322108054
149735,0.012190577808896515
149736,0.05339885645701744
149737,0.02605975593765063
149738,0.010966221157118494
149739,0.006135974920750308
149740,-0.030598134261297618
149741,-0.010235368214550379
149742,0.012505986438898104
149743,0.006375367975563715
149744,0.05092918799114126
149745,0.04181206328361599
149746,0.002296525156489237
149747,-0.005126864988121728
149748,0.02548399766370482
149749,0.008888889500432182
149750,0.022866190718699626
149751,-0.04609822608928104
149752,0.004226047605187652
149753,0.05963730963496366
149754,0.05515079152830707
149755,-0.05348464997689101
149756,0.033322804919331275
149757,-0.010359824393046892
149758,-0.010388939725496824
149759,-0.02471663789491315
149760,-0.029305781410657428
149761,0.013084329531272297
149762,-0.02421248148943074
149763,-0.0073741201912376556
149764,0.004568584776160502
149765,-0.011762622704341079
149766,0.04441747799420018
149767,-0.04553712199324043
149768,0.04278441834700537
149769,0.028204648805297196
149770,0.014712692054518726
149771,-0.018947996798758627
149772,-0.04001966579643136
149773,-0.008185157120966603
149774,0.005661146968390104
149775,0.07336438166819703
149776,0.003989506251025985
149777,-0.009462089342829999
149778,-0.013330056323701683
149779,-0.027044047718121144
149780,0.006116529876704513
149781,0.014379095508114371
149782,-0.006997151700781503
149783,0.02830948871090311
149784,-0.014091950431927165
149785,-0.015438828871551877
149786,0.008467516240603679
149787,0.00722818007449448
149788,-0.007225350255663847
149789,0.005142351836286162
149790,0.025145615377408285
149791,-0.012370356775568695
149792,0.012385872933214028
149793,-0.0288658054682926
149794,0.02934327027926647
149795,0.024660363260917896
149796,0.0072806480017577
149797,0.0017975125599189426
149798,0.0025360575170222327
149799,-0.0008062052603169867
149800,-0.0540429434466999
149801,0.03775990939414013
149802,0.0653715474366717
149803,-0.003695627947637883
149804,0.02649754255971487
149805,-0.01826577047023065
149806,-0.013440123227488618
149807,-0.00037983917873632596
149808,-0.02544516363848935
149809,0.03349679295699285
149810,-0.012820424039724342
149811,0.05817064348649415
149812,-0.004789437453971304
149813,-0.04736327870584884
149814,-0.028116424177744993
149815,0.03826655076288784
149816,0.051213294473479415
149817,-0.016244550096843682
149818,0.016130962304947677
149819,-0.02785533047126845
149820,-0.013232919369504466
149821,-0.0007003352577837677
149822,-0.023830010409990415
149823,-0.007095657413510789
149824,-0.027449908070980664
149825,0.011065523960012456
149826,-0.05407818590733034
149827,-0.039520290538174505
149828,-0.01000370433405609
149829,-0.02770210847289817
149830,-0.03811502125872943
149831,0.04311889120904093
149832,0.044411866243004014
149833,-0.012896538918023438
149834,0.009820050696848546
149835,0.051713843402612196
149836,-0.008241980286414003
149837,-0.054427040815308525
149838,-0.01906573013233106
149839,-0.006517778643199114
149840,0.07776345960471231
149841,-0.02133157856997813
149842,-0.017158674260327394
149843,-0.0376753074169714
149844,0.00744971313148777
149845,-0.02949505700843598
149846,-0.023093789304068087
149847,-0.007415372582775427
149848,-0.02209023981903229
149849,0.0283145145068735
149850,0.022356598293273106
149851,0.044281704015364694
149852,-0.09123503393026201
149853,0.009870508620388251
149854,-0.06661338154785
149855,-0.04463699736936498
149856,-0.009521830002518977
149857,0.010865513780657983
149858,0.016111548790130617
149859,0.013955447227273633
149860,0.023243783865278513
149861,-0.0201363040997996
149862,-0.02064986850458202
149863,-0.04191366363726285
149864,-0.014233657193328737
149865,0.008713645420767805
149866,0.030165133218804867
149867,0.009360175983260844
149868,0.0019784635303922147
149869,0.054326237885572205
149870,-0.014310903920386194
149871,0.018708155136530822
149872,0.04451059197935446
149873,-0.02911304168674281
149874,0.015883308249885493
149875,0.035836676433575174
149876,0.028858901978647693
149877,0.030170017877418725
149878,-0.02135316613862994
149879,0.011196054611210551
149880,0.041753336506952406
149881,-0.005588265186827507
149882,-0.08738291541920726
149883,-0.005723717625518088
149884,-0.015353689870965572
149885,-0.025269564556502377
149886,-0.008587910445282423
149887,-0.02801680430301507
149888,0.017714575663843258
149889,-0.038478481241436054
149890,0.01366608930351288
149891,0.015338095094548984
149892,-0.0746283281760894
149893,0.02836422722314735
149894,0.026981549899382444
149895,0.028310565646661134
149896,0.015953209257540294
149897,0.0499852222983116
149898,0.0024096794161260903
149899,0.04498908171140255
149900,0.05007707890548815
149901,0.01828767238584666
149902,0.011144723766454166
149903,-0.010715852663132689
149904,-0.0315903143040049
149905,-0.02417092653905898
149906,0.05501532493850783
149907,-0.01035134262680231
149908,0.001561004494736745
149909,0.03591026645550486
149910,0.014860158375002227
149911,0.01961519844625068
149912,0.010714957386804603
149913,-0.03411358998765331
149914,-0.0077617181580816146
149915,-0.03024812032863858
149916,-0.002796966703812722
149917,0.04166607695096352
149918,0.00037817700023547304
149919,0.012912789741517359
149920,-0.0013934155910378162
149921,-0.025525189927037242
149922,0.03975606093521217
149923,-0.0029248180045271565
149924,-0.00819049882063541
149925,-0.019196114291507964
149926,-0.03821930726277796
149927,0.015943960761643904
149928,0.05331136873163376
149929,-0.0064395459368832945
149930,0.046557644451572115
149931,0.012247497617893994
149932,-0.011760501838317252
149933,-0.03467829875917898
149934,0.018387765058965395
149935,0.022142457560977456
149936,0.03103389194945492
149937,0.006886620952384322
149938,0.03235796973263862
149939,-0.0060330336982461425
149940,-0.0036261523649726915
149941,-0.0003617898334131193
149942,0.03593731521140582
149943,0.015048533908005778
149944,0.011231523061258452
149945,0.021878062276861687
149946,0.01425790587252712
149947,-0.03652539692450537
149948,0.04485275278632997
149949,0.003063839050021383
149950,-0.020787533856877212
149951,-0.05857680388263763
149952,0.04100205893574464
149953,0.027308165507993098
149954,-0.006662858974337263
149955,0.025475183697919245
149956,-0.004431368822707819
149957,0.032632621123032834
149958,-0.004862606469431668
149959,0.01394043593826061
149960,0.04446208243464186
149961,0.010220335705946092
149962,-0.020963496271787355
149963,-0.026772680545237147
149964,0.010844461450592972
149965,0.0030889167733708705
149966,-0.01074298641392559
149967,0.06594432575607455
149968,-0.004551837200816005
149969,0.002758829562076453
149970,0.030718444241230547
149971,-0.03752033562227987
149972,0.03957259962152471
149973,0.016479728519951185
149974,-0.0024069676575742076
149975,0.01646628151372194
149976,-0.03899370851557564
149977,-0.017180452659910455
149978,0.03113069733519492
149979,0.010530502896227777
149980,-0.007372366777829792
149981,-0.010953060469777317
149982,0.003979443442790751
149983,0.016207865280757426
149984,-0.0427086911845885
149985,-0.015228480971570308
149986,0.04357139975687561
149987,-0.0022960987858519515
149988,0.011533910882665206
149989,-0.026625170029808607
149990,0.03659059099465404
149991,-0.025867532452306975
149992,-0.015157976041511876
149993,-0.013434744512667705
149994,0.07974678483647521
149995,-0.039171315898182915
149996,-0.05816415370412106
149997,-0.006595138777113593
149998,0.033018351309324095
149999,0.02759160037046903
150000,-0.013319279591402722
150001,0.0348112622037228
150002,0.043442776061248495
150003,-0.007546732361659387
150004,0.03389202442033701
150005,0.03776167678540967
150006,0.021175890060479884
150007,0.01546118626004116
150008,0.032921559310339125
150009,0.014428775730817437
150010,0.0407249146859816
150011,0.01996087200533487
150012,-0.036161972245282926
150013,0.0211952846898647
150014,0.023874224452196918
150015,-0.024952461659979948
150016,-0.0186164570208465
150017,-0.009036088539321401
150018,-0.018660924275424304
150019,-0.018307495835185518
150020,-0.0025508383315880605
150021,0.015454420045858303
150022,-0.03214083617962404
150023,-0.019721788818062202
150024,0.0026841934528718985
150025,-0.00714411754414415
150026,-0.00020802164217887222
150027,0.020302231213177185
150028,-0.028804689275476532
150029,0.022426596519713595
150030,0.014953937321333932
150031,0.013548182121233352
150032,-0.03723294894572284
150033,0.004687157795274613
150034,-0.04084878729609901
150035,0.03112565265575035
150036,-0.007843817914810536
150037,0.00031133297683889286
150038,-0.0021914533230588374
150039,-0.003924300636584959
150040,0.0228565800565948
150041,-0.053019025663229864
150042,0.026869315735829492
150043,0.029247439213823195
150044,-0.043024386830511685
150045,-0.004643530174890442
150046,-0.02016260513507014
150047,-0.016627962028853027
150048,-0.04219813405070841
150049,-0.0184969374550681
150050,-0.05646828777361267
150051,-0.008903883299536031
150052,-0.013458814638173524
150053,0.0144865368553611
150054,0.01847418159252463
150055,-0.06351024207452911
150056,0.03268585223349652
150057,0.03360067044190769
150058,0.0008086330485080828
150059,0.026795084814743523
150060,0.015248913540170965
150061,0.059846337880786964
150062,0.006679599645296581
150063,-0.006900591016835137
150064,-0.012031159137741002
150065,0.0037214166079326738
150066,-0.028677695440119076
150067,-0.015212453295483683
150068,0.013250495099639346
150069,0.0346869261470222
150070,0.020294158282058574
150071,0.0025999616353625
150072,-0.0013359681754244643
150073,-0.022347116553088197
150074,0.005142185954612296
150075,0.03126072036890039
150076,-0.026855726941756253
150077,0.03622268755231678
150078,0.03391729091127657
150079,0.0012560745031121217
150080,-0.042574502344570296
150081,-0.01404085649986886
150082,-0.03450243760466634
150083,-0.032100549250202774
150084,0.028441503869353076
150085,0.03447676650563719
150086,0.0019119540804596437
150087,-0.002726635515398494
150088,-0.03803057736001767
150089,-0.024279132251949564
150090,0.018121245392247874
150091,-0.03709767692670098
150092,-0.011300924429423778
150093,-0.027522689788658985
150094,0.03438067200676213
150095,-0.02804009542925355
150096,-0.05015668361214121
150097,0.016789051204835016
150098,0.033984106129686775
150099,0.013440375481376134
150100,-0.007331714464656368
150101,-0.03906133060094781
150102,-0.025613304918510545
150103,-0.0965279313241607
150104,-0.0030818696635143954
150105,-0.021016486937023213
150106,0.024644939437860936
150107,0.03468707759963277
150108,0.041061528404189765
150109,0.01049966533520627
150110,0.013981875241690443
150111,-0.006482605151993285
150112,0.016928148611443036
150113,0.03997576794516185
150114,0.012602407334151636
150115,-0.018548076408313515
150116,0.004333683710406356
150117,-0.0062756446419672905
150118,0.017126378849452492
150119,-0.0007121748641849826
150120,0.00524545444095399
150121,-0.00016930179927920766
150122,0.017871924149366624
150123,-0.03431473915239115
150124,0.038926093078270343
150125,0.022527928975281157
150126,-0.01993557584547285
150127,0.057608608823080304
150128,0.06271823053576268
150129,0.01901041881401328
150130,0.005383289055223549
150131,0.01816489772651949
150132,-0.029952591551875952
150133,-0.0027340847139790234
150134,-0.017632211947259648
150135,0.05178975465035673
150136,0.0053803473256202414
150137,0.030804900845206002
150138,-0.022294345420330323
150139,0.007040848770711891
150140,-0.00972360738150068
150141,0.03905759504449103
150142,-0.03557717506411266
150143,0.02704825853279343
150144,0.03212607942282743
150145,-0.024252722644639665
150146,0.0551175130470154
150147,-0.018014807804497414
150148,-0.026980123233190205
150149,-0.04933041804213961
150150,-0.012568973766633906
150151,0.004134710273087024
150152,-0.016484063877748735
150153,-0.0006311930773321862
150154,0.05902362877974627
150155,-0.01969256134732445
150156,-0.01939189648104477
150157,0.021996836088353858
150158,-0.02741613935846897
150159,0.003816480989688912
150160,0.006984790077845504
150161,0.009363732146616035
150162,0.007727015341568956
150163,0.010335571402376374
150164,0.001560665283169862
150165,0.023659695530481147
150166,-0.01725028671192779
150167,0.0006819144562672966
150168,-0.013565681279763988
150169,0.012021915350995338
150170,-0.07651011166200038
150171,-0.05175874697189907
150172,0.043936642065483936
150173,-0.01948133290597419
150174,-0.00569678735500776
150175,0.019754768822992486
150176,0.011634776101531895
150177,0.03910864653493964
150178,-0.01877121795888816
150179,0.03852467146118647
150180,0.04711185970370252
150181,0.08419743049981154
150182,0.005849387751457992
150183,0.048921274671462754
150184,-0.01431740039668318
150185,0.03791288311455515
150186,-0.03695238732031692
150187,0.04350488830909937
150188,-0.006364541740644903
150189,-0.042406930482698287
150190,-0.010928257003208812
150191,-0.04228999288885387
150192,0.0008701195053148741
150193,0.007592542416147366
150194,0.016105016707427658
150195,-0.06518967560261331
150196,0.04518994883834587
150197,-0.006051239416537702
150198,-0.009158587683470266
150199,-0.02423359469482458
150200,0.04147413297152626
150201,-0.0019222689799895227
150202,-0.025867509030666636
150203,-0.04084808209221709
150204,0.010193323754084077
150205,-0.012395254511162265
150206,0.06325990044860727
150207,-0.0027423608108308973
150208,0.013767976663876547
150209,0.04591193283746307
150210,0.023266097420630873
150211,0.04749149945723446
150212,-0.07080935542081719
150213,-0.00027606177606132607
150214,0.07897529485453608
150215,0.006521505496593708
150216,0.014885327017556797
150217,0.010925891259232809
150218,-0.015535404893093477
150219,0.006039527123219676
150220,-0.004383868864650633
150221,0.027376913112214272
150222,0.04009097929673575
150223,0.014004607690456942
150224,0.022547694332138442
150225,0.041566899234069574
150226,0.012184167338906277
150227,0.04005428893506002
150228,0.029523157519676078
150229,0.031013161728839906
150230,-0.025654997232549666
150231,-0.009654592645980708
150232,0.00787617058268111
150233,-0.02010765481422577
150234,-0.02962274135486432
150235,0.03954503158578845
150236,0.02244106994536204
150237,-0.0584417765083365
150238,-0.03286605484487839
150239,-0.022047397406326653
150240,0.007423470570692231
150241,0.0036835440522824774
150242,-0.038103213786772464
150243,-0.04006691466218566
150244,-0.0003982838083849893
150245,0.004660537853690189
150246,0.03613344029021058
150247,-0.0014607568210306815
150248,-0.041100616434217425
150249,0.0739792268885918
150250,0.022189771062843817
150251,0.00744490755765778
150252,0.006587312769207225
150253,0.00909717977037636
150254,0.009660587814746142
150255,-0.05193342544870918
150256,0.018580376020645165
150257,0.015793344822621905
150258,-0.04367565329712158
150259,0.03869582648131209
150260,-0.012625169923229092
150261,-0.028419297837805575
150262,0.032844688700906594
150263,0.04970327016538025
150264,-0.0003269530500817214
150265,0.020508874658642328
150266,0.0157602185133744
150267,0.03935013273233369
150268,-0.003046650448760709
150269,0.02696505244642003
150270,-0.033115025748731874
150271,-0.01136447059412755
150272,0.027100072127420386
150273,-0.022380184249679587
150274,0.02867475994535485
150275,-0.04051284237857685
150276,0.010529327116553635
150277,-0.016088984946459623
150278,-0.04041373448244796
150279,-0.004352409593416625
150280,0.08604615936524838
150281,0.00161561596995782
150282,0.005265084901827128
150283,-0.01567136797991837
150284,-0.007757227827751115
150285,0.052592206927447815
150286,0.026618336014233978
150287,0.03206229141821312
150288,-0.037874727570330925
150289,-0.01989904725941339
150290,-0.01436025050568723
150291,0.03801595119495755
150292,0.08938870312507533
150293,-0.017377722574626008
150294,0.03591578013137839
150295,0.001727691922479577
150296,-0.004881523887605351
150297,0.04009023960401995
150298,0.007753153765033878
150299,-0.00921104660183163
150300,0.0171273473971653
150301,-0.01822339556939725
150302,0.02615622634203583
150303,-0.010189160208423233
150304,-0.03383889231954679
150305,0.02284330205872484
150306,-0.025667702272642284
150307,-0.0022980901137366946
150308,0.01728210585006549
150309,-0.05957590685391902
150310,0.05135306150513901
150311,-0.0055656518160427226
150312,-0.01106384752738422
150313,-0.05977792366979948
150314,-0.026930950117393795
150315,0.053766627288057714
150316,0.013342937158065352
150317,-0.05693095644778493
150318,-0.05633803243815256
150319,0.029613900730562002
150320,-0.01502566100725426
150321,0.01090394406534002
150322,-0.024927367252102484
150323,0.01374075963687505
150324,0.03688300371578263
150325,-0.07753693985368353
150326,-0.03749476442998372
150327,-0.0036906813602065433
150328,0.016932023920152722
150329,-0.01848537088501019
150330,0.025355071046070377
150331,0.0009277810737442001
150332,0.025049297338681366
150333,0.03345297570716231
150334,-0.007963470673811122
150335,-0.03748487723226092
150336,0.03964718776876016
150337,0.09163193425823572
150338,-0.04840245229589675
150339,0.030353745910227343
150340,-0.04173899243965856
150341,0.01706425481061662
150342,0.004799632029469694
150343,-0.052599997996964326
150344,0.02163399724035872
150345,-0.019238025161953637
150346,0.03414634195105055
150347,0.03461379850911837
150348,-0.01586111534193092
150349,-0.0422807808852753
150350,0.004011548649514061
150351,-0.021503781680891242
150352,0.007413254628768196
150353,-0.006057628142740806
150354,0.03732946670129929
150355,-0.03527417037961926
150356,-0.006472577799048213
150357,0.05581997614777171
150358,0.02868931176750623
150359,0.07393653903509285
150360,-0.03293630844696113
150361,-0.020688381333354284
150362,0.030711387370092887
150363,0.029455933350091418
150364,-0.02334358616198073
150365,-0.002759086173711838
150366,-0.0015023737435409293
150367,0.039268061808228706
150368,-0.05169903945167929
150369,-0.051671835173270494
150370,-0.016423286354889936
150371,-0.049124202912364336
150372,-0.054307337810846935
150373,-0.018948612242154484
150374,0.030378726142558973
150375,-0.03076995860277717
150376,0.02769601085564585
150377,-0.0048727259505562445
150378,0.012455510293005165
150379,0.011894938014306423
150380,-0.03017549717391036
150381,0.01519799721705479
150382,0.017696868790774943
150383,-0.0010727409023747539
150384,0.019301776208908487
150385,0.011880522127031997
150386,-0.014876762546756257
150387,-0.0022203586056083733
150388,-0.0004351273872764544
150389,-0.0016518716956049873
150390,0.0381800643217081
150391,0.0007806451365867369
150392,-0.016647273404856645
150393,-0.004807443752398664
150394,0.062426219093747945
150395,0.019533011324283256
150396,0.003374547120270493
150397,0.004303933774115392
150398,0.00966493649053497
150399,-0.018606250207614514
150400,-0.03618522681653298
150401,-0.03419336423574541
150402,-0.014690838040206216
150403,-0.07490157314899835
150404,0.037636474966466764
150405,-0.016867144708111792
150406,0.029475926882087534
150407,0.0063630076342732975
150408,0.006892288157409083
150409,-0.026580335739379627
150410,-0.01430060004120414
150411,0.053033825048826894
150412,-0.029700737903201165
150413,0.010502563922499947
150414,-0.008343913742396606
150415,0.00871341795459446
150416,0.014753674190526617
150417,0.02871625369081779
150418,-0.03528011223760247
150419,-0.009341888258386893
150420,0.03304850659599943
150421,-0.008581478470424831
150422,0.03662143085349048
150423,-0.010267755433868575
150424,-0.046557329296321774
150425,0.010934840010723364
150426,-0.02566663640488175
150427,0.029411802870236804
150428,0.025491840737388142
150429,-0.032623704770249465
150430,-0.019425295958529213
150431,0.013352134542165547
150432,0.01758848184439694
150433,0.009446241796837812
150434,-0.02198331667649204
150435,0.02266519236262855
150436,-0.016225493933788082
150437,-0.05793025302028692
150438,-0.03596166426770612
150439,0.009039776140275171
150440,0.037502327211849706
150441,0.019189058911413006
150442,-0.029053618057102524
150443,0.024385187925641465
150444,0.025629326747750522
150445,-0.026903447906763307
150446,-0.015694308139111036
150447,-0.026933848726006814
150448,0.02262534825817601
150449,0.05131205697715552
150450,-0.04289354697822329
150451,0.008650401560485394
150452,0.021592755258490033
150453,-0.03784279476860234
150454,0.039994441323960746
150455,0.046977546314565986
150456,0.00029239560237227227
150457,0.023427489909449737
150458,-0.028662211400632465
150459,-0.005862860480820819
150460,0.023379670017817624
150461,-0.04511963866871115
150462,0.0023736973007202023
150463,-0.008647520296106414
150464,-0.006783412278021541
150465,0.008383299426285535
150466,0.0005286803250729632
150467,-0.025331683000453707
150468,0.020384668381274472
150469,0.04597226978316117
150470,-0.07018001948504607
150471,-0.010805098908813204
150472,-0.035431897850178584
150473,0.004801047193232117
150474,-0.0027355916834686253
150475,-0.00452381037060106
150476,0.013970663898806676
150477,0.006430975808600192
150478,0.06260875909078335
150479,0.0092178188679628
150480,-0.015080487507696453
150481,-0.015682382352046467
150482,0.04015166293066866
150483,-0.016154285836788365
150484,-0.017167134032899444
150485,0.007204885872715168
150486,-0.053333743603178815
150487,0.003905069284291007
150488,0.014703140309404332
150489,-0.03093874364999419
150490,-0.0048205251269518405
150491,0.039062996495242176
150492,-0.005230744429044646
150493,0.023287691656702948
150494,-0.04165003137985344
150495,0.03949866116347621
150496,0.04780001802545641
150497,-0.04886250006438864
150498,0.014828138397091503
150499,0.0066187502752830755
150500,0.09399689141427088
150501,0.03282142795382776
150502,-0.011507698884216846
150503,-0.0170885070212591
150504,0.01883214974997765
150505,0.017637109618283592
150506,0.04485172823864822
150507,0.018778164081711644
150508,-0.025878716689478505
150509,-0.000445900513412189
150510,0.03846706668205233
150511,-0.03710938159803615
150512,0.014930690960082262
150513,-0.04768798237902714
150514,-0.010800813285409641
150515,-0.02091005859784434
150516,0.014933088167144129
150517,0.031243224591207132
150518,-0.00718939275188489
150519,0.040833432888295905
150520,0.03297122386190345
150521,0.057618712512518384
150522,0.006110668343333029
150523,-0.009892840640423428
150524,0.0577189259043905
150525,0.05434699389236264
150526,-0.036789504782026076
150527,0.005843691748645694
150528,-0.02744921564733636
150529,0.028039231646784925
150530,-0.046038426259732
150531,-0.007655806613768726
150532,0.007193817745146392
150533,-0.058774763778357476
150534,0.0368050334237321
150535,-0.005888919303848919
150536,0.014151132746092443
150537,0.040685778579928895
150538,0.018332393306950915
150539,0.00775991718955647
150540,-0.008331462006654916
150541,-0.04539169530093178
150542,0.07113631577704212
150543,0.037481671813463416
150544,0.08407081004907258
150545,0.005576231337248641
150546,-0.02101220264599235
150547,0.02478686766816929
150548,-0.04879653194942831
150549,0.04918283101385684
150550,-0.05123428362039334
150551,-0.08231527855048555
150552,-0.03239947581504438
150553,-0.009800114630006164
150554,-0.03428866684230099
150555,0.021210420188066598
150556,0.036862110452515064
150557,-0.027569793949689014
150558,0.014416012077114213
150559,-0.01587508883494572
150560,-0.011246677038602883
150561,0.02059897338522228
150562,-0.007396275729229636
150563,-0.022462112911196326
150564,0.05762793985032977
150565,-0.009459584432119921
150566,-0.027166817122076952
150567,-0.01762716560918791
150568,0.053912040170682025
150569,-0.016049201192466382
150570,-0.029220730847273873
150571,-0.02530780628010833
150572,0.00596565409985495
150573,0.019119045266946782
150574,0.01953765918074612
150575,0.03711913299464136
150576,0.0288110130937331
150577,-0.006043000201838269
150578,0.01597042064624046
150579,0.0035902227106667257
150580,0.019242642705160372
150581,0.014285445289205686
150582,0.024617543212404825
150583,0.019561494438156534
150584,-0.10144323177778665
150585,-0.03057460592511855
150586,-0.028576833938694684
150587,0.018136355214176017
150588,-0.024409525053675798
150589,0.03200047800559304
150590,0.012698500720589263
150591,-0.013423949857931907
150592,0.018077914496803477
150593,0.034218532158136125
150594,0.024042186701846675
150595,-0.00011845992765850645
150596,-0.020744438267440254
150597,0.01318612743114805
150598,0.002856252136962983
150599,0.035523937132003414
150600,0.07083347480613876
150601,0.036835341150366734
150602,-0.03281109759915759
150603,-0.04889888821471141
150604,0.04177995599628962
150605,0.024675483272735832
150606,-0.03915646161628788
150607,-0.012138158950083985
150608,-0.00792387884514833
150609,-0.018543975783454764
150610,-0.03508245521556151
150611,-0.030626720697813588
150612,-0.0636326542376329
150613,-0.0009657353295878558
150614,0.014941729400424628
150615,0.0023438433063911594
150616,-0.008641666555634041
150617,-0.02502685288366685
150618,-0.01814538337197814
150619,0.036327023777783435
150620,-0.0073890593116259316
150621,0.019648836825609473
150622,0.015430693830406671
150623,0.007348927416173627
150624,-0.06357269911041283
150625,0.014172588113097755
150626,-0.02119149734764153
150627,-0.035611098986298516
150628,0.023083145172673698
150629,-0.011207165506514396
150630,0.0358542890671969
150631,-0.022674651697069097
150632,-0.036590791352973225
150633,0.023683523892134496
150634,-0.024170161444758125
150635,-0.021878634073084536
150636,0.004219970491457931
150637,0.03415067464823129
150638,0.04943772200222116
150639,-0.0032858852132967957
150640,0.002546440640946901
150641,-0.021945611347908265
150642,-0.01575966281219517
150643,-0.01684592423825043
150644,-0.00435314308653207
150645,-0.015000528931480786
150646,0.05460066545723991
150647,0.03069506672838823
150648,-0.0076145073019042485
150649,0.003918919662381195
150650,0.006295749124960483
150651,-0.044789862879471884
150652,-0.07317700088033502
150653,0.02672417555860885
150654,0.019168654573037007
150655,0.041240605591816124
150656,0.010948350964264055
150657,-0.017269661548104925
150658,-0.02975301103188727
150659,0.03416984303137007
150660,0.002990429147538928
150661,-0.0165520034069422
150662,0.003160548011926967
150663,0.004957509087409861
150664,0.0248649438896984
150665,0.03642297667567135
150666,0.03122722744581084
150667,-0.0022510031039823736
150668,-0.007645286139825647
150669,-0.02855977204156327
150670,-0.010405272316661905
150671,-0.026362042254370825
150672,0.005276680319882314
150673,-0.0020459341853219376
150674,0.00723302450147824
150675,-0.007575096596637775
150676,0.0003070641809468752
150677,0.02254974531168815
150678,0.016165540732013595
150679,0.03113958304947561
150680,-0.027912913173843288
150681,0.0013319552036303451
150682,0.016116664836743552
150683,0.01891292176437293
150684,-0.018399359213972215
150685,-0.00701587682441603
150686,0.0005627425420492629
150687,-0.0036564139458442743
150688,0.0036808663258262164
150689,0.03722824120097268
150690,-0.000501348358001591
150691,0.0082805969636673
150692,0.019725757175728276
150693,0.0435983684540275
150694,0.006114519258114761
150695,0.024520489162165895
150696,-0.019218481268765353
150697,0.005040096504130148
150698,-0.027555584524567026
150699,-0.03371380410805813
150700,0.04259733786293449
150701,0.037440951990935126
150702,-0.009238685759223816
150703,-0.0310226825017287
150704,-0.0014566914900466074
150705,-0.01811238775977091
150706,0.003861596444799062
150707,0.06520764696172983
150708,-0.043813598123354024
150709,0.001250655995904762
150710,-0.029810686727867276
150711,-0.011595745518895872
150712,0.044634918500287994
150713,-0.010624307679336437
150714,-0.010906854443538722
150715,-0.010192802184874141
150716,0.09252884226142116
150717,-0.021371783403672413
150718,-0.02498339518043123
150719,-0.033162496836722684
150720,0.002532751303261317
150721,0.00378056155885452
150722,-0.01367255268668795
150723,0.006256343115938043
150724,0.04217332336409099
150725,0.03704504530974935
150726,-0.04984242898114425
150727,-0.0030206657009838756
150728,0.021395585388219708
150729,-0.021202202309981044
150730,-0.01900967436267882
150731,-0.03283361138282875
150732,0.057507135096160095
150733,-0.02223264729739985
150734,0.05378037065849111
150735,-0.03407242049051487
150736,-0.015238405949094943
150737,0.039331429554292224
150738,-0.042460156288801204
150739,0.031010876154174048
150740,-0.017772469176150867
150741,-0.004632004687177921
150742,-0.011054237442847881
150743,0.011665690130961557
150744,0.019670520516211258
150745,-0.03354974865702207
150746,-0.03754869481948195
150747,0.0057905842664598
150748,0.055744812096058645
150749,-0.018324733876723558
150750,-0.034199773419028405
150751,-0.06017967970131099
150752,-0.03651314397076876
150753,0.03162895873174104
150754,0.013004267823423852
150755,0.002866392279944902
150756,0.015816018892798073
150757,0.02992382045319365
150758,-0.014895513832956616
150759,0.06685014023175584
150760,0.030521655572921642
150761,-0.00969779908393426
150762,0.002798566447601336
150763,-0.02996840861154073
150764,0.07972088881205881
150765,0.019885243413123296
150766,0.026374808993650085
150767,-0.014057152815348532
150768,-0.005575841209945492
150769,0.02249414593345636
150770,-0.00403352026003429
150771,-0.047154495464144075
150772,0.0003741007487858953
150773,0.047215620479709085
150774,0.0656678445731643
150775,0.05025356649120645
150776,0.06494843645504081
150777,0.0273161150460327
150778,-0.02852923297514746
150779,0.004899853891359711
150780,-0.05135591156225677
150781,-0.007607005630102595
150782,-0.030587004115153225
150783,0.0014592684511245625
150784,0.04868612601026555
150785,-0.03266530858788387
150786,-0.01204920653971377
150787,0.046206966389689116
150788,0.032001522635535865
150789,0.09001274540925779
150790,0.04544023524226118
150791,0.023225328734827504
150792,-0.04654681269689922
150793,0.0003356803803790953
150794,-0.03739008552611132
150795,0.05929466590242049
150796,-0.005511403000244376
150797,0.022536652225234842
150798,-0.05814889569722576
150799,-0.01598345490362725
150800,0.005338964947217099
150801,0.011201372854958725
150802,0.037728187053060025
150803,-0.0043441323505724
150804,-0.013631876251134207
150805,-0.029811286270610103
150806,-0.023465387149928754
150807,-0.06124785837716194
150808,-0.05669279247254381
150809,-0.007625156826980282
150810,-0.00870385223490817
150811,0.003362985831791563
150812,-0.03294657812643979
150813,0.035573581218021656
150814,-0.00016235378472513693
150815,0.03995437956233313
150816,0.05450969552080243
150817,0.057912156026143136
150818,-0.022798924338229977
150819,-0.031443411584844164
150820,-0.009264076853240644
150821,0.03719264895286278
150822,0.08014003225702344
150823,-0.009194204024564497
150824,0.03992754596380382
150825,0.006328173487541714
150826,-0.03729546260320166
150827,-0.027609708162099064
150828,0.03704797790037845
150829,0.031399510562214156
150830,0.0013639014151714708
150831,0.022306369219146575
150832,-0.004826389551485806
150833,-0.02541718434085792
150834,0.021980554617446163
150835,-0.032836579999084806
150836,-0.030841427344254303
150837,-0.04493678073034121
150838,0.026747534159538844
150839,0.012483145722414452
150840,-0.040778712970217644
150841,-0.04121215064668575
150842,-0.000522012906191264
150843,0.02001162121327947
150844,0.04615750188600603
150845,0.033407517668361066
150846,0.02923302910848308
150847,-0.023307539014361958
150848,0.04807372070011494
150849,-0.03423141533434618
150850,-0.013798091590858055
150851,0.015305069774575063
150852,0.04816837443656681
150853,0.045921677920458225
150854,0.0168490080512741
150855,-0.007152418535759551
150856,0.05083205820935283
150857,-0.012180330486882671
150858,-0.03006793973117047
150859,0.06859266396147903
150860,-0.009005301083850423
150861,-0.045492351277203275
150862,-0.025642819097633593
150863,0.010188518580185983
150864,0.007470972394792184
150865,0.03128761413859548
150866,-0.045392572056795824
150867,-0.021586047003966238
150868,-0.008282783707138055
150869,-0.015591382341825452
150870,0.003920248764459519
150871,0.03805222817745872
150872,-0.017150290321928587
150873,0.0417743316809016
150874,0.020334140236080926
150875,0.026294920509637776
150876,0.03627307144212414
150877,0.02175482187725445
150878,0.007022940319608374
150879,-0.022867600811679135
150880,-0.002469654164706034
150881,-0.007780082180403226
150882,0.02874041523384479
150883,-0.05863578314900565
150884,0.023287747424744522
150885,-0.01701183799333513
150886,0.006651752943532121
150887,0.000889970882002033
150888,-0.026843410456852304
150889,-0.011913994242793925
150890,-0.016117508934250437
150891,0.07771923293570794
150892,0.027466485724419384
150893,-0.04889429524471254
150894,-0.017598177950097403
150895,0.025349657471611987
150896,0.004554448687520078
150897,-0.024250237312550778
150898,0.030697138382375352
150899,-0.01924388777208112
150900,0.0770431858976763
150901,0.007794034817607237
150902,0.006406623088431897
150903,0.004738847529089355
150904,-0.053552043950572295
150905,0.02119581361532319
150906,0.0008981576271095571
150907,-0.017579214121112335
150908,0.03180031659587422
150909,0.013315052054776082
150910,-0.003064170259333574
150911,-0.02950565376553212
150912,-0.014990788633378415
150913,-0.011388319469251828
150914,-0.00019786115207212282
150915,0.026543730287209168
150916,0.013470361969503575
150917,-0.05551153731517499
150918,0.016394880728034085
150919,-0.03913671045803816
150920,0.05805255447882306
150921,-0.015054687820836136
150922,0.04221258340141716
150923,-0.0017030488013590975
150924,0.046383147485943486
150925,0.018660745140061635
150926,0.010279848185712495
150927,0.01601885321538368
150928,0.02921046189888583
150929,-0.004001656775220022
150930,0.012224323629290096
150931,-0.0043154712723409375
150932,-0.01280194672535327
150933,-0.00660292759529068
150934,-0.013944880927161875
150935,-0.003443776043324643
150936,0.05174729438392229
150937,0.010213894965041803
150938,0.012605711560269954
150939,0.028872822803971906
150940,0.004950219871368485
150941,-0.01933714905604803
150942,-0.045641961229734004
150943,0.050265328890942505
150944,0.03363963127215015
150945,0.03659680712400393
150946,0.020021315515638054
150947,-0.01959746570342234
150948,-0.027417575668302174
150949,-0.009302466776831796
150950,-0.006354816099485431
150951,0.0005744506930392291
150952,-0.010125330841987601
150953,-0.018655686805211225
150954,-0.03022357753942128
150955,0.023395762114935274
150956,-0.012871645231284083
150957,-0.037311884621969424
150958,0.0034302749868965607
150959,-0.010291781915841153
150960,0.0014891760053756793
150961,0.004936396949265568
150962,0.016597522602884357
150963,-0.0038130725436137302
150964,0.004194268756315853
150965,0.03968820774609919
150966,0.02181404911199081
150967,0.022333654993027748
150968,0.031249471782559858
150969,0.009703233750348123
150970,0.04613149365410006
150971,-0.07689840897826763
150972,0.026719055907747473
150973,0.015498493829690275
150974,-0.0174921970014986
150975,0.01862401417701107
150976,-0.02473443276558232
150977,-0.030114608306935
150978,-0.01964741405143892
150979,-0.06518655540892439
150980,-0.006516539147840156
150981,0.01877465859871568
150982,0.019630355343661785
150983,-0.037193236926829416
150984,-0.00766803251956486
150985,-0.0013658690258607732
150986,0.015590241678117952
150987,0.054547468222494545
150988,-0.008974993920268631
150989,-0.04288192876423837
150990,0.007467104661268847
150991,0.03817563940558658
150992,-0.05582076374721628
150993,0.0005712667195188184
150994,-0.04410279818213579
150995,0.030131658604368654
150996,-0.040330903574029756
150997,0.0030496035613278936
150998,0.0035767711532573316
150999,-0.01668121714768598
151000,-0.0007378577802896994
151001,0.060802429263543595
151002,-0.03066368212402682
151003,0.027060792094715777
151004,-0.03467380165605153
151005,-0.012154886414014411
151006,0.021571305393921148
151007,-0.006112130271272542
151008,0.02955487450554177
151009,-0.022912282870819003
151010,0.019377634151241628
151011,0.011311325219839364
151012,0.0008068683293115894
151013,0.0042095383970551965
151014,0.07382557794867409
151015,0.032992859872148506
151016,0.05017780991354835
151017,0.04533122311755579
151018,0.006363445546419227
151019,-0.01606129822451078
151020,-0.044199009990516465
151021,-0.0024304259153104806
151022,-0.028783798207268327
151023,-0.024548114051544896
151024,0.043419272201784084
151025,0.0026552263815276494
151026,0.023061570457647153
151027,0.0152347691890073
151028,-0.00802437064188825
151029,-0.0039363228233816145
151030,0.004767023874930129
151031,0.017307087726264603
151032,-0.05858526511013048
151033,-0.012743666831523275
151034,0.013763518512781996
151035,-0.02194709554809221
151036,-0.06565445119990987
151037,-0.031456040720007974
151038,-0.0150914042507501
151039,0.021230994038443446
151040,-0.029506835627716815
151041,-0.015277815479238538
151042,0.0067491516189819665
151043,-0.045619309022857116
151044,0.029684681457844597
151045,-0.017032661665752846
151046,-0.07614010993345628
151047,-0.03135146944581506
151048,0.043435424558758075
151049,0.03525020806769496
151050,-0.0524556066688903
151051,0.024610605799101345
151052,0.0031624231984578566
151053,0.014323682926073807
151054,0.0033149614298675994
151055,0.08204393659414845
151056,0.024487570107172958
151057,0.06561853519144144
151058,0.005494914459521203
151059,-0.024753960587852373
151060,0.05167448897655222
151061,0.058163477868196915
151062,0.025640191477912824
151063,0.030939608553755098
151064,0.05779999381876972
151065,-0.00118542615433809
151066,-0.015134627043302762
151067,-0.01866425302220067
151068,0.001737007568028201
151069,0.011805045876239225
151070,-0.02204010435513674
151071,-0.06176072112986624
151072,0.019619689608809165
151073,0.02013786708655299
151074,0.008594821353261726
151075,0.06302904577337944
151076,0.02857539618405564
151077,-0.047734481591891
151078,-0.042883404804726716
151079,-0.004117439324408882
151080,-0.017355551926103992
151081,-0.0058468201525725795
151082,0.006851643172310209
151083,0.060835410658854124
151084,-0.004027001789570808
151085,0.008226295152102062
151086,0.03135533467500995
151087,0.0382169316070457
151088,-2.709173152463766e-05
151089,-0.04544447224881397
151090,0.01261848919560986
151091,0.042518667331141076
151092,-0.011480447613499891
151093,-0.002580884390926341
151094,0.03764077509328596
151095,0.09592178912965982
151096,-0.03812329712752934
151097,0.012405237169182865
151098,0.0030100564335769184
151099,-0.019500259734981304
151100,-0.011935166359910581
151101,0.005884495316806664
151102,-0.020123093926206502
151103,0.034632691298603954
151104,0.014756426530779087
151105,0.04248095929495841
151106,0.05841867588130085
151107,-0.02381441161600404
151108,-0.03319275564749619
151109,0.054994062592989786
151110,-0.030282013944389723
151111,-0.04460419988554078
151112,-0.02522811119480282
151113,0.0018366646475545892
151114,-0.014572582718872542
151115,-0.01896929062442123
151116,0.002210551317183113
151117,5.729367282884205e-05
151118,0.009541361272867668
151119,-0.02324111700517327
151120,0.039645938377503666
151121,-0.027072633079107823
151122,0.0754803453485784
151123,0.026346156843496497
151124,-0.10978034530646155
151125,-0.04354098795027467
151126,-0.031204115197432297
151127,-0.01700134691931095
151128,-0.02216365078648824
151129,-0.0545444142167239
151130,-0.045013264315529086
151131,0.030781442585967867
151132,-0.021026272127933714
151133,-0.02112510732409128
151134,0.003924130666183483
151135,0.024004644698628702
151136,0.0016584788193734412
151137,-0.022029141210562306
151138,0.0037458988173479824
151139,-0.009937834242385674
151140,0.05546338809239377
151141,0.038621619841958735
151142,0.008823774019523917
151143,-0.008473326673094124
151144,-0.016371345862406485
151145,0.031633319126294614
151146,-0.0014077205595408545
151147,-0.023378748911897253
151148,0.012495812910964917
151149,-0.079860991390695
151150,0.05938923172446147
151151,0.012244287023983145
151152,0.05215550451104245
151153,0.04505400412980285
151154,-0.012978214872889613
151155,0.025184922923100712
151156,0.033770402708928546
151157,0.006129089607802656
151158,0.007838534504397003
151159,0.012925542052267487
151160,-0.018670248442467185
151161,-1.2390738012422152e-05
151162,-0.040746996347272905
151163,-0.05633641570718107
151164,0.044442013794187905
151165,0.03218000271398506
151166,-0.026800954983860162
151167,-0.016740972216177562
151168,0.046640304325182895
151169,0.0439673388242527
151170,0.04940303542003593
151171,-0.014092375914460945
151172,-0.02255748764534661
151173,0.030415282353197837
151174,-0.04628794827069423
151175,0.026883636644621133
151176,-0.054713698879256395
151177,0.01063587255001627
151178,-0.0012392430051966982
151179,-0.002066006795903946
151180,0.008107510546746246
151181,-0.010878147179671425
151182,-0.035733148488810804
151183,-0.004966241326653712
151184,0.008855828631386141
151185,-0.04589571242352645
151186,-0.0057957487092467185
151187,-0.04299543564847176
151188,-0.012213975667114456
151189,0.043091924696048965
151190,-0.021826600049476015
151191,0.03687068612820448
151192,-0.025443867274956032
151193,-0.03304700672922573
151194,-0.05177537814981637
151195,0.007798109366712148
151196,-0.015541818805485325
151197,-0.015699490501609563
151198,-0.000955627663610968
151199,-0.015248912760301174
151200,0.04666379414622423
151201,0.0018068913779923403
151202,-0.013711045127924384
151203,0.006034240890690172
151204,0.07103829075198494
151205,0.03881449792406132
151206,0.05359542592895443
151207,-0.02284388637470425
151208,-0.02493834473533457
151209,-0.019016734571675093
151210,0.01284272799204968
151211,0.0364258809834303
151212,0.055084592459528105
151213,0.008792938821559343
151214,-0.012622054843689433
151215,0.010127455132003176
151216,0.023222848113711874
151217,-0.013559954586489006
151218,0.0029339799384608847
151219,-0.04079114956324224
151220,-0.027086622766502765
151221,-0.0045529864415550896
151222,0.02006473624937337
151223,-0.032549777314300726
151224,0.04370251069269864
151225,-0.020689126539052055
151226,0.039197971235444176
151227,0.06889344037079397
151228,-0.015248028192546278
151229,0.016845593640530506
151230,-0.04749526360549647
151231,0.020496868776733703
151232,-0.00969911502218433
151233,0.005074398239468165
151234,0.03283255019191842
151235,0.005630932335082125
151236,0.05855548262691061
151237,0.033514745911175245
151238,-0.004102524341846818
151239,-0.006286961756355482
151240,0.007145150091012745
151241,-0.04045100035306759
151242,-0.007356141708812817
151243,-0.028487354801730234
151244,0.018581491490214663
151245,-0.030992278768849597
151246,-0.012437382162353459
151247,-0.006230057536496267
151248,-0.007038077734429922
151249,0.04273012535428643
151250,0.025340648090469722
151251,0.030012815014470187
151252,-0.019027600326087503
151253,0.017799054129765426
151254,0.0536087090151062
151255,0.027046078155085643
151256,-0.053521812804410276
151257,0.03987113141707862
151258,-0.001075056225253277
151259,-0.021414625305731468
151260,0.006984524241910987
151261,0.014608609843199116
151262,-0.012850914609034012
151263,-0.016927651971128905
151264,-0.02250899780748216
151265,0.058384061180390794
151266,0.009123277256957645
151267,0.059270529434777695
151268,0.035267222856211665
151269,0.0023371325987509395
151270,-0.00941379657316686
151271,-0.007718196978578607
151272,0.007377449575279364
151273,0.0030097869626624432
151274,0.0038888928648912104
151275,-0.008883632785920099
151276,0.009008924164679261
151277,0.03365110812766868
151278,0.06488153522187534
151279,0.056216765699790165
151280,-0.019878977049304837
151281,0.021272329877392707
151282,-0.032084974256822496
151283,-0.02185627847681819
151284,0.0158203829352606
151285,-0.0060104245595249
151286,0.004958195627688655
151287,0.006476217903990491
151288,0.014047331496707869
151289,-0.02106051314937829
151290,-0.02944036584220121
151291,0.04721947905153498
151292,-0.027191369488076732
151293,0.03931483166345054
151294,0.017016336009464377
151295,0.014240841230985422
151296,-0.05253948874362563
151297,-0.0020164500356374894
151298,0.022345297328788476
151299,-0.05377349773587526
151300,-0.05211522689673279
151301,-0.021156442951637
151302,0.012054454365174702
151303,0.06266612288339934
151304,-0.002290833385386466
151305,-0.05608035612476604
151306,-0.0080334601618327
151307,-0.02832933358756915
151308,-0.014333291750723403
151309,-0.03074868196596348
151310,0.04085761725305316
151311,-0.07482477915220587
151312,-0.02333553084591275
151313,-0.0009321789068783529
151314,0.041838168335841995
151315,0.06411839185007775
151316,-0.05316997398692245
151317,-0.03031399358271631
151318,0.002263403263816117
151319,-0.03032864134324939
151320,-0.008069125880467612
151321,0.019870455476152984
151322,0.025645909758455557
151323,-0.010221110495798456
151324,-0.018165198937241254
151325,-0.05866756001168374
151326,0.0013618114083943833
151327,0.018813886347016515
151328,-0.05393172878427152
151329,0.011710914325078235
151330,-0.050449287993721746
151331,-0.010131442013902297
151332,0.012637075488401036
151333,0.044584049575995044
151334,0.007205835720097944
151335,-0.022780116556936944
151336,-0.029498758509855033
151337,0.02436019072216753
151338,-0.012717395491919765
151339,0.04172186757674043
151340,0.014855199340849442
151341,0.06999505195929057
151342,0.023093794076931004
151343,-0.04955930950614127
151344,-0.006786730095218851
151345,0.03923837479014025
151346,-0.0020478903093305465
151347,-0.005470101176907754
151348,-0.04794482795899563
151349,-0.05559180186740518
151350,0.010554570810595701
151351,0.02363793550402927
151352,0.017576363189891264
151353,-0.007916080260068152
151354,0.008831248084794817
151355,-0.05149215497701236
151356,-0.023792789052627043
151357,-0.007120358503580743
151358,0.014065482579796226
151359,0.055207961766639564
151360,0.029575255852836907
151361,0.008488088658610959
151362,-0.014287652235402439
151363,-0.034109369046849046
151364,0.04353395767671622
151365,0.010273064604023704
151366,-0.056820038692905805
151367,0.0472955168313874
151368,-0.021999889224060324
151369,-0.003214065864803819
151370,0.021000823592395735
151371,0.041482444606781216
151372,-0.005498280255864246
151373,-0.03145871502879888
151374,0.04654069652295909
151375,0.03015774244237516
151376,0.03767801946624153
151377,-0.014810974142766616
151378,-0.009419435993505679
151379,0.05447685286372784
151380,-0.04655587996045784
151381,0.007788674942950441
151382,0.013676342831597587
151383,0.041208936301250325
151384,-0.07940763121216673
151385,-0.031344388820526994
151386,0.010434320100068171
151387,-0.046187500662071224
151388,0.03785797786970298
151389,0.033426200992261984
151390,-0.014727096120971665
151391,-0.09949028461646806
151392,-0.0018989136297798775
151393,-0.05858852619800132
151394,0.03220387931516707
151395,5.692277031257289e-05
151396,-0.016102554821970334
151397,-0.07813427475824342
151398,-0.009314466930459757
151399,0.029509310643237183
151400,-0.023018078111234064
151401,0.01264549736715303
151402,-0.05807690000349373
151403,-0.006340625480804948
151404,-0.008071810385218568
151405,0.02821406939296023
151406,-0.02806512940726233
151407,-0.03621278443509106
151408,0.03222086279362813
151409,0.010539967263828793
151410,-0.02132849836800985
151411,0.0319035708323338
151412,0.0023130296659148617
151413,0.07294489867026807
151414,0.028542743327047742
151415,0.05408453525185627
151416,-0.03962289973895725
151417,0.013885552252038687
151418,0.02954403651883293
151419,0.010403619637992575
151420,0.036111328918973305
151421,-0.010914103255864243
151422,-0.0037652098344460585
151423,0.024702624419642296
151424,-0.016394780191610916
151425,0.005512689127722492
151426,0.044307105306805074
151427,-0.0353273133143409
151428,-0.0014618972339455372
151429,-0.02331790586849553
151430,-0.0379484330117844
151431,0.0012214171052321284
151432,-0.00046349090823557225
151433,0.08037247753636316
151434,0.003780666190260808
151435,-0.0035826432343001964
151436,0.02901529091986257
151437,-0.02692603993995644
151438,-0.024155820387876736
151439,-0.014068490512789638
151440,-0.005078023053527484
151441,0.03246623262429946
151442,-0.02687149909369483
151443,-0.0007003896689108842
151444,-0.08832091935699779
151445,0.07075465883477859
151446,-0.030370363975350194
151447,-0.030896543084210613
151448,0.0023626314725246774
151449,-0.0389565726089448
151450,0.015156710146146186
151451,0.05700622280329952
151452,-0.01750482978886752
151453,-0.03575699427422655
151454,-0.011953931462863093
151455,-0.01606433018780526
151456,0.022897484330233947
151457,-0.05143873488058741
151458,0.03905977466356298
151459,-0.04542125538761732
151460,0.06803794084809167
151461,-0.040188505394653615
151462,0.04744708299163211
151463,0.009054839144964622
151464,0.004764650805712764
151465,-0.011344150696338866
151466,-0.011760108916317
151467,0.06270333547172481
151468,-0.06438784779522923
151469,-0.03828301396454042
151470,-0.0061005367413942396
151471,0.018369181293021633
151472,-0.011597499526290677
151473,0.048755984037287876
151474,0.01585602600063489
151475,0.07589378352628387
151476,0.05020380807016269
151477,-0.04583472018062632
151478,0.01681745765886289
151479,-0.05473040276572472
151480,0.006989084500136132
151481,-0.03442842426774227
151482,0.0008474030819830257
151483,-0.0050359439606574305
151484,-0.0385925334218882
151485,-0.030529041518855448
151486,0.0008822225496427681
151487,-0.04407437423245782
151488,0.005592386810083016
151489,0.03165278811823545
151490,-0.011030769857689242
151491,0.041845922328004305
151492,-0.042409122240919375
151493,0.01171369022283697
151494,0.015308845181391851
151495,-0.034193835649946776
151496,0.008378093924782514
151497,0.05052451581853448
151498,0.0014363660757805213
151499,0.007002132160350885
151500,-0.030253747591114728
151501,-0.0409201158826937
151502,0.03387566515240335
151503,-0.007601204500778069
151504,0.03854729193327207
151505,0.01855484626817855
151506,-0.0021793859813513694
151507,0.027691336525224142
151508,0.020126709666598224
151509,0.0029491114094094945
151510,-0.0005335514009613906
151511,-0.017142733793648234
151512,0.046273194286673515
151513,0.05179381684266567
151514,0.006582471284160238
151515,0.003340883157821331
151516,-0.005006889069629896
151517,-0.021786202936319207
151518,0.043809502582274576
151519,0.02800611333627378
151520,0.019962453607590972
151521,0.010606490290274027
151522,0.06774040456375104
151523,0.010214593486015498
151524,-0.0067288752551788004
151525,-0.006103781971052262
151526,0.008426113602780921
151527,0.04262765709648648
151528,0.010188416716672918
151529,-0.012623938408272275
151530,-0.014518020325324569
151531,0.02956147448962313
151532,-0.01304365445242871
151533,-0.049993981468471865
151534,0.037114742329697616
151535,0.004500839630833043
151536,-0.03517637038936218
151537,-0.003475311114385858
151538,0.006055864241606788
151539,-0.03585488588677334
151540,0.04594283970387842
151541,-0.0013381111067667763
151542,-0.0302232001885659
151543,-0.0337047587634811
151544,0.027589034650509377
151545,0.016128546952618006
151546,-0.015448867284719281
151547,-0.04154587134282251
151548,-0.0016366627483837674
151549,0.03909255065002634
151550,-0.013052042793672239
151551,0.010916704124775408
151552,0.024860289299096668
151553,-0.001045681859423833
151554,-0.006578014820246425
151555,0.08686798581383504
151556,-0.019885265114154338
151557,-0.030803515021096003
151558,-0.04936722006357637
151559,-0.032514358309320805
151560,-0.019337535270286182
151561,-0.007767343792624663
151562,-0.03264836717366965
151563,0.03530955558738388
151564,-0.004653576829059499
151565,0.051753121202797674
151566,-0.009701098272810658
151567,-0.02424743441074084
151568,0.06892286954699418
151569,-0.040651628365457215
151570,-0.0017819616614029505
151571,0.02769985248155004
151572,0.03851362711927
151573,-0.054768032881630443
151574,-0.0050895902437747345
151575,-0.03431624344873345
151576,0.0025871490635722963
151577,0.04108841851741107
151578,-0.019345406142447896
151579,0.026321248767120654
151580,-0.03945884139906941
151581,0.03876698281189748
151582,0.017350483096222273
151583,-0.04572518290241687
151584,-0.006060261154592185
151585,0.005617830089226277
151586,0.026438927395675327
151587,0.010279312578445571
151588,-0.03606314624142341
151589,0.04445500023449814
151590,-0.022650642613709537
151591,-0.023197823216159815
151592,0.0004565260967728498
151593,0.06551391355454551
151594,0.04735413689418215
151595,0.031850348107730866
151596,0.05367314508037561
151597,-0.021301748194457022
151598,-0.03141823801277024
151599,-0.012138034965169554
151600,-0.030662043840081997
151601,0.019309106595143784
151602,-0.026135652605412424
151603,-0.0012621588339412756
151604,-0.02368214749147268
151605,0.02487183497790351
151606,0.026428888500070507
151607,-0.037319372265574136
151608,0.019318661798937667
151609,0.029434970177601414
151610,0.0011915788112307176
151611,0.009690077389884231
151612,-0.013591788117184025
151613,-0.025050226586157118
151614,-0.008081529108431462
151615,-0.030416062004218206
151616,0.008103732512929687
151617,0.022366815330605947
151618,0.027743330470537793
151619,0.018907914889785615
151620,0.008161454881551835
151621,0.04020994712254148
151622,-0.032067379568541846
151623,0.03825381180080658
151624,0.00947988332196533
151625,-0.010451130191199899
151626,-0.0058640131081533105
151627,0.03850895063803209
151628,-0.0019786037789166046
151629,-0.02045218234283739
151630,-0.03363860618450134
151631,0.016485312580294363
151632,-0.011103260203158834
151633,0.01022291992456283
151634,0.010648348625902996
151635,-0.01460928909431996
151636,-0.025315118788533715
151637,0.013606130749213246
151638,0.006298664929202095
151639,0.01040485534968692
151640,0.018248756271877147
151641,0.009362278493750367
151642,-0.006897169586619333
151643,-0.008687168037275286
151644,-0.004330168899202468
151645,-0.028511047121806576
151646,0.012549569948517863
151647,0.06170814074472078
151648,0.0025598368126227137
151649,-0.012575727462207307
151650,-0.036036796617442586
151651,0.0030350209949894236
151652,-0.009677562723765415
151653,0.03177961203802164
151654,-0.005428842525873886
151655,0.015305602467515427
151656,-0.007608679432227948
151657,-0.01653487735561433
151658,-0.04119407798509003
151659,0.015376254177433393
151660,-0.021219462300060245
151661,0.025994129739256997
151662,-0.044371100846274956
151663,0.020327814465814727
151664,-0.003971524416318636
151665,0.032354071090780145
151666,-0.04293963635948339
151667,-0.014570829377604793
151668,-0.01936503732732544
151669,0.06739264830197297
151670,0.007715661704991054
151671,-0.019911486742375882
151672,0.01030458589187516
151673,0.03310672169613466
151674,-0.06038864485925756
151675,-0.04260223584811648
151676,0.00772819727714707
151677,-0.005631539848615608
151678,-0.037382570583885645
151679,-0.019637455185627952
151680,0.08824793837961187
151681,-0.008179981477422334
151682,0.027557206143759474
151683,-0.014039665225320037
151684,0.03138512115949979
151685,-0.00840704903601544
151686,0.0037892963857039537
151687,0.039973658445506856
151688,-0.00736776356234861
151689,-0.04888303798143773
151690,0.03592857051396692
151691,-0.02509270806915061
151692,-0.008174612085563318
151693,0.024328554667890693
151694,-0.014883980942608
151695,-0.02247105648700369
151696,0.03242270908880336
151697,0.027140708304801656
151698,-0.004537236765008429
151699,0.0037701130866672075
151700,-0.03419270581761451
151701,-0.025170324461155885
151702,-0.012652105986970908
151703,-0.00858470350096727
151704,0.07054372809014753
151705,-0.01329304520018735
151706,0.008994402331938432
151707,-0.0012473816510868649
151708,-0.02766583956317032
151709,0.06226663053123543
151710,0.029120831164226993
151711,-0.02167731686521962
151712,-0.019688628258698868
151713,0.0011139891870581183
151714,-0.00733914981265721
151715,0.011792386309989815
151716,-0.00925559272523809
151717,0.019858088837728025
151718,-0.04102564199240913
151719,0.0239818203432191
151720,0.045018811851978584
151721,-0.031947758218200985
151722,-0.042734650913092614
151723,0.007092512276419566
151724,-0.019864679794527416
151725,-0.008134910280811336
151726,0.038361884849491705
151727,-0.012711519976984923
151728,0.02214485760383599
151729,-0.0048512582064963545
151730,-0.026595081152528594
151731,-0.05109376076635667
151732,0.022086927860842268
151733,0.04492109619431835
151734,0.014713525389430137
151735,-0.06085831248395581
151736,-0.02659676906113383
151737,-0.03668378473871653
151738,0.05753718416747977
151739,0.004376518063558606
151740,-0.02559645145903867
151741,-0.010414427373862431
151742,0.054554215840582225
151743,-0.006520637498774146
151744,0.0032435082515149304
151745,-0.005968865185335234
151746,-0.015440526844507623
151747,0.03900303456011776
151748,0.05103567844459792
151749,0.028542177250826396
151750,-0.01926841683156838
151751,-0.01787734691208772
151752,0.0036378612995102513
151753,-0.0363477184027937
151754,-0.051776414575135925
151755,-0.02609352853330403
151756,-0.03404252088419102
151757,0.012648993596750254
151758,-0.04287375716514389
151759,-0.003984516549850036
151760,-0.014322657000266335
151761,0.05570545968147086
151762,0.035406097061988856
151763,-0.021049776509604906
151764,0.004065091501528695
151765,0.03853508806457525
151766,0.011097745316367591
151767,-0.03457434116193359
151768,0.050448668925172684
151769,0.03629887938528713
151770,-0.025197024298861354
151771,0.0003958137374889424
151772,0.07295834623119525
151773,-0.002649845816677431
151774,-0.029419719139293966
151775,-0.012817920838599343
151776,-0.033838223283501785
151777,-0.01313572317950552
151778,0.06768673534548238
151779,-0.017676235777172974
151780,-0.012817740287438746
151781,-0.011585841462660692
151782,0.013238833376747897
151783,-0.04710440222374163
151784,0.04069816605669787
151785,0.009550770841778466
151786,0.03797348868192881
151787,-0.02245197329343437
151788,0.016623339879786713
151789,0.05535178427688289
151790,-0.013158988129728004
151791,-0.017667423838678097
151792,0.020159019358236156
151793,-0.05133868215888584
151794,-0.014038732486081128
151795,-0.013764073379382818
151796,0.01150384241958944
151797,0.00542509032060507
151798,0.019705077166466592
151799,-0.03642511980348828
151800,0.05099986681630405
151801,0.0006534974103064633
151802,0.06623124665550165
151803,-0.012471424531398469
151804,0.045018365185237434
151805,0.013564407874843603
151806,0.0009016363486167255
151807,0.013309386106965871
151808,-0.023722325099432142
151809,0.025699154862006444
151810,-0.021211135444071234
151811,-0.014615403554759616
151812,-0.007959736978926742
151813,0.012825159196183395
151814,0.03153680650968748
151815,0.06118352412439239
151816,0.005093769810035862
151817,0.004871191947260383
151818,-0.02758004828941532
151819,0.05843807282537254
151820,0.008464488044022417
151821,0.006148442834944354
151822,0.0018237708501831675
151823,-0.022436274606848005
151824,0.0023958763631638626
151825,0.02875019138988182
151826,-0.028971197799141275
151827,0.009893162907758917
151828,-0.06789516583225308
151829,-0.023101642010783387
151830,0.04120312137882009
151831,-0.01764432870592962
151832,0.00682581733529333
151833,-0.02961713671563814
151834,0.029932760204591704
151835,0.04639080730178141
151836,-0.05112275875751135
151837,-0.022736936237325856
151838,0.006150622828573693
151839,0.007168650205864491
151840,-0.03348786009085912
151841,0.014056303485054227
151842,-0.019739870582521527
151843,0.058709430383250306
151844,0.0044638454227191714
151845,-0.0024378422492490953
151846,-0.012838339055472405
151847,-0.023489022599107325
151848,-0.007056412195710529
151849,0.006401301908723607
151850,0.03753965195147459
151851,0.01163396666902295
151852,0.026016068642868317
151853,0.06871898371841222
151854,0.043320297922468644
151855,0.003835734547446532
151856,0.023335683749824112
151857,0.03924829787046327
151858,-0.014121397426912907
151859,-0.004793964304972544
151860,0.01781589656511455
151861,0.010375607304050209
151862,-0.03748638384427586
151863,0.038017940909697984
151864,-0.037864875468279685
151865,0.0505407210000369
151866,0.038165791850981026
151867,0.011562173948423833
151868,0.022980511961559463
151869,-0.016774595733310336
151870,0.05177605331496825
151871,0.01397614824591726
151872,0.0045731582198421565
151873,-0.017717874144466305
151874,-0.010179374030620608
151875,-0.004222118205439766
151876,0.05594084712205251
151877,0.045703153572778474
151878,0.006052276940092961
151879,0.01863378772938001
151880,0.043843270320072125
151881,-0.021409810333386164
151882,0.010713372856434356
151883,0.06237993805225424
151884,0.006081255052499317
151885,-0.044719204802542135
151886,0.034383204446474205
151887,0.031701801408884706
151888,0.09712622089397044
151889,-0.00704762691856861
151890,0.03443399978118332
151891,-0.03691156888437216
151892,0.04190026169201696
151893,-0.02093722354081893
151894,0.06242058298724926
151895,0.0009050999017378425
151896,0.021299767251934568
151897,0.019832471114962093
151898,-0.023017901063562832
151899,0.008211025873516048
151900,0.0061962366857625
151901,-0.005221341985892296
151902,-0.024506429152651464
151903,0.027297368146904904
151904,0.020583683584594413
151905,-0.012667502565912115
151906,-0.0379648812990737
151907,0.00947363447888064
151908,-0.003967423243071013
151909,0.025053807092475306
151910,0.03783131210299709
151911,0.09018938543967123
151912,-0.008176311120646006
151913,0.012042559222859154
151914,-0.025899965961161002
151915,-0.012999495988782927
151916,0.0282043869745717
151917,-0.01977971579222012
151918,-0.04280001615303082
151919,-0.010284094889210746
151920,0.041244696786200824
151921,0.027799028949571633
151922,-0.01090916460953974
151923,-0.03994402562780376
151924,-0.032769474264384375
151925,-0.010913555951973408
151926,0.0047616098362425465
151927,0.07918299219592809
151928,-0.006164152261695766
151929,0.01316145049337816
151930,0.02022367465846647
151931,0.02406772200658574
151932,-0.0015501647812023425
151933,0.025770305143302218
151934,0.0172420283556384
151935,-0.013263144341513843
151936,-0.06795672686269097
151937,0.022216897608279964
151938,0.012954538376318542
151939,-0.006716129582403787
151940,-0.026197313837648922
151941,0.021100870676773607
151942,0.03682622912002041
151943,-0.029500342372011983
151944,0.0063841799739226355
151945,0.0040628538134331454
151946,-0.0009338844489102589
151947,-0.0031253082444266038
151948,0.011228520693392311
151949,-0.010233198027870713
151950,0.035671161261096415
151951,-0.022942050261565688
151952,-0.013955765547282048
151953,0.011993434007760867
151954,-0.009764467362107468
151955,-0.03733875097874446
151956,-0.029993880234822988
151957,0.013792669305538765
151958,0.015050030464942427
151959,0.012331816283615479
151960,0.03514752418963697
151961,0.01761979973756821
151962,0.0038296899133045785
151963,0.06274585759451529
151964,-0.040315024896215586
151965,0.0006666921952092595
151966,-0.011019593623317284
151967,0.023885684134393362
151968,-0.008526557185594249
151969,0.028027359949809323
151970,0.02748327470694807
151971,0.058763035875179837
151972,-0.016592729181124876
151973,0.006492110714268251
151974,0.05251783454523459
151975,0.013286537597436476
151976,0.028878081661706682
151977,0.012328960276330625
151978,-0.03525994823277368
151979,0.02508804157687864
151980,-0.014319331588782996
151981,-0.007619424802600212
151982,-0.02425622442583411
151983,-0.009767667478503952
151984,-0.021899765679289192
151985,0.014811171865947078
151986,-0.008936416302966096
151987,-0.014558952853357267
151988,0.004348900801788032
151989,0.0039000383631563446
151990,0.003993057685814281
151991,0.02785786980923292
151992,-0.005397237594198611
151993,0.007204276096691872
151994,0.018640927371881243
151995,0.09397436457126894
151996,0.04429844615292518
151997,0.017128033760485082
151998,-0.006588054765961117
151999,-0.02874808119116015
152000,-0.026593099966305146
152001,0.0102640231934919
152002,-0.015689415513656137
152003,0.020668413375674467
152004,0.031134206870058266
152005,0.05839437231316711
152006,0.03433981216164443
152007,0.017269034154522724
152008,0.04097918117714422
152009,0.018177107153059594
152010,0.01190194102173293
152011,0.02542090872616788
152012,0.002597375701261245
152013,-0.054303484142101954
152014,0.014463752183392718
152015,0.047877830843336626
152016,0.06753657341235991
152017,-0.07381400681647635
152018,-0.0006177194905609773
152019,-0.024658946274385432
152020,0.025193391567552553
152021,0.003839904424243957
152022,0.014997486756931352
152023,0.03234107861908253
152024,0.005013870965324337
152025,0.020479570001027632
152026,0.04442163855243419
152027,-0.060396151120839424
152028,-0.04253865702676069
152029,0.016891356759651956
152030,-0.027852642297561174
152031,0.04432818092090174
152032,0.03644661142855343
152033,-0.006086097392305864
152034,-0.01423890641723232
152035,0.008372827990466887
152036,-0.033307733796554585
152037,-0.005392608498566818
152038,-7.170279767804372e-05
152039,0.015771242073306307
152040,0.02680975935133969
152041,-0.04066035328108394
152042,-0.023620045603824837
152043,0.022814308213239702
152044,0.017242013852492487
152045,0.01987098726969578
152046,0.012041571163784836
152047,-0.05319875725709056
152048,0.005317303128849776
152049,0.041633750951238835
152050,0.047569550854144
152051,0.045581837929320856
152052,-0.02566688430601491
152053,0.03426475149499075
152054,0.012214429155629003
152055,0.017827186711761447
152056,-0.03474536031371349
152057,-0.02497546645690467
152058,-0.00436002380104464
152059,-0.0012451026865168296
152060,0.02617280425239662
152061,-0.008420813427388912
152062,-0.007434591994267166
152063,-0.017954136820646047
152064,0.019156542065658474
152065,-0.01177226385852806
152066,-0.021911051767230814
152067,0.012249585998459217
152068,0.018189631310335224
152069,-0.03992667715180226
152070,0.02205528412799068
152071,0.03518801017716931
152072,-0.0002106608152875045
152073,-0.02877058496292832
152074,-0.011168873640299518
152075,-0.04038825287102766
152076,0.027975855715616966
152077,0.013188080752050245
152078,0.09198519921944279
152079,0.015927805871532287
152080,-0.028122811989006916
152081,-0.0414744943922942
152082,-0.013366411538743562
152083,0.016837224584951783
152084,0.03204360284913189
152085,-0.03334091393712745
152086,0.00788800603275462
152087,0.00040353049835793633
152088,-0.010880145075171743
152089,-0.0022394658725037033
152090,0.002128047179244217
152091,0.039721009891283424
152092,0.0013272703804562318
152093,-0.030523588682293473
152094,0.035292000150676885
152095,0.005982064067003016
152096,0.031364429225792294
152097,-0.07161113574701222
152098,0.061527952220763384
152099,-0.017184822165528222
152100,-0.0467789675945976
152101,-0.012997985468750065
152102,0.0016128083934542142
152103,-0.03909516880844759
152104,-0.02963320298343074
152105,-0.007759103531778048
152106,0.03770790363311102
152107,-0.008218952951160879
152108,0.03592374187416712
152109,0.0029837681927183304
152110,0.005191518285260275
152111,0.0539772879473572
152112,0.022206224402513706
152113,0.00858877994239361
152114,-0.04813682329594067
152115,-0.03618951149408942
152116,-0.000316731845248342
152117,0.02258006869918052
152118,-0.019413321057347284
152119,0.05551979665438167
152120,0.030747671179020802
152121,-0.04866136577170514
152122,-0.0451153244726687
152123,-0.0012720527823113304
152124,-0.033495514559499444
152125,0.022731003511320895
152126,0.017601543788150268
152127,-0.04466162969780867
152128,-0.02449551543770137
152129,0.00601882213402178
152130,0.008039527276863159
152131,-0.02419342716407309
152132,0.012506154840558392
152133,0.01600590368421825
152134,0.0017929060908547483
152135,0.04334694934005982
152136,0.019519797803922743
152137,0.07317357341725546
152138,-0.02350354714814636
152139,-0.012958551786966659
152140,-0.027888096960096462
152141,-0.0034737226619681047
152142,0.05480877588520771
152143,0.01141113782162793
152144,0.041562964633609874
152145,-0.04442114127649901
152146,-0.01677400824313881
152147,0.020517543109695845
152148,-0.0017869009924381717
152149,0.03151333553421523
152150,-0.030817835734299442
152151,0.02492657114919119
152152,0.007217980137129964
152153,-0.01575329973384553
152154,-0.02820882359631347
152155,-0.035844984755754095
152156,-0.023121449158045974
152157,0.03375074660427862
152158,0.01640939733729186
152159,-0.02944542355704756
152160,-0.028153526473827184
152161,-0.030584441559426
152162,0.02668625052609676
152163,-0.008800347626697895
152164,0.03633687025830756
152165,-0.008949989796332757
152166,0.0009716932367909725
152167,-0.010451988481939914
152168,0.03472479994102559
152169,-0.023319635075733775
152170,-0.0008866695796671386
152171,-0.043234904637775816
152172,0.023858996129433454
152173,0.016533825676184073
152174,0.008648203500029624
152175,0.016363148742743205
152176,-0.03694492019705947
152177,-0.04313232467481464
152178,-0.057721767887477106
152179,-0.060385200992151444
152180,0.010252680855943844
152181,-0.05172222797184562
152182,-0.000567119556960573
152183,0.014338869186029548
152184,-0.00931094696939445
152185,-0.03668947250676321
152186,0.005104715137050648
152187,0.007332682835687927
152188,-0.010325611770939947
152189,-0.01022912304815089
152190,0.022136723790504298
152191,0.017152426067439688
152192,0.014835425374258152
152193,-0.09551393791555202
152194,-0.022751376685559148
152195,0.03495373203812496
152196,0.050310788134225154
152197,0.0064251875070048346
152198,-0.03304653061994111
152199,-0.015408171089855881
152200,0.04538330475905556
152201,-0.007313699681199337
152202,0.009223707164354517
152203,-0.03556088080682672
152204,-0.03936731752351264
152205,-0.022845134438675297
152206,-0.013151527352716939
152207,0.03345841937828823
152208,-0.013601127634007245
152209,-0.03432583416227587
152210,-0.002977154227208011
152211,0.009844207396118423
152212,-0.02182308374801745
152213,0.05202954239321501
152214,0.06570177902614469
152215,0.037250937686026976
152216,0.004634376318753075
152217,-0.005559164970413027
152218,0.005206296203202787
152219,0.014134987495627303
152220,0.062371027309762406
152221,0.0037731902910951272
152222,0.012926633078775248
152223,-0.03633957480009091
152224,-0.023931210427573756
152225,0.0027091675575033132
152226,-0.02928666305292341
152227,0.034299529048326595
152228,0.03273071752343077
152229,-0.00023767372585031918
152230,0.029857740787366516
152231,-0.0559681479985132
152232,0.016204648882496547
152233,0.03638133658947943
152234,0.011910035536392272
152235,-0.025846220247493005
152236,0.005977151614852362
152237,-0.034116364171661605
152238,-0.018187848300186594
152239,0.016883137487641302
152240,0.02285573619162595
152241,0.027088182826165253
152242,-0.10207548756094229
152243,0.007802297071636552
152244,-0.018456620912195965
152245,0.03269804820291274
152246,-0.02579214708003129
152247,-0.00022042876979027704
152248,0.017220808392246073
152249,0.03246115105790574
152250,0.013567544145465547
152251,0.04463900644428032
152252,-0.006332799081348747
152253,-0.0011886175431937054
152254,-0.004052244415280971
152255,-0.021250471603768147
152256,0.038262689873114604
152257,0.0009271752257824793
152258,-0.01903524479527628
152259,-0.0426056045154258
152260,0.007948841492761477
152261,0.042239379483122265
152262,0.0007145538798219696
152263,0.05339927878068166
152264,0.009204440697693094
152265,0.008118301112914327
152266,0.005703961295176204
152267,-0.018588149464914404
152268,0.005928247299754956
152269,-0.014462145010635133
152270,-0.014391082640802706
152271,0.010424147415898269
152272,0.0033427813849850768
152273,0.00020907672596885045
152274,0.009292820603322417
152275,0.009384025979994019
152276,-0.01679790756907416
152277,0.015075483678562708
152278,-0.019267044667621133
152279,0.010261303242778018
152280,-0.007504677039197096
152281,0.041027346813835706
152282,-0.030010834529036873
152283,-0.012614440838137078
152284,-0.0019448089829066065
152285,0.015822712475392627
152286,-0.0052362563483558675
152287,0.016478445897210824
152288,-0.03482177743488604
152289,-0.029131911490488997
152290,0.03201944421842035
152291,0.04214026632719951
152292,0.03252366907954466
152293,-0.020786233091313222
152294,0.05719821873643967
152295,0.01162404290566987
152296,0.026823082257366078
152297,-0.012261235102154464
152298,0.018870542255541058
152299,0.020718163295796267
152300,-0.04388192788315681
152301,0.05922223839985558
152302,0.011344481387432284
152303,-0.030127011800852276
152304,0.02527890479054834
152305,-0.006850836827131674
152306,0.01155317057891049
152307,-0.03038265341582954
152308,-0.002747958417170055
152309,-0.015074619303849058
152310,0.027991756830663135
152311,0.0042065678715013325
152312,0.031560780971605196
152313,-0.01550559987605242
152314,-0.025750522230532886
152315,0.011553806086764087
152316,-0.032225323338895835
152317,0.05675643219270718
152318,0.030602776048078453
152319,-0.041764464985471074
152320,-0.009558482679360096
152321,0.03594568778214813
152322,-0.08979298015151808
152323,-0.02567831603380934
152324,-0.002379758731137618
152325,0.014898661022927683
152326,-0.030699099951388975
152327,-0.006618968789326304
152328,0.016889939220491992
152329,-0.008585162566775915
152330,0.012557981293209522
152331,-0.01672068549817952
152332,0.03271369100440581
152333,-0.006175385900889248
152334,0.03648717085417573
152335,0.05294935795678422
152336,-0.028696653810913787
152337,0.023758177499303788
152338,0.0052247860126261765
152339,0.02544650306179903
152340,-0.014828590043526017
152341,-0.006967756625660496
152342,0.04945620621060025
152343,-0.0763345973320253
152344,0.009965586130904546
152345,0.041609471387473285
152346,0.02022570574984658
152347,-0.020862203758358604
152348,-0.00022236819095829423
152349,-0.018653053594607227
152350,0.016741843550156454
152351,0.03877121401779549
152352,-0.03321552697718935
152353,-0.07538038006958958
152354,-0.009151306523590967
152355,-0.016556619775789348
152356,-0.007919607805594864
152357,0.020317649504604046
152358,0.033443773071123443
152359,-0.0564577340428545
152360,0.0531645334962964
152361,-0.02218136437871382
152362,0.03459872787697206
152363,0.008933032370684508
152364,0.019776137130199854
152365,0.0586258074126736
152366,0.021757765396698128
152367,-0.007773328948368412
152368,-0.03132976893984404
152369,0.03786844682135091
152370,0.003714164244933923
152371,-0.004715048475036958
152372,0.012841980959153789
152373,0.017426279133663212
152374,-0.05214020046837664
152375,-0.014631345961739765
152376,3.279411842059738e-05
152377,0.011553908303190658
152378,0.006407734768861739
152379,-0.006419772455647356
152380,-0.020570657191560652
152381,0.019235719261233155
152382,-0.036018431320089764
152383,-0.001628103599669142
152384,-0.03871160136668383
152385,0.004825574071957304
152386,0.019971627423098867
152387,-0.017338849937386425
152388,0.02838802438145685
152389,-0.010554471953961312
152390,0.025592073437307183
152391,0.028977435134430896
152392,0.025730226933417904
152393,-0.0582244880205452
152394,0.009262713781640728
152395,0.030718770228034056
152396,0.010429263198626219
152397,-0.011817451793801987
152398,-0.0005506262792279997
152399,-0.029409874383468163
152400,-0.03997708383779546
152401,0.014267974423129593
152402,0.049171816530543186
152403,-0.009534579446463453
152404,0.03610479785436129
152405,0.009282632067616549
152406,0.033386381294060255
152407,-0.015286443021599086
152408,-0.04693962224505281
152409,-0.06905224735533431
152410,-0.04171180848617884
152411,-0.006787166868965357
152412,0.02652261409896145
152413,0.04020683579702693
152414,-0.03139084669060639
152415,0.04042195741200262
152416,-0.021724706495889298
152417,0.029053646585489302
152418,-0.025905617620354728
152419,-0.019799194443487444
152420,0.0589378144586211
152421,0.05037207920595715
152422,-0.010590203210097954
152423,-0.028135186491536245
152424,0.01891905318033348
152425,0.025981327587732635
152426,0.06954108968238965
152427,0.02663212639418546
152428,0.030710838412443948
152429,0.040060020101932534
152430,-0.006541376365959627
152431,0.04277857150851014
152432,-0.01975242749406552
152433,-0.009284339680972328
152434,-0.03240938939939622
152435,-0.011159966857160681
152436,-0.01788888666171516
152437,0.030999650378517003
152438,0.019585251013300567
152439,-0.05348324752768595
152440,-0.002652486411089485
152441,0.03309465246287788
152442,0.007854943244336585
152443,-0.002211656950161271
152444,0.057481035837419384
152445,-0.026578320224328413
152446,-0.011812228916341656
152447,-0.013001305027142447
152448,-0.05000138934093537
152449,-0.0026233160034486265
152450,-0.03753783079768437
152451,0.011534136833641035
152452,0.017585507143517802
152453,0.020160001233365595
152454,-0.031810662436996845
152455,0.017014841528051033
152456,-0.019925380302794542
152457,0.008439853929246725
152458,2.3226868369965016e-05
152459,0.006107934022221196
152460,0.037348326382403284
152461,0.01950139732010477
152462,0.013673656792226187
152463,0.0076610248207274086
152464,0.0049694290013078575
152465,-0.015263111550018589
152466,-0.0033189992645571396
152467,0.03307317631242161
152468,0.04161352041128889
152469,-0.033360774076434195
152470,0.037239045074611635
152471,0.02469296418456508
152472,0.017226742726317162
152473,-0.05668363063775079
152474,-0.01559719152932892
152475,0.011344600850588384
152476,0.01437391379780819
152477,0.020055356316456552
152478,0.0186731561833554
152479,0.02800831071179079
152480,0.06597399240035694
152481,0.0009293856011364948
152482,0.00023326630374147662
152483,-6.804325964917222e-05
152484,-0.020981635079652405
152485,0.04414615953277421
152486,-0.010196840510085821
152487,-0.03156773036799486
152488,0.0014326423203073796
152489,-0.00016454011102397812
152490,0.06566839970618443
152491,-0.008183297307125513
152492,0.012964542536621496
152493,0.03752670325566422
152494,0.059750906914373285
152495,-0.037333417339807
152496,0.015382020057456511
152497,0.004755706948029417
152498,0.07775639862272432
152499,-0.02786654000754906
152500,-0.020298152315475725
152501,0.0038292885571112123
152502,-0.0021539017071221423
152503,-0.0018216542188686197
152504,-0.0365857553738395
152505,-0.0009979040898758298
152506,-0.026946268509352594
152507,-0.03947364026134825
152508,0.01940584128749572
152509,-0.08288520282243907
152510,0.001966164280548878
152511,-0.10655379854435398
152512,0.04221085327058194
152513,-0.019842456308994817
152514,-0.027588562990326863
152515,0.0695071493675712
152516,0.028035807741928608
152517,-0.05219439722305519
152518,0.03175291066862344
152519,-0.026403995993169484
152520,-0.03278430396235537
152521,-0.018402178257561567
152522,0.02246743680777496
152523,0.016734502033655237
152524,0.0017795826811832585
152525,0.027709690595220847
152526,-0.043460989491266776
152527,-0.006942678141793694
152528,-0.037840881848533806
152529,0.022600300060159215
152530,0.016588605153076995
152531,0.038507355997730135
152532,-0.02841200409760775
152533,0.04024732372889593
152534,-0.05054395597148014
152535,-0.0482017879094234
152536,-0.026740425828395017
152537,-0.033199579840571335
152538,0.002235337529681086
152539,0.03369758642661796
152540,0.005432694903838961
152541,-0.029746141987103916
152542,-0.012733090905742808
152543,-0.019436713424087926
152544,-0.022697757720715687
152545,0.014112136396481859
152546,0.039465962335070444
152547,0.01599758644918458
152548,0.023612880678746697
152549,0.01720398885311199
152550,-0.04535153749290481
152551,0.026962993777083666
152552,0.007331864503771316
152553,-0.019961576588056182
152554,0.043244232313313966
152555,-0.04182040545312607
152556,0.006045041475425659
152557,-0.062249368634200004
152558,0.03884477201353134
152559,-0.0046186518467026295
152560,-0.008642069530749403
152561,-0.00889675024315777
152562,0.007701997076857266
152563,-0.05230194807922852
152564,0.023333846821276323
152565,-0.046141941040490644
152566,0.07170593859059142
152567,-0.059276359089947994
152568,0.018911025168707872
152569,-0.025884124848585117
152570,0.045667863609840126
152571,0.02618140301923895
152572,0.062327332509812663
152573,-0.002754241472382908
152574,-0.0015308900809944046
152575,-0.04574059179384418
152576,-0.002412620936503458
152577,0.029810218812387823
152578,-0.02391336215646754
152579,0.03798755020859609
152580,-0.01740933576027703
152581,0.012235883264418657
152582,0.026373061992158733
152583,-0.004923857305997481
152584,-0.004118681221357653
152585,-0.014696025287788447
152586,-0.017474142826868093
152587,-0.02515828719879963
152588,0.017301129051217702
152589,0.051771342516580235
152590,0.00876423907190157
152591,-0.012215894914060166
152592,-0.020312155376829483
152593,-0.03648490492365122
152594,0.010579357296399267
152595,-0.015493075127328046
152596,0.008291465448945433
152597,-0.021335984129858005
152598,0.00013531142419604975
152599,0.014731360054509528
152600,-0.007665269821392348
152601,0.017592066456609944
152602,-0.030583071834169636
152603,0.018159056226286097
152604,-0.018939307054223375
152605,-0.004334757303168206
152606,0.02059740191971544
152607,-0.03019874383020345
152608,0.060046483923115665
152609,0.018625967301363164
152610,-0.009743895638844344
152611,-0.014994209167030526
152612,0.058161661651536696
152613,-0.03179601955096222
152614,0.004300633752795239
152615,-0.03995580169562183
152616,-0.0007872902408863028
152617,0.011715181521839393
152618,0.009908292006918909
152619,-0.02922913268094252
152620,-0.028146314970315334
152621,0.02555963670532015
152622,0.010833014921702916
152623,0.02550178551977393
152624,-0.011365664581796718
152625,0.02932480163058454
152626,0.014396212869271698
152627,0.008202969166570222
152628,0.03268042210112533
152629,-0.03497714310028106
152630,0.039806013759271675
152631,0.024461770092885433
152632,0.00205328513484845
152633,-0.04402363751489657
152634,0.030093255804536072
152635,0.05121462175327532
152636,-0.030490129118889733
152637,0.0368283371446434
152638,-0.001070677465965312
152639,0.046649835294698426
152640,0.008095192103295474
152641,-0.018391762500127497
152642,0.006175499263457618
152643,-0.0164865509828409
152644,0.06208111778971848
152645,0.02337578298635152
152646,0.053686311381210335
152647,-0.011943044376757538
152648,0.058193867624934545
152649,-0.023519827870795613
152650,0.006443177062660036
152651,0.0013036729295961421
152652,0.02409713289424451
152653,-0.03280359948836146
152654,0.0021746191419187468
152655,-0.0017994422262852317
152656,0.005283236711094267
152657,-0.009817242939744649
152658,-0.023757902485047052
152659,0.005162151026734395
152660,0.025769863307328954
152661,-0.01727227195692902
152662,0.03065200840732034
152663,0.008238166889297665
152664,0.00991406131917386
152665,-0.012150899363465285
152666,-0.02727990129611365
152667,-0.009522056595970597
152668,0.02596194234672836
152669,-0.020784108478143
152670,0.004344961007356425
152671,-0.009534505934179876
152672,0.03553320688852603
152673,-0.003154108395594468
152674,0.021034999568814102
152675,-0.014610000978367984
152676,-0.007198482550733015
152677,-0.0018935186959533267
152678,-0.01456257943850034
152679,0.023342500980700953
152680,0.0092025804287983
152681,0.028233872437305404
152682,-0.00682610481738739
152683,-0.0013063140324448329
152684,0.0032266412016377245
152685,0.0005255183771272513
152686,-0.03267951304448635
152687,0.012891646087704373
152688,0.05779759137076296
152689,0.0352436103989265
152690,-0.011933585830431238
152691,-0.004080145469208202
152692,0.004432670319764507
152693,0.013019301512440698
152694,0.02010410429820063
152695,0.01044712933158139
152696,0.03581382177947538
152697,0.023132592374647865
152698,0.037313609231772786
152699,0.013335968075702984
152700,-0.0006157881197351247
152701,-0.0320143402945209
152702,0.03692171830410267
152703,-0.02157635361131997
152704,-0.029506222288854835
152705,0.02278208325935315
152706,0.016950241477168917
152707,0.009577237540564096
152708,-0.00486779107661855
152709,-0.006473568081262146
152710,0.0025511969912297354
152711,0.024218032235451818
152712,0.010952446229682264
152713,0.048286004329181675
152714,-0.022297272367340092
152715,-0.06282178173618987
152716,-0.015607979630601456
152717,-0.027305607221412107
152718,-0.01046258447773167
152719,0.03247863318373833
152720,0.028798234308610098
152721,-0.004012917217854238
152722,-0.00803159656287332
152723,-0.004916924064367425
152724,-0.019974389084988456
152725,-0.0008568427528581333
152726,-0.006450844327125217
152727,-0.04088888177343267
152728,0.00688492753231106
152729,0.00465516942276238
152730,0.025591455133759853
152731,-0.040382206057153515
152732,-0.021995980328608403
152733,0.023459566949304244
152734,0.027810609432992607
152735,0.026563157222155662
152736,0.01216491013413636
152737,-0.01661959844102628
152738,0.056204000744550266
152739,0.0027985489283104976
152740,-0.026787377730812825
152741,0.02701529129008265
152742,-0.03589387840211944
152743,-0.01026770683100824
152744,-0.020096854925678503
152745,-0.013119904664335437
152746,0.012281571614853388
152747,-0.024250914070789106
152748,0.060703246819156016
152749,0.011718332747479989
152750,0.0001312512117785994
152751,0.005640268316440454
152752,-0.00018750507481180598
152753,0.023887959693404567
152754,0.014139235347663308
152755,0.0024558572753742643
152756,-0.024486068942578126
152757,0.005665284618442576
152758,0.046687541571802584
152759,-0.014101818760013086
152760,-0.024880559485448938
152761,0.028378152152203424
152762,0.0047444417052247174
152763,-0.03906748032781628
152764,0.008924825891070335
152765,-0.022884176062850727
152766,0.007006416597296294
152767,-0.0022480595594414096
152768,0.010002144267867566
152769,0.0028912541857186403
152770,-0.012729531517241358
152771,-0.008696600251630592
152772,-0.023619278822939183
152773,0.021865025043296092
152774,0.008145456208202638
152775,0.04022996711463687
152776,-0.0033842224483370265
152777,0.07299321154091575
152778,-0.043473678314411235
152779,-0.024288460086668982
152780,0.03329132616131518
152781,-0.0318780222503743
152782,-0.03640886443402068
152783,0.0067191390183708455
152784,0.000853927223737488
152785,-0.00249094743543472
152786,0.04396333285946826
152787,-0.01816697685711402
152788,0.020765774501772815
152789,0.019844534034544142
152790,0.025208072691999723
152791,0.002303783444416051
152792,0.03580274720513286
152793,0.03898666837274474
152794,-0.05279051360043374
152795,0.023519241719984766
152796,0.011272934553769766
152797,-0.030860425418227724
152798,-0.012684108140178377
152799,0.06553422003223484
152800,0.036997651074996064
152801,-0.037705868128638645
152802,0.024789766073847058
152803,0.0006521808778790707
152804,0.06600801105961979
152805,-0.03647960042004125
152806,0.04556348286642947
152807,-0.011135013899950254
152808,-0.032219131704664346
152809,-0.017696620533681453
152810,-0.017910845849259022
152811,0.0016148661428036942
152812,-0.012906933827689497
152813,0.012015117484685716
152814,0.05197817024242357
152815,0.048029939133001805
152816,0.006042061213157791
152817,0.03049832063560022
152818,0.017006115143150084
152819,0.048335062540513965
152820,0.03983234894846616
152821,0.025926757907391764
152822,-0.08138351148200873
152823,-0.0004109664825479918
152824,-0.013046065264745972
152825,0.017057548719939978
152826,0.055505723327979935
152827,0.026233275908809223
152828,0.018313380335097412
152829,0.03660648129936541
152830,0.009746292653759332
152831,-0.024130861682323118
152832,-0.023248902490250724
152833,-0.016935765363190892
152834,0.07790258282000079
152835,0.02249046375466552
152836,0.05218023143318597
152837,0.005633442079046025
152838,0.02950682635776716
152839,0.04630257532173893
152840,-0.007408488657463264
152841,0.02586200532284865
152842,0.01191210473640862
152843,0.028105040909265
152844,0.01786384900891164
152845,0.03421637592569769
152846,-0.012631856509636621
152847,0.029654966245160584
152848,-0.032399493813914194
152849,-0.0028955754824923586
152850,-0.030179096229641794
152851,-0.021546987555314485
152852,-0.011417281213733787
152853,0.0030999936623076355
152854,-0.09548588804325266
152855,-0.0009097510181581266
152856,0.0014047935306185572
152857,0.03645581652942002
152858,0.00927902046935865
152859,0.03231732191428137
152860,-0.02774875160666794
152861,-0.023347697302279917
152862,-0.0076452301043407195
152863,-0.015379876064606177
152864,0.04343154507726273
152865,-0.0389665513812075
152866,0.026559727329485115
152867,-0.011346417749587941
152868,-0.010194489931534418
152869,0.02505781689171336
152870,-0.05692596560496951
152871,-0.01305954428868801
152872,-0.02648842181696889
152873,-0.05050399454587498
152874,-0.0027524309369748425
152875,0.004467149711288219
152876,-0.02046920808677778
152877,-0.03201500549278202
152878,0.013920321065799776
152879,0.03300501572298837
152880,-0.0357575429192674
152881,0.03639413264284138
152882,-0.01166085552723842
152883,0.04393804167084687
152884,0.03919519616663687
152885,-0.008587556333063958
152886,-0.04838934851638299
152887,-0.07461277154419008
152888,0.015178309183589568
152889,0.040082934116902114
152890,0.010021250052496992
152891,0.017868702884735393
152892,0.017123093916820802
152893,0.05370118178189709
152894,-0.0007829882058752995
152895,-0.07013203808293242
152896,0.016310096043709175
152897,-0.035157781446628435
152898,0.01623414797982548
152899,-0.0351465111426489
152900,0.05149879163681418
152901,-0.03400159965672345
152902,0.021040098690646002
152903,-0.0031424326378269437
152904,0.04319751658814291
152905,-0.004526665845895156
152906,0.005902058738071524
152907,-0.0006566955287566031
152908,0.011323713304250296
152909,0.011671106581642693
152910,0.0012092467144601332
152911,-0.010097096701650092
152912,-0.02681344696685989
152913,0.03207502648045754
152914,0.0833705038757655
152915,0.0009184643021723252
152916,0.04615604145599023
152917,-0.0593770722685206
152918,-0.032460093377537566
152919,0.015763867671895134
152920,-0.01295669622361991
152921,-0.009603215313143213
152922,-0.016923583836864663
152923,-0.005359387871505068
152924,0.0069938519791088345
152925,-0.009272493021421168
152926,0.040635141091637315
152927,0.04814108142506904
152928,0.00525135373586018
152929,0.026654293664970807
152930,0.00026075733062826925
152931,-0.023627826379853396
152932,-0.016521134149836764
152933,-0.026217141862827045
152934,0.03514754760208421
152935,0.038828370270895654
152936,0.009204659677590847
152937,0.03599167499030509
152938,0.016477536666947117
152939,0.005011519975072395
152940,-0.004069037211036705
152941,0.01936628992558535
152942,0.035224803928263965
152943,-0.007675626222645698
152944,0.0018876198298843285
152945,0.0018554887894623054
152946,-0.024153790825612403
152947,0.04955099056353374
152948,0.013114373249559276
152949,-5.262130716867405e-05
152950,-0.03834755516543494
152951,0.055112226673994326
152952,-0.025734123724224553
152953,0.041648181352516515
152954,0.05830102822658546
152955,0.006541804591665203
152956,0.013438981436747576
152957,-0.015079518849523268
152958,-0.025022319982483793
152959,0.02427300474644481
152960,-0.042691246066684105
152961,-0.01332376554479834
152962,-0.02074963039125305
152963,-0.012765420797564668
152964,-0.03789288353026169
152965,0.02034342609468241
152966,0.06395524175918299
152967,0.01945563435464341
152968,0.03227172785181026
152969,0.010388789640027577
152970,0.006429142792974404
152971,-0.018517223646011625
152972,0.00920414200328582
152973,0.025507237382608093
152974,0.02518835515642825
152975,-0.028382549394531574
152976,-0.003727698116967682
152977,-0.000779831548586562
152978,-0.024382610195912462
152979,-0.018690954134355398
152980,-0.004515627395379309
152981,-0.0343518914201671
152982,-0.031374148695215716
152983,0.034470362052328146
152984,-0.06885363843925738
152985,0.02585192691015473
152986,-0.01688327638474832
152987,-0.024918935691103913
152988,0.06298655758770305
152989,-0.010897273771823764
152990,0.01169260157177832
152991,0.06562531229889003
152992,-0.028199603686895783
152993,-0.06079290250681139
152994,-0.018556906243430545
152995,-0.033440626737583135
152996,0.011537298727460118
152997,0.02059710519145659
152998,-0.02397118195026282
152999,-0.01627146243356549
153000,0.039442411729895765
153001,-0.021986393207594542
153002,0.05303543568768964
153003,-0.06188952981805065
153004,0.0023500063402669908
153005,-0.01778356491473439
153006,-0.02432227405173582
153007,-0.01395337763127076
153008,0.001518150507368001
153009,0.02859105088591287
153010,-0.039523134164900775
153011,-0.03156452360182152
153012,-0.053733529387893435
153013,-0.041628449161863895
153014,0.0052482342630166216
153015,-0.0012646166954019401
153016,0.009119549863195839
153017,0.0026609830477786257
153018,0.0027697729678119775
153019,0.03209411395184633
153020,-0.004456191523850569
153021,-0.09848005932765112
153022,-0.020764759004008093
153023,0.021242718066869636
153024,0.0020938905699139487
153025,0.009576179685015692
153026,-0.04692213038302534
153027,-0.005734837509254436
153028,-0.055004920103178104
153029,-0.0027231448744070167
153030,-0.0021759022305307763
153031,-0.02149690199116488
153032,-0.00564289482634805
153033,-0.041952544099990274
153034,-0.010566892304641869
153035,0.013510713785141485
153036,0.019770614968064176
153037,0.005677550293658662
153038,0.019643787651939436
153039,0.004483583661598666
153040,0.002229988843716179
153041,0.05827853054340132
153042,0.0029631998029914257
153043,-0.012353667535047953
153044,-0.037850817175326984
153045,0.027598698981651997
153046,-0.039199559093384934
153047,0.06863110168712255
153048,-0.04317912203805473
153049,-0.033652465670320944
153050,0.010965073374018836
153051,0.02330950939229406
153052,-0.012024174133442797
153053,-0.025921700214774624
153054,0.02323936736707414
153055,0.0025062583705590977
153056,0.0077288463835834265
153057,-0.0391066625445363
153058,-0.012243571523344527
153059,-0.027506596661035672
153060,0.05191754609175931
153061,-0.05188305312046977
153062,-0.04689347256776769
153063,0.006235768460045386
153064,-0.0591249487125409
153065,-0.04188002834205087
153066,0.004787204981875507
153067,0.007529455112123447
153068,0.03188887902052847
153069,-0.018094934263076307
153070,0.019710429962000352
153071,0.028097223945043295
153072,-0.06102679911264816
153073,0.04218995758129731
153074,-0.002843489582843751
153075,-0.005761256887891159
153076,0.014978885238301959
153077,0.007409352467931197
153078,-0.08130212042033882
153079,-0.027516566123201944
153080,-0.003946529695040176
153081,0.023333000848607864
153082,0.01183887601053983
153083,0.0009329822191249377
153084,-0.012695176474773714
153085,0.0168611803058162
153086,0.018167611123835224
153087,-0.006868881779152387
153088,0.027144630876282282
153089,-0.02212936873380872
153090,-0.03485183301509382
153091,-0.042001195880746765
153092,-0.019594676906383512
153093,0.02063379892409949
153094,0.053833951248965214
153095,-0.023747999255015438
153096,-0.01453164811459813
153097,0.03166340673545593
153098,-0.050956138105103514
153099,-0.02241276398292692
153100,-0.024372411971184935
153101,0.06770889131839149
153102,-0.02175509155487173
153103,0.027207965508505613
153104,-0.01985702222406683
153105,0.015302771477104533
153106,-0.019266579890901445
153107,-0.011451909497736293
153108,-0.03191110650534274
153109,-0.058211009016640024
153110,0.01895196800774644
153111,0.031092105462653046
153112,0.014731014289102992
153113,-0.025816549671064493
153114,-0.015499506960475785
153115,0.0033233130395214135
153116,-0.03683669693874755
153117,0.019554582977489778
153118,-0.014084056703371586
153119,-0.017024981381843673
153120,-0.033820281086887796
153121,0.025641251900297056
153122,0.02107858878124066
153123,-0.023680824852087765
153124,-0.00750173306988051
153125,0.018036032751246333
153126,0.0243284933941159
153127,-0.012567761710377722
153128,-0.0018258550668832022
153129,0.043956854562329874
153130,-0.002278078098958657
153131,0.038319344975590475
153132,0.06102677582169221
153133,0.025894196476416893
153134,-0.024989223518289375
153135,0.008187364944301227
153136,0.0010036853584804114
153137,-0.027803810688454073
153138,-0.010941626751057941
153139,-0.021895794066971862
153140,-0.007608695864007508
153141,0.074890302128118
153142,0.015901518721042018
153143,0.055283334626159704
153144,0.027398473314974157
153145,0.014142715617757037
153146,-0.016006124354559618
153147,-0.004570295236445923
153148,0.010944442717307632
153149,-0.02843294469903585
153150,0.026594234089540255
153151,-0.01953100967206047
153152,0.019027647865813208
153153,-0.0037126766998008013
153154,0.02687378471899739
153155,0.03423494600153433
153156,-0.017634981856720192
153157,0.011405290842297097
153158,-0.0060786930391996076
153159,-0.03144875794138398
153160,0.013486490345985348
153161,-0.030451824214619116
153162,-0.005411296518801825
153163,0.0002471448308837877
153164,-0.055328443658030226
153165,-0.002818560263698401
153166,0.034129175913610414
153167,-0.0319972159643672
153168,0.006463244819746409
153169,-0.010310195587010214
153170,0.02230435840836868
153171,-0.031379132376633055
153172,-0.004229956653715587
153173,0.019077887397966408
153174,0.03424784298809477
153175,0.00033479441349292265
153176,-0.014959049262738063
153177,-0.03187649862868891
153178,0.01118141687845138
153179,-0.031494941294139565
153180,0.01101445717906
153181,-0.03721630942742351
153182,0.015082771337903094
153183,0.014238463568375312
153184,0.03633085725913725
153185,0.011970560333634027
153186,0.008772410832654929
153187,-0.027443282376305295
153188,0.0046841849318022865
153189,-0.023798665818024933
153190,0.00978991517490657
153191,0.02424850288960725
153192,-0.006352526718171736
153193,-0.013059955343706514
153194,0.026848045600323892
153195,0.017430932614209173
153196,0.01434333347241142
153197,0.017008046759270354
153198,-0.005110969536790506
153199,-0.03164233404944575
153200,-0.023507539768750026
153201,0.013481540637274718
153202,0.004670598241817783
153203,-0.003354633074236925
153204,0.05405860072540212
153205,0.008278731919755514
153206,0.015816286680264396
153207,-0.00526704487668938
153208,0.009233193358255027
153209,-0.003007035452562156
153210,-0.008343889298018235
153211,-0.022727336156033708
153212,-0.022434886958565083
153213,-0.06036987054078088
153214,-0.0056989973161602125
153215,0.0044352163816095734
153216,0.031309509193258325
153217,0.05175220553863249
153218,-0.025015602803991045
153219,0.0029506274125939893
153220,-0.027198499677012787
153221,-0.006961707729919937
153222,-0.005304942897787835
153223,-0.03064770612434432
153224,-0.0045215506898412
153225,-0.0012828510917123992
153226,0.018060566367374044
153227,-0.009050064342955898
153228,0.0025014543854601757
153229,-0.033947374904247346
153230,0.030031692346436108
153231,0.016066875477844043
153232,-0.005515303926497606
153233,0.09729271835275752
153234,0.04743650162076228
153235,-0.015617951216040468
153236,0.014717502548892019
153237,-0.05184123027068655
153238,0.08724355419641804
153239,0.033644801249826335
153240,-0.04235808258703472
153241,0.002357575744413771
153242,0.030370888183290996
153243,-0.026673183636324708
153244,0.04468427818472436
153245,0.0020984307598366546
153246,0.050171738697722276
153247,-0.07042337533038259
153248,0.02771152114487818
153249,0.10947956106701445
153250,-0.024409234959642114
153251,0.03845952156091563
153252,-0.004412159996726126
153253,-0.014975451797431072
153254,-0.021508104372150425
153255,0.02236066951500331
153256,-0.00625151810118185
153257,-0.006689139295685692
153258,0.0318521156864477
153259,-0.04425981664245492
153260,0.004060861874957867
153261,0.0017798752280435174
153262,-0.003661880793504882
153263,-0.05020709486874154
153264,0.06948705909686588
153265,0.01764674121135326
153266,0.003513499092749122
153267,-0.05307578333084516
153268,0.017438639183765346
153269,-0.01379911844469275
153270,-0.08425997186080623
153271,0.0064426699065963265
153272,0.02793144613138613
153273,0.061615109581992906
153274,0.009878543689349505
153275,0.010743683759419368
153276,-0.012642174415003633
153277,0.003261342479782959
153278,-0.003632121647418867
153279,-0.04935560863403405
153280,0.020495421128639744
153281,-0.0008925253553827624
153282,0.016054596345501524
153283,0.019984647413213145
153284,0.0411027292426651
153285,0.06379073175195367
153286,-0.04037085995023716
153287,-0.015884104222511408
153288,0.009737110284567968
153289,0.002634425054085429
153290,0.03183429867880598
153291,-0.005810918563992351
153292,0.0036179155427091244
153293,-0.012162766258004217
153294,0.005487407795269987
153295,-0.005843770320206521
153296,-0.015797160901790206
153297,0.00535000134552679
153298,0.02727460755417912
153299,-0.016331179645023577
153300,-0.03733105550345984
153301,-0.025691190253246534
153302,0.021319566281870803
153303,-0.012937772694888394
153304,-0.0072741507377029465
153305,0.04275399251575282
153306,-0.044856677202432305
153307,-0.020031829163662817
153308,0.025312213847853336
153309,0.02035925830903204
153310,0.006801668592022158
153311,-0.0038070084911889443
153312,0.030068095371311533
153313,0.0028879791826527767
153314,-0.020382163427712673
153315,0.004988625334935752
153316,0.03029114705287475
153317,-0.012085413819092226
153318,-0.0004316068181705302
153319,0.008743683363396091
153320,-0.006367106735845313
153321,0.04987214235159991
153322,0.03555050060579401
153323,-0.04990361576612366
153324,-0.0022655295828178223
153325,-0.020842405040781047
153326,-0.025669397209043144
153327,-0.002401826291776411
153328,-0.05712699125689469
153329,-0.03165787863979548
153330,0.04188611310723495
153331,0.006585823949113176
153332,0.002134579126057181
153333,-0.004692421285477002
153334,-0.0874004220745664
153335,0.029939862442473944
153336,-0.0008844159153564145
153337,-0.039870009082624426
153338,0.001106728262690867
153339,0.008532413468297202
153340,0.009969677444734362
153341,-0.00468763448973952
153342,-0.018726672745940597
153343,0.026344945460872776
153344,0.015806601816577184
153345,-0.0016456634884402079
153346,0.07425800904930122
153347,0.06640512640327816
153348,-0.01903331108470653
153349,-0.035494338519984736
153350,-0.023322592137705808
153351,-0.09438674545521629
153352,-0.0367739031705745
153353,-0.0007378534944742715
153354,0.026230048088428166
153355,0.04179732359292695
153356,0.010099010373321594
153357,-0.058436729049478026
153358,-0.01246346843413233
153359,-0.004054941094085281
153360,-0.013027821174151565
153361,-0.0040448728863413256
153362,-0.0326173406493676
153363,-0.01117383527061521
153364,-0.031097394718631266
153365,-0.04112921791986748
153366,-0.009129765572475124
153367,-0.0018430239266070535
153368,0.012454085557903626
153369,0.02473115228806359
153370,-0.06978605780074974
153371,-0.011688447883245195
153372,-0.03703764513562591
153373,0.028325207648858684
153374,-0.026812799272542744
153375,0.02581134516022282
153376,-0.04810703137504193
153377,-0.010679305902503688
153378,0.026436660014457828
153379,0.01942868627998131
153380,-0.0026648031674218094
153381,0.03653820324589333
153382,0.011541257235249439
153383,0.011156153263718016
153384,-0.004858643847420164
153385,-0.028565801980057967
153386,0.0715187227644014
153387,0.045059385315334245
153388,0.018144182921716812
153389,0.034272878749531846
153390,0.020175856218679393
153391,0.00811783217558555
153392,-0.030262425542667008
153393,-0.014382392866160575
153394,-0.04104124855989778
153395,0.02915791393359314
153396,-0.0073706790528774956
153397,0.029958279033440935
153398,-0.007377551741311496
153399,0.06936915143180525
153400,0.041972034829867236
153401,0.03734301355309337
153402,0.013179303875547124
153403,-0.036853453689522614
153404,0.04230483533962324
153405,0.03873776526636043
153406,0.018466080851859343
153407,-0.018129546676112614
153408,0.005103742233426736
153409,0.04130162818365975
153410,0.016433725979746593
153411,-0.005262163849020441
153412,0.07681807653761137
153413,-0.018355120319474578
153414,-0.05073767734325364
153415,-0.049223980261833514
153416,0.009133530252046726
153417,0.0028671032092401033
153418,-0.05303575103096987
153419,-0.01563818796512821
153420,0.00475425209952449
153421,-0.003781261852899652
153422,0.026764356972015978
153423,0.03659241141170929
153424,0.040609503448069996
153425,0.004358333432827814
153426,-0.015329372201464374
153427,0.0035103702392428847
153428,-0.01557209809789667
153429,-0.017631488624675375
153430,-0.02522469566002935
153431,-0.020183348680636322
153432,0.027955168655723794
153433,-0.008108959021040786
153434,0.0244687312626161
153435,-0.011508530004110264
153436,0.023585223109052506
153437,0.007495836203022935
153438,-0.010075527560652272
153439,0.04374215997779751
153440,0.03668569114398903
153441,0.052318592977524565
153442,0.030976531563994075
153443,-0.005534358218804573
153444,-0.0005020508883802535
153445,-0.03685356745808554
153446,0.06479792795601194
153447,0.020985350441748245
153448,0.06578307369652824
153449,0.038987230964326346
153450,0.03964038890129434
153451,-0.06530157601016938
153452,-0.02978896658651999
153453,0.00835202820233228
153454,-0.012879409660098814
153455,0.026890184471776577
153456,-0.023446717703901714
153457,0.01631913748893692
153458,0.07093432027281778
153459,0.07312741222338044
153460,0.05612490451778652
153461,0.009220353022804426
153462,-0.020231785511568814
153463,-0.0032842780603629784
153464,-0.017242926738238632
153465,-0.041981412809726934
153466,-0.01503838386749384
153467,0.059900167580375606
153468,-0.01025738638611658
153469,-0.024689365739653697
153470,-0.034024822575894266
153471,-0.025453988517417484
153472,0.01604714205326999
153473,0.042593316542225125
153474,-0.056674769793991484
153475,-0.02306908912076901
153476,0.02722371557964966
153477,-0.05001023221405268
153478,0.02079126452693349
153479,-0.0045869144869316505
153480,0.03499237709511733
153481,-0.03218972974541192
153482,0.009350652662120996
153483,0.0013446785915002793
153484,-0.007938179889189954
153485,0.04047763683740219
153486,-0.05165496023202087
153487,0.04251068665517219
153488,-0.048399431670336196
153489,0.040141552516205915
153490,-0.0034830806698785913
153491,-0.02850363849209546
153492,-0.025180173847477234
153493,-0.007386026488426781
153494,-0.019026515866043342
153495,-0.0031830096229825936
153496,0.024149164091435894
153497,-0.05516780853985366
153498,-0.024397684393103965
153499,-0.01806817484144665
153500,0.0006452247451346844
153501,-0.018208327379302645
153502,0.005137900890926956
153503,0.043809245604462914
153504,-0.00489772305613261
153505,-0.009535111403153825
153506,0.036180216883406495
153507,-0.05031486092187133
153508,0.015397174347772765
153509,-0.0015486160638024848
153510,-0.01811803624332859
153511,0.04652345466712217
153512,-0.004999223374711653
153513,0.006117732689691872
153514,0.026569751962177392
153515,0.006204906761839495
153516,0.009728863148790451
153517,-0.0028033691566916245
153518,-0.0013264195488081317
153519,0.04340602600870616
153520,0.019569487324411113
153521,-0.017046502993593563
153522,0.023310219622918155
153523,0.04568468022090676
153524,-0.011032375780150648
153525,0.01523401716588336
153526,0.002617914938021526
153527,0.002060696821097431
153528,0.010121146171969892
153529,0.007242435114100424
153530,-0.0008397032070679587
153531,-0.02873627168131292
153532,0.0032087853462760742
153533,-0.008313203220152941
153534,0.01380284218354925
153535,0.020219244845551126
153536,-0.016787028989956113
153537,-0.00434869361045853
153538,0.045766299467398026
153539,-0.03459586318638942
153540,-0.015732577788424688
153541,-0.02536057713796584
153542,0.005718855105303315
153543,0.01797324687734809
153544,-0.034110478870803
153545,-0.029705643085605284
153546,0.03781982472915565
153547,-0.015455655485902862
153548,-0.047730141500687585
153549,-0.04991002622771485
153550,0.0065060359430077815
153551,0.008820409225003526
153552,0.0031529792055679535
153553,-0.009128238023798635
153554,0.03512317664720639
153555,0.02452342644188439
153556,0.033851475705709545
153557,0.031458074646770584
153558,-0.00611388972127121
153559,0.06530788830921014
153560,0.007854812336881055
153561,0.0128959504556262
153562,-0.01491975684066229
153563,0.031029525915858606
153564,-0.032021866736389015
153565,0.0015487671922590981
153566,-0.04927419732269774
153567,0.014172821808601735
153568,-0.026727720047419502
153569,-0.0006838940719732592
153570,-0.034693722607801486
153571,0.01934082741308534
153572,0.01047569721869043
153573,-0.021403892965727596
153574,0.03786994673084938
153575,-0.04407356795405163
153576,0.00905786965999258
153577,-0.0054327958475969655
153578,-0.04029445348923548
153579,-0.009977125412149427
153580,0.03924549894911429
153581,0.05791698920165799
153582,0.03564321785300082
153583,-0.02265864182543648
153584,-0.016249707802023117
153585,0.005507184080190115
153586,-0.009179830544922567
153587,0.04829894429007117
153588,-0.023650193857411527
153589,-0.007472740826731797
153590,-0.02774523917037907
153591,0.006511834923132769
153592,-0.020596093480138185
153593,0.029231419214856315
153594,0.02821029958124002
153595,0.003996608969276259
153596,0.02614700465934294
153597,0.015577002688684198
153598,-0.026523675714043248
153599,-0.01782365254316068
153600,0.027919234884976954
153601,0.001048556752609268
153602,-0.057501767563188366
153603,0.00374128082515396
153604,0.007899988721998638
153605,-0.028369535356874316
153606,0.02107070547996612
153607,0.052543846097500166
153608,-0.023095639115886194
153609,0.009960053671501472
153610,-0.003085501112760663
153611,0.030796904590672126
153612,0.022232945944310554
153613,0.01216470028357744
153614,0.0038507502592590886
153615,0.04693324589355576
153616,-0.014616004460405426
153617,0.027902597156030124
153618,-0.028755678602230512
153619,0.014335499420813165
153620,0.07031886359543449
153621,0.03230843204097827
153622,-0.0022701290676724753
153623,0.007472442843070362
153624,0.03997440237819429
153625,0.0043630988369001865
153626,0.05316838097092741
153627,0.015833866407621702
153628,0.030952037215677942
153629,0.002529333371006498
153630,0.045092944913593426
153631,0.01885283359108711
153632,-0.007086036260190416
153633,-0.031610957577358295
153634,0.021027224849706618
153635,0.04006966659126954
153636,-0.012632062703717984
153637,0.05000986761996198
153638,0.002916382979637852
153639,-0.0419200373766634
153640,0.029232196503510388
153641,-0.016137319861571364
153642,0.02975407719924696
153643,0.041419483115442135
153644,0.04113106067404995
153645,0.017067950678744226
153646,0.0597383586266831
153647,-0.03493871006818512
153648,0.07966427883053012
153649,-0.021871547115666634
153650,0.01489896564097691
153651,-0.010197510407192181
153652,-0.005526005133646986
153653,-0.001236112796576439
153654,0.004308144805045347
153655,0.04329725381622534
153656,-0.009535464172222785
153657,-0.029910159030594154
153658,-0.00676452977474418
153659,-0.0555794586707993
153660,0.03018275602167181
153661,-0.007606984543227286
153662,-0.026110765703672822
153663,0.07213609094686912
153664,0.015597361796412825
153665,-0.03731020120179164
153666,0.022113712199599803
153667,0.0014790788556432763
153668,-0.03354687941075456
153669,0.00709346765025389
153670,0.007527820648554258
153671,0.0037606819988504573
153672,0.057027052832777606
153673,-0.03929725806164687
153674,-0.0056042741949229044
153675,0.007867758305040912
153676,0.013855540818315845
153677,0.02889786093417832
153678,-0.026089139271309895
153679,0.01003126762114355
153680,0.002139834492234545
153681,-0.005564234465398812
153682,-0.006173736078639602
153683,0.002249296443588433
153684,-0.006848514494077926
153685,0.016833368283877922
153686,-0.02194154757229852
153687,-0.002543736955564603
153688,-0.09165186068960439
153689,0.058979994991824984
153690,0.005602533863628328
153691,-0.09426316248368256
153692,-0.0076248033697525735
153693,-0.023652578299134093
153694,-0.034712188357530475
153695,0.03678708121937359
153696,-0.03747474604887955
153697,-0.02678344001026208
153698,-0.035771331285004794
153699,-0.015587402013990868
153700,-0.03741817339571446
153701,0.007203223200647686
153702,-0.0033039370334346126
153703,0.0016631995768829075
153704,0.03937006857993179
153705,-0.019303687794703504
153706,-0.004406239388047609
153707,-0.0107881370005676
153708,-0.045704963029513344
153709,-0.04130224583340345
153710,-0.02934210866289368
153711,-0.02232453220437698
153712,0.026298382146013155
153713,-0.04157053576897225
153714,-0.07817038196921958
153715,0.0332304426101219
153716,-0.0035377950291672644
153717,0.0338792755494233
153718,-0.037276520674090693
153719,0.0005922575764788995
153720,-0.04759299704635661
153721,0.017940937074825254
153722,0.0005882244957863145
153723,-0.01785185402815586
153724,-0.033922174548225575
153725,-0.02177859689659334
153726,0.038319025852735784
153727,-0.028657114256239832
153728,0.00012149581168835336
153729,0.01523305074682776
153730,0.01232681890062322
153731,-0.017179791413529655
153732,0.030624357906655384
153733,0.008610597005673385
153734,-0.04378858205507472
153735,-0.019228473681878668
153736,0.08938844084816107
153737,-0.05483031689322015
153738,-0.002357960871122817
153739,-0.05491293307380673
153740,0.005324768712300009
153741,-0.020220155271688398
153742,-0.018122428152364506
153743,-0.019404338648911734
153744,-0.038106293749942746
153745,-0.013016012621804168
153746,0.04073469744244748
153747,0.0007548062785340504
153748,-0.0012166051622152735
153749,-0.019867977441617016
153750,0.03656759609713877
153751,-0.03691507370973593
153752,-0.027702445887227388
153753,0.005605322048144376
153754,-0.009031320307409385
153755,0.04469373844484146
153756,0.05511592296127276
153757,0.019036281836393675
153758,-0.008197815596529018
153759,0.010218547969646836
153760,-0.007298943787133885
153761,-0.016745785900316706
153762,0.014280988303000853
153763,0.004843473785796727
153764,-0.01601254976257983
153765,-0.011551237687066361
153766,-0.0033029921102797535
153767,-0.0003848288380138964
153768,-0.0014241420644644717
153769,-0.032463934807914305
153770,-0.014153706637134387
153771,-0.0016546533839531317
153772,0.05478664363054347
153773,0.007087319343869212
153774,-0.01664883938583292
153775,-0.004063074381917235
153776,-0.03248003819401758
153777,-0.020201283050136035
153778,0.050499540135666314
153779,-0.0053960866832957295
153780,0.023167903690751526
153781,-0.021434420647174535
153782,-0.023909243201324606
153783,0.00926541005729493
153784,0.03751679551135109
153785,-0.025728409323471594
153786,-0.020251618063109277
153787,-0.004753059460243762
153788,-0.007139130542874208
153789,-0.019543114744441308
153790,0.037512845243428954
153791,0.037176888687273896
153792,-0.002929648294864986
153793,-0.005229717037908019
153794,0.012053145630187377
153795,-0.04243950753746461
153796,0.030117579444183994
153797,0.04830390352566556
153798,-0.041904799466458045
153799,0.006623524751722426
153800,-0.01889749145525604
153801,0.027552420385012558
153802,-0.015421542432671046
153803,0.004532515177528459
153804,-0.010673435678159785
153805,-0.009687213159606712
153806,0.04991708878751498
153807,-0.015443178559994776
153808,-0.01523765386651549
153809,0.02538709960153293
153810,0.01817783657868833
153811,-0.00486797291562252
153812,0.04124827889164923
153813,-0.017721212426584865
153814,-0.009198333634204173
153815,0.04787138879034786
153816,0.02308073262549889
153817,0.03800160420709209
153818,-0.02898601332940562
153819,-0.012540667315388316
153820,0.032314750157515976
153821,0.027003348150125298
153822,-0.03333500159970727
153823,-0.013285636354377447
153824,0.045400007032053886
153825,0.026819839919908953
153826,0.008783752202122823
153827,-0.020010471677372004
153828,0.006503463930126405
153829,0.06661396015976338
153830,-0.004174429346218086
153831,0.022649319811636263
153832,0.015879308748410197
153833,0.008824285926916942
153834,-0.029657290849867127
153835,-0.026682857553300358
153836,0.005551899111826936
153837,0.03319197852869932
153838,-0.006249970862368802
153839,0.0170875628691185
153840,0.027373695182297406
153841,0.008112345085947657
153842,-0.018800301158939728
153843,0.011169840140480313
153844,-0.03675289328945824
153845,0.04403697864495514
153846,0.019601977003303815
153847,-0.003255405733262411
153848,0.02119550337251591
153849,0.04371548013004219
153850,0.03923815376918129
153851,0.051877363484643536
153852,-0.01821517186671775
153853,-0.04868950789929786
153854,0.01198090854018842
153855,0.011679891382953281
153856,0.02634029936733793
153857,0.03572912162325747
153858,-0.054887020314042356
153859,-0.0003662341985649284
153860,0.0233542161290762
153861,0.03254949967937496
153862,-0.0010629281930326921
153863,-0.007556965544824488
153864,-0.0016365583707964335
153865,-0.0011446769476051587
153866,0.027074009499198057
153867,-0.0012401845893216035
153868,-0.023792677761191105
153869,0.06445199099913332
153870,0.027517696729805877
153871,0.014297888432982683
153872,0.016926511832738717
153873,-0.004030216820920453
153874,0.01802257202762029
153875,-0.0014609323967550325
153876,-0.011978105548054726
153877,-0.024039895226494103
153878,0.020635436760583853
153879,0.04595113311086013
153880,-0.036387091773036416
153881,-0.035828625719295536
153882,-0.018738293531126084
153883,-0.010307134143459944
153884,0.07257398290695394
153885,-0.025579771904784238
153886,0.02400992420854748
153887,0.03176198866024476
153888,-0.052180684138390866
153889,-0.022331552007165554
153890,-0.05345934144810828
153891,0.03397268987486506
153892,-0.006709320322245426
153893,0.018819507820317622
153894,-0.04776508176420622
153895,0.010298550179519198
153896,0.026709617017980514
153897,0.0009255977028298678
153898,0.000551155937480042
153899,0.013388268250985054
153900,-0.011020226328925664
153901,-0.013278109632196153
153902,-0.007211102776416916
153903,0.055808305518936396
153904,0.02972339969394223
153905,-0.015364498254381784
153906,0.0303984939517095
153907,-0.022561066567720958
153908,0.0034778967877806487
153909,0.0025696192251724818
153910,0.0030519949930822394
153911,-0.007014097791437978
153912,0.03801463307086029
153913,0.009039187970567571
153914,-0.02192248722189452
153915,-0.023393152859138
153916,0.015401004898914383
153917,0.02166304267486651
153918,0.004773874887901768
153919,0.02521449270616947
153920,0.03047644082653361
153921,-0.013951909045494152
153922,-0.028811626104492834
153923,-0.034699194954537375
153924,-0.001657560693042626
153925,-0.01531169364254152
153926,-0.03727307811095189
153927,-0.07285150790614695
153928,0.030961262517894342
153929,-0.021409153514884153
153930,0.012609964313706288
153931,0.009484159824482738
153932,-0.023545720835161536
153933,0.01852165404454939
153934,0.0004688148206088911
153935,-0.006917435076288945
153936,-0.06771546412823755
153937,0.02946673503517831
153938,-0.019511576613995645
153939,-0.011362124841716285
153940,-0.006315366694675893
153941,-0.027350437397745543
153942,0.027091842335868595
153943,0.007222096943922462
153944,0.0017213014441244058
153945,-8.79259150609029e-05
153946,-0.016770451423596507
153947,-0.07019679584221296
153948,0.03822784775384239
153949,0.037022824355697787
153950,0.010693279127434988
153951,0.062371489923554076
153952,0.05506656228946131
153953,-0.04219531557579702
153954,0.054080378908181216
153955,0.007352206929287846
153956,-0.018729061881906255
153957,-0.08546333943225617
153958,0.02044591181377349
153959,0.02134414052558561
153960,-0.008094520990544581
153961,-0.01309264246580762
153962,-0.01646272643479243
153963,0.003914724741659656
153964,-0.04448725702210957
153965,-0.016020095839366977
153966,0.07660957104003113
153967,0.07793248130720223
153968,-0.011393936335749625
153969,0.011630592770175767
153970,0.02670086797397781
153971,-0.0044742096099094205
153972,0.0006877841908882037
153973,-0.03564166089289932
153974,-0.04614846670125886
153975,0.012516417451239497
153976,0.06379563858329619
153977,0.0015673287941127573
153978,0.0023643462194100975
153979,0.04101095429482654
153980,0.0377676521203308
153981,0.018722006277826865
153982,-0.002833693397142338
153983,-0.0008339851781003567
153984,0.04156171579627392
153985,0.004461631835070576
153986,-0.012262430960338265
153987,0.007123017481799405
153988,-0.005572696409408337
153989,0.020382889788452364
153990,-0.02240553953620098
153991,0.011004233339448471
153992,0.01940951247987547
153993,0.021168001802197748
153994,-0.03400541003890719
153995,0.0065155003424226575
153996,0.06521209150338979
153997,0.00818698254107109
153998,0.047009747043530246
153999,-0.011244112520437739
